3.723432966534464867e+02
9.352001543365138048e+01
7.144850243333505091e+01
6.390628175205321782e+01
5.963854330613843757e+01
5.598699149701405986e+01
5.217935640156505883e+01
4.777275526740157829e+01
4.225665035921942803e+01
3.478495038781046134e+01
2.475105664924059568e+01
1.598972479226545573e+01
1.239120128780954389e+01
1.106394432627045710e+01
1.031362464164451787e+01
9.739521827666417053e+00
9.256629552543271799e+00
8.826037956120487138e+00
8.450722145493630322e+00
8.121316110204171324e+00
7.821205431722595414e+00
7.545193997668390828e+00
7.292330564435918205e+00
7.056652878582698740e+00
6.832743015958041788e+00
6.620519176926552340e+00
6.417013419468470481e+00
6.219928033520047528e+00
6.027522362202510031e+00
5.850805563072870363e+00
5.691751164241009242e+00
5.544757199999215125e+00
5.406635769567365912e+00
5.272914481746502346e+00
5.145194989746166847e+00
5.025899681024238674e+00
4.912215725450480797e+00
4.807508251530731691e+00
4.710475326495428661e+00
4.620394548304203930e+00
4.533967479434124925e+00
4.455727586110518779e+00
4.378848772253111754e+00
4.307181393111438439e+00
4.240027600455158030e+00
4.175290444445583837e+00
4.113896831379608265e+00
4.056748834770062651e+00
4.000446911751318169e+00
3.947413098585981217e+00
3.896562983011532921e+00
3.847394018870526011e+00
3.801284154163622642e+00
3.757010533501821570e+00
3.712823561504769998e+00
3.673901310128954822e+00
3.633361878265787936e+00
3.595130396362559821e+00
3.555973382805512006e+00
3.520114236291167487e+00
3.486321360875926256e+00
3.450927065089878010e+00
3.418093305556987094e+00
3.386391923287260131e+00
3.353058103828683745e+00
3.327003218634458914e+00
3.299264115621100668e+00
3.271575223454805670e+00
3.245124279624767905e+00
3.218260061445565423e+00
3.192796421316581146e+00
3.164952073871132310e+00
3.140928266617878606e+00
3.115786934944462683e+00
3.092530793366204733e+00
3.071093817873205012e+00
3.049193676547450327e+00
3.028552994351123573e+00
3.008392098663326575e+00
2.988658733779180121e+00
2.968891784386902710e+00
2.950378834160224173e+00
2.931064150078453334e+00
2.913027443764171220e+00
2.896180331338805036e+00
2.880025221824716652e+00
2.862393512984834576e+00
2.847365708546858443e+00
2.829800093640452374e+00
2.816752045251948555e+00
2.799529481348733473e+00
2.783316897221206343e+00
2.767733414841535122e+00
2.753069558938712191e+00
2.740533530015301533e+00
2.727119420442065678e+00
2.713825760669159592e+00
2.702698253572665354e+00
2.688496854893909660e+00
2.675477998659145040e+00
2.664630595179469541e+00
2.652513768399634042e+00
2.638591170174627187e+00
2.628129465322105673e+00
2.615500720400273149e+00
2.603262610501949847e+00
2.590964752156124096e+00
2.578396881814792874e+00
2.568284669730450442e+00
2.551502393154979398e+00
2.540434345058079746e+00
2.528425709858727721e+00
2.511818460002743780e+00
2.498092513301450879e+00
2.488397386216501861e+00
2.473408929165336723e+00
2.461025920468723260e+00
2.450231549856575874e+00
2.440756596455869509e+00
2.429419641709058997e+00
2.419131495771111862e+00
2.408416760865796480e+00
2.397421058380935666e+00
2.387496322206322130e+00
2.376844869924963355e+00
2.370748171290133932e+00
2.357025502876015199e+00
2.349359776175482750e+00
2.338373083740206582e+00
2.330677514395576022e+00
2.322376867099433806e+00
2.312228649147477721e+00
2.303369262381819382e+00
2.297571169345959952e+00
2.289492007784013961e+00
2.279983320333113905e+00
2.272116417883588202e+00
2.266005655909059335e+00
2.256662171852223508e+00
2.248826136728349301e+00
2.238195120060041177e+00
2.231744839666911506e+00
2.222859307802604878e+00
2.214920750491852441e+00
2.208531439712258404e+00
2.201398139597926740e+00
2.193624991206388319e+00
2.185029089115432921e+00
2.175809948492590795e+00
2.171480165017015906e+00
2.161471485915463564e+00
2.152503940028672069e+00
2.148283453621723904e+00
2.140320400434903458e+00
2.134292690047796093e+00
2.127996414051668506e+00
2.119135594000540301e+00
2.114891820074743745e+00
2.108413347923889791e+00
2.098638666737178138e+00
2.092735197137837400e+00
2.089176362299674850e+00
2.082643925812064811e+00
2.074994918092289531e+00
2.069237047630686277e+00
2.066528252468186722e+00
2.058121111216977273e+00
2.052894720838201348e+00
2.047244614584810662e+00
2.042831816884771445e+00
2.035481781121908806e+00
2.031257518873630818e+00
2.025200352163044837e+00
2.021166595489025664e+00
2.015273239785705606e+00
2.010728407244692928e+00
2.006080249285000505e+00
2.002062253664436131e+00
1.997708655583974036e+00
1.991836194773475510e+00
1.987981131662635237e+00
1.982288000312409260e+00
1.976832643152280689e+00
1.971542489078798921e+00
1.971818234634807654e+00
1.962888307759689921e+00
1.959915649721413855e+00
1.953643242339431652e+00
1.949853262885931970e+00
1.947588228941058430e+00
1.942881607676776534e+00
1.936900144032070115e+00
1.934250880456606536e+00
1.927142667596373871e+00
1.926382405027245115e+00
1.921191819687057434e+00
1.915451618114151655e+00
1.909184310204288915e+00
1.907026510688285326e+00
1.899606189330632189e+00
1.898274060746807601e+00
1.893958524223320117e+00
1.889086791109476193e+00
1.886863371264420719e+00
1.882729402272154573e+00
1.876873531343362878e+00
1.875564808078172829e+00
1.870993314690345244e+00
1.867113795877717974e+00
1.861305181212890458e+00
1.859492835465915705e+00
1.856261940606147354e+00
1.855557709594610971e+00
1.846292220527999461e+00
1.845204329837931700e+00
1.841653651575293038e+00
1.840028379410356907e+00
1.833054783962531076e+00
1.831413132880367556e+00
1.828464361619817735e+00
1.825337906710176705e+00
1.818110866698313677e+00
1.818697376867670856e+00
1.813215391493857354e+00
1.810500552429384014e+00
1.808332558913761767e+00
1.801884614923194405e+00
1.800483434779553527e+00
1.802125741629307498e+00
1.793668171145562651e+00
1.792188065741459724e+00
1.786764787189030423e+00
1.787225491120750576e+00
1.781243226761183962e+00
1.780946904039939938e+00
1.775932382158035727e+00
1.773367437450233952e+00
1.767661989952361123e+00
1.765290806963714099e+00
1.765903496530945915e+00
1.761455109228080795e+00
1.757422276469440270e+00
1.755278448877078512e+00
1.755195095849569897e+00
1.751765449291831089e+00
1.746267331535689360e+00
1.754577430125773274e+00
1.740700694653233960e+00
1.741040174426719211e+00
1.737707376925625269e+00
1.733244786437998952e+00
1.730613099498724106e+00
1.731381769159695772e+00
1.727546375519273480e+00
1.724222217505086752e+00
1.723356364729193180e+00
1.723506262966976621e+00
1.715637779436281818e+00
1.715945945684841822e+00
1.712418464639299254e+00
1.711162544098660865e+00
1.706546286106731314e+00
1.705028708762377443e+00
1.702056319535453000e+00
1.697944515701601098e+00
1.696348161061500548e+00
1.695460392192169152e+00
1.688995337806127539e+00
1.691175352454457714e+00
1.684970231330160884e+00
1.688236561446598172e+00
1.679952302181242585e+00
1.677686521558749311e+00
1.673343668592001121e+00
1.682457140767791737e+00
1.672820954286059036e+00
1.666023851237693698e+00
1.665853989377635180e+00
1.664664686293025442e+00
1.659754175770414397e+00
1.663567135974546529e+00
1.653501412179982255e+00
1.656520326759729267e+00
1.648144143357083591e+00
1.657733496982503496e+00
1.645831474722110555e+00
1.645081436272223252e+00
1.643155740164498058e+00
1.640037996117883479e+00
1.642024214905736690e+00
1.636669619076376536e+00
1.636100662292389041e+00
1.633467890779222609e+00
1.632027091725233747e+00
1.630012765649076378e+00
1.627159494475572954e+00
1.623850054667913989e+00
1.625754595643200462e+00
1.620281444622329703e+00
1.614690444332301356e+00
1.619206627627350903e+00
1.614970932857731745e+00
1.610685241535914969e+00
1.608730949157716639e+00
1.611195948627217378e+00
1.607043135132222744e+00
1.602494427890658990e+00
1.604559252730550334e+00
1.597882846059577089e+00
1.598132607977819752e+00
1.596274740129442371e+00
1.597106366339661854e+00
1.593462637251052527e+00
1.589667647369523706e+00
1.587404459619378594e+00
1.590431743373746265e+00
1.583824556601873823e+00
1.585635581170913966e+00
1.581968323879755722e+00
1.580262347143082780e+00
1.582231579388895248e+00
1.575034568586362260e+00
1.575417595499767565e+00
1.572467236890726872e+00
1.574019101925862030e+00
1.568625312458503673e+00
1.565802294084780222e+00
1.567296887308404330e+00
1.563210786335604396e+00
1.562929479204239414e+00
1.563324647288611535e+00
1.557091972668664503e+00
1.558310431749209357e+00
1.555566440516276572e+00
1.554955618335585710e+00
1.553743752265350997e+00
1.550222210404214707e+00
1.548774303744528735e+00
1.545520406508911426e+00
1.548184976755933029e+00
1.543245593712174513e+00
1.541726036380823395e+00
1.540803911193995512e+00
1.537654590190101755e+00
1.535465266242464599e+00
1.538686527818990291e+00
1.530099632388870035e+00
1.528662302632269432e+00
1.529948143664816129e+00
1.523983287460248137e+00
1.530479222106988724e+00
1.520720823992554260e+00
1.522242823262867084e+00
1.517594473068577310e+00
1.521691274108422975e+00
1.520596808736502048e+00
1.514096740853206002e+00
1.514178499424119417e+00
1.514650556454595565e+00
1.510625298977905651e+00
1.510911632143840500e+00
1.509624091924293809e+00
1.508294338789290201e+00
1.502016637855488446e+00
1.503520327476129514e+00
1.501143392170026347e+00
1.500692753822909786e+00
1.499505108458696556e+00
1.496936371998728754e+00
1.493430804371594922e+00
1.493201857156299495e+00
1.494900619408801923e+00
1.489389173082092954e+00
1.488069970262004160e+00
1.486394002830252248e+00
1.487991199372226570e+00
1.482727002653937198e+00
1.479588812905317186e+00
1.483903926823455288e+00
1.478173663949023053e+00
1.480867778863270479e+00
1.478046229340389983e+00
1.479356935332369227e+00
1.473636811578685313e+00
1.469637531103312300e+00
1.471963198830250397e+00
1.471985880064101027e+00
1.464443686181446269e+00
1.465770685611230917e+00
1.463053403419458443e+00
1.463722354271449921e+00
1.462936221597088915e+00
1.456929886071036684e+00
1.460378527189658771e+00
1.458690640625932344e+00
1.455642446461212769e+00
1.453227081087092420e+00
1.452981244639442338e+00
1.451638471724166379e+00
1.449357753191722331e+00
1.448427900458550299e+00
1.448749304110614533e+00
1.443941452423953109e+00
1.447079083235667918e+00
1.440116760959814224e+00
1.443186519511185706e+00
1.438537727620552431e+00
1.436475295319065593e+00
1.441344223007479330e+00
1.432812129223683728e+00
1.432759037496274201e+00
1.429884612385309950e+00
1.430755527898825319e+00
1.429125265424490587e+00
1.427091759624380840e+00
1.425783063281070184e+00
1.427771962589284627e+00
1.420326936398759843e+00
1.421861136473086873e+00
1.422005721433055703e+00
1.416895650604314438e+00
1.418233751093159301e+00
1.412151190889604280e+00
1.414282588233181315e+00
1.412225115500753025e+00
1.412862750850427007e+00
1.410074211981863890e+00
1.409611505137802423e+00
1.406214735474522692e+00
1.410700366735002875e+00
1.400638798408539776e+00
1.407556400853822387e+00
1.400065807413325425e+00
1.403797774259091691e+00
1.398676694225115424e+00
1.401046645275150659e+00
1.396067665879146880e+00
1.394904280580528733e+00
1.391863773177216546e+00
1.395975382020354871e+00
1.392111798246730592e+00
1.388663785100774817e+00
1.384358832704237985e+00
1.388517422768694942e+00
1.382898580172570613e+00
1.390384349845000367e+00
1.380175692755844841e+00
1.382494426406243093e+00
1.381325986392808014e+00
1.386242322235261781e+00
1.381612331216977907e+00
1.377571211358435521e+00
1.376087450693797898e+00
1.376687551010029820e+00
1.376762792097249388e+00
1.373822561181925250e+00
1.370811080533266280e+00
1.376826356431758880e+00
1.371890189242645164e+00
1.367211177723279159e+00
1.365372146977196444e+00
1.365572180024277493e+00
1.372057846226328204e+00
1.366267888954104670e+00
1.357645824655349998e+00
1.360029921374886763e+00
1.358848844489602525e+00
1.361263714409888914e+00
1.354997432774621702e+00
1.355063293472500208e+00
1.360540968016217045e+00
1.356141262853004292e+00
1.352479049402573352e+00
1.356166410394685995e+00
1.354115174680921463e+00
1.348272920748956993e+00
1.350600365273724845e+00
1.348198463370854805e+00
1.351918186156803925e+00
1.347861197208606088e+00
1.342678218338310359e+00
1.342929568181058686e+00
1.339384485851961903e+00
1.344407363449086290e+00
1.340644579958743199e+00
1.342607225992298980e+00
1.336221367703273932e+00
1.339767607479302569e+00
1.335068060420486091e+00
1.339194687785092874e+00
1.337605088517525020e+00
1.333480499007798636e+00
1.334621159585243744e+00
1.334086367077884860e+00
1.331361765472304670e+00
1.328576170408049206e+00
1.327514034034104062e+00
1.325289561345661005e+00
1.331967599208622843e+00
1.322213574133596081e+00
1.329607791506793646e+00
1.321814868186480751e+00
1.324200855423522949e+00
1.320566680121955772e+00
1.319605034443022795e+00
1.318181303656482006e+00
1.323657082548797881e+00
1.318572634820072365e+00
1.318634775034691176e+00
1.315381527116023408e+00
1.311470232452940143e+00
1.312111364294934468e+00
1.316527053846475281e+00
1.311010426200578616e+00
1.311144625923475138e+00
1.305599793189758273e+00
1.310534499713539525e+00
1.307507504939343423e+00
1.304328496954351158e+00
1.307749492983899531e+00
1.303284515357037154e+00
1.304734095235834390e+00
1.304360360901544391e+00
1.303070250129226837e+00
1.299038744557583724e+00
1.297844674210587579e+00
1.302851207798362276e+00
1.300654904838952630e+00
1.296947198125626199e+00
1.294409314985912607e+00
1.292145950509068886e+00
1.288951621261043234e+00
1.297677534990545611e+00
1.284107964368569776e+00
1.290124458782276440e+00
1.289268448805362066e+00
1.281051093380195072e+00
1.282307300223961333e+00
1.279309450153213179e+00
1.282554275305499258e+00
1.276937130982263691e+00
1.275684057196129650e+00
1.270801911324307865e+00
1.270633002312249404e+00
1.272453628100572054e+00
1.273227841462256205e+00
1.273602894779843231e+00
1.275576941130232234e+00
1.269645869820521300e+00
1.266944650863880417e+00
1.263474408338243871e+00
1.275433183477372223e+00
1.267480817307241159e+00
1.265159540173382835e+00
1.260068815829542777e+00
1.267815873829313267e+00
1.271616110151470691e+00
1.258921651187337565e+00
1.260692216001655153e+00
1.265841422694488072e+00
1.260086152097610990e+00
1.251952345633995600e+00
1.256238887772874957e+00
1.258111071359648392e+00
1.258901022488411625e+00
1.256421613726327102e+00
1.254214209084582032e+00
1.259552135577386212e+00
1.251375691318383998e+00
1.248596217342661241e+00
1.248721952211800490e+00
1.258637280111607692e+00
1.246072669921334253e+00
1.252656903009677691e+00
1.244432419173179261e+00
1.253376947815143749e+00
1.244553095288094324e+00
1.248361193459643470e+00
1.239647230138543499e+00
1.245741837241661765e+00
1.240432596659100550e+00
1.245932567846188999e+00
1.244779919302842597e+00
1.242392458998400562e+00
1.241857037589582768e+00
1.241213204997505093e+00
1.229745288962555305e+00
1.236278732990570228e+00
1.244684150875140505e+00
1.243662796662857284e+00
1.241767924077756602e+00
1.243603402155200710e+00
1.239062338494569593e+00
1.241319531483071614e+00
1.234645109582404254e+00
1.246589670965479568e+00
1.238926753232937106e+00
1.235167595522245865e+00
1.233313899421273119e+00
1.232859190871061772e+00
1.234499429126066694e+00
1.229237354190212406e+00
1.234085139046272817e+00
1.227728602975057592e+00
1.227412890406193613e+00
1.232541506061727077e+00
1.233495177152758471e+00
1.226983503810193055e+00
1.223903862697854672e+00
1.230089236799480235e+00
1.221587670930425196e+00
1.220582145095051585e+00
1.216371392083599234e+00
1.225910125480272228e+00
1.217874321255203451e+00
1.217568311927710534e+00
1.209104321280517480e+00
1.211227725672975541e+00
1.215825194284706923e+00
1.214311470471198806e+00
1.208825992568277163e+00
1.214019273361601536e+00
1.214243915701240573e+00
1.208411741405526429e+00
1.214382564020118460e+00
1.209127699884576135e+00
1.208213071352542745e+00
1.200937491540729152e+00
1.208123484512885870e+00
1.203845423399895642e+00
1.197146843566536889e+00
1.207841861771200342e+00
1.203094703272080235e+00
1.191253627572282481e+00
1.190510106280611602e+00
1.193161937164579411e+00
1.194167479606668136e+00
1.185936768457773960e+00
1.193864620571781332e+00
1.195901925757291151e+00
1.187834320802834354e+00
1.190788773148782509e+00
1.185707029195148143e+00
1.186886621944921227e+00
1.179472332735709283e+00
1.191585685216664858e+00
1.180944812555518419e+00
1.179861770262395249e+00
1.183741797055281708e+00
1.179492939546811892e+00
1.181829998726515951e+00
1.183982939829251624e+00
1.188879635350003072e+00
1.177087561059849241e+00
1.181287790234188728e+00
1.171414213244572400e+00
1.179571775844095560e+00
1.172870022298079684e+00
1.173088936867273668e+00
1.179917337615197681e+00
1.172992378748885844e+00
1.175496303723468694e+00
1.176427957382569334e+00
1.171432546378109008e+00
1.169607903807831306e+00
1.169861345650691220e+00
1.158336989743233847e+00
1.170885144965443603e+00
1.166621498469660567e+00
1.178488546632177947e+00
1.167820208264453319e+00
1.171810416535741250e+00
1.165609784816383554e+00
1.170631245384954111e+00
1.161686261677393528e+00
1.156491078077475754e+00
1.164974896293351714e+00
1.162586712771494613e+00
1.162905679624235189e+00
1.159490026361866599e+00
1.160351002450332070e+00
1.158818655578405243e+00
1.156090255567421288e+00
1.156746728278852832e+00
1.154765953948336810e+00
1.155481927216816640e+00
1.151016327707435005e+00
1.147291088975453288e+00
1.157610179061276945e+00
1.148589760589655562e+00
1.152871859891972717e+00
1.153416830808775106e+00
1.144587407079740604e+00
1.144028608448705686e+00
1.145471318206116251e+00
1.156434958337489549e+00
1.139703032673430982e+00
1.138855201410626350e+00
1.139957815274421637e+00
1.140450156457430753e+00
1.141881782958523051e+00
1.136272094431763691e+00
1.136809679414799490e+00
1.137855228246887673e+00
1.137144564612507791e+00
1.138880139486025289e+00
1.134236992420986523e+00
1.127386702294369103e+00
1.130788334878267465e+00
1.130734727773391235e+00
1.132888014960433010e+00
1.131721243314831815e+00
1.126676496811266359e+00
1.130546023333480088e+00
1.126436611783171893e+00
1.125314281402589156e+00
1.124043332056831268e+00
1.125432765859936790e+00
1.122594816465845469e+00
1.129033173409157653e+00
1.116239423665141173e+00
1.118373192107890324e+00
1.121382097661986821e+00
1.118920335712822789e+00
1.118161714108037108e+00
1.119498687947448667e+00
1.119208042291779615e+00
1.114402337092204265e+00
1.113846222206063663e+00
1.118169636748504114e+00
1.113584765057186177e+00
1.116792151730402471e+00
1.111984110434988127e+00
1.109723108516736945e+00
1.126828576630608092e+00
1.121456366840448915e+00
1.124063501423376188e+00
1.124996957979250700e+00
1.123940469237162620e+00
1.125040902021760658e+00
1.115196638513527461e+00
1.118970235439521455e+00
1.122375519629383200e+00
1.122024892874990742e+00
1.118039849249416573e+00
1.117644172614880027e+00
1.115203476413614725e+00
1.114254330758135181e+00
1.113352031207952342e+00
1.106485796303458224e+00
1.111342244467994789e+00
1.107064771332266551e+00
1.108767842848344953e+00
1.114371926338570074e+00
1.107599303442297733e+00
1.107878883852354113e+00
1.102259408004127472e+00
1.105888139427394501e+00
1.105799737086164969e+00
1.108352330666877217e+00
1.103892503699572591e+00
1.108871002793014204e+00
1.097980665502293229e+00
1.106820659548243491e+00
1.105306276233263274e+00
1.105928558003338891e+00
1.104700646501449279e+00
1.100184810444140293e+00
1.093972202202363020e+00
1.102737166616892361e+00
1.099921948829549967e+00
1.097819874731353007e+00
1.099803267032621212e+00
1.095777007332156439e+00
1.096064098484109905e+00
1.097230526219167945e+00
1.089500869002853145e+00
1.095303774496007021e+00
1.094771860420433285e+00
1.091468436826290578e+00
1.089546481109048282e+00
1.097443682458229652e+00
1.091661395297972126e+00
1.092398960627854354e+00
1.090473289876747964e+00
1.088058101771162134e+00
1.095436992676538157e+00
1.091425121817436006e+00
1.080502919440511578e+00
1.087154012978173379e+00
1.079499309700590937e+00
1.085787751780072030e+00
1.084166365797147868e+00
1.081830373230709741e+00
1.080504963716960587e+00
1.083291253096429374e+00
1.081410212545182548e+00
1.081621237213889364e+00
1.082261799045947326e+00
1.077784782262150909e+00
1.081725684980497482e+00
1.078694312946117728e+00
1.086311006576806903e+00
1.076541347242564006e+00
1.083346874475478616e+00
1.072536194265013565e+00
1.086857703669420028e+00
1.074973672585436413e+00
1.072710313555806927e+00
1.071598942652433051e+00
1.072474095133628458e+00
1.079185895778480342e+00
1.075249967420544905e+00
1.066195027014944730e+00
1.081257814528873151e+00
1.066795965082208530e+00
1.070398770197537708e+00
1.068524624013811319e+00
1.071184688312120104e+00
1.068667309577436386e+00
1.069365643223435303e+00
1.068434497933259175e+00
1.070518576787882870e+00
1.068370048439813536e+00
1.073178673150454232e+00
1.064827401060186363e+00
1.068280124201385073e+00
1.066045665431163858e+00
1.066986683339937958e+00
1.057649392084700768e+00
1.063316367028189102e+00
1.065833801396252722e+00
1.061865186352485280e+00
1.059345391639763267e+00
1.059177768275634479e+00
1.061515936702854157e+00
1.061775413965414083e+00
1.063106863179637651e+00
1.057006654457049777e+00
1.067792752086057728e+00
1.054604798594608317e+00
1.049360213825669241e+00
1.056889355803004138e+00
1.059310081842694817e+00
1.053489269437926978e+00
1.064590475735121888e+00
1.049026205776278697e+00
1.053316383317121074e+00
1.061937043560765348e+00
1.047604899169751747e+00
1.059109124649254996e+00
1.057464716943128824e+00
1.051694631937466484e+00
1.048447621359412274e+00
1.049020180081107201e+00
1.047408452334555484e+00
1.052509432980797799e+00
1.050864899944097930e+00
1.047958726904806293e+00
1.048415414731844963e+00
1.055097402133386542e+00
1.044922681462996161e+00
1.044069919183247430e+00
1.056139194546062976e+00
1.047864049309996881e+00
1.043325794731714495e+00
1.041186668953528516e+00
1.042040956113873706e+00
1.047710091773945695e+00
1.048100335419920315e+00
1.039624754222218561e+00
1.036875432566649602e+00
1.039050120695597990e+00
1.044783394140997190e+00
1.037640113651427054e+00
1.042052959595064054e+00
1.039912879020870706e+00
1.058612990838318391e+00
1.039801613076561715e+00
1.033744247054086296e+00
1.050359492268179373e+00
1.042104125470704190e+00
1.041162918199262544e+00
1.037362946112382334e+00
1.041994301543924584e+00
1.039484819701719465e+00
1.038045196328383435e+00
1.041675767667749497e+00
1.043012215958827094e+00
1.041887787524300668e+00
1.039198137135510347e+00
1.043438212345651595e+00
1.036255334638083614e+00
1.041619806053081243e+00
1.037756689722945547e+00
1.041793491812146089e+00
1.036435678288691653e+00
1.034832481528117798e+00
1.039057937140088761e+00
1.034927840798059551e+00
1.037279490227147827e+00
1.033319710771071431e+00
1.031328353726049585e+00
1.030936529036977412e+00
1.033681853468065182e+00
1.035891182082563589e+00
1.036164006021851103e+00
1.031522577062108814e+00
1.025781009313960990e+00
1.032179744605232985e+00
1.031212977742394177e+00
1.027514716789815541e+00
1.034927777644433000e+00
1.026086466094300986e+00
1.026078976145472943e+00
1.035807912983406132e+00
1.027773701114077065e+00
1.020805627009475636e+00
1.023068202228221590e+00
1.030474490503515028e+00
1.027735262114507497e+00
1.023868300199288095e+00
1.021894965867957028e+00
1.023535860818775012e+00
1.023738103078516870e+00
1.022368018031695192e+00
1.022743603122134415e+00
1.018212596507684475e+00
1.036797950725675266e+00
1.014116306362861764e+00
1.021870099604060167e+00
1.020206120576456543e+00
1.013066733277324660e+00
1.028233225634237913e+00
1.016379082118298527e+00
1.010093204460421168e+00
1.023195377152158914e+00
1.016994112485479107e+00
1.015247020980820647e+00
1.011369155823980348e+00
1.015420524239965205e+00
1.020221684083470581e+00
1.012833039034551463e+00
1.013408406535842188e+00
1.009294698135138058e+00
1.017409341211170437e+00
1.013871773510081509e+00
1.015532285177602523e+00
1.009575784660927011e+00
1.018178410416694657e+00
1.009218210231875634e+00
1.012462755480603827e+00
1.003266034355855929e+00
1.016621035837340647e+00
1.004797141136786420e+00
1.008781387463713264e+00
1.012264848854056210e+00
1.005751646023833157e+00
1.018517879945454840e+00
1.008623750418697895e+00
1.011058631477895764e+00
1.004297361735198013e+00
1.001190950578635386e+00
1.007272031107329546e+00
1.005046709502367408e+00
1.007479760419046633e+00
1.005637071371641600e+00
1.010811101655042288e+00
1.003501702648837091e+00
9.997682591861249968e-01
9.989445028357234468e-01
1.000528868004056493e+00
1.002118832933388104e+00
9.973995279173958339e-01
1.003702248963096677e+00
9.985884592669318494e-01
1.000424797173901759e+00
9.943949772352483896e-01
9.955699945018615660e-01
1.002366276456154726e+00
1.002414324528976719e+00
9.999440939409166562e-01
9.963033971475239170e-01
9.913426637577038569e-01
9.910779339655525488e-01
9.978588217097867918e-01
9.960407425776826029e-01
9.906877122623459764e-01
9.927517604453629518e-01
9.993296396855791963e-01
9.905794955351753250e-01
9.878081046312369162e-01
9.885465919099926113e-01
9.890129469577820798e-01
9.977847479563085598e-01
9.814271284438452758e-01
9.896001932632870757e-01
9.935915110208902723e-01
9.853741483387222777e-01
9.923781673829963346e-01
9.838049126129305710e-01
9.825430495581032320e-01
9.846602161474481418e-01
9.839259053470871264e-01
9.893745125712825050e-01
9.866045301200077056e-01
9.869577287896437179e-01
9.884268503169867381e-01
9.851328278050481835e-01
9.831298044653385970e-01
9.812570783869484226e-01
9.768293776197053413e-01
9.859538751122828293e-01
9.740358752176055956e-01
9.840112702573856618e-01
9.800566109563276784e-01
9.818618333475525040e-01
9.862596010719313355e-01
9.809692214152879730e-01
9.825769218010259598e-01
9.763819234571848860e-01
9.720569405138873575e-01
9.891330836627125755e-01
9.765711462451022173e-01
9.720507336634822693e-01
9.776129657367662595e-01
9.771740025888875358e-01
9.767336281448479873e-01
9.727684703280283784e-01
9.801053784433367833e-01
9.694980533046657634e-01
9.844068290583747327e-01
9.732715401243227094e-01
9.729344887358494232e-01
9.761365417226368635e-01
9.712248130234670818e-01
9.812865067328543356e-01
9.787564569990198082e-01
9.701612133454323716e-01
9.671703980461071604e-01
9.729913507777995241e-01
9.750731512764799769e-01
9.650304088870395036e-01
9.745745736764847011e-01
9.740385590996835097e-01
9.628448920326415639e-01
9.741520813438683257e-01
9.574329263240130006e-01
9.632694595768511725e-01
9.645770791221113249e-01
9.809058983956330247e-01
9.616624172124734748e-01
9.671696437873548158e-01
9.674216670088741088e-01
9.657589249908261619e-01
9.745903192436714546e-01
9.610943323484771872e-01
9.667102670469356340e-01
9.678817654449421992e-01
9.626316036942313970e-01
9.703989471758585061e-01
9.587506720855115683e-01
9.658249578530644364e-01
9.686650940872257864e-01
9.662361553688717519e-01
9.661569995715817427e-01
9.686132157159293987e-01
9.586502195623411993e-01
9.580044210437052010e-01
9.606335889008831286e-01
9.627069993276716753e-01
9.657225281529080441e-01
9.612396613789578881e-01
9.628747835755485651e-01
9.587848139980336137e-01
9.583352002656578827e-01
9.541708042510684828e-01
9.586590761416561302e-01
9.509957299350761950e-01
9.581138471779065968e-01
9.609162653277608657e-01
9.620242733423237658e-01
9.578032071546384030e-01
9.555340107378377246e-01
9.575897274008523530e-01
9.560088443547040127e-01
9.652147262782705406e-01
9.558340045175698352e-01
9.533766678923479843e-01
9.607960118680107797e-01
9.578449614418714786e-01
9.512191837285511875e-01
9.574883579469011252e-01
9.592395790347474360e-01
9.524240840894701021e-01
9.584034374283093571e-01
9.558107613608345376e-01
9.638999394085926431e-01
9.515255774779771691e-01
9.571647725002461193e-01
9.506357533313575248e-01
9.650301305482421599e-01
9.488787950163373175e-01
9.491382654348464731e-01
9.523899169265366282e-01
9.502570811708093146e-01
9.535513881759803967e-01
9.658576676918356752e-01
9.511739075702626556e-01
9.481951272205627612e-01
9.488041617939676486e-01
9.524426137214124788e-01
9.431156592383005410e-01
9.489750317843634875e-01
9.476349800932925005e-01
9.462674314732978376e-01
9.601472687683054730e-01
9.507773157910747175e-01
9.455091105699940934e-01
9.479266632471787801e-01
9.509620209005325009e-01
9.514586325967294700e-01
9.444264063069564008e-01
9.501610200638230808e-01
9.438802550428134763e-01
9.480459145648255648e-01
9.514680408618610974e-01
9.437241450136095722e-01
9.470747862907008541e-01
9.434105132581209752e-01
9.445606699629368608e-01
9.530361226584078693e-01
9.451102387343995881e-01
9.447801931111442508e-01
9.489713960357186728e-01
9.488366202459043164e-01
9.462465198709842928e-01
9.461602416186453146e-01
9.474894824776178837e-01
9.473461929625401901e-01
9.409185195103474397e-01
9.429365229278768856e-01
9.500930253005321902e-01
9.429362933156704152e-01
9.469765584903484523e-01
9.396421514140599340e-01
9.399987368045755742e-01
9.425360421896898933e-01
9.386613428075568644e-01
9.411842724062657872e-01
9.406211708480767264e-01
9.554081545683225096e-01
9.440011827066651096e-01
9.471044023117242139e-01
9.350156052939025964e-01
9.421649344795964831e-01
9.462517142798310132e-01
9.464058448694415704e-01
9.339754138460115707e-01
9.334395091088142360e-01
9.317810473412455607e-01
9.404327743172439247e-01
9.315941689795620428e-01
9.364685866659998581e-01
9.447085989959881358e-01
9.438935882614667428e-01
9.381757602987672584e-01
9.360481543759912038e-01
9.320957480365120729e-01
9.409481923218319110e-01
9.311338292670109373e-01
9.375086008798715342e-01
9.359373760959940336e-01
9.295769115831998830e-01
9.295592276462629755e-01
9.304573036597436619e-01
9.279098778885628285e-01
9.386291635278039003e-01
9.245640613169799904e-01
9.369865436913055179e-01
9.444312515581400058e-01
9.353432256925274801e-01
9.318708561878445984e-01
9.380817777267499435e-01
9.297786220188415385e-01
9.339546008827076529e-01
9.319030332677510353e-01
9.373856440408597779e-01
9.294526581333797388e-01
9.319626363798764190e-01
9.280122865595755721e-01
9.307106887369575032e-01
9.360333466593854235e-01
9.361799114567935787e-01
9.235104439733990978e-01
9.357142678385662604e-01
9.285007282641392079e-01
9.278632935415127569e-01
9.368748645814096720e-01
9.293030127636883186e-01
9.274714303144274696e-01
9.335610155319341574e-01
9.167297380249407324e-01
9.302640988292846247e-01
9.337997418114980519e-01
9.294029182242328213e-01
9.211774379088552012e-01
9.302637501100760042e-01
9.371316212218966379e-01
9.222210098332518369e-01
9.328986045899432256e-01
9.295030830356180163e-01
9.309486264988038329e-01
9.237247909907595478e-01
9.275392692743387180e-01
9.274375023567745790e-01
9.238519049362364788e-01
9.232355887470125033e-01
9.242591671566217082e-01
9.287100859180005274e-01
9.236045306056218651e-01
9.250220705902320040e-01
9.226695539606458718e-01
9.232925991895735152e-01
9.243076156692636713e-01
9.163065777437009451e-01
9.179799797025357533e-01
9.116788571188818580e-01
9.036886597994500114e-01
9.110521201571559757e-01
9.132897225627355509e-01
9.100064816505621934e-01
9.140921415957520280e-01
9.164773060747560818e-01
9.164728666877235419e-01
9.113503668715606798e-01
9.153055270030102664e-01
9.112730983902176396e-01
9.125960137341303513e-01
9.170170256085162785e-01
9.188148611783587549e-01
9.184009763086639078e-01
9.056219052335415798e-01
9.136123867033661972e-01
9.100795354356131517e-01
9.111336602496341586e-01
9.197539332609946383e-01
9.129754720993984440e-01
9.220855542339774225e-01
9.102581774627750422e-01
9.108568039239545167e-01
9.133693992857255806e-01
9.033449941831993568e-01
9.124666993826017203e-01
9.138240470745252475e-01
9.137929212452270411e-01
9.137623200087402475e-01
9.109992578350589731e-01
9.136353611744630898e-01
9.054802972660099813e-01
9.095744325940254837e-01
8.989102797059386196e-01
9.082273841436117046e-01
9.028363325802805095e-01
9.011458499001819833e-01
9.085364704522876922e-01
9.020556714987124636e-01
9.036565743202102929e-01
9.092099060983159786e-01
9.003417558213174798e-01
9.042478212740906462e-01
9.043738003979111539e-01
9.031693595930584406e-01
9.095440566621392220e-01
9.034325771780037373e-01
9.026743957362689530e-01
9.056367928587693017e-01
9.061974884698043020e-01
8.999593109676653491e-01
9.058248551933179016e-01
9.020892510689190180e-01
9.005501203340483540e-01
8.969954113567966125e-01
8.973105862062212834e-01
9.061467784134552561e-01
8.990769449023656712e-01
9.016001653884405664e-01
9.000009451387304127e-01
9.114432258647160445e-01
8.952590402547963011e-01
8.957482119907393958e-01
8.992149378191639508e-01
9.019888714109453032e-01
9.046805755019328155e-01
8.963901291810811855e-01
8.946393847290671220e-01
8.992792552778210435e-01
9.016967501047407074e-01
9.067492490446006359e-01
8.964261347459000495e-01
8.977094692114454544e-01
8.974176430340526922e-01
8.961235531927003173e-01
8.936952728760744202e-01
9.009504090415380029e-01
9.029906600836058450e-01
8.939172603993577049e-01
9.088520350862653308e-01
8.927280701612279046e-01
8.932638567175872346e-01
8.974523519700343677e-01
8.983927511743967642e-01
8.997880191085266821e-01
8.970915628878116665e-01
8.977699610028621047e-01
8.914655900391202925e-01
8.957034530374897718e-01
9.081964516336579196e-01
8.990094136244620726e-01
8.872757284152011925e-01
8.907896319102350802e-01
8.879003864422106984e-01
8.993205955954680642e-01
8.969522619197327629e-01
8.942155878165832794e-01
8.887448773077027964e-01
8.861192170128080470e-01
8.955793582185687107e-01
8.896653628760974319e-01
8.917314525737470854e-01
8.896977163191417404e-01
8.932811782503774500e-01
8.967939427929253471e-01
8.919693158261209343e-01
8.844362086183439331e-01
8.914626885767192865e-01
8.889074523105736647e-01
8.984994544341901035e-01
8.826142933235440191e-01
8.862679020199452085e-01
8.892069709059016169e-01
8.849837500732008477e-01
8.982614409681274337e-01
8.925675449337967526e-01
8.840132421699874454e-01
8.843024523631012324e-01
8.862478727832824310e-01
8.852719577636417592e-01
8.843834407101129891e-01
8.879242947821220922e-01
8.800237202748008025e-01
8.886349031564965140e-01
8.893385410594425444e-01
8.880008414038872422e-01
8.964376944621132992e-01
8.845118684577445434e-01
8.857211978642732797e-01
8.828181420991904060e-01
8.855173215722963453e-01
8.798976129319694417e-01
8.832835068210780349e-01
8.805602710052017335e-01
8.907400950921900984e-01
8.829584619835597614e-01
8.794991585297219361e-01
8.872728552777390254e-01
8.813800938678340025e-01
8.910507704347376823e-01
8.764873292595583010e-01
8.817744036421816256e-01
8.851548430809321744e-01
8.791406942825404913e-01
8.767594680323790302e-01
8.824509972534344548e-01
8.819019550711101330e-01
8.825472427411694687e-01
8.782777101173288026e-01
8.927743540942779665e-01
8.792955502300890958e-01
8.808212427326224114e-01
8.852088943176573688e-01
8.834811809381412084e-01
8.774901715577451133e-01
8.855149177180391407e-01
8.735337010404967684e-01
8.770352196922104326e-01
8.759188577541262566e-01
8.751057532523716098e-01
8.809791753889096855e-01
8.807720832168667302e-01
8.722336756053766793e-01
8.909777630707601537e-01
8.767802327959629549e-01
8.762683455155358958e-01
8.797640523618182051e-01
8.811179373182344010e-01
8.814441318599907094e-01
8.670464729025167960e-01
8.822034093734058002e-01
8.727331010999815897e-01
8.762308730939231127e-01
8.788700532619344585e-01
8.718936731411188745e-01
8.771407094641668900e-01
8.731636414036084703e-01
8.753148831101054128e-01
8.679240349173261704e-01
8.742310018918225678e-01
8.796690716782863406e-01
8.808609603003381139e-01
8.823643166248068548e-01
8.689265235572501966e-01
8.767854363929147299e-01
8.816989302721048860e-01
8.648214342263530474e-01
8.731842567508324437e-01
8.748084685078745260e-01
8.762553654647516899e-01
8.729844420665102689e-01
8.750860107560249901e-01
8.756862587266064368e-01
8.857475244961697802e-01
8.765160259293621747e-01
8.667626586114067777e-01
8.768199394115155920e-01
8.685571396640735520e-01
8.635965818574472541e-01
8.744691908368685818e-01
8.740911054767851462e-01
8.685946254518296383e-01
8.777665843851019112e-01
8.780064102802103143e-01
8.620767601085299603e-01
8.763414129020032917e-01
8.651678412639016713e-01
8.660995855032727064e-01
8.739933222554275849e-01
8.674649800609061101e-01
8.703284286742659637e-01
8.796644313354270439e-01
8.651868687872665831e-01
8.714660360961524743e-01
8.716265804164328168e-01
8.629872415666831609e-01
8.674420893627411422e-01
8.637519271802430731e-01
8.727744097165303083e-01
8.581375807851482351e-01
8.694030449424049456e-01
8.708474186703630826e-01
8.573824538746305235e-01
8.640280960642322539e-01
8.626083439660831020e-01
8.662145586576573963e-01
8.776859410804335182e-01
8.714278457617238294e-01
8.639796661417253887e-01
8.590898475238848420e-01
8.607177850524753149e-01
8.628683942947229513e-01
8.597845125347011175e-01
8.578704660605716015e-01
8.708383240393570146e-01
8.562466523719908240e-01
8.715452243291772483e-01
8.620066850424373817e-01
8.554188032107571393e-01
8.560316540611383473e-01
8.679638598230879909e-01
8.524826168092117795e-01
8.626361653543751506e-01
8.535718179370399561e-01
8.685332566993841930e-01
8.643698070373387887e-01
8.618442604830355291e-01
8.634959378655190365e-01
8.664534415612633600e-01
8.568366172119640245e-01
8.674729063580101096e-01
8.589225502002206802e-01
8.704029983019275774e-01
8.655586863403236242e-01
8.573088110440790777e-01
8.726053506845627972e-01
8.541764778636994349e-01
8.691098167476574154e-01
8.643520356694808227e-01
8.628115589736652380e-01
8.615611302634448299e-01
8.606181598471844829e-01
8.614352071564135294e-01
8.621997127210822010e-01
8.603399131651879861e-01
8.690165367817997977e-01
8.681760435917823537e-01
8.595223366135430476e-01
8.610052981896356705e-01
8.605615733296952952e-01
8.668772750452878872e-01
8.589543543614329701e-01
8.601597133111654747e-01
8.542307511497363448e-01
8.639132456694356144e-01
8.558336041262402105e-01
8.675490892695992828e-01
8.542316054005135717e-01
8.531384746203792835e-01
8.623195766871236678e-01
8.475895851498309597e-01
8.564147719342375398e-01
8.638388454026982854e-01
8.649997688495729697e-01
8.507453129163925487e-01
8.518409141927065775e-01
8.618166732125560614e-01
8.524191079521005188e-01
8.571948336751287201e-01
8.534435463313956305e-01
8.605750636696970490e-01
8.626940374642452225e-01
8.569210939806889415e-01
8.496354042287618258e-01
8.490321759143281133e-01
8.536838227505403331e-01
8.675878351658038445e-01
8.522367001210308102e-01
8.560701382028900186e-01
8.553312634590785057e-01
8.619718638099325148e-01
8.415894742708639464e-01
8.587903329839839950e-01
8.512096262613536579e-01
8.546655654987104223e-01
8.501782741943118005e-01
8.507456650828378875e-01
8.566375139675234118e-01
8.525802202529777496e-01
8.482314187867263655e-01
8.473589665924415870e-01
8.512853360838456007e-01
8.614509513584782674e-01
8.478313714017002845e-01
8.438820748402474647e-01
8.438158453392364811e-01
8.507054990808359252e-01
8.490649049161369533e-01
8.523227630304014424e-01
8.474297077414659762e-01
8.409131687056846660e-01
8.524949829994477035e-01
8.499773335719225109e-01
8.426523664533864810e-01
8.554209878177118087e-01
8.532187198308287535e-01
8.387926884572015629e-01
8.542605546130598304e-01
8.436136417831323620e-01
8.449814704022000633e-01
8.511292000584930184e-01
8.437502644672375540e-01
8.474889023463595406e-01
8.455322648954610720e-01
8.428814786146787696e-01
8.489820958406956164e-01
8.363212713884222715e-01
8.403046910531818403e-01
8.476540711912322612e-01
8.441890856524162379e-01
8.410039261271905486e-01
8.507839540567624370e-01
8.486684658021051986e-01
8.434287873947273750e-01
8.434675061348485547e-01
8.394922323168274580e-01
8.412475968582611152e-01
8.487060043348830796e-01
8.362960888622971156e-01
8.404062090582815614e-01
8.469498579896667101e-01
8.329132285061965346e-01
8.447594461624495787e-01
8.311726453052933339e-01
8.406804156338280043e-01
8.451931753922784507e-01
8.514914686692418577e-01
8.420301229514181030e-01
8.281337225406718572e-01
8.440384660012160145e-01
8.349760056879476089e-01
8.386417099247975848e-01
8.530360493436838221e-01
8.358621590287022007e-01
8.294266383226759354e-01
8.308504374482122978e-01
8.364559968254505762e-01
8.383587790061722833e-01
8.379538458579008919e-01
8.330860581424165412e-01
8.317310491944461814e-01
8.488707596607066863e-01
8.359106061903879281e-01
8.408626394217316724e-01
8.387893575341780483e-01
8.366260171415613733e-01
8.370602922164729343e-01
8.334642921989280362e-01
8.342788484631621371e-01
8.283445137357152710e-01
8.291894885069747145e-01
8.405366627719664807e-01
8.397250675990969304e-01
8.441064233191121202e-01
8.319634519594750754e-01
8.359875382529362575e-01
8.317496127141628115e-01
8.412297446141879798e-01
8.367882036722770200e-01
8.333799592663456712e-01
8.323674802862419675e-01
8.227048428418282100e-01
8.262275014450484178e-01
8.412465840550163998e-01
8.295309008660772809e-01
8.369141927371388512e-01
8.379107952506311685e-01
8.301917618933606358e-01
8.296671677760558694e-01
8.342757563331648640e-01
8.262763995238021630e-01
8.402086681506942822e-01
8.337768232475145647e-01
8.278512543634691800e-01
8.386556000185598769e-01
8.224580008320940827e-01
8.202071107324336863e-01
8.325096147276093150e-01
8.259694069497048874e-01
8.395483816914341979e-01
8.366037387914069257e-01
8.231001483565890675e-01
8.266165308307921178e-01
8.337506874300655291e-01
8.232452712807004636e-01
8.313798427807926883e-01
8.351004134845768645e-01
8.377642358678071277e-01
8.313458135190202603e-01
8.241731709976646281e-01
8.201151199320481089e-01
8.355333699697430339e-01
8.295493774294057099e-01
8.298315441537402748e-01
8.191435453395197186e-01
8.211632246606814789e-01
8.300802386181090897e-01
8.314925424469766790e-01
8.220953608043104488e-01
8.234219385869318009e-01
8.223131439062544290e-01
8.240632852479108372e-01
8.349850777503794452e-01
8.149458023548868946e-01
8.146097434497591161e-01
8.072487384155749846e-01
8.339364386559239284e-01
8.233337453192187683e-01
8.177394216637515756e-01
8.195515287785236636e-01
8.321682688777763959e-01
8.183544568196534641e-01
8.242091212327379290e-01
8.139376603445976910e-01
8.174441407300476747e-01
8.068355007194392137e-01
8.261262884606509482e-01
8.159033841255197705e-01
8.125863588688964079e-01
8.204674939736406047e-01
8.276109675405990407e-01
8.245015983288093153e-01
8.129318967662925166e-01
8.118979619858547325e-01
8.115390480031345888e-01
8.178134373330273599e-01
8.064910629997120717e-01
8.161759940679167435e-01
8.316454773371395603e-01
8.145768002752129533e-01
8.066880867720508386e-01
8.137561698665205512e-01
8.027105163171907032e-01
8.141703878959972718e-01
8.180644732540872655e-01
8.179717314989821686e-01
8.170632249095809430e-01
8.150936161589221740e-01
8.113906713345823141e-01
8.170958273924435744e-01
8.072466998896633550e-01
8.087434184537474202e-01
8.191594359654549296e-01
8.118323883997037305e-01
8.165898257864037113e-01
8.130449268445690825e-01
8.162057781174892890e-01
8.127301201589961499e-01
8.086000483829610674e-01
8.111179820391435369e-01
8.125544301443503592e-01
8.001286211031031215e-01
8.087422807937483249e-01
8.133257723795943583e-01
8.048396397345859432e-01
8.093627148071539379e-01
8.093379548625693198e-01
8.094356116722889460e-01
8.066649921701483095e-01
8.044272085345749446e-01
7.998006765053976563e-01
7.990400725251292080e-01
8.111026910902515707e-01
7.962263734299472873e-01
8.049697772242100369e-01
7.989564490973828370e-01
7.971232212373523529e-01
8.086312826694802558e-01
8.015818356379761367e-01
8.050757101197731913e-01
8.007328338471201290e-01
7.866395855520927904e-01
7.882374581573380334e-01
7.821826650348292498e-01
7.943544876891626139e-01
7.967286757732745528e-01
7.820486268840965982e-01
7.780447741858006472e-01
7.961115304591318553e-01
8.055380117939124895e-01
7.857953031182879355e-01
7.958645496644058959e-01
7.983559813162468544e-01
7.896788446752657231e-01
7.838069064034564049e-01
7.738084144588611712e-01
7.866279361815505800e-01
7.921075452770445224e-01
7.871472601733481289e-01
7.942501819209883962e-01
7.717932934873509287e-01
7.938004690785774864e-01
7.839996550920971252e-01
7.788854955990199835e-01
7.887179812225476594e-01
7.907909780885994389e-01
7.859381681193852165e-01
7.792648167150898475e-01
7.803297383174858659e-01
7.888863006034333436e-01
7.770198346886889595e-01
7.719256931312008518e-01
7.923051442581349191e-01
7.835407638017527487e-01
7.721487890172821222e-01
7.804084938153471596e-01
7.930013526695187664e-01
7.724270856500156102e-01
7.853458444790663018e-01
7.808839243770299143e-01
7.853904327600867985e-01
7.871153047229592081e-01
7.617920647489012653e-01
7.892545874064255118e-01
7.650690904955260718e-01
7.789313859274900054e-01
7.800440501726811915e-01
7.813213026611509626e-01
7.699604680111740151e-01
7.877330446767403238e-01
7.489396313213519951e-01
7.761490600550122743e-01
7.644371457950503990e-01
7.765190264576905532e-01
7.724709525869936089e-01
7.524676502811763479e-01
7.833612323328544846e-01
7.653913485849658249e-01
7.790551001224423899e-01
7.735805443238107371e-01
7.750004696480369271e-01
7.792729185353860499e-01
7.849831238958904223e-01
7.757339937950401554e-01
7.689114624971229439e-01
7.781977817005643061e-01
7.751668788507063423e-01
7.743434772836326196e-01
7.587127774022836002e-01
7.630160734627047248e-01
7.476364071721702809e-01
7.767746093110724503e-01
7.720237172258207492e-01
7.816726435770551262e-01
7.656310506773147395e-01
7.755121979053747339e-01
7.690153182329342307e-01
7.721321118245970672e-01
7.650835151533170730e-01
7.734435705387193716e-01
7.675853513708120746e-01
7.517507561642626790e-01
7.555320514094755469e-01
7.717263896117657618e-01
7.585306478231297334e-01
7.802182446230429003e-01
7.804268185827037962e-01
7.517687201511571438e-01
7.925970187687325641e-01
7.835512441507063164e-01
7.505350872076085311e-01
7.389053653804297239e-01
7.594295099471551902e-01
7.573276579492422833e-01
7.762645968569770183e-01
7.513165889150653642e-01
7.660283065341331188e-01
7.616733761234625311e-01
7.692298618987144510e-01
7.405474841956181109e-01
7.618149946563748109e-01
7.601768898363174820e-01
7.793781212172780082e-01
7.656189431777106202e-01
7.503407741666711095e-01
7.680801602265154848e-01
7.633578565592221699e-01
7.706305299617435267e-01
7.726837586005447234e-01
7.459778368340704846e-01
7.475695366799007813e-01
7.441028140774842425e-01
7.527473281884954348e-01
7.306704820388499888e-01
7.408859309405405602e-01
7.663626989720496718e-01
7.345766481705154893e-01
7.489379493020033030e-01
7.535671335843151519e-01
7.613857962571106697e-01
7.387410434218532052e-01
7.310569625786432768e-01
7.504810729240203315e-01
7.372829045989428565e-01
7.701801683645171925e-01
7.536501606262385744e-01
7.268258004690862917e-01
7.533968378514502851e-01
7.397251735319730903e-01
7.486405380057038483e-01
7.275023302886842735e-01
7.389492618833563009e-01
7.507917221854155665e-01
7.519617357010494052e-01
7.522788161208070479e-01
7.278130701000273817e-01
7.579011622575726470e-01
7.430511539065521864e-01
7.357034344673927251e-01
7.523763140266734872e-01
7.377742934685261877e-01
7.364201873654795394e-01
7.288537081501793580e-01
7.309978636631777604e-01
7.413766717830331254e-01
7.423672130008509562e-01
7.396663063159748530e-01
7.448603027051645675e-01
7.430056190851833664e-01
7.540220876612973022e-01
7.474321620682217171e-01
7.319901387781978519e-01
7.376368974867909545e-01
7.290786471609423947e-01
7.487532918762652701e-01
7.585883314298341729e-01
7.431094133829616588e-01
7.386980918976752131e-01
7.331478422821589014e-01
7.311883449162164261e-01
7.284659664195478612e-01
7.406190083652323120e-01
7.305614384532915784e-01
7.278718165028301712e-01
7.414984581802178676e-01
7.555902835845662580e-01
7.554710406105648035e-01
7.330098245424343517e-01
7.278159673855911782e-01
7.462894445613773575e-01
7.505012692346050285e-01
7.257719043295102201e-01
7.337723180647355292e-01
7.311754815910105343e-01
7.307073888162459729e-01
7.424662833422442931e-01
7.284422812647665113e-01
7.255125722821444967e-01
7.276144161556022949e-01
7.426327140429113127e-01
7.354727508154237370e-01
7.535380121131027842e-01
7.255413088990941839e-01
7.446576990743242197e-01
7.184427240622247579e-01
7.415369683057880801e-01
7.355090201409960615e-01
7.275984974381993764e-01
7.453472053962241217e-01
7.292230220880090430e-01
7.293020167156744060e-01
7.538054346291561680e-01
7.355831035708576549e-01
7.250835860526616550e-01
7.338880766769317887e-01
7.475005420308845627e-01
7.135780532372302254e-01
7.305372207685317809e-01
7.324621959439655550e-01
7.367055152274043506e-01
7.185281728741190754e-01
7.197197712555195581e-01
7.345088209592605111e-01
7.337817905114391026e-01
7.340290171977694733e-01
7.350668469821178830e-01
7.389621076398217303e-01
7.347763552496567874e-01
7.315254928272413304e-01
7.367065705572817258e-01
7.233874296549810401e-01
7.390382550255774063e-01
7.360346892179506773e-01
7.290313636865616287e-01
7.318778117887571044e-01
7.205683929614555838e-01
7.408027454569694470e-01
7.245729920419997638e-01
7.347862212970041051e-01
7.358986591511107456e-01
7.208314188184873350e-01
7.371982123357229133e-01
7.441016766533441462e-01
7.278156894792879861e-01
7.356131794718331340e-01
7.162462404780288727e-01
7.386919316182315454e-01
7.396659933959205402e-01
7.207260169806005701e-01
7.077400774537622175e-01
7.381406199836809678e-01
7.387963255359872861e-01
7.279238579363078721e-01
7.170829764590435085e-01
6.984610660615510058e-01
7.484086252655740568e-01
7.364517166113541125e-01
7.022582247118532850e-01
7.439270041750316587e-01
7.277276249506718919e-01
7.418123876389316473e-01
7.184073558275594351e-01
7.220608834773152296e-01
7.222895141431165955e-01
7.344227474388627108e-01
7.269717804221994539e-01
7.408198972336411670e-01
7.156652850359010998e-01
7.137431564181332400e-01
7.207146915502056217e-01
7.080746279095634366e-01
7.328659736462919128e-01
7.471278375713330533e-01
7.060454463310957829e-01
7.155045776782772426e-01
7.218566915676184470e-01
7.325682499561909644e-01
7.339925214320306424e-01
6.983844361624603758e-01
7.349474763918085740e-01
7.431555159083070849e-01
6.955284126521790178e-01
7.271060456050917331e-01
7.179473255933315201e-01
7.267322024407580905e-01
6.911681098188827699e-01
7.288660567178347760e-01
7.248496591440597436e-01
7.414648414027694701e-01
7.177252687536644915e-01
7.244844689239732238e-01
7.176133160839940350e-01
7.342932888007576153e-01
7.302726064581785970e-01
6.841585867450867831e-01
7.184052644342427962e-01
7.328789969603266563e-01
7.130988374030128307e-01
7.084435348584747771e-01
7.082722626872270943e-01
7.042771659805405760e-01
7.301905973882877321e-01
7.227005810019879739e-01
7.170921994740538929e-01
7.165007885317612457e-01
7.065139613750089920e-01
7.285869054551064039e-01
7.211107146074405838e-01
7.063399656303750440e-01
6.960221604950018737e-01
7.193177287165343214e-01
7.204397654710977816e-01
7.119636841417923412e-01
7.297668386218377767e-01
7.182706180012997654e-01
7.274372340060191178e-01
6.971892761460640742e-01
6.970187851415500235e-01
7.263287371467703757e-01
6.985049614561842368e-01
6.965112351269705515e-01
7.205683470373928090e-01
7.153849054714597200e-01
7.259988699633624920e-01
7.279414303295711486e-01
7.196520171395762722e-01
7.160714954877396288e-01
7.087903415618911351e-01
7.129185960632743457e-01
6.907069942911975291e-01
7.183192905145009410e-01
7.240794374649630605e-01
6.960581953024248536e-01
7.180870166192759863e-01
6.953884282878144418e-01
6.940106557222910366e-01
7.075491916177313323e-01
7.216354456975465625e-01
7.052425917596965022e-01
7.206751115467656676e-01
