3.598319829606191433e+02
9.629885853400593021e+01
6.972495828307179977e+01
6.229162826951330345e+01
5.792133659406774626e+01
5.371262124532616866e+01
4.893444943384591994e+01
4.272303447135350751e+01
3.439226828329447727e+01
2.559100465693277116e+01
1.779702826482907696e+01
1.356344727459588917e+01
1.180977649372329807e+01
1.093207486620046787e+01
1.029816754241071308e+01
9.759603778511008798e+00
9.270669112127459144e+00
8.821999216543050082e+00
8.412177132756600173e+00
8.023601634596117194e+00
7.663771007039947847e+00
7.328687133506768703e+00
7.010542622941205337e+00
6.711370573014768581e+00
6.435304795374809039e+00
6.187159375099954950e+00
5.963644105336334711e+00
5.761541615092908408e+00
5.574390712762859579e+00
5.402405688352414082e+00
5.244813150575498462e+00
5.099377003823568621e+00
4.962774141736859157e+00
4.839198732442573814e+00
4.727918845631198685e+00
4.623505045709104699e+00
4.529786160400258943e+00
4.444225490439740689e+00
4.363079380468123603e+00
4.289494748746469632e+00
4.223195201939176080e+00
4.158745017996154480e+00
4.099712303617400799e+00
4.045526964944145654e+00
3.993062437531782027e+00
3.942743800393447184e+00
3.894621360112995756e+00
3.849809320658630796e+00
3.804976417992229187e+00
3.763909028612125951e+00
3.725233610305386023e+00
3.688002915604620569e+00
3.653832668279940687e+00
3.619421815766683981e+00
3.585576165738306731e+00
3.553474598153931741e+00
3.522245171884268000e+00
3.493793745527449701e+00
3.464335704853059195e+00
3.436910014746755504e+00
3.409620141728629594e+00
3.382661010246924338e+00
3.358332735174590411e+00
3.332227059541397196e+00
3.308316552536776811e+00
3.284610110310697717e+00
3.258942799540828883e+00
3.234787014318919685e+00
3.209942367570182142e+00
3.186696389063215396e+00
3.163268884566462713e+00
3.145270886547820055e+00
3.120345169243416539e+00
3.100272133700336497e+00
3.084158812483849488e+00
3.066626050752147226e+00
3.047064401382724608e+00
3.027115937837308479e+00
3.006368145495400768e+00
2.988930743021435799e+00
2.968941144051276737e+00
2.951467068127220816e+00
2.934515201020269526e+00
2.915463575747734293e+00
2.895031623904198437e+00
2.876881167176191578e+00
2.861747462937403785e+00
2.844747698937721392e+00
2.826572981325422784e+00
2.813766965622542582e+00
2.796762644237382300e+00
2.780720285367196620e+00
2.764910768093064686e+00
2.752209564650897722e+00
2.735336975949565375e+00
2.724337011028195921e+00
2.707826087007256799e+00
2.696976971928378930e+00
2.679959761798775375e+00
2.670312189070307429e+00
2.654440820621324360e+00
2.645746383692466619e+00
2.629194293727182608e+00
2.622827415038290866e+00
2.611650648421003584e+00
2.598755135879095679e+00
2.590035896043034747e+00
2.574776638404705498e+00
2.569276879600696173e+00
2.555857550174763126e+00
2.551283651057633772e+00
2.536218370320838300e+00
2.525754612227366636e+00
2.518103806802641120e+00
2.506985616640141412e+00
2.496728417647968268e+00
2.489392627131400193e+00
2.481082930698984335e+00
2.469177839746575565e+00
2.459364213695609536e+00
2.452906919476192993e+00
2.443710394887504300e+00
2.433775000227166974e+00
2.423116056835290522e+00
2.418399193828537630e+00
2.409919874944693063e+00
2.401816788668809544e+00
2.393983438779173856e+00
2.385083126312442570e+00
2.380393374917944893e+00
2.371544807668604538e+00
2.362308354003503919e+00
2.357564464491006095e+00
2.349464485927291957e+00
2.344628741291292950e+00
2.333462350334980506e+00
2.329307753836798334e+00
2.321152252429646179e+00
2.312646971089538983e+00
2.309702490035844935e+00
2.300452326876075926e+00
2.296288503026583605e+00
2.283104255965004104e+00
2.280875095415959120e+00
2.272423610927309934e+00
2.266985946418331288e+00
2.262719768034592516e+00
2.258493651635693489e+00
2.253032366847470325e+00
2.239840427370370701e+00
2.237812993892133839e+00
2.231388118676421506e+00
2.228618984634309630e+00
2.221936609497544790e+00
2.222268662071642087e+00
2.207909714191845119e+00
2.208071206856049518e+00
2.205999251616019396e+00
2.191834005867886237e+00
2.196385561136680042e+00
2.189571139513463827e+00
2.183140247330204620e+00
2.177525608388644507e+00
2.174423406521224678e+00
2.162860052857912052e+00
2.162839547899805481e+00
2.157041942510805388e+00
2.151578166435588635e+00
2.145562837150048363e+00
2.138990612142404935e+00
2.134908733695437100e+00
2.133508754467569712e+00
2.123833875374984803e+00
2.123704715679662680e+00
2.118106071702893889e+00
2.110061345263189558e+00
2.108334898899804966e+00
2.102528891178579329e+00
2.099156339382207026e+00
2.090814318951654815e+00
2.089414890392115698e+00
2.082050031816490954e+00
2.085027882604614025e+00
2.077647926086003682e+00
2.071151213918995815e+00
2.070849166131951247e+00
2.065655598177577712e+00
2.052075934188618778e+00
2.047395184001632007e+00
2.043322571416464672e+00
2.037561678871157689e+00
2.030230422022423209e+00
2.029276598893408501e+00
2.021837755780425461e+00
2.013653993786741481e+00
2.015711101120790882e+00
2.008317630683161159e+00
2.003016264993458417e+00
2.002043505794000033e+00
2.002126145728252649e+00
1.991098206669722925e+00
1.984148001168385855e+00
1.985395244072480914e+00
1.973842930589872147e+00
1.973234062133572442e+00
1.970834392338837837e+00
1.962332404697409105e+00
1.961450727814625816e+00
1.962764640512562053e+00
1.951425079548291697e+00
1.953913612778208853e+00
1.951568622328270441e+00
1.942827063494402706e+00
1.942123293180098242e+00
1.937769065541496083e+00
1.930562058191299224e+00
1.936208690943983735e+00
1.927183419043236201e+00
1.920934581942263408e+00
1.919680868635924575e+00
1.919559866328759190e+00
1.915850540430531268e+00
1.914979338868962655e+00
1.913021275838553636e+00
1.901625661648352006e+00
1.903171476581370314e+00
1.901787058307088385e+00
1.897969057742370458e+00
1.896223358529685044e+00
1.893059448655551646e+00
1.889146584776362658e+00
1.888983438188029718e+00
1.879906401899324342e+00
1.885449498760989551e+00
1.878251689229718302e+00
1.872166570090503690e+00
1.877974151043933837e+00
1.872591838804396502e+00
1.866672964547046121e+00
1.862703501446231868e+00
1.863078871884620957e+00
1.856561296106731485e+00
1.858128265694553249e+00
1.852638818775359297e+00
1.855382661093792684e+00
1.846598845077945361e+00
1.844095058452723146e+00
1.844730536197456416e+00
1.841820238181421487e+00
1.833895029944674349e+00
1.833559765128709218e+00
1.831296993421727359e+00
1.823744201031282541e+00
1.818447915990074604e+00
1.813931772924009644e+00
1.820721426633698625e+00
1.810828938179146919e+00
1.806178545905957167e+00
1.804780458332682747e+00
1.803607256992946217e+00
1.798456682304214738e+00
1.802628584041767290e+00
1.794198697644393770e+00
1.792476524936284399e+00
1.791227397878786709e+00
1.793439325957467245e+00
1.783430299569649824e+00
1.785181907894816122e+00
1.781714119806714125e+00
1.784281069354924254e+00
1.776833070555613681e+00
1.774546164038175000e+00
1.771007471932660282e+00
1.772313378074835022e+00
1.765291202502106138e+00
1.767042478834269126e+00
1.766080117262719185e+00
1.764500338906145771e+00
1.755907339315004867e+00
1.758102487025927418e+00
1.752645654458966140e+00
1.757430662117545284e+00
1.750931255663646269e+00
1.749284044843831376e+00
1.746761008572590645e+00
1.744882044563644152e+00
1.742989552230251205e+00
1.742643541189639045e+00
1.737911006439712969e+00
1.734410019001800363e+00
1.736074642386489897e+00
1.728499938414526982e+00
1.730452075003998891e+00
1.730242024295025827e+00
1.727032827366728140e+00
1.727757219691635093e+00
1.720561681914396734e+00
1.725542351467590940e+00
1.721078495396721086e+00
1.713401403332506234e+00
1.712516809751023272e+00
1.718143915818623357e+00
1.710955991597437276e+00
1.708907683578323899e+00
1.712306994443909991e+00
1.703122901112417376e+00
1.705860388354503598e+00
1.698082523714048220e+00
1.704719857144576300e+00
1.701177103400363544e+00
1.694267223606990669e+00
1.693690455782148829e+00
1.698466505006628102e+00
1.688548160608251747e+00
1.692744290826707854e+00
1.689961852228792694e+00
1.682712760115451012e+00
1.686486314761775240e+00
1.685798078172414671e+00
1.679548925006328020e+00
1.683637546233716975e+00
1.680299140179331019e+00
1.676560559512036308e+00
1.669858243204495274e+00
1.676066458163783190e+00
1.666366441387086228e+00
1.675381059713086707e+00
1.667919664154945858e+00
1.665690247986857386e+00
1.670121061448809785e+00
1.663113051457304925e+00
1.662507396742620713e+00
1.659200297454760387e+00
1.662443215176549804e+00
1.657609297391518410e+00
1.655908347157924121e+00
1.653126154293040884e+00
1.656324795425562213e+00
1.650292445543960929e+00
1.651177717039685300e+00
1.650837070222607172e+00
1.644256729691137897e+00
1.643070070990273690e+00
1.651765363475502957e+00
1.638110832312075660e+00
1.641166140044918897e+00
1.648394496494417494e+00
1.638221922702278510e+00
1.636636658437048197e+00
1.635649744838263198e+00
1.635030555716092460e+00
1.636808241553950216e+00
1.633132167330412443e+00
1.628787726063937180e+00
1.632455040400967006e+00
1.626982731859974107e+00
1.631336853830911204e+00
1.623947040623304749e+00
1.618887777228650293e+00
1.626297724093162644e+00
1.621447638023170157e+00
1.622135071741806156e+00
1.631517347073780044e+00
1.628875551015134482e+00
1.620412172301122444e+00
1.627917068880321283e+00
1.616932959662868319e+00
1.618676618536860845e+00
1.622684630747137646e+00
1.617554696443473938e+00
1.615119958445858872e+00
1.612504826238914335e+00
1.612250834590510218e+00
1.616588429421142115e+00
1.614501391266768948e+00
1.606164640713165115e+00
1.609266378034737599e+00
1.605913578756779536e+00
1.609237472550008263e+00
1.605860961579366863e+00
1.603343972737711454e+00
1.609325272166212573e+00
1.599787202980577305e+00
1.601796156867667742e+00
1.596330752223015237e+00
1.600798330489221932e+00
1.594519986406284007e+00
1.593238670765832810e+00
1.593008219447345830e+00
1.594839450989601559e+00
1.593131078167377757e+00
1.591363896303157999e+00
1.587826127120220976e+00
1.593051859782800506e+00
1.571616384897195795e+00
1.570951904685901512e+00
1.570561876987404126e+00
1.577200978238122886e+00
1.569154737999798321e+00
1.568709717605157650e+00
1.571439746476394284e+00
1.562790810262963737e+00
1.564786984080140719e+00
1.568936035040346511e+00
1.565167725970384227e+00
1.564920968338249230e+00
1.560703887967600734e+00
1.559582966375364643e+00
1.561112723432133587e+00
1.555619736277701781e+00
1.555818395181439717e+00
1.562744719962518181e+00
1.557480462273929556e+00
1.554176330018492314e+00
1.549038272902594215e+00
1.557279598204894588e+00
1.551953160245764574e+00
1.545977643365594956e+00
1.549541082966284788e+00
1.549956739055243782e+00
1.543875777166267227e+00
1.553253264020801216e+00
1.541672349217301674e+00
1.544717774205705441e+00
1.547981262737664343e+00
1.544322234303072028e+00
1.547485637372307599e+00
1.533428499210666374e+00
1.536978630181866867e+00
1.541110711226292729e+00
1.538564159538941212e+00
1.535592088899824903e+00
1.536558156797153352e+00
1.535276293904232814e+00
1.534394989654080943e+00
1.537386413220265924e+00
1.533546866427818900e+00
1.527992032755333796e+00
1.529711120432279969e+00
1.531680327179499201e+00
1.525657526234854622e+00
1.526284386015617445e+00
1.526227631387942596e+00
1.526239966161870187e+00
1.520409293922829974e+00
1.528899381361315646e+00
1.524525677147331892e+00
1.517811404474099568e+00
1.526658145015462376e+00
1.515191923608050217e+00
1.516471072551049959e+00
1.512561857658283104e+00
1.516959609050456237e+00
1.513496657648955024e+00
1.517832982248328966e+00
1.510771068899642744e+00
1.511922817413196674e+00
1.506299436061887098e+00
1.509849173048809279e+00
1.504054178512638451e+00
1.511802418690806116e+00
1.508702093037517455e+00
1.503474228808638458e+00
1.510001323975381338e+00
1.502118308862519847e+00
1.507058444751881110e+00
1.499947056441880200e+00
1.501508115778519503e+00
1.496772200557317634e+00
1.501371829519668744e+00
1.496517618840998098e+00
1.500573975777136582e+00
1.497306720636669697e+00
1.499068982211980261e+00
1.492033254437724610e+00
1.490997705803381868e+00
1.497254488178752618e+00
1.489271365308360906e+00
1.489422331239001585e+00
1.499645185828158311e+00
1.488066453654647958e+00
1.488070153127294404e+00
1.485425291672110681e+00
1.492968016327019809e+00
1.483619470176250843e+00
1.487551595709461827e+00
1.480178239909740290e+00
1.486959774771124954e+00
1.478941520345549820e+00
1.485984802648161462e+00
1.480780639116659581e+00
1.480345298215217653e+00
1.478022530474290219e+00
1.480082048057002941e+00
1.475573046930338528e+00
1.481915996913350186e+00
1.477746013372249534e+00
1.475124792834515253e+00
1.473016563423455771e+00
1.480083855459092268e+00
1.469026431310223701e+00
1.473896633850882543e+00
1.470336931678740244e+00
1.473270209695946464e+00
1.470576754110266338e+00
1.471944223416364439e+00
1.467477754018435609e+00
1.469047733712278481e+00
1.466120375381962937e+00
1.476286705707795077e+00
1.460289814275180120e+00
1.468279526040145777e+00
1.461879539765127634e+00
1.461983068370602767e+00
1.466144709463814921e+00
1.462030851273914189e+00
1.458124991516100755e+00
1.459628697171402090e+00
1.459625707162998998e+00
1.461915663034583091e+00
1.456236083787945779e+00
1.455540162315373642e+00
1.457719815847972278e+00
1.457017703666908304e+00
1.450738728932432942e+00
1.452978164893184543e+00
1.459290530528434715e+00
1.451613969733090981e+00
1.448173867067372056e+00
1.450945344718040042e+00
1.449140222809267575e+00
1.453117401398542841e+00
1.446707256128136665e+00
1.453055720255090000e+00
1.443565580467532916e+00
1.441838854132113212e+00
1.445286404631462851e+00
1.442788128515431145e+00
1.444931194484660120e+00
1.443500153252178952e+00
1.435236170262695010e+00
1.454324145052013684e+00
1.437040491652932905e+00
1.441081235743790989e+00
1.437734183203795091e+00
1.438138555058056767e+00
1.440024477020652505e+00
1.434853193220324341e+00
1.437230826406495909e+00
1.442243740810571273e+00
1.435732338259255281e+00
1.435766070912074310e+00
1.433491786406603685e+00
1.430998633146199017e+00
1.436108367272796338e+00
1.431832458311924627e+00
1.428017114885026473e+00
1.431219143186504672e+00
1.429582572466786106e+00
1.429492065709752957e+00
1.427242494777785309e+00
1.421539730538546875e+00
1.434620150511946912e+00
1.426260111057342295e+00
1.423270764294713997e+00
1.429739930541445547e+00
1.423784133596416979e+00
1.428425206714972306e+00
1.422481531420325851e+00
1.418057035813372613e+00
1.424212897118208199e+00
1.420759013996938824e+00
1.418676896223181716e+00
1.420217909623471719e+00
1.420250491197068365e+00
1.413484822723478862e+00
1.415769892413822006e+00
1.425575759802371278e+00
1.411404865221398852e+00
1.411766582741112108e+00
1.412001342604200849e+00
1.418285483598470620e+00
1.416642834807570361e+00
1.408377098635929192e+00
1.412104851180766341e+00
1.413014891413595153e+00
1.406304882641722820e+00
1.410549144894295948e+00
1.418493182220957438e+00
1.406817084229042614e+00
1.408594330915283521e+00
1.401190394982657850e+00
1.405948799747989808e+00
1.403156693990179837e+00
1.408422184239720876e+00
1.402909322775377055e+00
1.399009678184915506e+00
1.402556684816176125e+00
1.403497508669466098e+00
1.399382565476475548e+00
1.401160247586199503e+00
1.400015622605957910e+00
1.400476405833643190e+00
1.395903902060823043e+00
1.404852552939715116e+00
1.397103643618581748e+00
1.391659624444456123e+00
1.395447616178343564e+00
1.395848795051948033e+00
1.393970400928019826e+00
1.396049330883741613e+00
1.387401825484647411e+00
1.394198663813011718e+00
1.390358537541608541e+00
1.388643238929072377e+00
1.395996650268559902e+00
1.384397696980138592e+00
1.389021662774561960e+00
1.393161045048841196e+00
1.386904914558309443e+00
1.385429819001569918e+00
1.386119874097949678e+00
1.380625565469671079e+00
1.388437199437939418e+00
1.384576727865869161e+00
1.376864108720178947e+00
1.387688434471718191e+00
1.379724074962600966e+00
1.383279864866175934e+00
1.382803193978391576e+00
1.388277305761092206e+00
1.378248465443630222e+00
1.375921860372833372e+00
1.380277180821193994e+00
1.377941306278203326e+00
1.379831171165015524e+00
1.377051412650790452e+00
1.371052158779418884e+00
1.374899642290588586e+00
1.379693924309315589e+00
1.371029544875867145e+00
1.373890215702798123e+00
1.374632483269077499e+00
1.373799936188775384e+00
1.369977765786249968e+00
1.372094065786942929e+00
1.369352685737108999e+00
1.376514072811867218e+00
1.370759836515185404e+00
1.361009929881074498e+00
1.380053609135373671e+00
1.369409929617034338e+00
1.367374703582621365e+00
1.368261313756425013e+00
1.371622587399008220e+00
1.361712672168326810e+00
1.371144336015825971e+00
1.362212075827723190e+00
1.364933510773198799e+00
1.358223019922968122e+00
1.367947275040529043e+00
1.368931035676018260e+00
1.364557403857476592e+00
1.361073783516268287e+00
1.364702593160601607e+00
1.350489040777587135e+00
1.364938643271745633e+00
1.355433877257839592e+00
1.364725987839585430e+00
1.364842489631841849e+00
1.357196933193654198e+00
1.353423533582236216e+00
1.353741909529440735e+00
1.349752038974560753e+00
1.365083720054785177e+00
1.352233295041956440e+00
1.357709603415658606e+00
1.350205638396386076e+00
1.357098389027508789e+00
1.356491810582318713e+00
1.348139689665307062e+00
1.354775678445441223e+00
1.350477737691456293e+00
1.349814051107904866e+00
1.353756893933447891e+00
1.350130925980242536e+00
1.344365731158873034e+00
1.353644328771447469e+00
1.352986331735325010e+00
1.346660631397255559e+00
1.347545472457112092e+00
1.348175813544640000e+00
1.348374006805501457e+00
1.340930581328683147e+00
1.338380427401702377e+00
1.353545310137291402e+00
1.343668797195795461e+00
1.344872956662388708e+00
1.349083278949186893e+00
1.339161316524760670e+00
1.352011645256660621e+00
1.342242117925449785e+00
1.340399315030842642e+00
1.335407848569637901e+00
1.334857660716977534e+00
1.342934790258608180e+00
1.336895634243833841e+00
1.336135904168208155e+00
1.344542359078686466e+00
1.336138864420591155e+00
1.335425107018565427e+00
1.331789806661187736e+00
1.342241447249314712e+00
1.332894564442000496e+00
1.333976982227055075e+00
1.345162327478742093e+00
1.333229173922029887e+00
1.335418921787094426e+00
1.328377440746665306e+00
1.330911491896114240e+00
1.337475992048539952e+00
1.328363403372395668e+00
1.330347651535278786e+00
1.330374817307389490e+00
1.330369324248462659e+00
1.331368065952764690e+00
1.323662822437636111e+00
1.325922225068066007e+00
1.333821337355676429e+00
1.325657338193316104e+00
1.332348561938059062e+00
1.328564345427560855e+00
1.322355407754226331e+00
1.332922373016394157e+00
1.321517010416619620e+00
1.320130780066744114e+00
1.331688303946016783e+00
1.331466447876731740e+00
1.290063501887926511e+00
1.341574005272086589e+00
1.286499594449374895e+00
1.293795204109060348e+00
1.304641017697345085e+00
1.339645712452872894e+00
1.293171333514488763e+00
1.336499334907267134e+00
1.295473426638207970e+00
1.294773094270675218e+00
1.301824922171065824e+00
1.297054680913236835e+00
1.297038167550103704e+00
1.304820279079848433e+00
1.303621106018025166e+00
1.295720499194490616e+00
1.297118948658365634e+00
1.300496723558461687e+00
1.297731724989390711e+00
1.299781041743636623e+00
1.313249263321990989e+00
1.295112324197283060e+00
1.295560231703471787e+00
1.297819818824025750e+00
1.294668672082008198e+00
1.294528987697423306e+00
1.306886964659525363e+00
1.287675323454362974e+00
1.291438379077103571e+00
1.288331096866485170e+00
1.288602233178163914e+00
1.293201746884589998e+00
1.284889698773742150e+00
1.285461874342712418e+00
1.291527182995869660e+00
1.284402135665028366e+00
1.282421825819722860e+00
1.292856530222435074e+00
1.292181524767322509e+00
1.284028218773970886e+00
1.287709054209110082e+00
1.289679913507117304e+00
1.288934815127529498e+00
1.279673521216724952e+00
1.285949852311554453e+00
1.279491027347701371e+00
1.288876788337759205e+00
1.285255918856818669e+00
1.277450760544315278e+00
1.279927101663858702e+00
1.290892118395741806e+00
1.277660647460977072e+00
1.273084514792080180e+00
1.270120497717250219e+00
1.281999612514326925e+00
1.279904511360882902e+00
1.278795395031144144e+00
1.280993533917814231e+00
1.274569187236937351e+00
1.272487457253570708e+00
1.275591650408554711e+00
1.278158440695575049e+00
1.271480831686830237e+00
1.272209992024227132e+00
1.272675596523808794e+00
1.285048626503355385e+00
1.270768005963561764e+00
1.269892523526274575e+00
1.272481908730737965e+00
1.260302519750627903e+00
1.269804002831663281e+00
1.279556239468998102e+00
1.268347077079687635e+00
1.277522137185741480e+00
1.268225162987774768e+00
1.271847397494959342e+00
1.274319222033446497e+00
1.266024272989229038e+00
1.259436810806917828e+00
1.262363039102157636e+00
1.264268489145976115e+00
1.264127362928007869e+00
1.263790751871750384e+00
1.262469051902393113e+00
1.260113688017834521e+00
1.265378975952167639e+00
1.247570172775339437e+00
1.252101820310711489e+00
1.260096477398932269e+00
1.254752004291309619e+00
1.250308553749587492e+00
1.265071959520658540e+00
1.264613143853958066e+00
1.257905951846032488e+00
1.251736955677148044e+00
1.253371133609250565e+00
1.245944534269770809e+00
1.247486505317359606e+00
1.252761742557515712e+00
1.252055265361337932e+00
1.254935967880902448e+00
1.253665144535104581e+00
1.256119472639578794e+00
1.250893578091602398e+00
1.247051122186322303e+00
1.314491647588864831e+00
1.250804179343868450e+00
1.249398534325582677e+00
1.252359603662283494e+00
1.245728930074315288e+00
1.254668136556356339e+00
1.245713072720470382e+00
1.254711064263014597e+00
1.249786961337908897e+00
1.245241333318769517e+00
1.253928522364382347e+00
1.259729573849977635e+00
1.243386665480325615e+00
1.247570749602915807e+00
1.254450630713232151e+00
1.239458622729678217e+00
1.248410608993149040e+00
1.249284705061862288e+00
1.242758271253407765e+00
1.249240973854426340e+00
1.245128595181488329e+00
1.244182154207961410e+00
1.243413869053309639e+00
1.246015719355141549e+00
1.243817292127786134e+00
1.240835198734995481e+00
1.239660868226416968e+00
1.243744001187551573e+00
1.240044366834954781e+00
1.254001787084200625e+00
1.246345981213756504e+00
1.235027712498475427e+00
1.246018825707499111e+00
1.243876733423467051e+00
1.234158879000616382e+00
1.239664071494250619e+00
1.243126408283435014e+00
1.246535943219828191e+00
1.247597231795464667e+00
1.235935097178783915e+00
1.241159678594793148e+00
1.244791480656738170e+00
1.236227634435363987e+00
1.243769347211230780e+00
1.238306632907829830e+00
1.236537654445049705e+00
1.244690110956615747e+00
1.239421932292170458e+00
1.236010978644314084e+00
1.241374756658048861e+00
1.238476428613254132e+00
1.239821977881840898e+00
1.232737672281484231e+00
1.237348770621248262e+00
1.239888216458813863e+00
1.242143698329224444e+00
1.228817460535637229e+00
1.237924833851385964e+00
1.241568931218863581e+00
1.234096091461987177e+00
1.229095014292069799e+00
1.230278719817595512e+00
1.227635648802998691e+00
1.232982992995292237e+00
1.224379749939292106e+00
1.225235607272927352e+00
1.231675723527245525e+00
1.222478374228391784e+00
1.220060346559572517e+00
1.234486931416109323e+00
1.230876600480635297e+00
1.220029606137180922e+00
1.233977274096924148e+00
1.219850219850718176e+00
1.230434226732122882e+00
1.229993393736738883e+00
1.218766866521247216e+00
1.226306447434553970e+00
1.217891740845734150e+00
1.228882035012776930e+00
1.225090777730752256e+00
1.216057602854224262e+00
1.217549545802683264e+00
1.216454365779729541e+00
1.220535372669332208e+00
1.220160218392090767e+00
1.211382411154402261e+00
1.220840709911737543e+00
1.214295005710571917e+00
1.217940283041953009e+00
1.207293847668961861e+00
1.227665829166757261e+00
1.210707801142486106e+00
1.272734212707357315e+00
1.198094955534691586e+00
1.213773215401405148e+00
1.205990808392241931e+00
1.270770865092315072e+00
1.259010496221973252e+00
1.203446508526715419e+00
1.199668465946220675e+00
1.251616771561230301e+00
1.250569067588691574e+00
1.248333766065357953e+00
1.236387975705924847e+00
1.232055502239110867e+00
1.233493363669347920e+00
1.230742377724751480e+00
1.232456823523243816e+00
1.228254934877052840e+00
1.231026677822977922e+00
1.233510890768704682e+00
1.228064732917234947e+00
1.218817511755362792e+00
1.229588669480695229e+00
1.217912637982276225e+00
1.227465054354710761e+00
1.215680672165806664e+00
1.221070888344508498e+00
1.227568456363218097e+00
1.213063117727731788e+00
1.210961190832976042e+00
1.213897141775348354e+00
1.219792119999769664e+00
1.219732133489263903e+00
1.209078431786905883e+00
1.224498974073610968e+00
1.209105188992603441e+00
1.215040941899397708e+00
1.218013182624648971e+00
1.223564616307825981e+00
1.202948080112856699e+00
1.220063981934379704e+00
1.212340076705513914e+00
1.215874198432672193e+00
1.216739354220164548e+00
1.219734930642146331e+00
1.217321947620895850e+00
1.219177274640286912e+00
1.216052004829531574e+00
1.212032544842589710e+00
1.218892119785522032e+00
1.219950799764095040e+00
1.204497270035485901e+00
1.208694676701391746e+00
1.219006871136210757e+00
1.204524196863945962e+00
1.212081805553819391e+00
1.214496354049685811e+00
1.220013740602102548e+00
1.209769760423458296e+00
1.206254012157578215e+00
1.210215239966175638e+00
1.214040345449337810e+00
1.210384571887281213e+00
1.215527109780069503e+00
1.204101319631402545e+00
1.219638872699572607e+00
1.212641304010323218e+00
1.212743529054902458e+00
1.207126716162136182e+00
1.212224565357676642e+00
1.207362856741656776e+00
1.197297397203071823e+00
1.158773054702436189e+00
1.224055046949096059e+00
1.202364376732935058e+00
1.209780182994700803e+00
1.204769461479511028e+00
1.167728212052975056e+00
1.176150693161516658e+00
1.212790871211011590e+00
1.207742287386776914e+00
1.212828733185006724e+00
1.208474880679968555e+00
1.212498470326595301e+00
1.212157208457221413e+00
1.192212571293991941e+00
1.209670634823063917e+00
1.208012419738959675e+00
1.203766916493984374e+00
1.200475482126505788e+00
1.204150575004211188e+00
1.210632376552947864e+00
1.153314475014378226e+00
1.225315228563773617e+00
1.203136429501975302e+00
1.205559220562831158e+00
1.207195697844762883e+00
1.206534120858384407e+00
1.206705013499706824e+00
1.197264951806545019e+00
1.200423860477676019e+00
1.199831337970199918e+00
1.199384258668304781e+00
1.206774713966714652e+00
1.208674926371630765e+00
1.200732155098410692e+00
1.200353018464803911e+00
1.207248604765174926e+00
1.213408340823533660e+00
1.187506582176707015e+00
1.202205379359580162e+00
1.191937065580257027e+00
1.202068956554186219e+00
1.210156454135010273e+00
1.195667364920053544e+00
1.193433222953538264e+00
1.190595925522640153e+00
1.204554871366250834e+00
1.191144498091054826e+00
1.190066085662103701e+00
1.190420852215051228e+00
1.192440564125224034e+00
1.188840419204505006e+00
1.191897960165359205e+00
1.201760434742553452e+00
1.192947985806473987e+00
1.193087657120893930e+00
1.188866128067380901e+00
1.198337901096803604e+00
1.190227289388234189e+00
1.163485802815245274e+00
1.205916997385398037e+00
1.191128311030446030e+00
1.187393804080099091e+00
1.194731204521037204e+00
1.185861156205393563e+00
1.198219948808873836e+00
1.193382644020695382e+00
1.180429952700641660e+00
1.198285920661850357e+00
1.188895683059476571e+00
1.187751983533532840e+00
1.196456823333235109e+00
1.195290383128284839e+00
1.183090863891145483e+00
1.194652279729275790e+00
1.176062841388544111e+00
1.190599138522873135e+00
1.206517710906472862e+00
1.188580980909665241e+00
1.181158771046043610e+00
1.193378762809965243e+00
1.191381241444208872e+00
1.174991721490795671e+00
1.190220098928773007e+00
1.186189973163846112e+00
1.180435508725691918e+00
1.189672893803529918e+00
1.181748794539407621e+00
1.192763261172767653e+00
1.180939340548406324e+00
1.186054202059960261e+00
1.187343011732941322e+00
1.191218562602371689e+00
1.185534497645676977e+00
1.170522177749356407e+00
1.186534124320789418e+00
1.188184729657168148e+00
1.181855767997388229e+00
1.182870809900242071e+00
1.174406636097813150e+00
1.179861167964704416e+00
1.192051667687016758e+00
1.177955959339531455e+00
1.178950136973786034e+00
1.179393463696750466e+00
1.177279498116683421e+00
1.175928670770787221e+00
1.178335241715250170e+00
1.182743989676483976e+00
1.169927202571022340e+00
1.180721710245293599e+00
1.177925939992683357e+00
1.182879482211004474e+00
1.167617229623702846e+00
1.172130859635891253e+00
1.186861432166509411e+00
1.172483291385783666e+00
1.165221284460105977e+00
1.179133783024826521e+00
1.176164877496718608e+00
1.168622433608012434e+00
1.179833753085163250e+00
1.168819716743607851e+00
1.173508300043208497e+00
1.167659818916097825e+00
1.180320702615778039e+00
1.172929815187510050e+00
1.172205392282572367e+00
1.162966409270485002e+00
1.170369074935152298e+00
1.166961206719823840e+00
1.158157007023518537e+00
1.176402966288865093e+00
1.153160221818954057e+00
1.164015303771032572e+00
1.174125512511403846e+00
1.163808695770636170e+00
1.159023961305696071e+00
1.155825934471278460e+00
1.187570152344581187e+00
1.153305132007081513e+00
1.169067398854289230e+00
1.164381677777086566e+00
1.162473156338618141e+00
1.186601864038552945e+00
1.157314857754424553e+00
1.158749498601497230e+00
1.152218026867321887e+00
1.156832807743221503e+00
1.152508046013357879e+00
1.164724719066020819e+00
1.177763317761990836e+00
1.160952070442708983e+00
1.150879728163864080e+00
1.161113560219216856e+00
1.159211162328946720e+00
1.161853121067798478e+00
1.157889001450009614e+00
1.154157362091284833e+00
1.167973101947837433e+00
1.156835722711122783e+00
1.152617169208518311e+00
1.169176351372247291e+00
1.162051023302385078e+00
1.152208833076551864e+00
1.156556025870300486e+00
1.164198145109453186e+00
1.164814218545141999e+00
1.145895142999052263e+00
1.153313104125103239e+00
1.160192447504023727e+00
1.150807491109576253e+00
1.163290203525829236e+00
1.145038833466610173e+00
1.155517360340454491e+00
1.160124864825230473e+00
1.160108803180171178e+00
1.143870544787926713e+00
1.147514040497485732e+00
1.169712868922938798e+00
1.151353664889455120e+00
1.151517207719275904e+00
1.156548436488347154e+00
1.150148815280832126e+00
1.149928180437647995e+00
1.149766667427245981e+00
1.154784276723333392e+00
1.150370189584507985e+00
1.155354439203151840e+00
1.150153522155778374e+00
1.153705086423102211e+00
1.145881178571621861e+00
1.151215713798608986e+00
1.147320820631737570e+00
1.154286294742947305e+00
1.145351580877439268e+00
1.151893431027166015e+00
1.147364601908253290e+00
1.150885647340561091e+00
1.145635456497353877e+00
1.151046851776610813e+00
1.147473256012643050e+00
1.144526901221577742e+00
1.146627439101596702e+00
1.146908520064422454e+00
1.157127908981949949e+00
1.145925996341060182e+00
1.145892793143143740e+00
1.142035827892491362e+00
1.154233596397684414e+00
1.146063346594333510e+00
1.149931502965349184e+00
1.145340846801132351e+00
1.147277483769673534e+00
1.150076718238020268e+00
1.136799794979874489e+00
1.142188865295475475e+00
1.157135554565863034e+00
1.144967136636121818e+00
1.144343917863991811e+00
1.141765329517967276e+00
1.139785923658764855e+00
1.148564649824758810e+00
1.141779012877013777e+00
1.142715289634320674e+00
1.156351444171518361e+00
1.142366178413804834e+00
1.140914804121661019e+00
1.141967343215098518e+00
1.137537272996389293e+00
1.150275382587355510e+00
1.139286941798712594e+00
1.144887407537516610e+00
1.145301498974580889e+00
1.144252364408786304e+00
1.133639066259310102e+00
1.137687658375489352e+00
1.142112393372904044e+00
1.144576689050673002e+00
1.134095048953879470e+00
1.133763362244899930e+00
1.147662021121897302e+00
1.138453751613937026e+00
1.135268602300872454e+00
1.138451611590538093e+00
1.150955610143212127e+00
1.131481161635153221e+00
1.137858850462238225e+00
1.140481808766786953e+00
1.127166339436064701e+00
1.136640283621434655e+00
1.129517511978439748e+00
1.131845801909115989e+00
1.128042158140376117e+00
1.126622782116835753e+00
1.125996104892010630e+00
1.122556982071524212e+00
1.128849176866475679e+00
1.130888006052471306e+00
1.121238087415446616e+00
1.128499111442888392e+00
1.131884733265960064e+00
1.125776177041350357e+00
1.134644759642030376e+00
1.136885318701293501e+00
1.124006054665387611e+00
1.126210472583675459e+00
1.120603077144778803e+00
1.127774940841502538e+00
1.126813167290257711e+00
1.118124262223283205e+00
1.137845627112236802e+00
1.120569824380985624e+00
1.122903385404660392e+00
1.120329300459016908e+00
1.121607928085785133e+00
1.118786434748259451e+00
1.121698786341421616e+00
1.127163261077668288e+00
1.126800309235147290e+00
1.115779173776010991e+00
1.125503217253048804e+00
1.129492852538237502e+00
1.116149104536918291e+00
1.131796101518844244e+00
1.119187622224062428e+00
1.122714436169763186e+00
1.121602365269035673e+00
1.133046709528860996e+00
1.114526142065010772e+00
1.120188017259306390e+00
1.112147369620108295e+00
1.123874729470872635e+00
1.117327283783825509e+00
1.121033332316264230e+00
1.123577587186599169e+00
1.126833637466691407e+00
1.120558292425432034e+00
1.121111829177707575e+00
1.126115291527095108e+00
1.123059682700142892e+00
1.121678503230514101e+00
1.114670681531565233e+00
1.117806784527178854e+00
1.120765288900245515e+00
1.113393036318362173e+00
1.120322183960715590e+00
1.114446786431413150e+00
1.118220281487900536e+00
1.122703354896759764e+00
1.115034329211186837e+00
1.115379802518217556e+00
1.120949901807827720e+00
1.113412847314452003e+00
1.122300456107542255e+00
1.111303925671424775e+00
1.102746564482155689e+00
1.085378455552741928e+00
1.078162882383933763e+00
1.129294373041058730e+00
1.122730292233514948e+00
1.095951972906447525e+00
1.132603519670215775e+00
1.090077444981470300e+00
1.088229220623593507e+00
1.130150299681169646e+00
1.102254473383604605e+00
1.085199271402819132e+00
1.131222407051251988e+00
1.096660064323048633e+00
1.140892162291073264e+00
1.073964278164150299e+00
1.083126163452469148e+00
1.089835791086676720e+00
1.101865595633640948e+00
1.083144991341564056e+00
1.124738077691170401e+00
1.091215351690394852e+00
1.093345433376276876e+00
1.087034974254138975e+00
1.093441297622959940e+00
1.095816925617063564e+00
1.085680754635751422e+00
1.088959920492592159e+00
1.080342697918868167e+00
1.132710247755521982e+00
1.086765837374277455e+00
1.088385517795152690e+00
1.090572243217818427e+00
1.080045379484378287e+00
1.089940218811970007e+00
1.136038285185919650e+00
1.090641368523830756e+00
1.077692448639657075e+00
1.079717721908583838e+00
1.141936077403581828e+00
1.085740108681140681e+00
1.131114497550734344e+00
1.093341758143348885e+00
1.077032740212105599e+00
1.089001273305636008e+00
1.079584494257885607e+00
1.084456695390016989e+00
1.136340014202632087e+00
1.099085174998668757e+00
1.091124679376876738e+00
1.080658242359978427e+00
1.081323305463668616e+00
1.086592012574324917e+00
1.087041252794716195e+00
1.095516840682546400e+00
1.077478275714732536e+00
1.076020504958357771e+00
1.136973917022399361e+00
1.089329244684881237e+00
1.075306450192709429e+00
1.073011120517025185e+00
1.090702960929043730e+00
1.094563617049181481e+00
1.083837784657829095e+00
1.127315313875340674e+00
1.078627628166280550e+00
1.076185066554320668e+00
1.087891011682379450e+00
1.079683800513761227e+00
1.077593214339428451e+00
1.099931180004478870e+00
1.068326156997503107e+00
1.125519442570941830e+00
1.077265297881254691e+00
1.085880923756198158e+00
1.075126767168258946e+00
1.083385560656861646e+00
1.083649598264588843e+00
1.080595379850482596e+00
1.082569515058725784e+00
1.079308088190315873e+00
1.091336996198298825e+00
1.089155082759520887e+00
1.126120314774135434e+00
1.074939435808137667e+00
1.078041448605183916e+00
1.077040305271182108e+00
1.075841735295517410e+00
1.092918858657162540e+00
1.084528273717629387e+00
1.074420656812097308e+00
1.091133208225346207e+00
1.066169723069651631e+00
1.079490264147408007e+00
1.079181674001369995e+00
1.083251050517818559e+00
1.084902462325742611e+00
1.068323339468125299e+00
1.070877296669412226e+00
1.075654295669566052e+00
1.079608723935828518e+00
1.146715969307671168e+00
1.059879540476900361e+00
1.076269473128987686e+00
1.077783386594338921e+00
1.086827990503355545e+00
1.073320911605782024e+00
1.082544979360819282e+00
1.075916928479624612e+00
1.088411226676598620e+00
1.075327197848559235e+00
1.071049365240905660e+00
1.067107895784351834e+00
1.080206502596700036e+00
1.080907010640477450e+00
1.075079289349761824e+00
1.072008763453834890e+00
1.088177682148464998e+00
1.075211422813516560e+00
1.063944559088019659e+00
1.067688159749375032e+00
1.084407276151832855e+00
1.080279258800097564e+00
1.062761371495166918e+00
1.080692482630172924e+00
1.100633107818271172e+00
1.070706985326973726e+00
1.080822577760445879e+00
1.063006369231965342e+00
1.068664436067500167e+00
1.074754701961797121e+00
1.069182803992743347e+00
1.070010583862561981e+00
1.084877721649736060e+00
1.068822492244425382e+00
1.069209020614314776e+00
1.066701906868450900e+00
1.064144887549067775e+00
1.066748843378913181e+00
1.079392445532089351e+00
1.070925472455490857e+00
1.071963640747124913e+00
1.070994369637381372e+00
1.092203784102945052e+00
1.060512643904231833e+00
1.065356112023158053e+00
1.071218278668828239e+00
1.066822889713543443e+00
1.067400084246109992e+00
1.072419648527628722e+00
1.068457283447439510e+00
1.074854994361476246e+00
1.064226133237613281e+00
1.062195860668236458e+00
1.076983381894325964e+00
1.075031180761398364e+00
1.059794381290760867e+00
1.065347926110132182e+00
1.068835652130976088e+00
1.063966363838974249e+00
1.073649315205189136e+00
1.053087019654363798e+00
1.075352597973618263e+00
1.072146204252952595e+00
1.069385841241295099e+00
1.059321111015784300e+00
1.071293902539698140e+00
1.073637882210641825e+00
1.055784511740794018e+00
1.071827435903882408e+00
1.074455157256816618e+00
1.059051321919616928e+00
1.078504786919864067e+00
1.054068968485035063e+00
1.068715936377683251e+00
1.056442487351090698e+00
1.058564297663887821e+00
1.070410562190610149e+00
1.054979423942512318e+00
1.057072702260969832e+00
1.058777257416907203e+00
1.073293306400490588e+00
1.062335052912280586e+00
1.067260833311588941e+00
1.059052644342857397e+00
1.056200984275996069e+00
1.067055461538252370e+00
1.053878629720022664e+00
1.058297174115826023e+00
1.064581264970649643e+00
1.067861818722256606e+00
1.061456881357901727e+00
1.054498995490278590e+00
1.071088084959862297e+00
1.058656357210199239e+00
1.072590767369694609e+00
1.060393319422085368e+00
1.081494929169177999e+00
1.062058434942300567e+00
1.049143913132635220e+00
1.056507271518561275e+00
1.058888493441046519e+00
1.064239761214978319e+00
1.057189142983320451e+00
1.066655215724568784e+00
1.074345766150677894e+00
1.058002853068761961e+00
1.089179275370548705e+00
1.066551486606416077e+00
1.063149691426842791e+00
1.048874913370731132e+00
1.049518796908553986e+00
1.053141632847797382e+00
1.050637692796092981e+00
1.058009645791611275e+00
1.051923158265581248e+00
1.054700434779611840e+00
1.049781858293753256e+00
1.051466125291947273e+00
1.059255588619513633e+00
1.060012771091133343e+00
1.048166711507216631e+00
1.048419487003453776e+00
1.067755070857433042e+00
1.050732063261950566e+00
1.056323341006222494e+00
1.056228989434871091e+00
1.063548250332901235e+00
1.050112918442119625e+00
1.068954213254470487e+00
1.061947253216386944e+00
1.056228462957500058e+00
1.051076994924175834e+00
1.061297419478112625e+00
1.072015885669653557e+00
1.061548694542758131e+00
1.042123902697021265e+00
1.054899034883380216e+00
1.048072841805994138e+00
1.048154950142305530e+00
1.039605441308940170e+00
1.054383958866810689e+00
1.059184874756207817e+00
1.042103282838652722e+00
1.076868631008609745e+00
1.053446086296266460e+00
1.047599712928297677e+00
1.070952123146482693e+00
1.057686960499293782e+00
1.044977105953637020e+00
1.052209176298029902e+00
1.043908490816475743e+00
1.071690589898808277e+00
1.057863976271330664e+00
1.055082864944766774e+00
1.049306714005333374e+00
1.048814613744803337e+00
1.043928201862725613e+00
1.061340988383283834e+00
1.056549829473530044e+00
1.057882762175466729e+00
1.053133845289112580e+00
1.054636639606729709e+00
1.048652678132687255e+00
1.068326445848462480e+00
1.043991391656518219e+00
1.045444187328531616e+00
1.044189102830588523e+00
1.051703499580268764e+00
1.045902588141300216e+00
1.059495410258631587e+00
1.052878403808721108e+00
1.057965187295805576e+00
1.037854435669084197e+00
1.054674379707291498e+00
1.054859503472373339e+00
1.045984011795863644e+00
1.046139700404141504e+00
1.049830473550685594e+00
1.039905476516275185e+00
1.054685942427935563e+00
1.048505184155903658e+00
1.044520668794627127e+00
1.046358026065995261e+00
1.067839109878409909e+00
1.043064850831062929e+00
1.044726561483073857e+00
1.049024864142777513e+00
1.047675666248908399e+00
1.058180531499542276e+00
1.049699051337050326e+00
1.053788605959009583e+00
1.048593674610297954e+00
1.039017946206297616e+00
1.049317334853051342e+00
1.054572515788265719e+00
1.045424869965910775e+00
1.048703737971729000e+00
1.041995863003022604e+00
1.033413173290341325e+00
1.034619812808480033e+00
1.043702311819823647e+00
1.034582310594607701e+00
1.025412450052522351e+00
1.038803149979389273e+00
1.042037857868337136e+00
1.037629770865235557e+00
1.032890586145458256e+00
1.036785797893325700e+00
1.031169023437265020e+00
1.042429488923294789e+00
1.033116936260213503e+00
1.025943879098692113e+00
1.020551175805315847e+00
1.037898139415777576e+00
1.049173692660894330e+00
1.024884201625370528e+00
1.030351360507085090e+00
1.031500774625628170e+00
1.040340271325320254e+00
1.023425068477397781e+00
1.024523919051283594e+00
1.036826074003461384e+00
1.034486697214395790e+00
1.027325683760463182e+00
1.030321423963808991e+00
1.040730793847000069e+00
1.026635927562863815e+00
1.024469837512372195e+00
1.038530848037934051e+00
1.028665971233666321e+00
1.041736391380803317e+00
1.014934308944827279e+00
1.028001968314122383e+00
1.025585724323321291e+00
1.022625838892767147e+00
1.030767988237890842e+00
1.011457479824542371e+00
1.025916668234690965e+00
1.033897478421459182e+00
1.018264119921666655e+00
1.028721982398904222e+00
1.026034699991376975e+00
1.034195589625012568e+00
1.014268436673372742e+00
1.024421714906389447e+00
1.037085432978221089e+00
1.026073018495797351e+00
1.027341181210672305e+00
1.015978548000497028e+00
1.028666881817962286e+00
1.023912054541298744e+00
1.008526664685217566e+00
1.022619757951819031e+00
1.019815227669927049e+00
1.020437515730205247e+00
1.010886935804987230e+00
1.039344411357473019e+00
1.013624242612640503e+00
1.011404903878168726e+00
1.014250948054211676e+00
1.029374922601438369e+00
1.018508549097165927e+00
1.011587450015507317e+00
1.045308072626510709e+00
1.015761478404372697e+00
1.032138049646093014e+00
1.037195178453109046e+00
1.022547082652339734e+00
1.015073640379114517e+00
1.016916942299394444e+00
1.026799843755543229e+00
1.031914718831598687e+00
1.032571318623013878e+00
1.016362149032015383e+00
1.010540833260361149e+00
1.027253941901611789e+00
1.025472593394801679e+00
1.009806951616929016e+00
1.015228004104681281e+00
1.026588812227525294e+00
1.013352303524928111e+00
1.017237556354509964e+00
1.019789849934311432e+00
1.020126562562417183e+00
1.015789751077481373e+00
1.012994081242076128e+00
1.019789927285817965e+00
1.021434912034429709e+00
1.025141335134191811e+00
1.031053747217622441e+00
9.961612283412141222e-01
1.040073531232449389e+00
1.006214863030958417e+00
1.018034080845070966e+00
1.033931647362976269e+00
1.036081633597391027e+00
1.006413469346249867e+00
1.009952408065257989e+00
1.012679012563267866e+00
1.008898932883592892e+00
1.005306899724191849e+00
1.021263452813134132e+00
1.007041962935201873e+00
1.020970894700899745e+00
1.018499112564876574e+00
1.004803252647988643e+00
1.041410564872821354e+00
1.033559116269809675e+00
1.012334839734277736e+00
1.015019456669844500e+00
1.021520957949812347e+00
1.006141292206184090e+00
1.007493782888133405e+00
1.018676669052672512e+00
1.020006775566542734e+00
1.004848989791462754e+00
1.011112133941395319e+00
9.983446421927980596e-01
1.006226450584829513e+00
1.010978489803485036e+00
1.016003816823914940e+00
1.016729388966869818e+00
1.005572838101981725e+00
1.024176129020234693e+00
1.013832278544312793e+00
1.008424618350754143e+00
1.015930519870367643e+00
1.013688002239428565e+00
1.000349788671695661e+00
1.014102965808689971e+00
1.008219275730040332e+00
9.873753077943513423e-01
1.028689229366593461e+00
1.008519266737793574e+00
1.022169321628554339e+00
1.017274673526298523e+00
1.016222537624339450e+00
1.001273992441090721e+00
1.020383539606080525e+00
9.998152261372351690e-01
1.008404710662467396e+00
1.013099406151115378e+00
1.010639931877711950e+00
1.005622612178418640e+00
1.004547067757303624e+00
1.009747853152711317e+00
1.009760339683089869e+00
1.022967481946725155e+00
1.008251873223780626e+00
1.017144702879062779e+00
1.010472892511156795e+00
1.009206293843669888e+00
1.008692009463799222e+00
1.011603105002908398e+00
9.977592728013769952e-01
1.007293995498727890e+00
1.019603150334936759e+00
1.002024411112325541e+00
1.010343212322736273e+00
9.981804122515710587e-01
1.009174684128477661e+00
1.001993836375236091e+00
1.016751877947684735e+00
9.930887678917135197e-01
1.005008609508936335e+00
1.019817393983553977e+00
1.002436604486884875e+00
9.977483221553596904e-01
1.013447794273189650e+00
9.975424577403844140e-01
1.007518563256297073e+00
1.004766101513058230e+00
9.872106586236211179e-01
1.006595461273604775e+00
1.006092100842181702e+00
1.002627168510515476e+00
1.008456801479600706e+00
9.994450121162604672e-01
9.922754205090843493e-01
1.014531103110500210e+00
9.958219330794718660e-01
1.010151908947144017e+00
1.016174040002965517e+00
1.008040936839864399e+00
1.000403127491333866e+00
9.925357150674828377e-01
1.005977215622109622e+00
1.022243864869716079e+00
9.918977007271628787e-01
9.942289417198506563e-01
9.915260474198438478e-01
9.944705138074479978e-01
1.007949242633699116e+00
1.000565140687683430e+00
9.997093937160100863e-01
9.959545821520067177e-01
9.915281691712736212e-01
9.952112593240504124e-01
1.004106205404031504e+00
9.969019290713029280e-01
1.000810847694694861e+00
1.003206297090242671e+00
1.020900754625486462e+00
9.982128595087088607e-01
9.948181378174926204e-01
1.007725878164193345e+00
1.001283703083751808e+00
1.006163558812446235e+00
9.864795121270911737e-01
9.918109275854983808e-01
9.919299524083983188e-01
9.919415261988641097e-01
9.901399081753052833e-01
9.881904262959632090e-01
1.001052496167484929e+00
9.886274027581776203e-01
9.875884731998914035e-01
1.011146333885267090e+00
1.002899871398962528e+00
1.000422392592949850e+00
9.879073761045046309e-01
9.896333324974936341e-01
9.949876212891187732e-01
1.003380482402444818e+00
9.980704530604304070e-01
1.001446253575027701e+00
9.874569370204292484e-01
9.853794318926852869e-01
1.010775611801584706e+00
9.934491720880019860e-01
9.905703391473931196e-01
1.007422895782653205e+00
9.961528435451278973e-01
9.972125276872495503e-01
1.010927955422721736e+00
9.951698168211757789e-01
9.848575378775449307e-01
9.922530654937419259e-01
1.005576897545141790e+00
9.828093010474437952e-01
1.009314116734951972e+00
9.997664675211530572e-01
9.813800420343761211e-01
9.999664420355057759e-01
9.932712656936621975e-01
9.957199294062698547e-01
9.902222800204181219e-01
9.797875011695528213e-01
1.002602113780976856e+00
1.007663767359072038e+00
9.752576984953108541e-01
9.926934785455369115e-01
9.857652798882887701e-01
9.884592013100578223e-01
9.988268757125231545e-01
9.811582659406011819e-01
9.848874869675853239e-01
9.909048034425330664e-01
1.002555213854328109e+00
9.796180229522536420e-01
9.880911660534787977e-01
9.950286773812044849e-01
9.809659541918737125e-01
9.911983080476303165e-01
9.986554983512722083e-01
1.000455492419583647e+00
9.825457182244420329e-01
9.965742941033636226e-01
9.909907521014426068e-01
9.735891871963739952e-01
9.883121127539712392e-01
9.820757938456773362e-01
1.033901920619779924e+00
9.875216566938509466e-01
9.738275647860374917e-01
9.747870015589047421e-01
1.002918179287869860e+00
9.883152447054870393e-01
9.891595160940315212e-01
9.895014573038417582e-01
9.818348976331314759e-01
9.928036454566977476e-01
9.781047156142926857e-01
9.763959363543501802e-01
1.008830014481232551e+00
9.798074490351439403e-01
9.730219673845227346e-01
9.781150918683501061e-01
9.836584181937353399e-01
9.956757671125163744e-01
9.860743534931856180e-01
1.003899583144852947e+00
9.842973378141879337e-01
9.791579144435926807e-01
9.669767035471156236e-01
9.951764056226575228e-01
9.973722082903547781e-01
9.807411005073846111e-01
9.862259225975797960e-01
9.820260366174008437e-01
9.834572551530195161e-01
9.815242933396488567e-01
9.845259660602488916e-01
9.721888383271690692e-01
9.678214843386271360e-01
9.883940704768910956e-01
9.792443054982825634e-01
9.664118522639602027e-01
9.918823562317817810e-01
9.850684042872454027e-01
9.917802274804424778e-01
9.684488073609945902e-01
9.769619975370825715e-01
9.844706145167214650e-01
9.966585566991411627e-01
1.000197855973390615e+00
9.711315034441456717e-01
9.715263362414159332e-01
9.755335218934169106e-01
9.783256374288006318e-01
9.901037262357820223e-01
9.900265378262264049e-01
9.993721269506452565e-01
9.963328224862321170e-01
1.000302577545954197e+00
9.818767109009224336e-01
9.937512885713631894e-01
9.766675172691879903e-01
1.002452952046191559e+00
1.012788018254410671e+00
1.010840359453422321e+00
9.950033562086316730e-01
9.937624867298713305e-01
9.959611819190278270e-01
1.002816442110075812e+00
9.855808557597621755e-01
9.888181631203304400e-01
9.972244049771269436e-01
9.942069262368331550e-01
9.974045729536050731e-01
9.871415914657121204e-01
9.903915013419064550e-01
9.990088150841384129e-01
1.002483929098722859e+00
9.786119795452553616e-01
1.005482048965918196e+00
1.004673926193013989e+00
9.793954846151645688e-01
1.007576163946449332e+00
9.921033095120215251e-01
9.955000310131986163e-01
9.842979851394421109e-01
9.870077691860759117e-01
9.849845125706661042e-01
9.942767528673196464e-01
1.008333915045527940e+00
9.774883398093053843e-01
9.867299587393635329e-01
9.813028627320162789e-01
9.978624559782774961e-01
9.882195068714688668e-01
9.847946515071356322e-01
9.919082705064351524e-01
9.831667102262783287e-01
9.958984860397092076e-01
9.808195727034892952e-01
1.018604609495032953e+00
9.960885950098323782e-01
9.792128100212212916e-01
9.801290943510844178e-01
9.968197283897467509e-01
9.988113089151280377e-01
9.906572848761908689e-01
9.873934447680486892e-01
9.727703144838694138e-01
9.834709336956382053e-01
9.937576393661599061e-01
1.012480275792156714e+00
9.828908593778016289e-01
9.853082632597230939e-01
9.952466211331394419e-01
1.019317435005734351e+00
9.712735888253902772e-01
9.906675901266176476e-01
9.870845652444759644e-01
9.830292106767836158e-01
9.848392062656307067e-01
9.817787129964429260e-01
9.745701725428838058e-01
1.000727063245543169e+00
9.761903844756257831e-01
9.880824801878170804e-01
9.952421132997684161e-01
9.825148006745015872e-01
9.857034276208285206e-01
9.955714207747831113e-01
9.700825980301545082e-01
9.768952375609911698e-01
9.930502575576624080e-01
9.965482257580654535e-01
1.000154087842307193e+00
9.883790421479732302e-01
9.884779054969273782e-01
9.879989969347447998e-01
9.752268935111808590e-01
9.970286161758131760e-01
9.933735749563231687e-01
9.698974967811491155e-01
9.960404779452353141e-01
9.686175041846919465e-01
1.008037291980979022e+00
9.946582683101857780e-01
9.807290829678260158e-01
9.946545371059212215e-01
9.921504455875375106e-01
9.919549206441855560e-01
9.951562711168716602e-01
9.780559629076132078e-01
9.816209819740159270e-01
9.837188720191055724e-01
9.805279279548663185e-01
9.823100302934042460e-01
9.894772798936463110e-01
1.002244835946487500e+00
9.787080843662719909e-01
