3.499831768998228085e+02
9.491807110000975456e+01
7.028918100791982226e+01
6.348087086036670001e+01
5.902655778205456727e+01
5.488096948155853028e+01
5.040939783587998591e+01
4.516662866387657260e+01
3.850740512255890025e+01
3.010955065075906134e+01
2.227977452674426573e+01
1.643386209818139676e+01
1.324012229716132261e+01
1.187149593960525173e+01
1.119568947489575983e+01
1.074575936662865416e+01
1.037929971829549380e+01
1.005032313841832625e+01
9.742522722099684174e+00
9.461742362117480099e+00
9.191170779241188526e+00
8.911136719767277725e+00
8.655788923208831420e+00
8.418654545235703779e+00
8.191620968187445229e+00
7.975793164187897410e+00
7.772292763161953388e+00
7.583260932024864509e+00
7.402711675797060131e+00
7.232226265999656789e+00
7.069199702724747958e+00
6.915470025478541949e+00
6.769129187496826461e+00
6.631494986646019107e+00
6.500739935303606387e+00
6.377917174847410386e+00
6.263834444944268220e+00
6.157978511155238088e+00
6.055533467815696014e+00
5.962997769668717751e+00
5.871958886085828055e+00
5.785740031134571915e+00
5.708429147263410108e+00
5.633504292592857787e+00
5.562867345030226396e+00
5.495086718743763754e+00
5.429153375583626762e+00
5.363508474538385862e+00
5.303410462950526316e+00
5.248646759839511233e+00
5.194938107058589161e+00
5.142816669358959203e+00
5.090271433070492790e+00
5.044735852747433746e+00
4.998333361525449270e+00
4.950791427095324160e+00
4.900704555359605585e+00
4.857384592175720606e+00
4.811311428050678352e+00
4.770874025961084897e+00
4.729292366185611662e+00
4.687213655570890758e+00
4.649650376080098901e+00
4.609114157151441127e+00
4.571172004598363259e+00
4.530281040162050132e+00
4.492839767241965099e+00
4.457362847068931266e+00
4.423583844337430016e+00
4.389814282187614936e+00
4.352208730173072304e+00
4.319987824444236679e+00
4.287173788489848647e+00
4.254914240571893380e+00
4.220776387229272508e+00
4.197584493587634746e+00
4.160102298171949542e+00
4.128275425712419455e+00
4.094934706059564000e+00
4.062136484046170004e+00
4.031725494403699095e+00
4.003001709636648364e+00
3.972630063711658277e+00
3.942891499734415106e+00
3.915287849462670611e+00
3.887949206888144271e+00
3.861562675701262659e+00
3.836737019711542018e+00
3.812173593737036459e+00
3.786208300640684143e+00
3.764673809429400109e+00
3.741883124409773220e+00
3.723846200567654474e+00
3.701211872188583385e+00
3.676212152078974338e+00
3.659202597666690426e+00
3.641761420314894249e+00
3.617588070149613255e+00
3.600827080826588755e+00
3.582101502152262196e+00
3.562652345202236059e+00
3.544249148646504199e+00
3.527959361254346504e+00
3.511099367975930363e+00
3.493064139967563264e+00
3.476887023581214820e+00
3.458856172781960669e+00
3.444967297659686789e+00
3.424059353607402656e+00
3.410863480735867981e+00
3.393619527019694715e+00
3.377133391833150977e+00
3.361907104353612397e+00
3.349999960326449866e+00
3.338947079495031556e+00
3.319727449408965914e+00
3.307662581474191565e+00
3.295664013006879944e+00
3.280439083471897721e+00
3.269481645478224507e+00
3.258506290129776772e+00
3.245897305780483411e+00
3.236445389922324889e+00
3.225925593673057090e+00
3.212430965139202232e+00
3.200643046110070333e+00
3.190262677526824575e+00
3.171680925311310961e+00
3.164350515148555587e+00
3.150971901951427068e+00
3.143151017180976226e+00
3.131999266341692678e+00
3.118451327069593493e+00
3.106900998909996492e+00
3.094059962296262345e+00
3.084619311724736690e+00
3.074147579813085063e+00
3.062504047790277184e+00
3.052294152488988832e+00
3.044911041716842348e+00
3.036598715394523307e+00
3.027601017567953079e+00
3.018337496648450635e+00
3.008553143035131772e+00
3.000986671808650197e+00
2.992323628194585083e+00
2.979700711809911695e+00
2.963816273529846779e+00
2.949380277531122641e+00
2.938926839095725274e+00
2.927070781696654578e+00
2.917156670372024418e+00
2.906416610710277126e+00
2.899544129056991881e+00
2.892380202368862285e+00
2.883002198675638450e+00
2.869919636761101511e+00
2.862778397214256643e+00
2.851284426344195655e+00
2.843011495558501078e+00
2.833629477163301047e+00
2.828796234784420438e+00
2.819191343754751333e+00
2.809809764743914418e+00
2.797662366689229074e+00
2.793315661632397084e+00
2.783595738861785573e+00
2.777549694549998449e+00
2.770835381321778979e+00
2.766828740054462443e+00
2.756085027019359757e+00
2.749075166871196796e+00
2.742923504814974933e+00
2.732773204782908749e+00
2.728858777335571251e+00
2.716328085203478793e+00
2.717278420104130898e+00
2.710347101961367855e+00
2.696573653096752121e+00
2.693177013247737506e+00
2.692137661746708321e+00
2.679743622227511057e+00
2.681465863830894136e+00
2.677142029340069396e+00
2.663552929837536443e+00
2.663543772866995951e+00
2.655641913433468115e+00
2.649384367733610190e+00
2.645322243463220868e+00
2.627431929392975096e+00
2.636691068557411644e+00
2.629808676671278267e+00
2.623246079669930619e+00
2.618631604182186212e+00
2.612754868778905948e+00
2.604475903916334989e+00
2.605318932780453789e+00
2.595808594516054502e+00
2.592361590821675943e+00
2.592481766529358911e+00
2.576074496865326413e+00
2.578721289162170915e+00
2.566289911411445690e+00
2.564043728534317612e+00
2.555692274392901364e+00
2.556572063599279243e+00
2.555268435596532939e+00
2.552542523269234920e+00
2.546911273819192356e+00
2.537512626464926146e+00
2.534107720527001284e+00
2.530079910411406896e+00
2.525104345769450642e+00
2.517992572718445121e+00
2.511555062195828913e+00
2.506150495573742365e+00
2.508193238538408476e+00
2.496861691464374200e+00
2.493643009951516110e+00
2.489234254701654159e+00
2.486818359789197519e+00
2.481109840562664370e+00
2.479236664138453339e+00
2.475142142336754336e+00
2.474017383545730198e+00
2.467343529687727965e+00
2.461778552857976532e+00
2.461533032271294719e+00
2.459055089201398925e+00
2.449234129923909986e+00
2.444540754186517173e+00
2.444742151258096907e+00
2.436156280456527323e+00
2.440061208529302306e+00
2.438021634269629256e+00
2.429468658819672555e+00
2.425917131688025918e+00
2.429870378831497035e+00
2.421481396554120646e+00
2.420187530021470135e+00
2.416398602042319599e+00
2.410612172210291337e+00
2.412238280254331180e+00
2.406039238901271471e+00
2.400727838913784495e+00
2.397086721980094648e+00
2.393238929382272673e+00
2.390812733675292900e+00
2.388981363865013474e+00
2.386805203410645060e+00
2.386542787950117539e+00
2.383200301765452611e+00
2.377091378428570767e+00
2.374634133011900516e+00
2.362422996375352025e+00
2.368922996405257830e+00
2.365341914804178547e+00
2.366634980661052712e+00
2.359548520937853500e+00
2.355942042680263970e+00
2.354038268811978529e+00
2.353497470604091202e+00
2.346601639479998447e+00
2.346607600638627833e+00
2.344147396032977060e+00
2.336277107748923498e+00
2.335794999815119954e+00
2.334368780302406687e+00
2.328631195688616540e+00
2.327562150191734958e+00
2.327337189114363714e+00
2.317950239458893336e+00
2.319964453783704972e+00
2.308091433199482179e+00
2.318216963071804582e+00
2.305679120645574454e+00
2.305535535192116292e+00
2.304555016193847727e+00
2.300932084655702869e+00
2.292918264445078069e+00
2.292719409020715471e+00
2.291832026256683807e+00
2.288049607237603311e+00
2.279736591995812134e+00
2.280847875752818776e+00
2.281170666246848278e+00
2.279714763287915780e+00
2.271784063882923199e+00
2.270128223138606849e+00
2.264106347415464793e+00
2.261135527502566855e+00
2.264645490250337456e+00
2.256532918806490873e+00
2.254995443445498182e+00
2.258340142522330840e+00
2.249718874529738954e+00
2.246419048918743666e+00
2.250823977501594353e+00
2.241658682466870278e+00
2.241680907957342317e+00
2.235655583656328105e+00
2.235725213889456775e+00
2.235918029415433050e+00
2.229148056718176729e+00
2.229300238557678782e+00
2.223188483213946576e+00
2.224620617657112831e+00
2.221728580757261096e+00
2.223138423160139876e+00
2.212261247401979158e+00
2.214501555731033466e+00
2.209173835726013113e+00
2.207644991638925358e+00
2.202146980856882319e+00
2.201295372409315831e+00
2.202736854126950305e+00
2.199906644814225931e+00
2.191514856114734844e+00
2.189209839806213864e+00
2.188017398495001320e+00
2.186693214576842070e+00
2.186643423559205157e+00
2.182180705256793640e+00
2.174492871165973007e+00
2.174042152114986415e+00
2.171819221164557501e+00
2.177696112886180035e+00
2.167057096912221148e+00
2.164320077700244038e+00
2.158994769038819594e+00
2.158625290691176257e+00
2.162204584068624147e+00
2.155350538334532384e+00
2.151825953519096224e+00
2.150153207018808299e+00
2.149277668512934447e+00
2.146895490694473718e+00
2.141602775487713384e+00
2.136922638369919358e+00
2.144011913242616085e+00
2.133595532232428926e+00
2.131025312400479432e+00
2.127667244636703092e+00
2.130155620919843340e+00
2.129339730604607350e+00
2.123569692379642326e+00
2.119556261798583918e+00
2.117649770882820359e+00
2.116300947226728457e+00
2.116559069739702981e+00
2.112087958034479573e+00
2.104186113175242401e+00
2.108854428887448673e+00
2.104820201306141669e+00
2.102827613404293583e+00
2.098862379157147018e+00
2.102198970399541178e+00
2.092324321063564252e+00
2.097558597517158230e+00
2.089234891405116201e+00
2.091283298084452902e+00
2.086531252280317883e+00
2.085974519938878391e+00
2.077459484650321819e+00
2.078666091593897480e+00
2.077077146303456079e+00
2.077897020524394733e+00
2.079472919879182591e+00
2.070416599672786351e+00
2.066286497856830717e+00
2.071111188040550388e+00
2.068319893840685264e+00
2.063469937171356516e+00
2.062163068854264925e+00
2.063934757401753917e+00
2.061983707891962503e+00
2.054997120864435534e+00
2.058301922028189956e+00
2.052920743172605977e+00
2.050253168507981893e+00
2.046462723985263299e+00
2.052567478474966123e+00
2.042812494755178232e+00
2.040740077944504627e+00
2.037272034941848275e+00
2.043419396087997608e+00
2.041802841645649291e+00
2.035784337554597201e+00
2.030523899999153947e+00
2.034706590434834261e+00
2.029484534712294952e+00
2.025938082856758804e+00
2.026204772497286033e+00
2.019486260786925502e+00
2.020270504024844094e+00
2.023192040473380526e+00
2.013227765386978341e+00
2.014526194727925823e+00
2.007778227727911702e+00
2.011202427232758883e+00
2.011424874779696115e+00
2.001144032457653932e+00
1.999616324469617012e+00
2.004647713946095422e+00
1.999844890554029808e+00
1.996467032885971049e+00
1.998600652812058343e+00
1.995967453741137376e+00
1.994691268562699626e+00
1.982064993825093824e+00
1.981924302581412833e+00
1.990022813772365895e+00
1.985627522152335622e+00
1.981750268987130026e+00
1.973095043179077024e+00
1.976795239772581203e+00
1.975585174854965764e+00
1.978536206230210981e+00
1.970002253822349170e+00
1.959939869088887177e+00
1.963691315297634965e+00
1.965102079273001179e+00
1.959329268545166203e+00
1.956394949248774218e+00
1.957494111603080178e+00
1.956892709657203300e+00
1.957822088876998379e+00
1.959096411813918026e+00
1.948554376122986431e+00
1.942206035580285040e+00
1.939053396501893012e+00
1.949548612736915709e+00
1.942835210867991158e+00
1.944635626755389479e+00
1.940306571727166363e+00
1.940311887042109440e+00
1.930526521076403990e+00
1.929483615860893897e+00
1.928206291960534280e+00
1.929568324733091034e+00
1.927666149644703841e+00
1.925397127066850622e+00
1.920455907995362255e+00
1.917977373190943302e+00
1.921158919426190659e+00
1.906215980110789632e+00
1.914921285515241323e+00
1.911543706151728195e+00
1.907352374896423619e+00
1.901645593600127526e+00
1.901773894250112784e+00
1.906740756159930550e+00
1.902614899129164483e+00
1.893177777039379839e+00
1.899074205632213408e+00
1.893470823135945613e+00
1.898909356410511284e+00
1.893374013559533831e+00
1.894743971029043017e+00
1.879828995478054487e+00
1.900627267550142774e+00
1.892255029739215333e+00
1.889244029373578604e+00
1.888168837481934759e+00
1.895444196332062958e+00
1.878657763529595792e+00
1.868683645077709565e+00
1.875364064848075829e+00
1.876924969197870219e+00
1.871931905417482112e+00
1.876192199915262426e+00
1.891589106098656492e+00
1.876913993344563769e+00
1.870870723080329645e+00
1.865572389339203996e+00
1.869904401856950171e+00
1.861141572082491313e+00
1.873524800228105525e+00
1.854140376236363297e+00
1.870557299086489378e+00
1.859555196706430102e+00
1.875789441044802386e+00
1.857350005149447592e+00
1.861032936727879061e+00
1.860925002458974964e+00
1.838170152060392581e+00
1.860818808997395601e+00
1.849669988100585583e+00
1.858312101125841664e+00
1.847086756252391160e+00
1.841962037189205148e+00
1.855896299149174977e+00
1.852646035235684385e+00
1.840999303012522459e+00
1.848703710496868657e+00
1.838303025009025982e+00
1.849697960111450712e+00
1.841297242618430863e+00
1.835981722833945673e+00
1.846676452580705563e+00
1.827341915585727561e+00
1.828678347999080245e+00
1.834553729980374248e+00
1.822656528028381073e+00
1.839110739804199923e+00
1.821924685035116065e+00
1.834192398093521748e+00
1.811262759069846906e+00
1.828766364428325408e+00
1.815177366668152104e+00
1.814100885052367884e+00
1.825233146284802599e+00
1.809678502508668352e+00
1.817209909297946568e+00
1.812964671307984332e+00
1.812328904438090582e+00
1.809050727832915983e+00
1.827952331450910961e+00
1.802906932230092352e+00
1.803848999031623324e+00
1.809560452146223186e+00
1.805449468460837315e+00
1.794167855438272952e+00
1.802587778863438794e+00
1.792999466565250444e+00
1.805058691032258134e+00
1.806867259127285630e+00
1.793210654690900574e+00
1.785801986834605115e+00
1.803614164896640837e+00
1.783516116507479099e+00
1.787700986677344561e+00
1.789330519612121195e+00
1.793644881416194492e+00
1.779689840297540959e+00
1.781857624297022547e+00
1.784235693529569344e+00
1.776434947373684237e+00
1.783547313140404933e+00
1.792041179654398242e+00
1.796916772849209698e+00
1.780541750004162260e+00
1.774542241753340521e+00
1.780259874544581011e+00
1.785743617378675596e+00
1.770528805818152529e+00
1.774172418288112008e+00
1.772623732143081332e+00
1.762982269632045851e+00
1.767290300123671054e+00
1.773801642783484622e+00
1.758252830814014622e+00
1.758063880154693059e+00
1.758107359288079818e+00
1.766413772015268835e+00
1.763330764547458296e+00
1.769571695685901114e+00
1.751983831079911624e+00
1.751463079555655389e+00
1.750114210855740149e+00
1.754151957119485905e+00
1.765395728319900437e+00
1.746702340748563564e+00
1.754609878022824532e+00
1.748001880459460144e+00
1.758306751793613509e+00
1.757260926660699996e+00
1.742335615346067401e+00
1.753304538693642334e+00
1.751677964907545793e+00
1.751665213692485068e+00
1.738383581404988609e+00
1.741148426754406620e+00
1.748117406869255541e+00
1.730321742644934879e+00
1.770771221058655032e+00
1.755198281387263970e+00
1.736200585323766754e+00
1.735406877050748031e+00
1.746378448778582060e+00
1.732118660552899536e+00
1.733712376821192835e+00
1.723911646770621919e+00
1.727213002232503181e+00
1.724484219406342334e+00
1.724371444921427576e+00
1.733719940570067841e+00
1.728791170013612266e+00
1.723973529993276133e+00
1.712216664825221280e+00
1.716450163099223714e+00
1.717491591887577940e+00
1.726486825302169015e+00
1.711710073804606269e+00
1.734972849956522678e+00
1.725527377246002692e+00
1.724200412360727519e+00
1.717775348365719656e+00
1.700076790688801465e+00
1.700383231036253440e+00
1.699850006036699668e+00
1.705864105659859353e+00
1.719467279626578859e+00
1.704146319768654605e+00
1.699598581431162492e+00
1.713081032615139554e+00
1.704661186926129224e+00
1.705309447780895660e+00
1.715740778145318224e+00
1.706650315838079024e+00
1.705431429274149258e+00
1.703625807180402463e+00
1.703026119746065659e+00
1.700534924154444960e+00
1.687858875255141777e+00
1.689669994068888625e+00
1.691274461891123515e+00
1.694841103337827670e+00
1.705823315213666147e+00
1.693528754061794261e+00
1.690559868784412556e+00
1.696337970989469257e+00
1.689029346717977553e+00
1.681156256895366186e+00
1.676808758830561130e+00
1.674703196820898521e+00
1.684199972104093890e+00
1.680776884575324814e+00
1.683841376685951019e+00
1.686396948703513088e+00
1.682463186820823298e+00
1.676800001057228151e+00
1.678821345978374957e+00
1.692437086135539337e+00
1.677248703625657811e+00
1.680865281092623675e+00
1.718488668501382266e+00
1.667403646720648558e+00
1.688032681304868277e+00
1.679679597308258776e+00
1.695868562638373156e+00
1.683868316541682342e+00
1.675813225276118201e+00
1.675112046760786066e+00
1.666670825670223399e+00
1.667652213384975823e+00
1.662401144668866237e+00
1.659184109495998927e+00
1.665361107483494862e+00
1.665109871964459920e+00
1.664047010832784723e+00
1.703463284122239463e+00
1.705862978163813048e+00
1.669615317510766639e+00
1.687245679650886343e+00
1.678461034662390494e+00
1.681263534594767739e+00
1.679870607184884568e+00
1.685574256234627422e+00
1.662860271750411512e+00
1.675052132060278920e+00
1.676539657910424586e+00
1.665964682127406116e+00
1.678689438936615375e+00
1.685561696535866405e+00
1.668098769004131343e+00
1.683317317046782113e+00
1.672569265413025752e+00
1.688104181630130318e+00
1.677526276515717063e+00
1.668112215711249346e+00
1.659245818181196208e+00
1.676059973949905135e+00
1.659065303803388680e+00
1.656436691242516579e+00
1.671697239890635123e+00
1.653695919479745813e+00
1.665126385134656717e+00
1.640128374268045475e+00
1.672740303898082592e+00
1.668783711259125724e+00
1.650129633736896473e+00
1.650593766410966223e+00
1.655793990811147864e+00
1.655582899937678265e+00
1.678221976264580251e+00
1.656377065686656325e+00
1.640166524968448725e+00
1.657375192794080077e+00
1.649106315215005170e+00
1.650960751810951921e+00
1.653396903972270238e+00
1.671520977630562621e+00
1.643744259500001137e+00
1.643044591923489284e+00
1.646911354315117038e+00
1.644298814942577680e+00
1.643191562755234036e+00
1.657446039915956737e+00
1.614032922873137821e+00
1.625524067942555329e+00
1.624159524113194530e+00
1.628196404568530875e+00
1.640356457990844952e+00
1.646230253905938357e+00
1.624552621652957329e+00
1.628615682658169916e+00
1.628413717835523800e+00
1.630129396682930887e+00
1.624455617762457615e+00
1.631910441745148210e+00
1.621868134463841704e+00
1.623692559094741972e+00
1.613088254788659581e+00
1.619852169117974805e+00
1.597018086070857379e+00
1.626681579165871527e+00
1.616417082356453649e+00
1.611800974474248305e+00
1.586853412333284252e+00
1.587062337587022087e+00
1.611889665043706898e+00
1.613915546819676416e+00
1.614357767129990462e+00
1.628656769106590518e+00
1.597527397613647482e+00
1.607869622155347678e+00
1.606212783186165005e+00
1.618878299009011812e+00
1.619572688703022179e+00
1.592689301146442915e+00
1.614254040837563409e+00
1.621434275943929082e+00
1.593452461701977407e+00
1.604399304652519342e+00
1.608671977073433901e+00
1.602728803929053703e+00
1.594403745760843316e+00
1.606350753530543907e+00
1.575808658675170504e+00
1.570455439610950465e+00
1.565589112469629285e+00
1.575555074699161340e+00
1.571336516592606314e+00
1.569650539815434120e+00
1.602114014396925912e+00
1.575992723683721897e+00
1.595731358356273555e+00
1.620477483543302233e+00
1.571109176006540542e+00
1.595839958898256361e+00
1.563730309100306082e+00
1.574273119399362431e+00
1.601935783515721523e+00
1.590438857123427807e+00
1.579226008399973180e+00
1.613455039907638167e+00
1.594859794899835315e+00
1.599483441591484256e+00
1.559567454218686144e+00
1.569822953402717047e+00
1.584429661395101219e+00
1.582456064775128013e+00
1.583278740139716811e+00
1.562336210783233481e+00
1.588345432382838540e+00
1.567981879888278973e+00
1.546979463219457784e+00
1.557591511465358236e+00
1.587539494279206709e+00
1.589098341734645592e+00
1.589215877253112863e+00
1.558533122435624696e+00
1.578248737073133512e+00
1.553709201503020276e+00
1.560819140402191385e+00
1.569476098810959508e+00
1.578677298985947219e+00
1.556032353160916371e+00
1.571963959949294498e+00
1.549671987887848879e+00
1.559033651245943730e+00
1.564441187581524728e+00
1.565661456186005607e+00
1.574846384206772809e+00
1.582975447034767003e+00
1.562658269066661276e+00
1.549762546617434511e+00
1.563518093349254734e+00
1.563477971845848025e+00
1.571694930437359083e+00
1.565806872515095094e+00
1.551774877281120624e+00
1.570507501786868820e+00
1.547263169375945990e+00
1.562252927415658244e+00
1.579270723749830241e+00
1.561412447689933147e+00
1.564278779885907911e+00
1.558983117029572041e+00
1.546804583778957465e+00
1.541256063617002070e+00
1.557087694576076986e+00
1.548860282647294584e+00
1.557389902855251362e+00
1.530761579230665470e+00
1.544420376470053036e+00
1.557578126160674037e+00
1.549164560883631303e+00
1.559357827581643763e+00
1.510247531443685176e+00
1.559169922159216126e+00
1.544699765359651922e+00
1.557679689941588563e+00
1.560678190744727800e+00
1.539359062639540143e+00
1.548830856527243727e+00
1.555920308016800924e+00
1.564651833397615599e+00
1.541975613719576144e+00
1.549518827173854030e+00
1.558335535055313636e+00
1.545183174006391935e+00
1.534068338649428709e+00
1.529983446052451734e+00
1.510486129394779553e+00
1.526503974552641418e+00
1.540930653311312293e+00
1.548778880961061200e+00
1.532781147211575545e+00
1.542808553767858415e+00
1.533498601455244525e+00
1.545424221400869991e+00
1.547739035714610134e+00
1.546624628539325252e+00
1.551631960910276442e+00
1.526129399779309059e+00
1.535753977836799011e+00
1.529015978082278293e+00
1.524569576012093419e+00
1.536334454592736876e+00
1.528955411310559676e+00
1.536227658682147279e+00
1.545432620856390882e+00
1.544540430346099669e+00
1.542388818809817819e+00
1.527755943904421931e+00
1.539240569539445991e+00
1.526790769701363848e+00
1.530740244807752282e+00
1.532414194825665099e+00
1.533717070304682073e+00
1.546105083794327539e+00
1.538758795444930882e+00
1.521501529045007572e+00
1.535638222418194809e+00
1.533767629272919875e+00
1.521489427990103005e+00
1.523087934179034875e+00
1.528964896818610475e+00
1.527909688079257533e+00
1.529100249015624691e+00
1.537705673564267128e+00
1.521043736323541395e+00
1.532158873977738978e+00
1.545514800862546778e+00
1.522767671808005874e+00
1.507175973051757545e+00
1.523253586347651956e+00
1.506902860974689728e+00
1.520428691958575662e+00
1.506721763441473350e+00
1.515717571817085663e+00
1.532210122525700546e+00
1.514262256205764823e+00
1.529747315421723153e+00
1.516270875663089823e+00
1.503526212659945793e+00
1.494235726434886002e+00
1.527227004829234902e+00
1.500720645704696432e+00
1.502734423565441402e+00
1.516225775898415229e+00
1.527300989983247481e+00
1.501032688229154033e+00
1.500161189983234777e+00
1.514723398082380434e+00
1.511095524920441635e+00
1.501445923234802970e+00
1.501476293362904890e+00
1.510163446662087461e+00
1.498473934291442378e+00
1.497905002313996592e+00
1.510572902947951990e+00
1.488770722400075242e+00
1.505811686746938882e+00
1.510546338999340543e+00
1.512106785573391621e+00
1.499597622596575031e+00
1.502025284151998319e+00
1.500974234504452776e+00
1.502314166447601629e+00
1.475428841607277830e+00
1.484880627360252836e+00
1.466564973859998622e+00
1.496054430916805122e+00
1.484695606448011240e+00
1.497164787706378952e+00
1.491770660948415150e+00
1.497319450925337136e+00
1.472822509250996559e+00
1.477952549893340795e+00
1.498606042859988996e+00
1.475250621189559963e+00
1.476957792751830922e+00
1.484483225131361772e+00
1.466994541001168217e+00
1.482219178051938036e+00
1.478036619532811180e+00
1.475123708281301127e+00
1.465781044978954561e+00
1.455994370424374296e+00
1.465182829970561373e+00
1.461655408502814169e+00
1.488872255990939086e+00
1.491713456955887862e+00
1.462086306895784338e+00
1.523181891822509293e+00
1.470490376957645395e+00
1.443489799021949738e+00
1.481008873133383474e+00
1.477923762197882462e+00
1.472499625001780776e+00
1.478464679984438979e+00
1.481170227220903968e+00
1.474379840799175723e+00
1.441166206963021779e+00
1.472286712234921024e+00
1.468672956810312291e+00
1.472960258695969138e+00
1.462733455417467576e+00
1.480989605160859313e+00
1.456720412851070678e+00
1.458768479843896904e+00
1.474567202970946234e+00
1.475925620767609026e+00
1.453468457006271253e+00
1.457014845540959946e+00
1.460045212325153274e+00
1.481023076455170395e+00
1.449667083582964144e+00
1.467674362860534210e+00
1.450890279288933549e+00
1.476782405011943800e+00
1.460990803457721698e+00
1.461826760466638175e+00
1.464976339026838437e+00
1.459875573193358811e+00
1.472045226443522425e+00
1.430412802253579363e+00
1.452817564160823416e+00
1.465984135984675030e+00
1.451036167850554781e+00
1.443949496281611289e+00
1.460557379793627097e+00
1.468344553649179707e+00
1.457424007775409480e+00
1.459102892730905765e+00
1.452668262016405087e+00
1.468176127000596631e+00
1.443804773259484753e+00
1.469678657437737845e+00
1.449757144749383331e+00
1.479344679570574250e+00
1.461333004463706287e+00
1.474361762650645113e+00
1.447203024566464213e+00
1.475292740096553423e+00
1.425187887761347305e+00
1.452527917298375604e+00
1.441390220567154934e+00
1.445999087485924761e+00
1.427744368802191799e+00
1.472950618239302178e+00
1.460452899126106985e+00
1.463334831462046681e+00
1.450985179240576350e+00
1.427697830007622182e+00
1.425210098284063198e+00
1.457216431468417284e+00
1.443233247910144845e+00
1.440416616146868556e+00
1.457881925041526472e+00
1.435269620793595324e+00
1.440418102429661396e+00
1.465615444103369081e+00
1.410217754453007011e+00
1.437089824671250904e+00
1.451146859391323263e+00
1.413909455938272552e+00
1.445175787916303856e+00
1.416628475009265919e+00
1.435618559484250101e+00
1.407625442537132843e+00
1.458874300380095468e+00
1.439665158183599525e+00
1.416802978934715851e+00
1.422220623508244186e+00
1.431306791935464728e+00
1.427331476788679554e+00
1.406430910882425112e+00
1.423733270654393479e+00
1.418748571043036089e+00
1.428052460897187403e+00
1.431435371173055193e+00
1.406052153726625287e+00
1.405278668210143911e+00
1.429352358512708143e+00
1.405220054419802134e+00
1.408562747955095729e+00
1.431825597351622958e+00
1.417688910626503374e+00
1.406356821096000909e+00
1.426269947621293221e+00
1.422738103113858843e+00
1.406763230222907834e+00
1.424469277460996386e+00
1.407014546188756876e+00
1.396776532731096809e+00
1.410442014477299333e+00
1.415585710691875221e+00
1.424580872715488056e+00
1.390161422174601924e+00
1.396107919497491467e+00
1.418786543119850974e+00
1.396488969163088401e+00
1.393659755484931262e+00
1.403124738027582863e+00
1.388746923254547516e+00
1.414258827011064534e+00
1.400375369197964348e+00
1.393371731025052185e+00
1.388747708911766354e+00
1.395506498330048473e+00
1.379202851915558581e+00
1.376719226540213059e+00
1.405294768979913345e+00
1.381655224132294579e+00
1.383487923055369384e+00
1.379398992913669408e+00
1.389305836248389214e+00
1.401590694811092108e+00
1.394372719612252842e+00
1.384827848913687154e+00
1.377236747631441327e+00
1.378799334786142028e+00
1.392240818096227573e+00
1.382433785006652593e+00
1.382816462785823042e+00
1.388310732263954961e+00
1.389867625870870205e+00
1.375246285698814352e+00
1.359201376080650725e+00
1.387874753119134219e+00
1.379739159259287584e+00
1.378183011015308823e+00
1.388888155509385269e+00
1.384068210602245275e+00
1.372888999608377292e+00
1.368804475596503423e+00
1.373744879407178487e+00
1.376432190684073298e+00
1.396792361028784235e+00
1.367277894901663515e+00
1.359421496053974332e+00
1.376643156083446895e+00
1.382492015927055951e+00
1.369493776175410460e+00
1.378485195132614249e+00
1.354951951789571396e+00
1.375545825519769894e+00
1.381873257396210697e+00
1.357515470905894306e+00
1.361145625084603017e+00
1.376057562701557879e+00
1.399009300657856336e+00
1.358965731402365540e+00
1.383161862382151108e+00
1.356886558553881850e+00
1.382497194549456632e+00
1.362182159058996200e+00
1.368720619663762017e+00
1.366051813611840471e+00
1.367250370337016685e+00
1.358811666023109987e+00
1.362080471805830584e+00
1.365283562698614839e+00
1.349261954320073675e+00
1.367048572850243504e+00
1.350416183527112901e+00
1.357139350387990495e+00
1.353560780455701051e+00
1.353937472299824973e+00
1.356441319298068882e+00
1.347444604899821208e+00
1.354003344995937219e+00
1.369486600060719317e+00
1.349639651524065842e+00
1.371437940926677479e+00
1.350866302225597337e+00
1.365636137129751404e+00
1.346945449487598090e+00
1.360015797277575267e+00
1.351196866089299675e+00
1.362134346248500494e+00
1.370851347375326990e+00
1.349666810656817928e+00
1.342925046915218301e+00
1.344264371393416369e+00
1.354915331920240495e+00
1.344137798884666557e+00
1.358952895393509053e+00
1.353611320809680274e+00
1.347109027327105801e+00
1.357700280606620069e+00
1.345504863344844537e+00
1.351923913440449931e+00
1.351504718112579662e+00
1.352231260717877026e+00
1.361545226981254908e+00
1.324250049146928232e+00
1.360178159511892693e+00
1.354329157477388357e+00
1.334146907802312931e+00
1.347945775517899847e+00
1.342386874388808771e+00
1.334777399373173745e+00
1.341231352528702514e+00
1.343705880065425795e+00
1.353668581008268701e+00
1.358567385035928332e+00
1.349934716345903452e+00
1.344862122253634107e+00
1.339199439664374935e+00
1.328897911718450953e+00
1.343591392938604967e+00
1.335076797707615226e+00
1.343612550668762173e+00
1.344286263173423812e+00
1.337824668556165664e+00
1.326294532083289957e+00
1.339447636821019749e+00
1.335651194886612325e+00
1.333630469236024352e+00
1.332715531748082993e+00
1.341379715365276448e+00
1.338407170681201741e+00
1.356059315489500428e+00
1.334997837782056829e+00
1.341318390104871972e+00
1.323007542525250546e+00
1.338905490222048078e+00
1.351485343106499926e+00
1.341482807114106057e+00
1.313606967293724059e+00
1.332633049579781126e+00
1.332892898746430355e+00
1.333905554620261613e+00
1.322205441436463236e+00
1.334947890774105028e+00
1.337613838486854556e+00
1.321182194089786988e+00
1.321492191133897265e+00
1.317521982606038700e+00
1.336662842601327172e+00
1.323501743724505353e+00
1.311047780071263213e+00
1.323471071583320890e+00
1.332799974053468395e+00
1.317191318854040727e+00
1.330904341933673019e+00
1.309215170278262841e+00
1.316519000620546498e+00
1.311119417083026262e+00
1.330710723848602006e+00
1.326004859108652401e+00
1.322235564433660970e+00
1.315097620704367642e+00
1.321034917668138409e+00
1.354182613321045059e+00
1.301003531523802215e+00
1.311761488083393656e+00
1.306671858755317439e+00
1.312856618424919519e+00
1.309356269394293060e+00
1.300335767869783110e+00
1.314790023272221831e+00
1.309604291326356806e+00
1.296162483003607813e+00
1.312184302585165163e+00
1.301951440382916436e+00
1.305803102284510908e+00
1.304564609558314325e+00
1.304514863157498317e+00
1.313093694351509688e+00
1.291685629124447843e+00
1.291218455926354647e+00
1.287226046400579138e+00
1.290303194983181356e+00
1.301088165159987042e+00
1.290824358378767522e+00
1.291923914825748199e+00
1.290860966267391552e+00
1.293517905236036158e+00
1.301640361942866919e+00
1.272693251829901895e+00
1.289998406413966014e+00
1.286521764786082711e+00
1.294281488686330084e+00
1.274134594545201837e+00
1.292029185268599889e+00
1.290694639743188210e+00
1.278454602948687846e+00
1.279697167760780685e+00
1.286893889617158671e+00
1.304039625378375922e+00
1.276576725912524912e+00
1.278088120881760048e+00
1.286094887485881300e+00
1.287736850448647496e+00
1.280319773556741314e+00
1.278176522925510428e+00
1.269757766735661653e+00
1.267159020728583663e+00
1.285694838798461026e+00
1.279814207169854168e+00
1.260986544073313231e+00
1.272681295949008362e+00
1.271859412670213629e+00
1.263825127224695200e+00
1.279403543876040272e+00
1.262559372083027709e+00
1.276289037788322700e+00
1.279062846668937548e+00
1.254734879467514608e+00
1.271393738177386323e+00
1.258081770185598414e+00
1.272381599592011359e+00
1.258078175924832287e+00
1.264187419442745153e+00
1.259878761305265771e+00
1.262197030183102919e+00
1.274352466157570918e+00
1.258195408769760659e+00
1.268154413969861727e+00
1.264672471974449985e+00
1.252085322138662304e+00
1.272253654131880518e+00
1.252593500876979515e+00
1.257889793724050964e+00
1.264494078545665312e+00
1.254155892731019240e+00
1.264931877745203881e+00
1.257363447847993365e+00
1.251480401433951117e+00
1.262271250392436484e+00
1.259471829289837030e+00
1.248189119848421180e+00
1.260588902425706204e+00
1.244793289725972807e+00
1.251197780014858596e+00
1.259039959949376231e+00
1.257276323088159842e+00
1.249003722318987153e+00
1.243214129535732182e+00
1.253239744121907195e+00
1.253116632551582788e+00
1.259024160693656080e+00
1.244059935542763951e+00
1.248809410318414193e+00
1.264333356258390939e+00
1.250625052139567872e+00
1.247196486416235262e+00
1.252709811753403679e+00
1.229789123977532483e+00
1.263550095183018307e+00
1.236598115785289442e+00
1.252035931927218293e+00
1.249385270049576446e+00
1.235284600866930482e+00
1.253307456077717097e+00
1.263391194207793111e+00
1.225606715426998727e+00
1.254220384027808777e+00
1.223521097497071830e+00
1.242363375764144351e+00
1.260540062260150362e+00
1.241768559317247389e+00
1.251822599140409720e+00
1.249829190416671620e+00
1.227481237171717643e+00
1.235456857623111970e+00
1.254412005366533522e+00
1.229120716525135215e+00
1.216217108655119228e+00
1.234823663411066308e+00
1.262158935606516819e+00
1.218271394964880683e+00
1.233142897444621466e+00
1.209057803542071818e+00
1.233464136597150818e+00
1.262504039865799621e+00
1.267128188606959638e+00
1.239266557262798107e+00
1.241508224036397712e+00
1.254803222902704851e+00
1.242809213107050281e+00
1.247249014271441858e+00
1.234621253073449942e+00
1.240998386610180360e+00
1.255663687334289014e+00
1.228273112125748856e+00
1.238820921247191675e+00
1.222648064371240739e+00
1.233986393342607846e+00
1.212977632008905182e+00
1.201063322234997344e+00
1.237647622919380686e+00
1.228931081593132246e+00
1.229529289626665634e+00
1.219066929158682866e+00
1.223222633236804802e+00
1.216973758900081748e+00
1.216183739225174643e+00
1.216201196964851183e+00
1.212765168980410868e+00
1.241287330459678540e+00
1.211570935993370846e+00
1.198281309574373843e+00
1.222480497450094017e+00
1.236507428663982111e+00
1.199857307868607670e+00
1.224069721498222574e+00
1.203866351548485314e+00
1.227887577321255641e+00
1.198283868615540149e+00
1.236751908957867130e+00
1.244957320201099504e+00
1.200948620795217137e+00
1.195041284547208482e+00
1.221003197019068010e+00
1.198874578788189149e+00
1.202787689220423895e+00
1.234431535160581905e+00
1.206167713232760841e+00
1.204118391082469097e+00
1.198029069006402159e+00
1.185594696533378567e+00
1.220174596822751534e+00
1.195406515870963693e+00
1.185940500042058643e+00
1.215116474796801294e+00
1.219783159230645397e+00
1.207526226060145813e+00
1.196967351081422937e+00
1.196524812618364964e+00
1.179649504462460863e+00
1.212374299095925201e+00
1.191457292791120448e+00
1.199432911640168742e+00
1.197113269667600788e+00
1.185419958683433084e+00
1.194653956653598970e+00
1.182874772163067911e+00
1.209478290157024682e+00
1.215498736522016676e+00
1.186456057054488200e+00
1.185371216779094183e+00
1.205366769602278065e+00
1.183302967421308249e+00
1.193770275404703041e+00
1.177504197047375856e+00
1.196608755875764540e+00
1.193328936206274005e+00
1.190985203351196953e+00
1.165663514824740732e+00
1.156819636885193514e+00
1.163927181419071921e+00
1.161421778492518486e+00
1.183231438091441712e+00
1.188068224059126488e+00
1.154625054717328902e+00
1.156415774240308281e+00
1.151084135296013056e+00
1.154831483600140762e+00
1.145995886116681906e+00
1.159644467634171283e+00
1.165439127827771815e+00
1.177321442193040246e+00
1.167281626943463602e+00
1.141910110256125321e+00
1.197227271845710206e+00
1.156780090727636434e+00
1.179998959512359002e+00
1.160965602538003294e+00
1.138093399265896366e+00
1.153738195644916198e+00
1.148638857705492677e+00
1.132780761453911156e+00
1.173638291808694278e+00
1.171012334373581210e+00
1.171275336566929504e+00
1.176155783011014533e+00
1.149446927900764637e+00
1.150134019283579834e+00
1.172416246161629205e+00
1.153947802462405470e+00
1.176107784196929407e+00
1.151325715899019109e+00
1.144062300035670665e+00
1.148402116169685794e+00
1.161854411580436564e+00
1.166775878639684016e+00
1.143317664284605906e+00
1.155458679868993421e+00
1.159422463000496561e+00
1.159623552437862637e+00
1.144447871153558838e+00
1.169226025426269855e+00
1.147835389896799008e+00
1.157968656069954028e+00
1.162127503743906498e+00
1.158785841530882488e+00
1.139774848249888617e+00
1.142635307442155357e+00
1.130072108553473731e+00
1.150926733504330945e+00
1.132366167230451692e+00
1.136009325818644555e+00
1.138744807806204129e+00
1.133691573071423653e+00
1.147340332490238923e+00
1.135155606774404413e+00
1.153927754396785188e+00
1.161475390125324303e+00
1.121311868616417184e+00
1.157285840557080059e+00
1.132132925114545996e+00
1.155583928708530994e+00
1.136417708457816422e+00
1.121746724434095954e+00
1.152662047363947728e+00
1.130636251097242306e+00
1.129757663206884866e+00
1.142656399495661779e+00
1.133608247637312605e+00
1.149430312194148707e+00
1.141036356369566684e+00
1.142900025941184783e+00
1.136224431573283455e+00
1.147620840154580657e+00
1.123907295818227903e+00
1.151696742154438846e+00
1.138494833384363192e+00
1.141982853579790458e+00
1.118127056971643718e+00
1.145446660783452586e+00
1.121826886365786757e+00
1.166921891089887531e+00
1.135027985678211282e+00
1.112544661225127740e+00
1.142020605249784326e+00
1.160744727716270575e+00
1.148051855895926954e+00
1.189992436804602205e+00
1.139668227403373368e+00
1.137396082174972234e+00
1.145041669013485253e+00
1.130990561303195863e+00
1.148126569370267358e+00
1.168986229309662006e+00
1.147190234374563245e+00
1.190993677259716721e+00
1.133236093261408506e+00
1.153472321160035063e+00
1.129093691555926204e+00
1.131841672068976790e+00
1.137129247012205413e+00
1.138633026242769963e+00
1.136904707485038468e+00
1.135776208302748058e+00
1.139208131172627647e+00
1.146080824741615212e+00
1.137080515540625170e+00
1.132995614755171410e+00
1.130963268696878909e+00
1.150538667512135182e+00
1.122630700909079016e+00
1.131373558218011555e+00
1.143156689711710916e+00
1.135468076348366662e+00
1.140284086973684552e+00
1.134307168690346979e+00
1.126258494308315594e+00
1.133483782885563729e+00
1.117551131064989045e+00
1.163109563663156765e+00
1.125647663872085147e+00
1.141417935678376017e+00
1.138807177855960528e+00
1.125373653169147170e+00
1.123962562715743241e+00
1.149582657085299164e+00
1.112404384521448186e+00
1.110127406959332541e+00
1.157121520877841814e+00
1.119869749254087887e+00
1.127290536058607850e+00
1.116059614770426256e+00
1.109577387315389574e+00
1.154641290127124131e+00
1.119665844762190998e+00
1.122041937560365410e+00
1.137839083522751205e+00
1.115937028667130404e+00
1.156277023533536008e+00
1.108684972972162841e+00
1.116553294008028052e+00
1.109749893259664111e+00
1.149906840231837757e+00
1.116066971959164045e+00
1.104656597968630027e+00
1.150531967621127860e+00
1.106112861108216050e+00
1.123455006273119894e+00
1.116233164289147872e+00
1.118204804502072935e+00
1.114863156438523406e+00
1.109283025842111137e+00
1.114363570047778751e+00
1.116526123913825996e+00
1.115073898950999176e+00
1.126615561659970455e+00
1.114511625031372466e+00
1.122742813555567931e+00
1.114917147350005910e+00
1.121334397465904908e+00
1.111550589754023433e+00
1.115907953813043196e+00
1.117622556816896040e+00
1.103285227558639781e+00
1.124493658255309114e+00
1.107350424428963143e+00
1.105514211549945669e+00
1.127409085111229059e+00
1.102739734533782379e+00
1.108618313057909699e+00
1.111881618367056568e+00
1.116969346359046433e+00
1.109230845706997037e+00
1.114102057855277383e+00
1.119216367546924884e+00
1.106996948578294893e+00
1.109212170626071581e+00
1.106687742123535267e+00
1.116701812422855600e+00
1.108304908464158522e+00
1.107514061159162733e+00
1.138848820747629054e+00
1.085704617996531951e+00
1.103615727927967916e+00
1.137789907218980323e+00
1.097827886787572593e+00
1.116815816655343241e+00
1.106948545278343632e+00
1.110364410663019497e+00
1.097660724630136642e+00
1.102800679653678451e+00
1.111070654275911673e+00
1.114112000466530583e+00
1.101069671894103985e+00
1.109761991265230785e+00
1.107713583989058170e+00
1.103353184585826430e+00
1.113218397224820411e+00
1.099653234938528401e+00
1.086552327260035034e+00
1.133468448229880687e+00
1.079594977666260780e+00
1.126678903459537251e+00
1.093835818163307438e+00
1.103509580894810549e+00
1.125519792158852228e+00
1.084042832371524767e+00
1.127224226278744412e+00
1.105218765445356022e+00
1.089114489870167901e+00
1.092644270354217850e+00
1.089853298261231229e+00
1.087411389239276716e+00
1.100668816563935781e+00
1.086803485561367966e+00
1.100121706631591811e+00
1.092402975830723211e+00
1.091443559752558690e+00
1.103064435199336613e+00
1.095913261766981117e+00
1.107111351721457249e+00
1.097708832122384237e+00
1.091174961071981864e+00
1.096284492996066673e+00
1.102791324090289793e+00
1.086978466743554250e+00
1.087996138397211654e+00
1.097322294133648235e+00
1.100929313373806062e+00
1.103887952620634216e+00
1.084304085044430987e+00
1.110282819997059134e+00
1.105174743775735324e+00
1.102760441010257608e+00
1.086619775789194442e+00
1.096940345187560117e+00
1.097723139822380345e+00
1.088294902463326608e+00
1.096754590012126274e+00
1.105828617392877966e+00
1.077539577631874801e+00
1.120161627625414491e+00
1.109710442775880379e+00
1.066133245071764657e+00
1.084349801048509754e+00
1.100596637040712533e+00
1.086705130948391718e+00
1.072681802182916755e+00
1.117826793267134189e+00
1.075538824814330940e+00
1.081785483231181511e+00
1.092225514296287336e+00
1.080003116335445990e+00
1.091110281463871123e+00
1.093627039793329425e+00
1.080971716210198830e+00
1.077136342163791838e+00
1.099355099897336263e+00
1.088161864600892814e+00
1.105123830140800179e+00
1.067693678190871021e+00
1.080712066265424376e+00
1.075713254617914449e+00
1.106169162608389822e+00
1.077586846335369719e+00
1.079564269381158015e+00
1.106473773915681136e+00
1.069141446794044992e+00
1.096475606647545176e+00
1.072825382675928196e+00
1.071222531942722656e+00
1.081490187908587197e+00
1.079643626026100867e+00
1.088499775164035066e+00
1.075170837639581434e+00
1.078071747257540514e+00
1.070536207474851009e+00
1.076833419708368211e+00
1.074447540571623394e+00
1.078349112096905760e+00
1.074220446167012843e+00
1.100476963778954209e+00
1.063461685995445771e+00
1.062199934705673643e+00
1.101953469943297348e+00
1.066155789251205244e+00
1.087706854639929555e+00
1.063635367697625345e+00
1.062695633387290117e+00
1.079873960583366488e+00
1.064582992654521831e+00
1.085279051054986565e+00
1.063995518977746579e+00
1.109577239083345601e+00
1.046550561414456348e+00
1.062132062995013948e+00
1.070977886707397131e+00
1.076259749601593763e+00
1.071961169372315892e+00
1.081910586875052482e+00
1.085107277644031365e+00
1.041220838938181847e+00
1.063043865214204908e+00
1.080189128977008917e+00
1.058762718886057996e+00
1.076888421430868492e+00
1.071871462560961330e+00
1.095182949976017506e+00
1.055539812625478913e+00
1.080005814653525853e+00
1.066127089346048828e+00
1.092168820331783197e+00
1.058439319729608474e+00
1.067961143515595568e+00
1.082576245897765244e+00
1.082275833037934065e+00
1.056040423918153115e+00
1.061408920188402050e+00
1.073338183276243862e+00
1.069040989584043588e+00
1.063003112673037043e+00
1.082534669106179459e+00
1.059686548454015442e+00
1.058813388334815198e+00
1.052128025920000987e+00
1.106145945996815039e+00
1.045041981883804594e+00
1.071721674872450736e+00
1.051181986270852686e+00
1.070284488524821276e+00
1.054002716633401837e+00
1.086989134041280058e+00
1.090092108522472181e+00
1.067796927474204738e+00
1.056515077190843588e+00
1.078919819438180605e+00
1.087893701124658774e+00
1.048643074745043258e+00
1.044186481428346580e+00
1.067062204180338147e+00
1.051384485596134510e+00
1.052933984481330354e+00
1.049435764235385760e+00
1.063862263332140179e+00
1.038934726027777700e+00
1.079953448063033949e+00
1.045390958411700044e+00
1.110374265399171945e+00
1.078877718276110009e+00
1.055459864160773309e+00
1.065310074202960866e+00
1.062756772390130999e+00
1.080782137700778689e+00
1.037236927625943217e+00
1.091896525539644225e+00
1.043686906797018921e+00
1.065024378859799281e+00
1.043235550996411520e+00
1.081254739337219606e+00
1.058201724075257699e+00
1.043523885321139710e+00
1.080016640544859907e+00
1.046125405593970159e+00
1.081307028441056861e+00
1.034898490925901804e+00
1.078659952547253997e+00
1.066144785037833387e+00
1.040491802576905878e+00
1.042778280385636913e+00
1.073584550781203406e+00
1.054885344296489613e+00
1.054559243566363547e+00
1.064488452589503531e+00
1.061123152049198382e+00
1.082856623348243064e+00
1.028415481038062351e+00
1.067245450371980597e+00
1.050675196044740911e+00
1.058165143315627388e+00
1.032507169043740181e+00
1.054121644336771135e+00
1.053039053456731766e+00
1.056817057860755193e+00
1.057655106466370842e+00
1.048197142075396160e+00
1.038643197615624514e+00
1.047473098299865457e+00
1.060606063352048656e+00
1.041781750999105638e+00
1.050550756356653626e+00
1.067665321360131925e+00
1.030500601236027380e+00
1.035883753378261218e+00
1.048988967301423658e+00
1.064390028163739510e+00
1.063837244325443576e+00
1.064611553527974541e+00
1.036122107322368091e+00
1.052253055521405800e+00
1.054235770023915775e+00
1.063719735043433756e+00
1.041665040418686461e+00
1.048088197859588178e+00
1.061050861103799869e+00
1.031680292179613767e+00
1.064273673879907678e+00
1.061018826238949275e+00
1.035561284617398270e+00
1.052185315192260662e+00
1.030760693343962808e+00
1.056011397005824026e+00
1.026772531188182347e+00
1.039729786013397383e+00
1.055696310846318209e+00
1.048308968950537823e+00
1.048810705015436051e+00
1.046463539087341355e+00
1.032820173316607137e+00
1.051244739146697915e+00
1.046045721866354139e+00
1.019585643064888858e+00
1.025762014492299867e+00
1.046986033267002680e+00
1.059015842724155387e+00
1.016729766009814240e+00
1.051593520275573512e+00
1.054186464850134231e+00
1.015466697359461712e+00
1.018921841630484382e+00
1.028950596321595023e+00
1.060838168656247804e+00
1.025869259786166277e+00
1.027105036472927724e+00
1.040778325057027498e+00
1.035591803485971463e+00
1.057852895010702898e+00
1.051085488474599261e+00
1.032588250404389951e+00
1.041505777807734789e+00
1.014017722900312668e+00
1.028495743509469706e+00
1.027243803766283881e+00
1.022997536190911605e+00
1.024703512318975385e+00
1.047460332479255518e+00
1.033904167089571891e+00
1.048571085319112361e+00
1.003592795255376258e+00
1.026468611608023274e+00
1.015199370847541527e+00
1.047870019387327156e+00
1.018445785142214399e+00
1.040122140002713191e+00
1.042159933292287954e+00
1.038155613068465488e+00
1.051371643404479306e+00
1.020387501354613757e+00
1.024476638903370151e+00
1.060189326993559611e+00
1.020291829794489402e+00
1.015166994126076361e+00
1.028839248578375720e+00
1.046658825780794277e+00
1.029105403875741453e+00
1.040639595582390386e+00
1.006974859159483815e+00
1.050720529336697240e+00
1.024221179946618543e+00
1.009051105180770902e+00
1.028305897473624553e+00
1.032011317881727175e+00
1.033065995143290339e+00
1.038767093260231089e+00
1.030404436190131889e+00
1.001938627195554155e+00
1.030498697024708754e+00
1.017071176619481543e+00
1.014528627004144035e+00
1.038644455381250387e+00
1.036935988321361801e+00
1.030385694356017234e+00
1.010095735835417230e+00
1.037304355548280155e+00
1.036406334370150173e+00
1.016792832368020871e+00
1.029056048018074598e+00
1.036387593820101483e+00
1.002498533966788674e+00
1.018379571417884266e+00
1.013035207429287432e+00
1.035095777736597444e+00
1.020025197409671680e+00
1.031160252468534377e+00
1.032632822491794666e+00
1.005367633957090279e+00
1.017251852461733330e+00
1.040903845310893638e+00
1.009932441030843453e+00
1.017955591314076758e+00
1.038230023681856240e+00
1.036104721608362533e+00
1.033726100836019235e+00
1.026755441619165765e+00
1.024077733750045960e+00
1.014813594638486860e+00
1.009579413874288845e+00
1.024755078688719179e+00
1.030070496541622971e+00
1.024215592374564165e+00
1.014000575462790543e+00
1.004845714023471226e+00
1.014196900317348993e+00
1.008969492114446753e+00
1.022164436490728745e+00
1.022959011808886043e+00
1.016571986892008894e+00
1.014425573885927134e+00
1.016528218202587652e+00
1.020048167322019861e+00
1.026901514673707938e+00
1.013370412732272463e+00
1.027526577202025670e+00
1.013750090194286413e+00
1.011064374853738457e+00
1.017374392308636688e+00
1.015354723903247214e+00
1.018522014631766170e+00
1.046323165358528540e+00
1.006408034436732546e+00
1.018298594282785352e+00
1.000973750303586263e+00
1.014046302404802535e+00
9.955685260173557927e-01
1.024483496138682614e+00
1.000091754266149380e+00
1.005784327941821488e+00
1.004725251521043639e+00
1.017976174530739408e+00
1.004288780923838109e+00
1.018421779337902899e+00
1.006235477835383696e+00
1.015047588309284654e+00
1.003896455605402638e+00
1.021350352948140472e+00
1.023755511214346825e+00
1.005849837095196264e+00
1.026004220995398342e+00
1.003964065922049009e+00
1.014042004784885043e+00
1.006338271177295685e+00
1.003200085538062725e+00
1.011370710475170576e+00
1.011061524435327597e+00
1.002718150742144321e+00
9.848313334934397645e-01
1.005119931647322051e+00
9.884238997369818591e-01
1.024817170129659116e+00
9.956015841352611195e-01
1.019858279670859291e+00
9.909232524971534062e-01
1.015632338962655146e+00
1.006927685723541854e+00
1.001828046093086400e+00
1.001580289928832634e+00
1.009601658416251491e+00
9.908431315986655497e-01
9.981264068238382414e-01
9.810843118174946698e-01
1.018546598004134607e+00
9.778897864539138896e-01
1.000635231080320597e+00
9.983712391692564081e-01
9.954456961442822438e-01
9.889782067233511276e-01
9.769955149167812714e-01
1.005400340666698256e+00
9.807536421164709806e-01
1.003078951762637061e+00
9.795045741267528472e-01
9.850975384056975814e-01
9.813480722454140937e-01
9.912329987991022051e-01
9.753515240972995270e-01
9.949545325894812997e-01
9.757880486375328788e-01
9.846243837302454116e-01
9.819344870354823618e-01
9.948169873557053400e-01
9.873311254013724669e-01
9.684217197912694530e-01
9.888262962817314650e-01
9.851996084168743728e-01
9.871290042862691516e-01
9.653952592521336529e-01
9.964432832992553557e-01
9.919546071862107572e-01
9.632727923471381404e-01
9.748476014157492209e-01
9.642227030423943246e-01
9.932386037677486401e-01
9.623947016089769990e-01
9.785845192714325291e-01
9.817334803712783886e-01
9.721910466849003063e-01
9.876691811488852446e-01
9.675697481473313211e-01
9.849672736834805820e-01
9.731132664646110486e-01
9.823420115057445168e-01
9.709498978072240716e-01
9.679932912494136898e-01
9.699592453610380582e-01
9.855539379331164085e-01
9.632932719024424051e-01
9.901153029986510257e-01
9.764696828761461056e-01
9.656009907625880961e-01
9.714000744008267629e-01
9.573121938033857248e-01
9.909854224927254762e-01
9.549932140495601685e-01
9.699270168647745605e-01
9.590268839805089485e-01
9.622889365623676916e-01
9.757968141241204485e-01
9.754773711696490546e-01
9.535128058669314344e-01
9.760156233978478646e-01
9.653147808515584183e-01
9.658896828825551673e-01
9.662833483440058657e-01
9.691240454151790473e-01
9.815362740702346933e-01
9.560833561771477918e-01
9.718636578714513474e-01
9.484945866503715628e-01
9.814028256788831506e-01
9.511440597277774911e-01
9.660941790450238154e-01
9.555254998812512390e-01
9.692566878030349775e-01
9.567314792502971121e-01
9.647759429176548940e-01
9.651218506065587510e-01
9.692498581742273744e-01
9.601508254810201537e-01
9.608294483977416478e-01
9.430554127007625409e-01
9.619921816051254515e-01
9.580399271534365546e-01
9.622737369159426457e-01
9.461848522617555268e-01
9.665310228016372740e-01
9.562721333478511054e-01
9.535490815354159544e-01
9.639577649694420769e-01
9.416102882181712763e-01
9.626240901001269501e-01
9.482246415337359791e-01
9.566016765658775789e-01
