1.305478537110487196e+03
4.029040828340221765e+02
2.805739978596292872e+02
2.205027174387859361e+02
1.878401420767981733e+02
1.723084489015014924e+02
1.624293902939933503e+02
1.544301533147738326e+02
1.471566813243711920e+02
1.402476057549268376e+02
1.334807909898753735e+02
1.267032695250342016e+02
1.197722779880798072e+02
1.126737815647924918e+02
1.053761428515794591e+02
9.778134237981588228e+01
8.981141160670485135e+01
8.138969578373082925e+01
7.248114020393390433e+01
6.335689469734499113e+01
5.498967121251347834e+01
4.828361614996561713e+01
4.343804905628232405e+01
3.986563221972858884e+01
3.710888919799809571e+01
3.483573179800679753e+01
3.289430487201418174e+01
3.120923469728846200e+01
2.974273359356737600e+01
2.844664373033273819e+01
2.728263330365031791e+01
2.621079245664376245e+01
2.522979417980465300e+01
2.433314489392385482e+01
2.351589689669106065e+01
2.276991331506781435e+01
2.208455711750261585e+01
2.146092368509546233e+01
2.089385991975938950e+01
2.036856118125052717e+01
1.987732642966253138e+01
1.942571752868383328e+01
1.900915769787750875e+01
1.862485103631244243e+01
1.827667840815108136e+01
1.795503804033547013e+01
1.765722687648606737e+01
1.737855979230044312e+01
1.711420889558889868e+01
1.687132348275495275e+01
1.664343016636413708e+01
1.643348096990741070e+01
1.623691531071991179e+01
1.605319381727284522e+01
1.588362452216889587e+01
1.572576050521953128e+01
1.557993643034644293e+01
1.544444925114212452e+01
1.532184687235207576e+01
1.520498568770758574e+01
1.509645793348808063e+01
1.499549155296391056e+01
1.489817940449183453e+01
1.480879239281868820e+01
1.472010365371635920e+01
1.463552468712470045e+01
1.455192176308218421e+01
1.447175122146022908e+01
1.439414588978873688e+01
1.431863193537599876e+01
1.424945039115937817e+01
1.417998710870532619e+01
1.411308569719749251e+01
1.404568133262162810e+01
1.398110055044277544e+01
1.391780746302964111e+01
1.385832575561685331e+01
1.379862799642056181e+01
1.373824600634156212e+01
1.368492141062167100e+01
1.362985946369629175e+01
1.357479040665857006e+01
1.352330850189562916e+01
1.346844456713436422e+01
1.341969356160219640e+01
1.336993566373499220e+01
1.332219342890744507e+01
1.327812576331828076e+01
1.323168314835000636e+01
1.318582048353573377e+01
1.313897187362337426e+01
1.309470359324033950e+01
1.305158013189564770e+01
1.301099298618608735e+01
1.296814529105974856e+01
1.292883734413718066e+01
1.288880641663943827e+01
1.285011710834053211e+01
1.281292844207449910e+01
1.277359659956243654e+01
1.273460145694007117e+01
1.269975749940400789e+01
1.266088438217913215e+01
1.262166649943984531e+01
1.258471888878634104e+01
1.254776723078327194e+01
1.251540542340535644e+01
1.247890759487085433e+01
1.244441992162677479e+01
1.240977925620733480e+01
1.237164311508173320e+01
1.233500552917387694e+01
1.230000208471111556e+01
1.226361793464536909e+01
1.222946787394091039e+01
1.219184692787359303e+01
1.216115777256151453e+01
1.212863123171169555e+01
1.209865638195344850e+01
1.206662522621133071e+01
1.203500608221765411e+01
1.200504984002516373e+01
1.197404653699124566e+01
1.194456718758338098e+01
1.191310918309721956e+01
1.188182890838621653e+01
1.185484613350428695e+01
1.182561643814744201e+01
1.179761755042852478e+01
1.176968020848346264e+01
1.174375912577347236e+01
1.171730393896299205e+01
1.168951098579852221e+01
1.166433825932120705e+01
1.163965466950932104e+01
1.161554781515265411e+01
1.159130616822753801e+01
1.156767797584148383e+01
1.154549002736749053e+01
1.152404715156766279e+01
1.150013700304452158e+01
1.147598761019003710e+01
1.145152012781603013e+01
1.142896441689548404e+01
1.140625333888676352e+01
1.138295923922978226e+01
1.136005295049678665e+01
1.133976102483359760e+01
1.131743471192832651e+01
1.129934494045861193e+01
1.127840840187645988e+01
1.125829097160728054e+01
1.123748398247920477e+01
1.121819319338676912e+01
1.119947328815418075e+01
1.117945996815217313e+01
1.116001883522463167e+01
1.114267837758288060e+01
1.112394495177949949e+01
1.110847260509917867e+01
1.108969030965859126e+01
1.107479959843568729e+01
1.105602593442723425e+01
1.103752828817136056e+01
1.101923506675623621e+01
1.100415905686543461e+01
1.098270340069974260e+01
1.096820174628622446e+01
1.094849525781148181e+01
1.093515008560229340e+01
1.091883169145081922e+01
1.090401047512988697e+01
1.088834411067823282e+01
1.087548036108452010e+01
1.086111568159800989e+01
1.084524685483125772e+01
1.083009339794562642e+01
1.081662083831532506e+01
1.080168864401580997e+01
1.078821809403259557e+01
1.077628034736239648e+01
1.076113677104167721e+01
1.074930672866230452e+01
1.073809141862991190e+01
1.072776585961136675e+01
1.071513559962720485e+01
1.070318306780924367e+01
1.068737556236624009e+01
1.067665931280357050e+01
1.066273252512442582e+01
1.065074382977846135e+01
1.063862369124837493e+01
1.062499414294264177e+01
1.061199833023080608e+01
1.060154352097813835e+01
1.058870040270974755e+01
1.057738140974067420e+01
1.056434322944705251e+01
1.055486333967778201e+01
1.054238832741752852e+01
1.053247748483573609e+01
1.051993083762282133e+01
1.050956898613332235e+01
1.049611346973223291e+01
1.048586257613333039e+01
1.047272241763603873e+01
1.046343361477313394e+01
1.044953969091183588e+01
1.043881182993695411e+01
1.042653889579951176e+01
1.041505494006722010e+01
1.040213510513104644e+01
1.039098518655271874e+01
1.037623847989253179e+01
1.036646031786626487e+01
1.035427675440805295e+01
1.034333169081499904e+01
1.033248795551029708e+01
1.032244561877775624e+01
1.031082396612910301e+01
1.029981543729749305e+01
1.028922353740350282e+01
1.027742763719538210e+01
1.026836567509280407e+01
1.025668451366236589e+01
1.024714627175446680e+01
1.023526523183856973e+01
1.022553529768499025e+01
1.021300691084214485e+01
1.020389696300078874e+01
1.019287433088363493e+01
1.018352484610288222e+01
1.017303940948208485e+01
1.016516990963499190e+01
1.015321768979265471e+01
1.014465339395813537e+01
1.013536075824761618e+01
1.012572390339745887e+01
1.011742317964686144e+01
1.010861011950062505e+01
1.010106408110648779e+01
1.009155040325463126e+01
1.008350293742788573e+01
1.007363623156317267e+01
1.006688347438188380e+01
1.005778208687426734e+01
1.004963913067802395e+01
1.004091399522804551e+01
1.003208365477469322e+01
1.002469089355009579e+01
1.001644840570002692e+01
1.000739104850450367e+01
1.000191948324103741e+01
9.991822170310479478e+00
9.983697340116853169e+00
9.977378243723462603e+00
9.968885424607011103e+00
9.962288042035945423e+00
9.955524705666059404e+00
9.948624381054793631e+00
9.940420263668061196e+00
9.933092763137439718e+00
9.926471788353859793e+00
9.920218435705175253e+00
9.913185450357694606e+00
9.906622907776158726e+00
9.899181173654609367e+00
9.891202128197871701e+00
9.887371505979453801e+00
9.880369487261731365e+00
9.875411776550638621e+00
9.867940801816422081e+00
9.861897918371784755e+00
9.856971539127849624e+00
9.850905699190420250e+00
9.845191319017899900e+00
9.837170545679549960e+00
9.832310051337300294e+00
9.827093709279814959e+00
9.820056777182214702e+00
9.814289892740594823e+00
9.809035440386507432e+00
9.802983550407057933e+00
9.796731877844660374e+00
9.789332307686231971e+00
9.784612670508421317e+00
9.777601081805064709e+00
9.769770141649237516e+00
9.765889129348172659e+00
9.759163250301005732e+00
9.753178954372803133e+00
9.748047764300739715e+00
9.741301036040381334e+00
9.735384940879351134e+00
9.728194436806161249e+00
9.724324866422838554e+00
9.718020167137270349e+00
9.712717401435732256e+00
9.707592310547743963e+00
9.702679844962396771e+00
9.697491944590813873e+00
9.692159969351850535e+00
9.686614429598728648e+00
9.682041448608112333e+00
9.678063800679884920e+00
9.672480131968768546e+00
9.667370872511009239e+00
9.662428471987629663e+00
9.657663453506431850e+00
9.652190471497467783e+00
9.648556282625953884e+00
9.643838925486472036e+00
9.638871841067890855e+00
9.635068417079194703e+00
9.630965745064873573e+00
9.626151546669277081e+00
9.621866995174778836e+00
9.616957961306079383e+00
9.612764968211818584e+00
9.607901847897366565e+00
9.603653216260230607e+00
9.599360690256224515e+00
9.594331537977666358e+00
9.590231438027403854e+00
9.584438267467570327e+00
9.581097384134444894e+00
9.575439254290966318e+00
9.570195645267268958e+00
9.567310114680362076e+00
9.560639333416357744e+00
9.557099571664027238e+00
9.553628550029396038e+00
9.548263855410004552e+00
9.544854106754678824e+00
9.540738194191108690e+00
9.536985057379142816e+00
9.532384107736321610e+00
9.529024537578665743e+00
9.524978405295064121e+00
9.518946961057332956e+00
9.516417311579258964e+00
9.511332966907312780e+00
9.508624065064005038e+00
9.502125853272257672e+00
9.497024731585421264e+00
9.493328914673670127e+00
9.488328390569852999e+00
9.483929414625375642e+00
9.479743602420338533e+00
9.476404812682359236e+00
9.472560651870649551e+00
9.467696425959990947e+00
9.465402842959841578e+00
9.460281168365986204e+00
9.455627043587227831e+00
9.452131146818910423e+00
9.448483868784931516e+00
9.443946620530887515e+00
9.440674220016926910e+00
9.436129552868997905e+00
9.431173227747168042e+00
9.428206693068291955e+00
9.425893286341468169e+00
9.419669432160546307e+00
9.417277692014035750e+00
9.412488145287484897e+00
9.408687501191412395e+00
9.404509478762973274e+00
9.399936572280752856e+00
9.397354500870225280e+00
9.392981471076337741e+00
9.388385908774191435e+00
9.383739887197565466e+00
9.378956066121807211e+00
9.374744643565650293e+00
9.369347230542736327e+00
9.366818448122947061e+00
9.361485739665353023e+00
9.358158372200925612e+00
9.356159915973631058e+00
9.350045746243187850e+00
9.347810852016515071e+00
9.342825157239655454e+00
9.339245809065005233e+00
9.338269770964329197e+00
9.333767349859705575e+00
9.328692248291693190e+00
9.326470190241563429e+00
9.320809240579151833e+00
9.316143121744692834e+00
9.313747837838137755e+00
9.308627246380590137e+00
9.305242273017789500e+00
9.301635313369716940e+00
9.296927808224769052e+00
9.293698227418692781e+00
9.288864255890546318e+00
9.284956525338342814e+00
9.281708736400597459e+00
9.278364136176190158e+00
9.271895939898039174e+00
9.269480914029996299e+00
9.263440118187563854e+00
9.262635632821497822e+00
9.258583714453099134e+00
9.255112313303945015e+00
9.250828718401072237e+00
9.248730760222560576e+00
9.243474829164787465e+00
9.241063010305353487e+00
9.237330060333027504e+00
9.233687766997695334e+00
9.230518205921612207e+00
9.226055938317280436e+00
9.223313271768414978e+00
9.218609482501063823e+00
9.217207194061073139e+00
9.213407803144546548e+00
9.209340758341403088e+00
9.205468124334958091e+00
9.202192645424327466e+00
9.200290243149886749e+00
9.197891463451000504e+00
9.193539687415899664e+00
9.190004457938593774e+00
9.188730143647985571e+00
9.184459511731960291e+00
9.180677096046659713e+00
9.179427384283824765e+00
9.175124177615783694e+00
9.172459671462975805e+00
9.167028621336564598e+00
9.165121783659637700e+00
9.163240579484474679e+00
9.159778453244953766e+00
9.155276571359410198e+00
9.153802922091283989e+00
9.149962654376267324e+00
9.146831818224757882e+00
9.143477541750572257e+00
9.138458807216649049e+00
9.134996126341329514e+00
9.131061765254761653e+00
9.129071246205390011e+00
9.125522901757529226e+00
9.121199387369486544e+00
9.119375663134336563e+00
9.115180663418986029e+00
9.112221463598006110e+00
9.108337269861506158e+00
9.106587818297670722e+00
9.102965266652509158e+00
9.100256013288873902e+00
9.096029967408087558e+00
9.094379911502825209e+00
9.088639953565349927e+00
9.088828165196467523e+00
9.084915239553426503e+00
9.081670676028059219e+00
9.078307803665296660e+00
9.076568349530122148e+00
9.073014800618139475e+00
9.070168237697375346e+00
9.066511732834278803e+00
9.062395204846181329e+00
9.059538923031192681e+00
9.055700140067319381e+00
9.052506438463684191e+00
9.051026530117733060e+00
9.047846038592679108e+00
9.044155631701359610e+00
9.041089057594959399e+00
9.037612074452155753e+00
9.035384882751442248e+00
9.030258637074375372e+00
9.028346225706018302e+00
9.025747794182167993e+00
9.022024504812986123e+00
9.018934510400692162e+00
9.017255057492667092e+00
9.013352748047559260e+00
9.009975103074712166e+00
9.009199431677087588e+00
9.004593933145779161e+00
9.002374966318097194e+00
8.999429873533850710e+00
8.997748983920986987e+00
8.993624892695571305e+00
8.991641007044384182e+00
8.987934517698857206e+00
8.985607212810579725e+00
8.983493813776322057e+00
8.979797429514205120e+00
8.977632903557010380e+00
8.973545843919248810e+00
8.971252288038352063e+00
8.968856393026529261e+00
8.964492619606359014e+00
8.962801558555669956e+00
8.960213446853638075e+00
8.956199048978442434e+00
8.953471747586732477e+00
8.950167590345246893e+00
8.947222997111518694e+00
8.944690030596769148e+00
8.941493726341338544e+00
8.938169732645540932e+00
8.936818086516851167e+00
8.933173965409585193e+00
8.932109027874473028e+00
8.928179564940172952e+00
8.926424559675750103e+00
8.922964910829469076e+00
8.919851443426123794e+00
8.918214582070332241e+00
8.916129131462650292e+00
8.913858038365100711e+00
8.912184215900744277e+00
8.908539115662758689e+00
8.906701603605316819e+00
8.905616026442324085e+00
8.901630141298554122e+00
8.899846292638578404e+00
8.896388625076207646e+00
8.896170958578659693e+00
8.894057180648347938e+00
8.892206568369489972e+00
8.889494139152814611e+00
8.888282291446120809e+00
8.884465285174643512e+00
8.882643226403784453e+00
8.878991321717133900e+00
8.875787064295929341e+00
8.874504670665901429e+00
8.871829711759295023e+00
8.868820251654836895e+00
8.867377338453248825e+00
8.865455222220500531e+00
8.863004469417550268e+00
8.861684762782754632e+00
8.860191151225915718e+00
8.857604305965935509e+00
8.855061113190098254e+00
8.853716530012556873e+00
8.849578802585428505e+00
8.847012300611051927e+00
8.845392842760013252e+00
8.843538101465682644e+00
8.841619450688797954e+00
8.838686594925897921e+00
8.838710431562780911e+00
8.835634657071192777e+00
8.834698554062885734e+00
8.832375293143888584e+00
8.829604794282275293e+00
8.827340378524819897e+00
8.826389813462379053e+00
8.823166198662857340e+00
8.822236141273659626e+00
8.817756605422953697e+00
8.814524287666738900e+00
8.812635008943667358e+00
8.810823618682189107e+00
8.808225425530968877e+00
8.806453393791242590e+00
8.803708491760231070e+00
8.802118323907169639e+00
8.800674038025899648e+00
8.798011949782020835e+00
8.797017221373286233e+00
8.793953707431546363e+00
8.793171747736222343e+00
8.790313031802742927e+00
8.789117595390768756e+00
8.786880296596249806e+00
8.786197018936215741e+00
8.782805311661430636e+00
8.781754293433198910e+00
8.780376355562141910e+00
8.778202185794580004e+00
8.775587829133645101e+00
8.775448243407433679e+00
8.772465404760215080e+00
8.770403813025634321e+00
8.768501345496154897e+00
8.764572643766783244e+00
8.764349312307341933e+00
8.762261697598015431e+00
8.760547291910684820e+00
8.758203962225346473e+00
8.757886725215827894e+00
8.756055767239461218e+00
8.753940684227236702e+00
8.752126234782391379e+00
8.749443035451834660e+00
8.748663807308417972e+00
8.746288717621064634e+00
8.746182034520478155e+00
8.744404848138472630e+00
8.741940054726093479e+00
8.740103516938253492e+00
8.738473174560654755e+00
8.736873716113612076e+00
8.735517030526272819e+00
8.733676716453286915e+00
8.733293175205874448e+00
8.730518454448722210e+00
8.729422810051111981e+00
8.727481057122702168e+00
8.725212814350602031e+00
8.725434877447225901e+00
8.722938175890648793e+00
8.722860624334265012e+00
8.719223154226595440e+00
8.718042894629155271e+00
8.715836091730276181e+00
8.713607157428647554e+00
8.713082020420101159e+00
8.710919198528296548e+00
8.710419324735779512e+00
8.707668156490113276e+00
8.706918660944158006e+00
8.704165982095569021e+00
8.703062448254868855e+00
8.701996594452070966e+00
8.700718513317241332e+00
8.699572116384254983e+00
8.697932119436229570e+00
8.696802899124417507e+00
8.694919039935735228e+00
8.693179871562279004e+00
8.691423494185423593e+00
8.689701727021535760e+00
8.688893633809101402e+00
8.686910152899091742e+00
8.685468309824484479e+00
8.684305721007131496e+00
8.682030067009124608e+00
8.680956717745099027e+00
8.678107312338616097e+00
8.676611581441465049e+00
8.675640157417081610e+00
8.674282253506346407e+00
8.672766993034652927e+00
8.671394233581297684e+00
8.669138774566366834e+00
8.668482517136995469e+00
8.668303963312094851e+00
8.665223854105212453e+00
8.663534441662928742e+00
8.662742337714817609e+00
8.662301365380695728e+00
8.660741822744371987e+00
8.660224880550012827e+00
8.658371544973396894e+00
8.657098868055195240e+00
8.655254681165081010e+00
8.654647850859543468e+00
8.652612062927483194e+00
8.651671247195048764e+00
8.648819844792537737e+00
8.648800273293421270e+00
8.648155962471699709e+00
8.645900122634721185e+00
8.644768627506147496e+00
8.643373639415965926e+00
8.642394071333981742e+00
8.641806816785052803e+00
8.638868305547422466e+00
8.637768499696445446e+00
8.637702003880464829e+00
8.636146094891765657e+00
8.634004137940030077e+00
8.632751872190384645e+00
8.632355861889367432e+00
8.630179314687026704e+00
8.629536388176093809e+00
8.628521477814704355e+00
8.627684176875055400e+00
8.627944419206469817e+00
8.624577866518238878e+00
8.624476662310307518e+00
8.623571562182009487e+00
8.621992863256622286e+00
8.619901973147536367e+00
8.620079882331053156e+00
8.618890395281292527e+00
8.618696224321405808e+00
8.617074543356251226e+00
8.616802571213236561e+00
8.614221431669056628e+00
8.613908128400815656e+00
8.612047668855760563e+00
8.611363693039843170e+00
8.610488476361114252e+00
8.608346384536432083e+00
8.606019015875578049e+00
8.605629593663506327e+00
8.605943473845487190e+00
8.603950797199912515e+00
8.602878210136161385e+00
8.602485202606017012e+00
8.599558238664478438e+00
8.599026608845987241e+00
8.597935855010296891e+00
8.596774326423217261e+00
8.594970700892583082e+00
8.595138023108500391e+00
8.593263576471143139e+00
8.592949730719384505e+00
8.592498950332068119e+00
8.590214974407324178e+00
8.588192748489008821e+00
8.588472931152889345e+00
8.586250905740129724e+00
8.586040875833180763e+00
8.585023934048789940e+00
8.583509441185549704e+00
8.583039471155553102e+00
8.581776643192728926e+00
8.581324503138032966e+00
8.580477614209156556e+00
8.578396684690426710e+00
8.577211449969881940e+00
8.576523762742652934e+00
8.574757857269405648e+00
8.574681070974795816e+00
8.574851440054594320e+00
8.573217530844056355e+00
8.570953618856357537e+00
8.569349002952215244e+00
8.568561645853591813e+00
8.569622210573703214e+00
8.566827410613923277e+00
8.566188660471780736e+00
8.564516645202433054e+00
8.564557473089058348e+00
8.562213438100210183e+00
8.562266721371695866e+00
8.560419729455306381e+00
8.558914797790050599e+00
8.558861707434793686e+00
8.555975972143420094e+00
8.555844189995138294e+00
8.554074367405140933e+00
8.553776050524893648e+00
8.552148978092004583e+00
8.550431194777438293e+00
8.547782880725472765e+00
8.546364990803903439e+00
8.545671416906769124e+00
8.546576153864004155e+00
8.544323126012704606e+00
8.542806235458536790e+00
8.541457767379117882e+00
8.540143523188630681e+00
8.539755502677452981e+00
8.537948395367957133e+00
8.537381741421576464e+00
8.535438524373059721e+00
8.535763778921406697e+00
8.532613623807813852e+00
8.531562892560648592e+00
8.531544608438844435e+00
8.529464395563364221e+00
8.527998652690884640e+00
8.527445223020775344e+00
8.524190179772917375e+00
8.523299784597371698e+00
8.521161902390364418e+00
8.520085371773225447e+00
8.519897649895309399e+00
8.517759869000133932e+00
8.514640144290988033e+00
8.515231111740835246e+00
8.513880535174580544e+00
8.512557433618566094e+00
8.511206197080076308e+00
8.510408315817340252e+00
8.508938361844117892e+00
8.507433084013035440e+00
8.505619540999921568e+00
8.505919544663083087e+00
8.503876515075315723e+00
8.502814619687972808e+00
8.501112111539796956e+00
8.502670486370289993e+00
8.499934975385468050e+00
8.498286528363147241e+00
8.497301123338734996e+00
8.495164150188484697e+00
8.493333591246914338e+00
8.492190272713813215e+00
8.489559411415458001e+00
8.489199853684162633e+00
8.486767394485761784e+00
8.485071631984332896e+00
8.484399378017563720e+00
8.482317553794779030e+00
8.480877083033165675e+00
8.480824023571278403e+00
8.477090592262440438e+00
8.477396179920932084e+00
8.475496202598881368e+00
8.473440538460536686e+00
8.472434254436837620e+00
8.471465238114433305e+00
8.469194905909372295e+00
8.467876332815363227e+00
8.467835486479119211e+00
8.466209767622267179e+00
8.464826398550270525e+00
8.462185542548038342e+00
8.461320281785345898e+00
8.459553791921342381e+00
8.457659753887032394e+00
8.455395700328841357e+00
8.453334140082892745e+00
8.452820029750240494e+00
8.451144221244096144e+00
8.449004624298966704e+00
8.448129104776660014e+00
8.447582994858683136e+00
8.443292232846443923e+00
8.443959140616174253e+00
8.442777554644402827e+00
8.440333600453817198e+00
8.439808347887993278e+00
8.437690825199673839e+00
8.435848415530944777e+00
8.435021318013829372e+00
8.432189869295187989e+00
8.430777799683776053e+00
8.430316723669212919e+00
8.426832611393974659e+00
8.425976830116006511e+00
8.425605676208640205e+00
8.423353085809411667e+00
8.421240699682064346e+00
8.421212318348500148e+00
8.417820449865965671e+00
8.417354367508917079e+00
8.416670718997215417e+00
8.414254929093351265e+00
8.412558722680310908e+00
8.412726492398425293e+00
8.408422535447604318e+00
8.407342702738276330e+00
8.406773187663167946e+00
8.404211575181223637e+00
8.403120925136919439e+00
8.402889090188752519e+00
8.400833506025586317e+00
8.398313336270506468e+00
8.397900173856582384e+00
8.396465480678108051e+00
8.392836129686857660e+00
8.392814619378006213e+00
8.389874323373053500e+00
8.389773276936507429e+00
8.387543788436438774e+00
8.386042057926092141e+00
8.384875880299428985e+00
8.384678399609249766e+00
8.381630724537963317e+00
8.381303747865217701e+00
8.379446863695822145e+00
8.378617349625361754e+00
8.376718584669221812e+00
8.375463075769582488e+00
8.374399148464080511e+00
8.373937258734608591e+00
8.371808356069177393e+00
8.371384917405782389e+00
8.370902904964756530e+00
8.369327786085348109e+00
8.368430433311704775e+00
8.366634991046609571e+00
8.365576156920122131e+00
8.363729490103063213e+00
8.363442138679699767e+00
8.361703034772920873e+00
8.360679400501011216e+00
8.359974817087886478e+00
8.356703320419180514e+00
8.356716474841158870e+00
8.355830389014050397e+00
8.353658772457871251e+00
8.353634677374657258e+00
8.350166398532747891e+00
8.350929630833006101e+00
8.348263069249481916e+00
8.348930465731909223e+00
8.346816883059657854e+00
8.346479680374571331e+00
8.344630689726393769e+00
8.344226601017266987e+00
8.343885162045262760e+00
8.342189813209655469e+00
8.340553848225598088e+00
8.340256628533596839e+00
8.338393938822852292e+00
8.337792148624599164e+00
8.336606513630075099e+00
8.336594340562145433e+00
8.334465787165735051e+00
8.334606779686730249e+00
8.331510609383309784e+00
8.332136512999651856e+00
8.328911982013515569e+00
8.329944138153715372e+00
8.326971507920180926e+00
8.326294835915936332e+00
8.326182423658105236e+00
8.324171655210525600e+00
8.322743710375954507e+00
8.322185628640374588e+00
8.320944634387695160e+00
8.320294772576275477e+00
8.319521855903717622e+00
8.318415031135707238e+00
8.317687856777077116e+00
8.317060371785093054e+00
8.313647358145670907e+00
8.314377124907666783e+00
8.314457126183549818e+00
8.313986990801202737e+00
8.312705848307262002e+00
8.309639577981927872e+00
8.309410648167785851e+00
8.309431819441526201e+00
8.308493928209609081e+00
8.307458439097946012e+00
8.306419494340607557e+00
8.304563360297976260e+00
8.305392327004593511e+00
8.301579228857830728e+00
8.304616515605944826e+00
8.301417813327876871e+00
8.303044852786348073e+00
8.301378183248948162e+00
8.298926244118325357e+00
8.300596854563773164e+00
8.296612016559235414e+00
8.298524340354527240e+00
8.295950322924939613e+00
8.295509991934677529e+00
8.295188595860590652e+00
8.293324526478810910e+00
8.292773053092961533e+00
8.291377585259875005e+00
8.291500241306559715e+00
8.291702713011774861e+00
8.289119605356694009e+00
8.289135682040802422e+00
8.287468184619182665e+00
8.286045605570594219e+00
8.286801559871523892e+00
8.285463835720607406e+00
8.282097637267137102e+00
8.284488202985750505e+00
8.281657973472913881e+00
8.281525376018613827e+00
8.279393441686012878e+00
8.280819781392999346e+00
8.277608300719258239e+00
8.278851893660000627e+00
8.278210898957473418e+00
8.275986492337361611e+00
8.276336730637749994e+00
8.273253646152490148e+00
8.273810519045030176e+00
8.271573626771793641e+00
8.271414748885375090e+00
8.270476500649111884e+00
8.268894552268049480e+00
8.267736864258187879e+00
8.268557356619369969e+00
8.266187717249680489e+00
8.267064637274264882e+00
8.266921086525387707e+00
8.264224265329856323e+00
8.264447586484306996e+00
8.263409590662837090e+00
8.262012078821342698e+00
8.261766990827048573e+00
8.259301622609648064e+00
8.260267984297213317e+00
8.258602445011831605e+00
8.258578026681911766e+00
8.258094555644445833e+00
8.257446111676193468e+00
8.257562048990164882e+00
8.256321980347626877e+00
8.254073029329665800e+00
8.254074652462920270e+00
8.253985149265867349e+00
8.254315429382652169e+00
8.251048292519323368e+00
8.251609166286044683e+00
8.249617991386314131e+00
8.251277554099964107e+00
8.250269337150355042e+00
8.249666130236017025e+00
8.247199291709053526e+00
8.247526007299825324e+00
8.247531594912230091e+00
8.246464737496614461e+00
8.246690999101806696e+00
8.246845498837236832e+00
8.244813874604558279e+00
8.243893961450412533e+00
8.243060435719469226e+00
8.239403515811508427e+00
8.241655334017812251e+00
8.240783648924074001e+00
8.239471580639669668e+00
8.240079711072235469e+00
8.236620722336592593e+00
8.237773140793082760e+00
8.237813741260760381e+00
8.235296636705196960e+00
8.235083504323196024e+00
8.235418387286035369e+00
8.232635737682377552e+00
8.233329914086334966e+00
8.232617235838096903e+00
8.232038277530479675e+00
8.229881995069076694e+00
8.231600986117511454e+00
8.230692516183381713e+00
8.228440828962652276e+00
8.229162387811429724e+00
8.228156770133907116e+00
8.227566546409674331e+00
8.227916005378602904e+00
8.225307726403542574e+00
8.224540436830002577e+00
8.225176224306920858e+00
8.224540408054284768e+00
8.222411615665990325e+00
8.222770666106933746e+00
8.221587294283997593e+00
8.220667267236196452e+00
8.221656193190005624e+00
8.219838046012759136e+00
8.217423039937719054e+00
8.218552751906489817e+00
8.218316309153353316e+00
8.216170017728696706e+00
8.214212060183536224e+00
8.213200387236499367e+00
8.214368983694519954e+00
8.212743325930594196e+00
8.213394492206221642e+00
8.212002754926141179e+00
8.209537564884616501e+00
8.210150387596168997e+00
8.209846648682550097e+00
8.207921191290560969e+00
8.208230757069703287e+00
8.206334871326797398e+00
8.205948896759622357e+00
8.204707248676401221e+00
8.204958411925623807e+00
8.204407399885123908e+00
8.204464006731152281e+00
8.204750229824837149e+00
8.203196755605659973e+00
8.200781624749527765e+00
8.201488457018507816e+00
8.199503616113320348e+00
8.200120767473947581e+00
8.200040281130172914e+00
8.198669439743271781e+00
8.198549740512588002e+00
8.196980672137431867e+00
8.196189685236042521e+00
8.197371855120675121e+00
8.194489530653681797e+00
8.196086038608237700e+00
8.195105305310688593e+00
8.194116524935084911e+00
8.194009069766385878e+00
8.192056169623162631e+00
8.191868783049262248e+00
8.192279061969850673e+00
8.189942458895282940e+00
8.191735463782730875e+00
8.189428351772487957e+00
8.189648399109076493e+00
8.190052854471346677e+00
8.187173430096169824e+00
8.188420069013423230e+00
8.186809637811487406e+00
8.186087689084834196e+00
8.186334198853465693e+00
8.185720284444464312e+00
8.186518615872445892e+00
8.184238812569676114e+00
8.183979438721671329e+00
8.182670970339056993e+00
8.183085226454783978e+00
8.181688610744537016e+00
8.181597322148959961e+00
8.180795448644841983e+00
8.178728460883780471e+00
8.180091946139461001e+00
8.179756671436438253e+00
8.176732311577442402e+00
8.178659106461219963e+00
8.176710152693813072e+00
8.176995832363310512e+00
8.177132910106031716e+00
8.177004859950573135e+00
8.175849783059048193e+00
8.174694841574211779e+00
8.175043417508572219e+00
8.174383653182829335e+00
8.174184373457952901e+00
8.171935479297783189e+00
8.170863149061448283e+00
8.171554305197696877e+00
8.169925339528074204e+00
8.170322041564691773e+00
8.169946992229659699e+00
8.170470030746542989e+00
8.169193191610114368e+00
8.168199109763884636e+00
8.165684322646049154e+00
8.165424013050028407e+00
8.163968499580558813e+00
8.165510074317607447e+00
8.165074635485000343e+00
8.163451188866220676e+00
8.162744205369579120e+00
8.161067822099772329e+00
8.163493032038635633e+00
8.161349440605334848e+00
8.157465609136703932e+00
8.158593881610922693e+00
8.158233260606944981e+00
8.158832508907336134e+00
8.157527166573817823e+00
8.154690010081893092e+00
8.153734844119110647e+00
8.155238553967112836e+00
8.151886618777030691e+00
8.153234017105658538e+00
8.152158750431805601e+00
8.152355258126684490e+00
8.151592467628999472e+00
8.151697973132373320e+00
8.149441517271785784e+00
8.149515324624344359e+00
8.147295860410494583e+00
8.147020027042588097e+00
8.146400704243312418e+00
8.146458233262086068e+00
8.145253279562018278e+00
8.145816538310841182e+00
8.145936511497446020e+00
8.143216841970813746e+00
8.142472402297871170e+00
8.142032365917780012e+00
8.144033972380301023e+00
8.143293115405928262e+00
8.140209892069545816e+00
8.139847009217467289e+00
8.140184294087612571e+00
8.140261032099518346e+00
8.137953192051554652e+00
8.139199208816643605e+00
8.138733353434238538e+00
8.137898736441639969e+00
8.135273340066429881e+00
8.136133753792874401e+00
8.135911649488720698e+00
8.135150279498537529e+00
8.134241665482850436e+00
8.133628319581900357e+00
8.132947721220324055e+00
8.130632314046811970e+00
8.132172229380108419e+00
8.129608086587527538e+00
8.128360317660407119e+00
8.129087305817410680e+00
8.127463842290923779e+00
8.127464703939573099e+00
8.126334215143735662e+00
8.127568517257376612e+00
8.126004021360616392e+00
8.126126094826766177e+00
8.125429321610040390e+00
8.124167888188640774e+00
8.122721633339960334e+00
8.124448569211127236e+00
8.123334201156611201e+00
8.121243556254690077e+00
8.120470057426677712e+00
8.122219754902685551e+00
8.120368850178294906e+00
8.120757197956018913e+00
8.120587353069263159e+00
8.120371044446864417e+00
8.119735426429715019e+00
8.117885250946857312e+00
8.118276556364017793e+00
8.119319733896158908e+00
8.116692094475391528e+00
8.117864113492700540e+00
8.115803051843192506e+00
8.117644444666860082e+00
8.115414730323701420e+00
8.115358491430834320e+00
8.115023769174174006e+00
8.115006879059016853e+00
8.114639628359022083e+00
8.113328699307844616e+00
8.113748466624356226e+00
8.114215680988106527e+00
8.112800406747949111e+00
8.110898786478268008e+00
8.111709516561766975e+00
8.112674129365755604e+00
8.108847880322151980e+00
8.110059658697039708e+00
8.108893566193140501e+00
8.107784523105941332e+00
8.107685746698917839e+00
8.108336460850649630e+00
8.109392756778870393e+00
8.107462646427279651e+00
8.106940476719731947e+00
8.106344039664163503e+00
8.107252449662970761e+00
8.105729923633321121e+00
8.107066456491141437e+00
8.104091585472358972e+00
8.104459057286243606e+00
8.104324402981383457e+00
8.104303944547849525e+00
8.103386109151296424e+00
8.103702821779370069e+00
8.101226577111363625e+00
8.103083998925201925e+00
8.100972555566800182e+00
8.103123618529620487e+00
8.101361236520226328e+00
8.100491142106397646e+00
8.100820887022891270e+00
8.097800993262472602e+00
8.099119804648063692e+00
8.099308226325614868e+00
8.096747985036648387e+00
8.098633039641450537e+00
8.097752380778365122e+00
8.098191287063560395e+00
8.095120700622576493e+00
8.095666088743930899e+00
8.093941600692874161e+00
8.095408450253518851e+00
8.094251336737032787e+00
8.092328227401788254e+00
8.092521205062185530e+00
8.090880187557296210e+00
8.091680039142039149e+00
8.091462541146789533e+00
8.089989232391436857e+00
8.090468917691758577e+00
8.091279554594938972e+00
8.089787357209077712e+00
8.089968948937331206e+00
8.086501940688929579e+00
8.088527606487017962e+00
8.087397848373841569e+00
8.086259751606437618e+00
8.086489422301793795e+00
8.086089614783139368e+00
8.085653534680496080e+00
8.083652937823188722e+00
8.084054459826704786e+00
8.084151215276248692e+00
8.081900290269780740e+00
8.081573472685827042e+00
8.082195197207813209e+00
8.080828829595585461e+00
8.082799431481666019e+00
8.078680404650983249e+00
8.079334826362179811e+00
8.077637507303611741e+00
8.077353172576179574e+00
8.077825785269940440e+00
8.075922152475696336e+00
8.076964711483357817e+00
8.076184697091003173e+00
8.075841477678514124e+00
8.074425417656714288e+00
8.072535854752572959e+00
8.073789647654370683e+00
8.072203676323603361e+00
8.071906614345849107e+00
8.071397806335967928e+00
8.069513064668576874e+00
8.067964825677833574e+00
8.067673287106034152e+00
8.069311443563618624e+00
8.068070429900522811e+00
8.067210343822477370e+00
8.065650255393224555e+00
8.067243326249700530e+00
8.064637894733481360e+00
8.063781785520701462e+00
8.064235204907609145e+00
8.062407305699013094e+00
8.063275560285253718e+00
8.061577481569448977e+00
8.064708015612779946e+00
8.060146904327050166e+00
8.060986795880188183e+00
8.059097082442848503e+00
8.059238455104507537e+00
8.058775163451567636e+00
8.058875542981986939e+00
8.057531326713146314e+00
8.056492749661741115e+00
8.056082401189614828e+00
8.055708583537247947e+00
8.054850108327233471e+00
8.055681378717059360e+00
8.052700531255766236e+00
8.055003143082958061e+00
8.050111140782895802e+00
8.051030448523897931e+00
8.052156388954848865e+00
8.049807294327061769e+00
8.049637902509788390e+00
8.048982000322153496e+00
8.046630409110049342e+00
8.046864646379566111e+00
8.045913601473303700e+00
8.045878419507326740e+00
8.044450160302549335e+00
8.044160608562783921e+00
8.043651229532276403e+00
8.043130910195616323e+00
8.041469754387856383e+00
8.042067463360320190e+00
8.040500858042660681e+00
8.040863755152416914e+00
8.039760240659987289e+00
8.038112119653062493e+00
8.038591365354166740e+00
8.038981032988735009e+00
8.036495651736661472e+00
8.035400722913804472e+00
8.034895324968116981e+00
8.035273834866488940e+00
8.033551594660387707e+00
8.032273802046429267e+00
8.032026374681697334e+00
8.031140437066040860e+00
8.030646342890909395e+00
8.029019846263400595e+00
8.029546547666722489e+00
8.026579160835707327e+00
8.026964485855636156e+00
8.025706733870192622e+00
8.025297499817451552e+00
8.023977411475069488e+00
8.024253643911562150e+00
8.021419654555776546e+00
8.022243670576225227e+00
8.020966169321839701e+00
8.020069602321855839e+00
8.019492513565191771e+00
8.017056347369143410e+00
8.016910176757980011e+00
8.018515315267023880e+00
8.016279576410438423e+00
8.015621000673901264e+00
8.015910978539737997e+00
8.013551789142633552e+00
8.013512421148467624e+00
8.013709211952820155e+00
8.011659751172688360e+00
8.011683811126696142e+00
8.012115802724744995e+00
8.008819646272469228e+00
8.009608526969046238e+00
8.009540340456736018e+00
8.007775265375233431e+00
8.007005716915143623e+00
8.005464393228562514e+00
8.005752962225869851e+00
8.005319233280157931e+00
8.003786174567123268e+00
8.003340297021406258e+00
8.003479348015202888e+00
8.002223248839735348e+00
8.001799507680757984e+00
8.001984862943254839e+00
7.998867094768751684e+00
8.000234258455860115e+00
7.999160449124592454e+00
7.998557538335508532e+00
7.997303387412759257e+00
7.997794831772066182e+00
7.995552157159004025e+00
7.995348527190202503e+00
7.993369474095280758e+00
7.993092886974598521e+00
7.993849234869141007e+00
7.991332547872308290e+00
7.990140565246776738e+00
7.990721045891678642e+00
7.990680216605110964e+00
7.988606373819450823e+00
7.987707070212682225e+00
7.987158893569413998e+00
7.987317835756219786e+00
7.986123785327538194e+00
7.985875822571306237e+00
7.984357718529917491e+00
7.983066792775173504e+00
7.983916927518728279e+00
7.981674482233748869e+00
7.981937667278419468e+00
7.981901322374088892e+00
7.980864983838535487e+00
7.980367821721721988e+00
7.979957390591475352e+00
7.979421022009081099e+00
7.978797283947773877e+00
7.977506715648433833e+00
7.978424419387466493e+00
7.975544525175116917e+00
7.974519332876006672e+00
7.972609396016935079e+00
7.973458914934139052e+00
7.972329069488779396e+00
7.969824135947607857e+00
7.970849624073633954e+00
7.967920759011399845e+00
7.970642392356462658e+00
7.966647797607706138e+00
7.967478444456955522e+00
7.967296723349400089e+00
7.964870205626763955e+00
7.965063329643396806e+00
7.966720304389276031e+00
7.962997846322139139e+00
7.964081002123704955e+00
7.964350672567911182e+00
7.963420649083783331e+00
7.962276807377848264e+00
7.964530624400445902e+00
7.960312301068395158e+00
7.961339810397099370e+00
7.957525260924449562e+00
7.960145738097054391e+00
7.957240524578647722e+00
7.958149525608503971e+00
7.956207702367852796e+00
7.953128538330951791e+00
7.956845062691326298e+00
7.951663431593940068e+00
7.955148813613881487e+00
7.952657786962223696e+00
7.953401094328559573e+00
7.951458894824761536e+00
7.952290256326261186e+00
7.952847898423464734e+00
7.950544504583946015e+00
7.950794801468423323e+00
7.948710486795288688e+00
7.947978168721622438e+00
7.948900111071982799e+00
7.949571564488743469e+00
7.946006503393944875e+00
7.945842762092460987e+00
7.946463687479546678e+00
7.945463271847536646e+00
7.945201540934580642e+00
7.943852342746403394e+00
7.945178147771617461e+00
7.943292623000786534e+00
7.943035351584561532e+00
7.939864484523515564e+00
7.938952341709353711e+00
7.938845841168777895e+00
7.936840955454972146e+00
7.935285917278917189e+00
7.937177864878190547e+00
7.934017510933607298e+00
7.935896313320719209e+00
7.933636948350922147e+00
7.935847053650228133e+00
7.932083752331677395e+00
7.929884627497172822e+00
7.929930441737721658e+00
7.927430092980986664e+00
7.926215114367548331e+00
7.926354054518244929e+00
7.926627102905009714e+00
7.925378629420483101e+00
7.924625486540549879e+00
7.925685273649748730e+00
7.923419731184651482e+00
7.921312732553722924e+00
7.922810355786148229e+00
7.918854681890479696e+00
7.919986251652493259e+00
7.916274083395531846e+00
7.920767299327464706e+00
7.918606549399544114e+00
7.913122114707558552e+00
7.915689992283003740e+00
7.911382740033798378e+00
7.913962511089326135e+00
7.912870857682276160e+00
7.914185586218344781e+00
7.911438414871505564e+00
7.913400018595223351e+00
7.910439816923099166e+00
7.910279716885223245e+00
7.911088985063796208e+00
7.909116380787790668e+00
7.907135368755575655e+00
7.908918458634707882e+00
7.903612534107630871e+00
7.905426139707217636e+00
7.906162535704602590e+00
7.902895275312662449e+00
7.903155539979500155e+00
7.904340189252650362e+00
7.903939999720805965e+00
7.898838166054076737e+00
7.901550875874058022e+00
7.901224179138551129e+00
7.899144711923020701e+00
7.898517508414356847e+00
7.898377085055487079e+00
7.897617170731841441e+00
7.897749898384856415e+00
7.893582606920001687e+00
7.892657513506690314e+00
7.892161690168325805e+00
7.894684569382118156e+00
7.891403116298622678e+00
7.890901617492297682e+00
7.888669899615952552e+00
7.888353884968352325e+00
7.891314678784399739e+00
7.888692000642241631e+00
7.886881038870492411e+00
7.885486408544083226e+00
7.885295982462094067e+00
7.882045325855336237e+00
7.883886832466751038e+00
7.884143891377548563e+00
7.881229154642789503e+00
7.880161734383526628e+00
7.880952831419015148e+00
7.880834738692144903e+00
7.879214632144944552e+00
7.879181812646291583e+00
7.877949656090525998e+00
7.876855734481291726e+00
7.875426006978851312e+00
7.876185996967549841e+00
7.875058361989310640e+00
7.874854571876245046e+00
7.870053812885284827e+00
7.873432534900970836e+00
7.870842034435949763e+00
7.869696374305252817e+00
7.868713318399315426e+00
7.873400502320179406e+00
7.871767260020265944e+00
7.865836944566040323e+00
7.869462479941359057e+00
7.867928335180654820e+00
7.868334596872266218e+00
7.867327157385169301e+00
7.866947021486143221e+00
7.864885336867316390e+00
7.864752377377739911e+00
7.866082158125426993e+00
7.863715626384563784e+00
7.862962308621637142e+00
7.863684736206469239e+00
7.858661704453013819e+00
7.859024341667442570e+00
7.858734789388844177e+00
7.861186863350549281e+00
7.854331413030446463e+00
7.857425391351571697e+00
7.857404232075091421e+00
7.853865791614667025e+00
7.855563125749356779e+00
7.851802716464326259e+00
7.852294615255433818e+00
7.852699664892102582e+00
7.851270675876658167e+00
7.853228826518605210e+00
7.850641041265485676e+00
7.847482883891779615e+00
7.849874908557400666e+00
7.844169539617034559e+00
7.845885226515524558e+00
7.843338189247081260e+00
7.841298549737483192e+00
7.839121770322113214e+00
7.838613175848709425e+00
7.838860579838520692e+00
7.838713297663740143e+00
7.836117963980129275e+00
7.834048365299210559e+00
7.835087111591182207e+00
7.832747091004869766e+00
7.831081415535003920e+00
7.832757671312915448e+00
7.829107846958740957e+00
7.826466979983213612e+00
7.830318342090701655e+00
7.826556685192154639e+00
7.823097278502403107e+00
7.822217293114754888e+00
7.826230889644434363e+00
7.820691141505431432e+00
7.819284489603147925e+00
7.820150357533107943e+00
7.818661805325739067e+00
7.817684712888779863e+00
7.819007847951671586e+00
7.817421325397202914e+00
7.816590610207097001e+00
7.813613705171827739e+00
7.813918617861141058e+00
7.813951640850269165e+00
7.813509182291276112e+00
7.809723483356435736e+00
7.809968626406612380e+00
7.809673607362458192e+00
7.806189604296483786e+00
7.807745325120333924e+00
7.805272228735475437e+00
7.804954353238077402e+00
7.804149245845301230e+00
7.802280225870937613e+00
7.803377309805598294e+00
7.802475905338680739e+00
7.799004936074555694e+00
7.801945608215455685e+00
7.799186033673508156e+00
7.798392595516475012e+00
7.795963276196353320e+00
7.794873861159103079e+00
7.795119593523925694e+00
7.792898707183131712e+00
7.790462255133299152e+00
7.789395827239062875e+00
7.788164273930327397e+00
7.787144381740280785e+00
7.786727702278141372e+00
7.785120921885585688e+00
7.783847573616173854e+00
7.784232734324610270e+00
7.781570269005278817e+00
7.780466972003996950e+00
7.779352930992948778e+00
7.779656179169532670e+00
7.777424263411533367e+00
7.777832557133131708e+00
7.775943645109456348e+00
7.773627544816591239e+00
7.774206152706198303e+00
7.770416611418902164e+00
7.771903276631015878e+00
7.769628355606766235e+00
7.770616089993698239e+00
7.769175593255870815e+00
7.768677208406916890e+00
7.765032591574873244e+00
7.767061719418392407e+00
7.766656969787871567e+00
7.764720845306867680e+00
7.764149292318005102e+00
7.763559852664271510e+00
7.762209119378394639e+00
7.762729214734218175e+00
7.759457071332790612e+00
7.760426403001492446e+00
7.758191263426161832e+00
7.757634773630454283e+00
7.757586613625560013e+00
7.756540789776406264e+00
7.754345792325473496e+00
7.754689963275676945e+00
7.753310621826622118e+00
7.755854853281463512e+00
7.747299978542030452e+00
7.749000725997029271e+00
7.747627105363402045e+00
7.745607673843726282e+00
7.744131974247117967e+00
7.743540460998313613e+00
7.739796457914277283e+00
7.741841152413637239e+00
7.738564578789382864e+00
7.737650114357516706e+00
7.736364274727460355e+00
7.736385926755449560e+00
7.734382541221791918e+00
7.732820721000756237e+00
7.731124021043156880e+00
7.727952275038103558e+00
7.728828195698821624e+00
7.726282408841059102e+00
7.723948976677618816e+00
7.724998905664261173e+00
7.721782618956734012e+00
7.723030921583851516e+00
7.719075410099422108e+00
7.720818728222488936e+00
7.717698255105394090e+00
7.719175892547688100e+00
7.717226030650746083e+00
7.717174047456879293e+00
7.714372642884927522e+00
7.714772035316447507e+00
7.711557671807237391e+00
7.710672708039298051e+00
7.710585248185863882e+00
7.709743085247328764e+00
7.706321754845863126e+00
7.706795254354113389e+00
7.701871295124401051e+00
7.703299684718349027e+00
7.704118333686814424e+00
7.699508539899163395e+00
7.698886571441104110e+00
7.695568624269868430e+00
7.696757692595540767e+00
7.697117855892702032e+00
7.695454896646940490e+00
7.691588780622493182e+00
7.693554461348583118e+00
7.693996119912367426e+00
7.689555343106792229e+00
7.689947522187412510e+00
7.689174444284485155e+00
7.690560837034254860e+00
7.689253756753758218e+00
7.684938851188025666e+00
7.686356324656258288e+00
7.682248733476629177e+00
7.688117936677645758e+00
7.687959010201079302e+00
7.685564725799729935e+00
7.682914165045146682e+00
7.683020592867053189e+00
7.681234899580087649e+00
7.679070771563949904e+00
7.679416493013536460e+00
7.678211708494394827e+00
7.676558084714343977e+00
7.676903666096898782e+00
7.675237444776510820e+00
7.673531130689308810e+00
7.672961851907486697e+00
7.672102552806925324e+00
7.669566588979118471e+00
7.669439635890983986e+00
7.668475154087379231e+00
7.666571717299718536e+00
7.665678008836071200e+00
7.664322946962449201e+00
7.663699789758299907e+00
7.662963424715466765e+00
7.662510021098488444e+00
7.661305346030307994e+00
7.660778480188930040e+00
7.658532575820214738e+00
7.655932040942484029e+00
7.653097575556276233e+00
7.648791355093570665e+00
7.650083721591897756e+00
7.646374621559359319e+00
7.646579481508259057e+00
7.644400776247835871e+00
7.643280493025301325e+00
7.639721219256890627e+00
7.639784463071499054e+00
7.635434288593551777e+00
7.637048200779401164e+00
7.635514144670604075e+00
7.632385244789184675e+00
7.632836852296851049e+00
7.630709175209517525e+00
7.628308975833448358e+00
7.627184985791640948e+00
7.626467923940293936e+00
7.624842454169598049e+00
7.625120557883324324e+00
7.623254897816123865e+00
7.621371151498190777e+00
7.620723670994272503e+00
7.619746227771366343e+00
7.617808429207617138e+00
7.617059589464233227e+00
7.613649101510493011e+00
7.615644077751887231e+00
7.611801952147001948e+00
7.610990377093931336e+00
7.609864962793547960e+00
7.609898659657214459e+00
7.609572138802124464e+00
7.608561846587967636e+00
7.604533985919279537e+00
7.604172779021626916e+00
7.601471334220808451e+00
7.599825789806463838e+00
7.598128641291251206e+00
7.598743048408380218e+00
7.595469495444228336e+00
7.594981520972567957e+00
7.594913228739713418e+00
7.594884597155790118e+00
7.591539144418136154e+00
7.591537435290212521e+00
7.591985449235875372e+00
7.587594592275050509e+00
7.587951513358941469e+00
7.586882606280628494e+00
7.584324138430744711e+00
7.585785829579447359e+00
7.580918596947153532e+00
7.581272423878002265e+00
7.579301485393538762e+00
7.578987505791143775e+00
7.577381136965816388e+00
7.576460823136740963e+00
7.573215268185609972e+00
7.573273471810963997e+00
7.575925153149667857e+00
7.569884949835413046e+00
7.570762359497812177e+00
7.567031312455665848e+00
7.566368279949519327e+00
7.566107947823308422e+00
7.567727380112285296e+00
7.562440910917338499e+00
7.561083018977136305e+00
7.561301364428757665e+00
7.557089890225970663e+00
7.558474260623497365e+00
7.556230583824121716e+00
7.555321474046330366e+00
7.553468717104273367e+00
7.555056671916260846e+00
7.552018276124418783e+00
7.552718639833876146e+00
7.550139053379279375e+00
7.549029716995490524e+00
7.548251352147413940e+00
7.545696086586867857e+00
7.544387582177098039e+00
7.544532610856667709e+00
7.537607377037377709e+00
7.541511837918618788e+00
7.541388419287435418e+00
7.536069696468871371e+00
7.539100199946708436e+00
7.537606909244172648e+00
7.536266222029870399e+00
7.529968321929306541e+00
7.534701773176212036e+00
7.532965561344287408e+00
7.534281362054344733e+00
7.525532040715309456e+00
7.529827816267005147e+00
7.528807612525718618e+00
7.526961238567339230e+00
7.521750067404817663e+00
7.525724282148771316e+00
7.524854650724236649e+00
7.518736663122929542e+00
7.522707231548113604e+00
7.521757119194703023e+00
7.515954830688468924e+00
7.520380599548073697e+00
7.518461048666004842e+00
7.512862832452200657e+00
7.517591570162267089e+00
7.510518185275031122e+00
7.515275363817110588e+00
7.513495325581756923e+00
7.508523061799839304e+00
7.513116070899646282e+00
7.512457960484532293e+00
7.505124583631361368e+00
7.510130729079180334e+00
7.509133261726276487e+00
7.502914318408062222e+00
7.507243154586610068e+00
7.501797511011297104e+00
7.505557440625270971e+00
7.504977972754692139e+00
7.499228197170759280e+00
7.503255190167139155e+00
7.501183230219730547e+00
7.497220119770575231e+00
7.500301351803472905e+00
7.493332110289450121e+00
7.498093121980847542e+00
7.498757329570071128e+00
7.491093086675864043e+00
7.496387214735205085e+00
7.489893651773011918e+00
7.494696546354195910e+00
7.488259281232227060e+00
7.492456385813933473e+00
7.489314142365138594e+00
7.489582584670223753e+00
7.484493126272539598e+00
7.485213787671945340e+00
7.488030650255343090e+00
7.482753351454660695e+00
7.487051460890485011e+00
7.487060216854718675e+00
7.480778538755363805e+00
7.483096952859068729e+00
7.478787136620584697e+00
7.483365795450670710e+00
7.482731496016122641e+00
7.477712571978075040e+00
7.480366872251681620e+00
7.478823395444248234e+00
7.476081608796836697e+00
7.479227684203411997e+00
7.477546149764894068e+00
7.473530545524680768e+00
7.476395661145293303e+00
7.474908578213972810e+00
7.470410989977964711e+00
7.473837775071451972e+00
7.469355468580112678e+00
7.473514574584208425e+00
7.465891061475953272e+00
7.472301737854042614e+00
7.469398434927453145e+00
7.467179594011035704e+00
7.467233237393901213e+00
7.463211416683937394e+00
7.465496329368249029e+00
7.465192946293782938e+00
7.464464147311455910e+00
7.459876187126748270e+00
7.463938125091002185e+00
7.463361713137795839e+00
7.460201975032625832e+00
7.455339083673247380e+00
7.462056319711852126e+00
7.461310127899934308e+00
7.454344598514565767e+00
7.459291169381919495e+00
7.457543309639610207e+00
7.452788596680377964e+00
7.456801572648171117e+00
7.455119316816470665e+00
7.447442918105836362e+00
7.451589982710260074e+00
7.446992456339501132e+00
7.450797137740388543e+00
7.449176612837881351e+00
7.443263473945635589e+00
7.447640464005869099e+00
7.445769736742558820e+00
7.446739300361918446e+00
7.440427004656335441e+00
7.444971234499575985e+00
7.441768816818869148e+00
7.443889487618714718e+00
7.439141485562859479e+00
7.441905637045310051e+00
7.440310087645680248e+00
7.434727441532111847e+00
7.439091853630174001e+00
7.433807811518853725e+00
7.436685119710418235e+00
7.434761400285863964e+00
7.433258128720418689e+00
7.434297453050640492e+00
7.432512877150120545e+00
7.432154757273186085e+00
7.432530091472403733e+00
7.422829587124307515e+00
7.437039317686227946e+00
7.425683487720977638e+00
7.430611208531696654e+00
7.421953761227032764e+00
7.428446915954320495e+00
7.425330726983138341e+00
7.427659616596233860e+00
7.426725654046528291e+00
7.420431794413954840e+00
7.423509738267772384e+00
7.423820006062826771e+00
7.422894741783609085e+00
7.423166374574965864e+00
7.414887098609088234e+00
7.420245536448502044e+00
7.411746383640148927e+00
7.425551441367759686e+00
7.418590747064623514e+00
7.422372973991577361e+00
7.421161092640725876e+00
7.422063076041635732e+00
7.418577152656030016e+00
7.419334552578334296e+00
7.416573495687031503e+00
7.416876669013185541e+00
7.417698176592246284e+00
7.413984801674370573e+00
7.412808432169513573e+00
7.411882043932139119e+00
7.405582966105082932e+00
7.403459679409739813e+00
7.408382706653267036e+00
7.402177068197194565e+00
7.406531659444439697e+00
7.401061273279682773e+00
7.404817096868139714e+00
7.397608603005392247e+00
7.400254227963798392e+00
7.402282605265951609e+00
7.397374759935630095e+00
7.396738033778056831e+00
7.399084647797224967e+00
7.394759181881380705e+00
7.392604048181123488e+00
7.396998670906076434e+00
7.390228705761408001e+00
7.395578749447621725e+00
7.389846454093542683e+00
7.388404881265060453e+00
