1.258996765125055163e+03
4.495387800930855633e+02
2.813822996754077508e+02
2.225184209969886808e+02
1.903000074987899097e+02
1.736467863608440041e+02
1.632415743461004922e+02
1.551800989422803241e+02
1.480711085645868934e+02
1.412987226784897246e+02
1.345959754000424198e+02
1.277567092790703072e+02
1.206607671906384809e+02
1.132096720944093136e+02
1.053500888779233975e+02
9.712859789855370707e+01
8.864275527851940240e+01
8.005833538985510245e+01
7.151413421965061445e+01
6.330723919272048761e+01
5.585149973747750352e+01
4.961051244985793574e+01
4.466188445352733538e+01
4.077229669185344818e+01
3.768009625610935842e+01
3.513804790642196707e+01
3.296791326135333833e+01
3.109502255947051808e+01
2.946636681011012016e+01
2.805197927736641361e+01
2.680523860408338521e+01
2.571350039037143986e+01
2.475938896304446857e+01
2.391917923725366180e+01
2.318685484757418180e+01
2.251286302451417143e+01
2.190669846311610058e+01
2.136152221154841513e+01
2.087078210173429582e+01
2.042297893700949984e+01
2.002473160405880392e+01
1.966617062945191208e+01
1.934273055151293974e+01
1.904588883713466174e+01
1.876998544879976549e+01
1.851562762560605435e+01
1.826871015422918276e+01
1.804178697714843693e+01
1.784270188071082330e+01
1.766008235669524140e+01
1.749810040034841663e+01
1.734471690925071741e+01
1.720527785074186866e+01
1.707687295028065932e+01
1.695521317492843139e+01
1.683877207837262091e+01
1.672722916720747222e+01
1.662152763033473590e+01
1.651852813269652032e+01
1.641996203469392412e+01
1.632560040272975499e+01
1.623595965889585457e+01
1.614683445506322457e+01
1.605815328885775628e+01
1.597110388654397362e+01
1.588637746777790660e+01
1.580228214187004276e+01
1.572242889122987641e+01
1.564500588169566164e+01
1.556177875914609565e+01
1.548300846686786514e+01
1.540467540880495001e+01
1.532908887040225920e+01
1.525448574690664749e+01
1.518170903986131215e+01
1.511030648273218624e+01
1.504021412605042052e+01
1.497456658435236143e+01
1.491066483905715678e+01
1.484656703913826448e+01
1.478858075864727972e+01
1.473202669802113007e+01
1.467806156140255247e+01
1.462331855642509559e+01
1.456868186943204790e+01
1.451606116890465614e+01
1.446700909837081639e+01
1.441835339642792313e+01
1.436844327108669717e+01
1.431949411125584071e+01
1.427094231060325136e+01
1.422243705058253660e+01
1.417457245485387851e+01
1.412811712281116883e+01
1.408701011550629723e+01
1.404396037248896079e+01
1.400255161980730811e+01
1.396142247721638796e+01
1.391872765622150432e+01
1.387802592715357974e+01
1.383805305900276572e+01
1.379902217945350884e+01
1.376008591739424425e+01
1.372201842066922950e+01
1.368386455018291947e+01
1.364932292184082208e+01
1.361197903579042645e+01
1.357691474649574026e+01
1.354122633205401449e+01
1.350373936965178245e+01
1.346971552506029646e+01
1.343246683389802598e+01
1.339750962828426317e+01
1.336452224537853262e+01
1.332935727789393354e+01
1.329397204735811577e+01
1.325768319260727957e+01
1.322012426031411536e+01
1.318512464448007115e+01
1.314663629486443419e+01
1.310970421335867542e+01
1.307201477374106524e+01
1.303403907972953313e+01
1.299654555899509667e+01
1.296017139830166620e+01
1.292191167989963851e+01
1.288540121537546668e+01
1.284716847630569525e+01
1.280733386677416519e+01
1.276764361643256329e+01
1.272868605612775106e+01
1.269286460005812067e+01
1.265763630874705292e+01
1.262029373732801041e+01
1.258617084730734170e+01
1.255162722868835345e+01
1.251801501323190458e+01
1.248712665241409248e+01
1.245657321929154193e+01
1.242574285563073744e+01
1.239603376421323055e+01
1.236758103102116202e+01
1.233911195432294328e+01
1.231088918836196022e+01
1.228192075369629244e+01
1.225438533966559440e+01
1.222468013989760749e+01
1.219803821976790736e+01
1.217153045630234232e+01
1.214359229533076068e+01
1.211732695846895069e+01
1.209302674051997251e+01
1.206751990980504807e+01
1.203959564269483451e+01
1.201474569612787491e+01
1.199114088701874259e+01
1.196672702565567015e+01
1.194287697239957602e+01
1.191979888540637944e+01
1.189642349576165792e+01
1.187430905490115229e+01
1.185099861780248709e+01
1.182717890797700022e+01
1.180693393473035258e+01
1.178554063626440929e+01
1.176269313953842222e+01
1.174136993786849814e+01
1.171957884829096308e+01
1.169735834935719687e+01
1.167699526242499708e+01
1.165449805828309415e+01
1.163454756487521102e+01
1.161258163947260158e+01
1.159252709595169506e+01
1.157062216871297800e+01
1.155059192713907557e+01
1.153091394525241675e+01
1.151153803256507224e+01
1.149155353672583324e+01
1.147066520019236613e+01
1.145359733737110552e+01
1.143204635437887795e+01
1.141405361583465528e+01
1.139347054861232600e+01
1.137464792476454001e+01
1.135488929938400560e+01
1.133704204733461474e+01
1.131832175370417737e+01
1.130131602570667049e+01
1.128282468195971155e+01
1.126498309862976832e+01
1.124653592750344266e+01
1.122978732691125892e+01
1.121091380741818710e+01
1.119194473317565297e+01
1.117490652584413802e+01
1.115828871627492269e+01
1.114115890043260748e+01
1.112510427380933997e+01
1.110741357788167427e+01
1.109133214317303384e+01
1.107652270306065212e+01
1.105992217746488393e+01
1.104561472668039634e+01
1.103022455001435809e+01
1.101582966600211400e+01
1.100084934787918911e+01
1.098745090950678360e+01
1.097257321355989745e+01
1.095934343000750921e+01
1.094684298939462330e+01
1.093306378027963355e+01
1.092049469212942903e+01
1.090766182950381058e+01
1.089370789401822215e+01
1.088051823566990883e+01
1.086833499792317603e+01
1.085507067296020267e+01
1.084540796555608999e+01
1.083187193675771276e+01
1.082030219598548193e+01
1.080984754878272902e+01
1.079604457850428112e+01
1.078486524769584598e+01
1.077559100356496913e+01
1.076292049403764928e+01
1.075517354592414243e+01
1.074160675386432651e+01
1.073280320004007216e+01
1.072365814879997536e+01
1.071242641213439839e+01
1.070100103532060842e+01
1.069313669167925518e+01
1.068165698534077457e+01
1.067246851553093201e+01
1.066181172594336068e+01
1.065243549423779612e+01
1.064368760929703228e+01
1.063340043519452394e+01
1.062454783438947814e+01
1.061712549313493348e+01
1.060788992195463543e+01
1.059982133413607919e+01
1.059204287257697352e+01
1.058201405221071134e+01
1.057541725699376478e+01
1.056678982684584334e+01
1.055708564798865723e+01
1.055067568627278440e+01
1.054128154841287035e+01
1.053449837311332260e+01
1.052562884864397041e+01
1.051881523015676301e+01
1.050886090131849038e+01
1.050197315508671458e+01
1.049384612332214850e+01
1.048605079377555960e+01
1.047914758725905671e+01
1.046941637033630990e+01
1.046292346334363899e+01
1.045549146557766740e+01
1.044738334515560574e+01
1.043934076565478186e+01
1.043267083924637006e+01
1.042469906640328681e+01
1.041929472675633939e+01
1.040993034829712016e+01
1.040237556223222271e+01
1.039390694422514549e+01
1.038790513161773710e+01
1.037967443283512736e+01
1.037188943009930497e+01
1.036477058350841318e+01
1.035562162201463288e+01
1.034920078399966492e+01
1.034183905808262871e+01
1.033504300648629837e+01
1.032806383305688946e+01
1.032011936079761405e+01
1.031245920041327047e+01
1.030267004635329009e+01
1.029598690861225663e+01
1.028830961611105543e+01
1.028107475031690043e+01
1.027387829003492747e+01
1.026717815843665349e+01
1.025896612987039447e+01
1.025240186992520819e+01
1.024406973051802794e+01
1.023745187044239380e+01
1.023102432370218828e+01
1.022355295236583039e+01
1.021595335576038188e+01
1.020854113601503066e+01
1.020405793679937112e+01
1.019458885893762812e+01
1.018810904642341164e+01
1.017975478201321238e+01
1.017557990729711470e+01
1.016765068130373884e+01
1.015943897104341254e+01
1.015378900848041432e+01
1.014616067985719639e+01
1.014008083354498702e+01
1.013261505452961408e+01
1.012624320476449391e+01
1.011701958499813969e+01
1.010962920935338083e+01
1.010081536705391692e+01
1.009227278575341025e+01
1.008432964293621659e+01
1.007856045608667195e+01
1.007101562283495255e+01
1.006598925513647380e+01
1.006113834570370180e+01
1.005318371995487148e+01
1.004826738383626150e+01
1.004215012757422443e+01
1.003663411870246058e+01
1.002985967792561972e+01
1.002096787813620793e+01
1.001504040582257460e+01
1.001190982703637289e+01
1.000623502412190113e+01
9.999420706180021767e+00
9.994250856178011233e+00
9.988066236372469930e+00
9.983574681420888552e+00
9.977768319227255489e+00
9.973186249293819472e+00
9.968029654956936270e+00
9.962280930437890092e+00
9.957584023247253668e+00
9.952477825241212273e+00
9.947306773790442591e+00
9.942226824303554977e+00
9.937359330075642205e+00
9.933494185843775526e+00
9.927756663270104198e+00
9.922032423654741251e+00
9.916561584675958940e+00
9.913707286559656495e+00
9.908007929631700961e+00
9.902171963009307021e+00
9.895756936633805623e+00
9.892002575754796467e+00
9.885614754859210151e+00
9.879658824399717432e+00
9.874715639531132183e+00
9.870024490892630453e+00
9.863617362829987911e+00
9.860127272202806381e+00
9.855062645819399947e+00
9.849884393695829132e+00
9.845319322190393407e+00
9.840077215304706471e+00
9.833694536062933977e+00
9.831318079281460953e+00
9.825590611847212941e+00
9.822672980233493334e+00
9.815828539894562610e+00
9.809993186902650208e+00
9.805754176525537602e+00
9.803403567532059881e+00
9.797026380860899053e+00
9.791900030972142233e+00
9.787254713147300222e+00
9.782781133170837862e+00
9.779888501181288163e+00
9.773779966779132522e+00
9.767056595592263690e+00
9.764350227462907483e+00
9.759249964962814161e+00
9.755505105476492744e+00
9.750992390672744037e+00
9.746741817564076982e+00
9.739773602764961069e+00
9.735273913871482776e+00
9.731593004823833937e+00
9.727889720920709138e+00
9.723923867059117043e+00
9.716635414255454961e+00
9.714511403391147937e+00
9.713132917748323436e+00
9.704481322277588973e+00
9.701552414083177922e+00
9.699168791327858585e+00
9.692511703526333733e+00
9.691256732306063881e+00
9.687397439844362523e+00
9.679159089297806773e+00
9.677133426856618925e+00
9.671759803387251608e+00
9.667855614566851941e+00
9.663282870161227223e+00
9.662862924792920083e+00
9.658254773308216912e+00
9.654401752529256697e+00
9.652505445003235707e+00
9.648429182926006931e+00
9.643391506272109837e+00
9.639351277693618769e+00
9.637196365376599516e+00
9.633650862386298641e+00
9.628196707954968403e+00
9.623477100047304944e+00
9.622224960101243951e+00
9.615795545136302636e+00
9.615107050590642856e+00
9.611692431565248995e+00
9.604863638982108043e+00
9.602864635560484530e+00
9.598997742235342301e+00
9.595987098531734816e+00
9.591695385412938535e+00
9.589289437169774999e+00
9.582259308429557976e+00
9.580487014790650235e+00
9.577822765405063166e+00
9.572397313027879662e+00
9.570045333639127350e+00
9.566278497691611094e+00
9.563403568004170907e+00
9.558928065824060738e+00
9.557999177749591624e+00
9.552729122855831534e+00
9.549567778893718994e+00
9.546428166010000993e+00
9.544542197146492768e+00
9.540189373364631464e+00
9.537698284586047848e+00
9.535959251330689668e+00
9.530481829798894466e+00
9.526817309828674141e+00
9.523581648224626051e+00
9.520334635422230463e+00
9.516336009955614017e+00
9.511711324480275564e+00
9.509707583709568368e+00
9.506159674470369580e+00
9.505544190029217688e+00
9.500936304335182214e+00
9.498378566790982802e+00
9.493902813309592403e+00
9.491896491460344976e+00
9.489535720665154273e+00
9.484544099473639633e+00
9.482750164749459643e+00
9.479599891894196162e+00
9.477436043905038687e+00
9.472284708258383645e+00
9.470862582573793986e+00
9.467191787870508080e+00
9.464897004629062138e+00
9.462069464528314100e+00
9.459342355387510892e+00
9.455111380371146623e+00
9.454906977886825103e+00
9.450615635751542953e+00
9.447959344655364688e+00
9.444196742654456855e+00
9.442595405865867875e+00
9.440173819647677433e+00
9.436624693736019864e+00
9.435331289314357051e+00
9.431081934521676757e+00
9.429940054829828000e+00
9.426789564102156405e+00
9.424880655606251878e+00
9.421883052823341487e+00
9.419793881928081092e+00
9.418548780331372328e+00
9.414600458854648579e+00
9.411713495838851529e+00
9.410285407072544572e+00
9.407645635081026469e+00
9.406256641714843880e+00
9.404497603127746075e+00
9.401932225635324158e+00
9.397804967911056906e+00
9.398268589806336948e+00
9.394978466261994399e+00
9.394429230339635950e+00
9.388818301545203582e+00
9.390551697548145782e+00
9.385504108076546004e+00
9.385589595991350009e+00
9.381081841181684311e+00
9.381296434986342803e+00
9.377449735347747506e+00
9.377736377274333179e+00
9.374497096108919791e+00
9.372454249685787886e+00
9.368782906527959753e+00
9.367126895133111475e+00
9.365256497246033263e+00
9.363604294361390856e+00
9.361064357047473194e+00
9.357990608091405704e+00
9.356996700993832405e+00
9.353385710340416992e+00
9.353092251073361396e+00
9.350594125322134076e+00
9.348827153248571165e+00
9.345740014450155897e+00
9.344300802736340117e+00
9.342257000505091113e+00
9.341124549220692685e+00
9.338958238833788172e+00
9.337495705386590572e+00
9.333151668675764512e+00
9.331654529007233023e+00
9.330401514586748490e+00
9.326113631079689270e+00
9.326141538658815122e+00
9.321811392716623956e+00
9.322075490923660723e+00
9.320724357847156583e+00
9.318609818852491955e+00
9.316808365911617429e+00
9.314764823011506323e+00
9.313385668682345297e+00
9.312046613765678771e+00
9.308935965391048839e+00
9.307476102419348862e+00
9.305550895297466596e+00
9.302033015430511753e+00
9.300070852524614295e+00
9.298508388655454482e+00
9.297687626179429898e+00
9.294747234150298354e+00
9.293312757755954223e+00
9.293023582809970762e+00
9.291167406327938139e+00
9.288000277395155990e+00
9.286068459953002119e+00
9.285149978674061444e+00
9.282815935501902871e+00
9.282419430044500430e+00
9.278485635951094324e+00
9.276807663791339920e+00
9.275525174692242913e+00
9.274480998217429217e+00
9.273106338668814175e+00
9.270745421430039102e+00
9.267890224683887013e+00
9.268884100134693327e+00
9.263278196692882105e+00
9.263530594401242269e+00
9.262526255422070420e+00
9.259390669873996060e+00
9.258488331801016713e+00
9.256633875338584616e+00
9.255875385257477106e+00
9.254344543842398352e+00
9.252090152390087141e+00
9.251168296813260028e+00
9.249398187201164134e+00
9.245712385612430140e+00
9.245362086677969771e+00
9.243910946189931366e+00
9.242256168280636786e+00
9.240442998316753531e+00
9.239787406924666158e+00
9.235820547955425397e+00
9.235573299092454391e+00
9.233471936786450840e+00
9.230370160246499367e+00
9.228527581222676801e+00
9.226584338589457701e+00
9.226090423945413121e+00
9.222735327727146881e+00
9.222092139184576709e+00
9.220803231333006167e+00
9.217044876767619854e+00
9.216496358874136874e+00
9.213752996715953714e+00
9.210976294321302049e+00
9.211208553103096719e+00
9.207036500990799510e+00
9.207882524307814620e+00
9.206102852398474923e+00
9.204380370999610150e+00
9.203040723189264583e+00
9.201953963950270321e+00
9.199700079752034299e+00
9.196710414938999989e+00
9.197538415257627165e+00
9.193629608398442343e+00
9.195767398441363483e+00
9.189070706789900456e+00
9.191165860447759073e+00
9.187436518773941074e+00
9.187003684845089779e+00
9.183987883533383467e+00
9.184034264127641123e+00
9.185179659036101896e+00
9.181373078567412804e+00
9.181293391110864732e+00
9.177700073851418949e+00
9.179661942273900976e+00
9.175454198443103948e+00
9.173425266537174494e+00
9.173947118036897663e+00
9.171214368848371379e+00
9.169674865384710216e+00
9.169085124544567478e+00
9.165244731563348068e+00
9.161845028559062243e+00
9.163693118116604808e+00
9.159402428549441311e+00
9.159946811239599640e+00
9.156292201769309358e+00
9.156294053543694744e+00
9.152442802089190366e+00
9.153790389922287218e+00
9.150246518177874933e+00
9.149942339461683005e+00
9.146059754169904465e+00
9.146033756173329365e+00
9.143877492477633595e+00
9.140018821582062358e+00
9.141150465039158846e+00
9.139063969421954425e+00
9.138523914369171663e+00
9.133334648249455512e+00
9.134357391306899387e+00
9.130413578863068480e+00
9.132020036925707629e+00
9.127585674906404378e+00
9.125802076227001791e+00
9.125197554128030575e+00
9.121989998686357737e+00
9.121633443689171727e+00
9.119396180032607546e+00
9.119261890118927738e+00
9.115727025055369026e+00
9.114221719002427946e+00
9.112946605532265210e+00
9.112744945147571940e+00
9.109751241813675904e+00
9.109193995644004005e+00
9.105990974272822669e+00
9.104986787438194895e+00
9.104701520715730467e+00
9.102943274845761934e+00
9.099844660965425547e+00
9.098658850183957369e+00
9.096862562049606638e+00
9.097603220385327205e+00
9.094766511784460050e+00
9.091953125595704677e+00
9.091451059318227834e+00
9.091362227032762533e+00
9.088980738160335804e+00
9.086171508376919448e+00
9.085135526104869186e+00
9.084253043212219936e+00
9.082292774919189071e+00
9.082180740984739487e+00
9.078660856644981791e+00
9.078922389108315727e+00
9.077151918802384145e+00
9.077306349572902278e+00
9.075840602346650243e+00
9.075400169908409254e+00
9.072516925458634418e+00
9.071981110558288819e+00
9.069612873993218471e+00
9.068685109529178945e+00
9.064598449565282934e+00
9.064625719402561899e+00
9.064119186821143259e+00
9.060871298827581910e+00
9.060951444145151967e+00
9.058409407994082230e+00
9.057322034297333957e+00
9.054132216210600603e+00
9.055052703312187035e+00
9.052631086559797424e+00
9.052373918756783766e+00
9.049731227019943702e+00
9.046143223928140742e+00
9.046324808711567300e+00
9.043218119442867575e+00
9.040683079431927283e+00
9.040196363888366449e+00
9.037022580904633173e+00
9.034934737421947304e+00
9.034298936653692991e+00
9.030894035044319423e+00
9.029794596440552823e+00
9.024945133648422768e+00
9.025030762013841468e+00
9.022655489740357027e+00
9.020759565229806043e+00
9.018297936505998535e+00
9.015606626297145709e+00
9.013788427058004871e+00
9.012246796295668716e+00
9.011168520213502120e+00
9.009288599493201488e+00
9.005812851917868400e+00
9.008049034589769022e+00
9.002526383855068204e+00
9.002840633558186312e+00
8.999320217430126334e+00
9.000285579872310038e+00
8.997012822753580608e+00
8.995822539476806767e+00
8.993854555415799368e+00
8.993536725953294564e+00
8.990225718951677436e+00
8.989688992507749887e+00
8.987560732336634217e+00
8.986996587702410721e+00
8.984321190521239231e+00
8.983002840230492225e+00
8.980271673658068110e+00
8.979542375651481834e+00
8.977086116731461729e+00
8.978037068910795782e+00
8.973137127201280094e+00
8.973254217712121061e+00
8.973008243502796688e+00
8.970219526165745805e+00
8.969838646834441320e+00
8.967864249534164500e+00
8.967809415219857527e+00
8.964586666964027728e+00
8.963545116601263629e+00
8.962619640488123096e+00
8.959212103549790029e+00
8.958245878861621492e+00
8.955681718372888511e+00
8.956208144543728267e+00
8.951939459936488319e+00
8.953435830250869643e+00
8.949717907580504672e+00
8.951717211594941048e+00
8.948281997896327056e+00
8.945337916105485121e+00
8.948319942466861576e+00
8.943544553341370218e+00
8.942465685233269568e+00
8.942661242631746887e+00
8.940374920939790471e+00
8.939951979301534735e+00
8.937174893679648235e+00
8.933038149126000249e+00
8.934626178400494112e+00
8.930765663000409305e+00
8.929916156740933531e+00
8.926270156697485803e+00
8.926040627840629682e+00
8.927016340901959168e+00
8.922127614658306172e+00
8.921234028285425666e+00
8.918709045673713476e+00
8.918289568494673247e+00
8.914786229535867079e+00
8.916186590000860335e+00
8.912499991283507228e+00
8.912700803171910380e+00
8.910275813253649702e+00
8.905079870413223020e+00
8.907326089874187502e+00
8.903850564384720556e+00
8.903829356421903540e+00
8.901875527474034655e+00
8.898363429759418963e+00
8.896904120148571238e+00
8.897763227753946680e+00
8.895843058660876324e+00
8.893162393188179138e+00
8.893777682506508242e+00
8.891191517854442949e+00
8.887903122933591860e+00
8.891336154902495181e+00
8.886606553960985977e+00
8.884461333711579201e+00
8.881479010932435969e+00
8.884932243834752441e+00
8.880860911230676891e+00
8.877225967646593219e+00
8.880109326027008976e+00
8.877035544590247795e+00
8.874540733358097455e+00
8.877158959161581819e+00
8.871805511668013011e+00
8.871691731847475282e+00
8.868382825222289156e+00
8.871158490085397474e+00
8.865049960156127895e+00
8.864394225569904862e+00
8.861883857189603475e+00
8.865453230681779928e+00
8.861149981610550341e+00
8.859152781537511956e+00
8.860887374767148827e+00
8.856221704383003157e+00
8.855756713146700321e+00
8.853423749762114880e+00
8.853985635208401206e+00
8.853812371245469492e+00
8.849427277743890485e+00
8.848078447883537478e+00
8.845620624667093423e+00
8.849081097615718150e+00
8.844721932262817887e+00
8.843557114877269143e+00
8.842765199038584711e+00
8.843458893471551008e+00
8.839877712634345741e+00
8.837853952540562830e+00
8.836824758458048379e+00
8.838343020141071094e+00
8.834838762070633678e+00
8.832825522801901030e+00
8.833691774473274805e+00
8.831271324731558181e+00
8.829352114319375389e+00
8.827282387600645208e+00
8.826518304281082195e+00
8.826034663140834624e+00
8.823665142951256257e+00
8.824952841402064152e+00
8.821524136477746580e+00
8.819380532016699803e+00
8.819044038176736322e+00
8.818855015220767868e+00
8.815694630359670825e+00
8.813294066906189883e+00
8.812370775338672857e+00
8.810542520337589778e+00
8.808376818407326780e+00
8.807287470181941913e+00
8.808876812890362729e+00
8.803704672236293050e+00
8.803618409633845232e+00
8.799260272432887220e+00
8.802051085582970558e+00
8.797628491926605676e+00
8.795622300408011185e+00
8.794350629138127928e+00
8.796499193864171673e+00
8.792125520128886151e+00
8.790819704598817452e+00
8.788346539970973481e+00
8.791458139218532253e+00
8.787571523445501853e+00
8.784369792254294040e+00
8.783998566893144400e+00
8.782330811679948113e+00
8.780041501721635555e+00
8.777613478554281201e+00
8.775693271333993906e+00
8.773807755263801411e+00
8.772789988005586181e+00
8.767969676173921201e+00
8.770863458644381438e+00
8.767592028925959013e+00
8.766515251588659297e+00
8.764156505813806675e+00
8.763464516735917087e+00
8.760892174135605615e+00
8.759349664548496506e+00
8.757681484975773145e+00
8.758144929329796824e+00
8.756091928563963123e+00
8.752362609947200056e+00
8.753174152750004211e+00
8.750268899104741038e+00
8.750555888092334200e+00
8.746086679939995889e+00
8.743882817935398677e+00
8.746781681187938418e+00
8.744729012109923261e+00
8.740345379993540220e+00
8.741423425306750872e+00
8.737960716459131305e+00
8.737499868248610468e+00
8.733816542679113226e+00
8.733918378838826158e+00
8.731852783148307040e+00
8.729840114615111446e+00
8.728827564053801780e+00
8.728536638962959060e+00
8.725848986732104962e+00
8.724212447580386609e+00
8.721660372928630167e+00
8.719312342893164924e+00
8.718295965725246788e+00
8.716837856402715801e+00
8.713254418060737194e+00
8.711436126308351291e+00
8.713135341289321545e+00
8.709927324344983290e+00
8.707951186011758438e+00
8.707689182406760153e+00
8.706075945382334424e+00
8.704754028178740555e+00
8.702900818293709762e+00
8.701701152522359095e+00
8.700272384529730729e+00
8.700448994071960485e+00
8.697506386170998027e+00
8.695811877578153215e+00
8.693754523330079920e+00
8.692557383099442703e+00
8.690937342092828644e+00
8.689498892290012932e+00
8.688685492329002003e+00
8.686829026390158859e+00
8.685155826756748354e+00
8.683453588095254361e+00
8.681165119013481757e+00
8.680104394698236803e+00
8.679593589072085891e+00
8.676735265670185271e+00
8.675822080795665414e+00
8.672991404093263412e+00
8.672267929911098960e+00
8.671248657400354887e+00
8.669523407630965295e+00
8.668789126747929785e+00
8.668420910164867266e+00
8.666210231537947450e+00
8.663767897661328377e+00
8.663169953351925301e+00
8.659946475351230077e+00
8.658501517429938232e+00
8.660183217712468462e+00
8.657594857503154273e+00
8.654732035123240408e+00
8.652411755939874993e+00
8.651964989473208689e+00
8.650151898379847992e+00
8.648572982891410632e+00
8.646389035923892408e+00
8.645643308568541130e+00
8.644377952727642977e+00
8.641148058674032129e+00
8.642340511866773767e+00
8.640280474609740580e+00
8.637681051139612265e+00
8.635076852707269879e+00
8.636504729404647307e+00
8.632729953462300543e+00
8.628001696520277264e+00
8.631513793035564319e+00
8.628744375246768072e+00
8.622892150274866552e+00
8.627595737255562724e+00
8.622394745531318350e+00
8.623813169827533542e+00
8.617124278014786753e+00
8.618822033546551964e+00
8.616424413561903251e+00
8.614507665926810276e+00
8.614194068450315100e+00
8.611911609946767854e+00
8.613919385349557700e+00
8.609708413927890547e+00
8.604213362627470829e+00
8.606873087688448720e+00
8.605139342210224029e+00
8.600023503511890155e+00
8.602305449713664842e+00
8.595066499992579878e+00
8.598066450209921996e+00
8.596084516072396653e+00
8.591169214249262609e+00
8.592505023218977911e+00
8.587694985901258349e+00
8.588938841021580117e+00
8.583208762032066730e+00
8.586470668562673936e+00
8.580005633607063587e+00
8.581338533418129799e+00
8.574731040626518919e+00
8.579651892946314362e+00
8.571465148504071152e+00
8.575004222551976696e+00
8.567556666558758138e+00
8.567983812237484287e+00
8.563180371370014754e+00
8.563979379520697321e+00
8.560302799093385318e+00
8.561426884948838634e+00
8.558361622868412510e+00
8.559157751096398314e+00
8.557117191310579685e+00
8.553314081394026047e+00
8.555010286680760245e+00
8.550556522419006100e+00
8.550190534031674616e+00
8.547180006920058304e+00
8.548268148422936363e+00
8.542200172520136192e+00
8.541326921527476301e+00
8.537217145947847641e+00
8.538994691611961230e+00
8.532647973129305896e+00
8.534226422326414152e+00
8.529958295629521459e+00
8.527684796642898135e+00
8.528931271092732302e+00
8.524601673368797705e+00
8.520757229227934104e+00
8.523022977762385821e+00
8.518904277955931192e+00
8.514658450860258299e+00
8.513500828630260031e+00
8.513128973171019354e+00
8.510541401356945812e+00
8.509842783295441748e+00
8.503544232567000094e+00
8.503326913458591818e+00
8.498322557362874008e+00
8.499783257099315037e+00
8.494925894972096714e+00
8.490507065529291353e+00
8.488590671197005832e+00
8.487654561080395510e+00
8.484182419581046020e+00
8.480459189915988460e+00
8.479380053724755228e+00
8.478365501840210428e+00
8.473661785404624780e+00
8.471211152317037474e+00
8.470673756229953000e+00
8.465387328641531539e+00
8.463705243326328898e+00
8.460394598540860400e+00
8.455945959321899963e+00
8.454125685978025828e+00
8.450975277381312267e+00
8.447330239963564580e+00
8.445010392145904987e+00
8.439052337624259437e+00
8.437079793279858464e+00
8.431846589190168828e+00
8.432002148875945124e+00
8.427648275677695366e+00
8.422851908041209867e+00
8.423572431549262163e+00
8.418235707994211836e+00
8.419227147189848992e+00
8.411276526262787101e+00
8.408297877381292196e+00
8.407847783691364540e+00
8.406389559248021115e+00
8.399070861680634437e+00
8.399170483645569618e+00
8.396797377849742006e+00
8.393835979542084047e+00
8.391053033496168823e+00
8.388053055762870969e+00
8.388739113178623086e+00
8.387681454432737382e+00
8.381432359936226817e+00
8.380680583528715033e+00
8.379476313340431304e+00
8.373060247269274115e+00
8.373824618591422464e+00
8.370020419769653941e+00
8.367482369826282351e+00
8.362834832366948135e+00
8.358898601047915378e+00
8.361320835973240051e+00
8.355752271760259475e+00
8.352279127334382380e+00
8.350807177240644918e+00
8.352175381195074522e+00
8.346189035224357511e+00
8.346568732057226825e+00
8.343079655617700041e+00
8.341880562819659062e+00
8.337735506310378852e+00
8.338412546941388115e+00
8.333260796709096141e+00
8.331851951722851979e+00
8.332067319767105573e+00
8.328676229817414622e+00
8.326970378917719628e+00
8.323642696868949642e+00
8.321267962397014273e+00
8.316700281442509279e+00
8.318059563206302798e+00
8.316869132035906276e+00
8.312423265883380097e+00
8.311098700018321850e+00
8.308931001159598040e+00
8.307415524782342686e+00
8.305505032589143966e+00
8.302862469885935681e+00
8.300349652168698356e+00
8.300093395545651731e+00
8.296865751667239053e+00
8.294202605702329478e+00
8.291806414217928634e+00
8.292675017877693122e+00
8.291084320231709270e+00
8.286341774743862132e+00
8.284767392711435363e+00
8.284963642390751559e+00
8.279781962942415419e+00
8.278744648640905979e+00
8.277203593654171243e+00
8.276606143721648934e+00
8.272433287524627588e+00
8.269021911737787889e+00
8.269034129171659586e+00
8.268257087430981755e+00
8.261481103160603467e+00
8.260986364972726648e+00
8.260669310910889962e+00
8.255979838630182144e+00
8.258043328520853876e+00
8.256871207799390433e+00
8.256046663720209011e+00
8.250839402234120712e+00
8.245551661488882189e+00
8.249034533287989746e+00
8.243283946792312022e+00
8.237670517974203577e+00
8.242411252700479807e+00
8.237399584304363032e+00
8.235017239009028600e+00
8.231206430440197508e+00
8.226263127907083472e+00
8.225769414558515180e+00
8.225473535342551656e+00
8.222253276532503818e+00
8.222740663765147673e+00
8.217346611226220787e+00
8.217940792252255378e+00
8.214539914433204970e+00
8.215560977888063832e+00
8.212465913023606845e+00
8.206718772122435723e+00
8.209753409304303418e+00
8.208421455300147329e+00
8.203592002725764942e+00
8.200904549575023239e+00
8.202084667652679073e+00
8.198532271270163818e+00
8.198391023169412151e+00
8.194187960210411958e+00
8.194092348793963865e+00
8.192993839832391600e+00
8.191523479877664826e+00
8.187771821976083331e+00
8.182666774766710560e+00
8.185317712702456561e+00
8.181022871017219700e+00
8.181504117414053923e+00
8.179815934769063546e+00
8.177261382735617090e+00
8.176138054764489738e+00
8.173267675152134260e+00
8.170503907017133471e+00
8.169459515829474938e+00
8.167195534621008335e+00
8.168103271736029569e+00
8.162546660459232939e+00
8.162763334788779801e+00
8.161730381750013308e+00
8.157914898592599329e+00
8.157940286207335134e+00
8.154305189946095211e+00
8.153274967254999339e+00
8.151761197326431230e+00
8.148828883215552210e+00
8.146041570039633584e+00
8.147956734194989892e+00
8.148033354320498134e+00
8.144739956395973479e+00
8.141625359321082556e+00
8.141510008161988665e+00
8.137781412197254483e+00
8.136202641442944028e+00
8.135121660811291733e+00
8.135527149589245610e+00
8.133638505333463442e+00
8.130964331598510952e+00
8.128185844602658250e+00
8.126587671143971292e+00
8.127412952306436011e+00
8.126071859116819951e+00
8.122318813090640077e+00
8.120230190178160612e+00
8.117218485843062936e+00
8.117115268321052568e+00
8.113140734124801412e+00
8.111004680544050771e+00
8.109648557144460312e+00
8.107856748953901516e+00
8.107748306231957969e+00
8.103744833529340497e+00
8.101437577930557410e+00
8.100744026922948038e+00
8.097339471261557620e+00
8.096465994020549672e+00
8.096304965772153750e+00
8.092681735867813586e+00
8.089403089388815360e+00
8.089942935941889957e+00
8.087398357950494443e+00
8.085748208900589873e+00
8.082143169637300062e+00
8.079422037122268918e+00
8.078515773249600684e+00
8.077659885583985400e+00
8.074834342025837941e+00
8.073070109769904690e+00
8.071224856608120390e+00
8.070733430098586680e+00
8.068224193053419313e+00
8.066737526061857011e+00
8.065224266664271724e+00
8.062747393690626652e+00
8.063353916990548598e+00
8.058604220072615121e+00
8.058429652816327504e+00
8.057480721967001713e+00
8.057257243258815649e+00
8.053985869551370413e+00
8.053219899801231207e+00
8.051422840568415396e+00
8.052231657879085347e+00
8.048333080156153230e+00
8.047072868164189430e+00
8.047328208561202345e+00
8.044833837934849186e+00
8.044295689409173278e+00
8.040033546892617622e+00
8.039774128577208856e+00
8.040505176434388446e+00
8.036170605471369299e+00
8.036607681890442834e+00
8.034890981886208650e+00
8.033953571880292799e+00
8.032188456743641680e+00
8.031073425736973803e+00
8.030626903102364267e+00
8.031541497511566874e+00
8.027441469807936159e+00
8.026483619431644456e+00
8.025277954333958519e+00
8.025327237152952264e+00
8.023758628496880263e+00
8.022815095800167384e+00
8.022011346652698549e+00
8.021161507122601009e+00
8.020749484356564096e+00
8.018660763508368206e+00
8.014552473311038483e+00
8.014285883398919452e+00
8.013088051598169059e+00
8.010949289322004674e+00
8.010410295513764822e+00
8.009873385750761798e+00
8.008032859126261727e+00
8.006229612149059705e+00
8.004531712340805072e+00
8.002118211393886682e+00
8.000058282734615389e+00
8.000051956843224232e+00
8.000202129294185838e+00
7.996715339514764764e+00
7.998277998166088310e+00
7.995857451938882754e+00
7.992352539285271895e+00
7.993859057985960526e+00
7.991455791691060462e+00
7.991474629894979920e+00
7.987377207360851550e+00
7.988365075879072741e+00
7.985719442452997363e+00
7.985594603478799236e+00
7.982260875506473674e+00
7.985180950370524222e+00
7.984740337839432378e+00
7.978746189018440127e+00
7.978328242619094901e+00
7.980377848066584789e+00
7.977622926243030044e+00
7.975402379858826940e+00
7.974492015838137604e+00
7.971163067083344878e+00
7.970028883801588471e+00
7.971177122348808375e+00
7.971271238676045812e+00
7.967530971704118947e+00
7.966695218972211556e+00
7.967726594039496568e+00
7.963704438485994963e+00
7.963714567583842552e+00
7.962398616308149712e+00
7.961254367332756487e+00
7.962520931431750881e+00
7.960192533097530720e+00
7.963993813143290801e+00
7.961802233504951865e+00
7.961551457130462417e+00
7.960567128258623448e+00
7.958823678556438352e+00
7.954144694956308825e+00
7.956588594214008658e+00
7.955145950372376262e+00
7.951890117876742714e+00
7.950519452511554341e+00
7.949879354500733797e+00
7.949074487575035874e+00
7.949584553300105938e+00
7.947360417560098256e+00
7.946510829684878985e+00
7.945124833282751986e+00
7.944234218850877660e+00
7.939449956294049038e+00
7.942625426340406136e+00
7.939303447949238368e+00
7.939332645267516142e+00
7.938317264823518293e+00
7.936450353521265377e+00
7.934433079343744311e+00
7.935489399223080831e+00
7.936081211908708077e+00
7.933401405681084206e+00
7.932340268440310815e+00
7.930495333163332106e+00
7.929657818010344528e+00
7.930150767279823043e+00
7.928943381176499550e+00
7.927740747856788062e+00
7.926520849040656458e+00
7.923972275454803871e+00
7.926148782055442155e+00
7.923801963738488219e+00
7.921455457717343940e+00
7.921413243382630753e+00
7.919685910837802822e+00
7.916943756874611715e+00
7.916809147988335127e+00
7.915471874804432595e+00
7.914802847714077494e+00
7.912562780249746019e+00
7.911702683643230927e+00
7.908969989984988125e+00
7.911437429863096504e+00
7.910793430715378882e+00
7.909094363414811646e+00
7.906796003281455931e+00
7.906683151788123531e+00
7.904920608587641340e+00
7.905632761261284891e+00
7.903130830367627091e+00
7.902798354967878858e+00
7.898576092063962939e+00
7.900156778139447056e+00
7.900410687067361160e+00
7.899269844484773095e+00
7.895399279123116010e+00
7.896596413441944406e+00
7.893939559398099881e+00
7.891735241357520358e+00
7.893135947465570013e+00
7.888393046741126291e+00
7.892251974363728273e+00
7.886158128608886209e+00
7.887822441081719482e+00
7.887774653488932586e+00
7.882947776594399159e+00
7.883938699948942030e+00
7.886352241790992146e+00
7.883917042463668423e+00
7.880832500433444743e+00
7.879613072510831984e+00
7.880155044526325092e+00
7.882463968484494821e+00
7.876160214331008547e+00
7.877416102715380397e+00
7.877736190796887250e+00
7.875621661414315078e+00
7.872005237072557726e+00
7.873195676496588469e+00
7.874643970279720406e+00
7.871840761374712336e+00
7.869897714695079038e+00
7.870044771974992415e+00
7.865336839440282724e+00
7.868707132868255627e+00
7.867315490529629862e+00
7.864763455094593070e+00
7.864892272521889716e+00
7.864073593464625311e+00
7.861121484050148212e+00
7.865491379358778623e+00
7.861934117305325209e+00
7.862075567900596695e+00
7.863685622519849261e+00
7.859071806989029518e+00
7.863379033426464382e+00
7.857897308496045063e+00
7.859809874000799113e+00
7.855094432976809316e+00
7.853871986902382751e+00
7.856708867403597196e+00
7.854143920682623126e+00
7.851443078472560622e+00
7.854435691294021638e+00
7.847603350841885650e+00
7.851799531918635999e+00
7.847593090353101708e+00
7.848272017208572038e+00
7.844258506313997792e+00
7.846800593526267242e+00
7.843167775070586600e+00
7.840199023575205040e+00
7.844420817591061024e+00
7.840599455485624425e+00
7.836714022723715978e+00
7.838679993120250877e+00
7.837415462749155459e+00
7.836400471729127126e+00
7.834031104713651494e+00
7.833582795849483915e+00
7.833285743943632973e+00
7.833608187773716480e+00
7.831074496692107978e+00
7.831552696168684768e+00
7.829213374987929797e+00
7.827760459874705923e+00
7.827368807971235576e+00
7.825327764841219391e+00
7.824511239583141098e+00
7.826132089697817484e+00
7.823225013731337718e+00
7.819228330422357764e+00
7.822520941622184587e+00
7.820435054018523680e+00
7.818458901731144550e+00
7.817609808441677188e+00
7.815371488023806990e+00
7.812939025173586849e+00
7.814521591003969370e+00
7.813510610240331111e+00
7.812016766983062688e+00
7.812217374354481159e+00
7.810149210477770332e+00
7.809780288447245589e+00
7.810064994270658367e+00
7.805306056104918788e+00
7.806775764388658168e+00
7.803772628561568503e+00
7.804811215601911378e+00
7.801176538799370341e+00
7.803369722898561456e+00
7.799189053518227333e+00
7.800567606993894287e+00
7.800370300945804303e+00
7.797620787359671901e+00
7.795796855527703961e+00
7.795129697882264175e+00
7.793685490696826257e+00
7.795473988167942458e+00
7.790544589923073637e+00
7.792232829598212618e+00
7.796291652966503172e+00
7.787054980943454829e+00
7.788220168973150059e+00
7.782619568542695987e+00
7.788348405945780151e+00
7.784867234701843053e+00
7.787334871104964584e+00
7.779596282319386269e+00
7.783655550219264363e+00
7.780845097922171050e+00
7.781389731227797313e+00
7.782449044816064365e+00
7.778915248774587177e+00
7.778910271678202371e+00
7.776399105426666125e+00
7.778192838240717499e+00
7.774655232570469643e+00
7.774495255505818214e+00
7.773394972324619623e+00
7.772226269786368213e+00
7.775950039467773856e+00
7.768856678287851203e+00
7.769161850629038746e+00
7.770678175315317127e+00
7.771413022104507462e+00
7.770432755857865637e+00
7.765265139004639217e+00
7.766783634245072676e+00
7.762207010298368459e+00
7.762765530198751485e+00
7.762882693665779321e+00
7.763748356115798721e+00
7.759912920915312817e+00
7.757765100569820049e+00
7.759876864182093215e+00
7.756997755764665214e+00
7.754653287828525698e+00
7.756255116410842199e+00
7.752299307154276953e+00
7.753192549756181329e+00
7.751689886595367618e+00
7.751181052076763223e+00
7.748802559191702244e+00
7.749924654714182459e+00
7.746516430787870888e+00
7.746541183897636351e+00
7.748746773157239254e+00
7.744756739403001689e+00
7.745664471861089417e+00
7.742522135291781460e+00
7.746302948600402694e+00
7.739964903854811951e+00
7.744354092070007134e+00
7.743331199759385441e+00
7.737991806291294239e+00
7.742599480367835518e+00
7.735638254124572732e+00
7.738521208600808166e+00
7.732833424849576254e+00
7.736793493570189639e+00
7.730276154426918289e+00
7.737834978819901011e+00
7.730259813553256976e+00
7.735404427075344813e+00
7.726867232392688578e+00
7.732901256525731348e+00
7.726659870922269135e+00
7.733005308687722845e+00
7.724634440951883896e+00
7.730548183328724399e+00
7.722964161732228661e+00
7.726685987779615239e+00
7.720445692911105162e+00
7.730178847494184602e+00
7.720605975832291357e+00
7.724161519319436842e+00
7.717096625846092017e+00
7.718397166776092888e+00
7.719103564767256564e+00
7.723159988040607438e+00
7.715733906870441139e+00
7.722950875488745481e+00
7.714296729622404314e+00
7.712576271270269679e+00
7.714146999059777521e+00
7.716163285265693617e+00
7.715116996507005886e+00
7.716075890697361217e+00
7.707412387406578524e+00
7.712376161811330455e+00
7.710897012072373435e+00
7.717244222333849102e+00
7.709665392541396933e+00
7.712100909467310750e+00
7.705913095893226483e+00
7.705788179685000294e+00
7.704533285220541039e+00
7.701667008141410697e+00
7.708668566914286480e+00
7.700929842508666745e+00
7.705954765900965953e+00
7.703126510972878371e+00
7.702737750551576390e+00
7.699317692236750332e+00
7.704618067208085286e+00
7.698974454231169773e+00
7.701315785351536825e+00
7.695278009359577176e+00
7.702314845330531234e+00
7.701076912157607701e+00
7.694401230803979530e+00
7.694378746499267230e+00
7.702545022414231113e+00
7.696731132037716527e+00
7.696251131798194756e+00
7.692216509545887426e+00
7.700431177242292868e+00
7.688183582761404899e+00
7.694968949470581521e+00
7.693831452451429520e+00
7.690785220045015969e+00
7.685001665182551456e+00
7.697562630519150240e+00
7.683063199562712775e+00
7.690520555981046336e+00
7.689737234157820289e+00
7.692051319363990558e+00
7.683080638639521176e+00
7.685274687563542706e+00
7.688405150436671498e+00
7.682266097740374278e+00
7.679714728231627596e+00
7.690742353633574169e+00
7.683113228298442010e+00
7.680924846624111346e+00
7.678421569369550781e+00
7.688250467006393585e+00
7.674341748758489956e+00
7.679834427151849496e+00
7.679445056462733454e+00
7.684148341092388534e+00
7.672695910111561268e+00
7.677154483815129105e+00
7.675000554877748016e+00
7.674335228079052662e+00
7.674613206999642223e+00
7.675809257984137268e+00
7.675305876731176369e+00
7.671869110496325028e+00
7.666998906273231995e+00
7.679208924212642451e+00
7.665913468906279782e+00
7.670116280412081267e+00
7.669646476207787167e+00
7.667148085232109445e+00
7.668113348431734089e+00
7.667684049205472085e+00
7.666288648772309422e+00
7.662969435403986118e+00
7.668472566825997205e+00
7.658925027966213328e+00
7.661505114581378173e+00
7.667146714514674777e+00
7.659897757273157026e+00
7.660358672448215778e+00
7.659074598307705095e+00
7.659714381863085286e+00
7.655611101527878937e+00
7.653074291730625589e+00
7.658412112210496225e+00
7.655241642311517047e+00
7.657031321946241142e+00
7.655945054402995886e+00
7.646865012346268031e+00
7.647677291610478711e+00
7.653135552819892773e+00
7.649096349573355269e+00
7.645146620056659792e+00
7.652003993630386525e+00
7.650555901203405007e+00
7.648108564404973997e+00
7.646769916993466865e+00
7.641985372660447418e+00
7.645542155482863755e+00
7.649368825337355737e+00
7.636900606541572323e+00
7.639572885178472994e+00
7.642820387596323428e+00
7.644369310102970161e+00
7.645984569520327234e+00
7.640630407526185053e+00
7.637688734690435410e+00
7.640649556169802459e+00
7.641309929140654766e+00
7.634844361272786983e+00
7.638229458211690748e+00
7.639945084527794528e+00
7.640975287475755273e+00
7.635230670847683143e+00
7.634399707770906929e+00
7.639696804554271914e+00
7.638823452936068570e+00
7.637395056465867249e+00
7.634868349896103190e+00
7.634154060817741616e+00
7.634802215191250241e+00
7.632455951485836998e+00
7.631065029841258784e+00
7.630874631718847390e+00
7.634048219266960977e+00
7.631534548771462312e+00
7.629491201262625033e+00
7.634515158947142943e+00
7.626079782954332309e+00
7.632763747246827712e+00
7.629068380663277971e+00
7.625232221447732606e+00
7.628012115859082343e+00
7.626087384830548821e+00
7.625944152128664832e+00
7.627849586809438698e+00
7.624437890003249230e+00
7.619877690122383029e+00
7.625584068491312983e+00
7.625880527524521391e+00
7.621072987349784000e+00
7.622781869792302878e+00
7.623395514279277307e+00
7.620008775577320925e+00
7.619080627148818508e+00
7.621357639858351796e+00
7.616350575827749658e+00
7.620504903622464354e+00
7.616109476448108317e+00
7.615334524728454291e+00
7.620437882833375198e+00
7.613626723247232775e+00
7.618335502703661888e+00
7.613888218747075776e+00
7.611329387647010059e+00
7.613690707834251725e+00
7.614803732761362909e+00
7.611723817366816469e+00
7.614415593812192462e+00
7.609391158778611164e+00
7.611557317564108693e+00
7.612009257661750183e+00
7.608347137623479917e+00
7.608416700338506367e+00
7.610302142530582792e+00
7.606409058552459079e+00
7.612344477563873113e+00
7.608264913413028019e+00
7.604297805091227325e+00
7.599437973884964670e+00
7.601671911239336055e+00
7.601304452034497672e+00
7.600651775352514683e+00
7.600879391633886151e+00
7.600560088252223956e+00
7.597566188516903907e+00
7.600225656267261876e+00
7.601306227641461355e+00
7.602952182187297403e+00
7.596560915247977164e+00
7.596957714306069143e+00
7.598136614770443664e+00
7.598940643490895042e+00
7.598033246191486789e+00
7.597770003907022840e+00
7.593161237849734846e+00
7.595429556348644695e+00
7.593579958383982920e+00
7.592664508907534859e+00
7.592129004882059995e+00
7.592725040140649639e+00
7.591587996437575647e+00
7.590540645542030340e+00
7.590294049635971874e+00
7.591069415600760983e+00
7.591410665220748477e+00
7.588922255110065684e+00
7.587927368313441612e+00
7.590602365067382173e+00
7.588906154510727475e+00
7.585803712490055695e+00
7.588824833018243510e+00
7.587485878192385513e+00
7.588338941135989835e+00
7.588680273345047134e+00
7.583878150616253144e+00
7.586872997225345472e+00
7.587354893159875324e+00
7.583402954657091577e+00
7.583848305932750833e+00
7.581142161465379559e+00
7.586591700694356177e+00
7.579886010107979466e+00
7.581740192849416360e+00
7.580326407508021447e+00
7.582221784904358941e+00
7.583707956109040360e+00
7.576516552560970119e+00
7.576199466676436067e+00
7.579866956596657879e+00
7.578915402777461452e+00
7.577173765952593065e+00
7.573980101986083291e+00
7.573638310092849046e+00
7.574994481867879159e+00
7.573613821674591406e+00
7.571460180781923732e+00
7.576224833829747318e+00
7.571944909799687373e+00
7.571058882367883491e+00
7.570331989303500819e+00
7.570322224787694232e+00
7.572670439413136556e+00
7.571604450742928094e+00
7.570531305430423963e+00
7.570963998391456506e+00
7.569262548280491387e+00
7.568251444502101855e+00
7.565763675216815365e+00
7.570545859908475173e+00
7.566581967056474234e+00
7.566031543231616752e+00
7.562909789832962026e+00
7.570083984346172024e+00
7.565637165098404004e+00
7.565872410099346190e+00
7.562851296279085034e+00
7.559489985183003746e+00
7.565266152497781782e+00
7.562939015737874193e+00
7.562839797692507027e+00
7.558652898895137362e+00
7.566256987058754824e+00
7.560882135972491369e+00
7.556997274920930430e+00
7.561193449382691334e+00
7.560968273565923603e+00
7.558157764763332231e+00
7.556685324953170912e+00
7.558274404272335545e+00
7.558170829878164909e+00
7.558366882955017907e+00
7.553166379171099898e+00
7.558272932942293743e+00
7.554834284952754331e+00
7.554258217636949269e+00
7.554686621026438509e+00
7.554229144936960516e+00
7.551483664942658436e+00
7.556455884729778916e+00
7.548879021148298563e+00
7.553246220472026096e+00
7.551211735376202938e+00
7.551101095252096940e+00
7.547014129871321586e+00
7.550225416747781360e+00
7.552877383838146663e+00
7.546566539798309492e+00
7.551701479159000918e+00
7.545920576408608582e+00
7.551397657579729916e+00
7.544232946324584965e+00
7.544990298076811541e+00
7.549651711955771560e+00
7.540930055929261577e+00
7.543011265083428896e+00
7.547109784661123477e+00
7.541371225750586937e+00
7.544173326529683976e+00
7.541140885960275320e+00
7.545424308140940006e+00
7.537750071993712275e+00
7.541946476078815742e+00
7.542486895066290664e+00
7.537500319060431941e+00
7.539603171230132794e+00
7.539031926790148219e+00
7.537701184108933639e+00
7.539096885320685892e+00
7.538456860547412930e+00
7.535950031244002645e+00
7.536698481999811072e+00
7.537705899975041923e+00
7.532545292264301473e+00
7.535656942015328319e+00
7.534846223668744791e+00
7.538156509983571674e+00
7.531557421545307385e+00
7.532819125440266106e+00
7.536294216289160630e+00
7.526795041054320734e+00
7.530875768591887898e+00
7.531258803814463221e+00
7.534777434946341224e+00
7.527325817406906872e+00
7.528218804407302400e+00
7.533082568079087160e+00
7.525317906468683482e+00
7.528104615879595229e+00
7.523302131867898090e+00
7.532375828819560581e+00
7.523089862820213192e+00
7.527143732788553088e+00
7.530532343290961883e+00
7.524631378251464220e+00
7.524119633314342970e+00
7.528599887652339895e+00
7.523659728001461211e+00
7.521998743489011652e+00
7.526139847744346412e+00
7.520308346150730294e+00
7.521536816015356841e+00
7.523019837457462167e+00
7.520002127941554981e+00
7.518913794509589188e+00
7.517388853919237057e+00
7.517162790785799409e+00
7.520665134189072454e+00
7.518882220530332283e+00
7.516134079198571349e+00
7.517546745362813532e+00
7.518600925499331566e+00
7.515958244785319486e+00
7.514200064536145085e+00
7.516603570662645062e+00
7.515252372099300082e+00
7.514413177899410989e+00
7.516807681573120625e+00
7.519154604259237651e+00
7.510180855324385618e+00
7.512942972966634159e+00
7.511100653138175431e+00
7.511007524482309350e+00
7.516992315608354680e+00
7.509954979233065764e+00
7.511507605886472483e+00
7.509568469089501264e+00
7.515168158268243026e+00
7.508704243333178319e+00
7.510834177350585783e+00
7.513256427115467595e+00
7.508741110257285634e+00
7.506882508012310495e+00
7.511402401316413346e+00
7.508697288761591260e+00
7.508677584968392438e+00
7.510956917358004858e+00
7.507837280667704505e+00
7.505019572394516558e+00
7.509695044564893784e+00
7.507352065109054173e+00
7.503775003851021808e+00
7.503095712073950097e+00
7.509416240173270474e+00
7.503242938735188439e+00
7.505164282574004808e+00
7.502453495211661050e+00
7.501021996130472047e+00
7.503821917251987550e+00
7.505160086210465487e+00
7.499888804376932505e+00
7.504947327141064051e+00
7.501418572359368930e+00
7.501010201402269040e+00
7.507335923193420690e+00
7.497052787881959723e+00
7.497109513508790180e+00
7.494338436611894139e+00
7.499511203450070163e+00
7.501717986697997276e+00
7.499363654821737946e+00
7.494136522180135707e+00
7.498885064296097802e+00
7.494929755982799868e+00
7.498749037658036798e+00
7.495041427480271246e+00
7.498959601862751789e+00
7.489970316086647095e+00
7.497254364704196483e+00
7.493554425885207593e+00
7.493172957642205034e+00
7.494277574793829722e+00
7.489083322069806314e+00
7.492294718184563607e+00
7.494524058261347932e+00
7.490553043351773077e+00
7.489824797220509645e+00
7.495644551737286498e+00
7.491271738453381346e+00
7.490553956358819931e+00
7.490648978932596513e+00
7.489170881528592894e+00
7.489206252416745535e+00
7.488217593873865319e+00
7.487242164685067536e+00
7.482737131602646308e+00
7.489250949363177590e+00
7.485422782627444427e+00
7.486641238411439581e+00
7.485160192618131703e+00
7.484771919782605920e+00
7.487429155703381412e+00
7.487664390489014998e+00
7.485014686626329627e+00
7.480605562626195137e+00
7.483287557046742755e+00
7.487642405518386113e+00
7.481679153209799260e+00
7.482539163392098125e+00
7.485106462774233194e+00
7.482652032900859673e+00
7.482297303144786582e+00
7.483360378515488520e+00
7.481490671961895877e+00
7.481319163268643990e+00
7.481777783636803569e+00
7.484454564184692238e+00
7.479077092049887021e+00
7.479292759023167037e+00
7.480345174178907541e+00
7.478321494413754600e+00
7.475355162112602869e+00
7.476483510987207204e+00
7.478003009830129777e+00
7.475697848958604119e+00
7.476225623142116916e+00
7.472824843362482206e+00
7.477065466312205366e+00
7.473686009062242341e+00
7.475410935383827393e+00
7.474886844242154105e+00
7.478254104882195996e+00
7.472339197088305518e+00
7.475630540928945855e+00
7.470608690399441976e+00
7.472115781886564889e+00
7.470424143730025612e+00
7.473330184259619813e+00
7.466704563321170163e+00
7.473758439903337880e+00
7.468594043967499374e+00
7.473226720065575535e+00
7.468857973249858340e+00
7.465593883426237198e+00
7.468080332893548778e+00
7.467179444466663263e+00
7.471094818624261613e+00
7.469723395630918361e+00
7.467662306811381434e+00
7.469157606245690140e+00
7.468161866096402868e+00
7.468741947494069500e+00
7.464547471620459618e+00
7.471579778173132347e+00
7.463785683939033966e+00
7.466421939871082714e+00
7.467786177894768507e+00
7.468091464621238629e+00
7.464770768326200567e+00
7.466518263847620851e+00
7.462865991659506371e+00
7.462370185501083775e+00
7.463776057505381090e+00
7.461359558125972846e+00
7.468744252509083026e+00
7.461442722972517316e+00
7.462260202850789170e+00
7.463551344585598990e+00
7.460531560616453284e+00
7.465865984542058520e+00
7.463348312266048445e+00
7.461266376166283187e+00
7.459773123813962847e+00
