3.755412439998862624e+02
9.831105040430958297e+01
6.891812290431170140e+01
6.211780954487460349e+01
5.790143520626985918e+01
5.383010563082716970e+01
4.940417976813637324e+01
4.411734202375190961e+01
3.732766910020811224e+01
2.851849582783590620e+01
1.938975434090072270e+01
1.422235663474003786e+01
1.212847592985601430e+01
1.105787928813085585e+01
1.030832361721123114e+01
9.705023809544128355e+00
9.182694166273485337e+00
8.720482838911260970e+00
8.306148240482214007e+00
7.926463643913110424e+00
7.584792802755401908e+00
7.277921247261613935e+00
6.999183209727696919e+00
6.751832374113491575e+00
6.538790786944576716e+00
6.351880145882231155e+00
6.180294983477160997e+00
6.020386360827283845e+00
5.873906203629175593e+00
5.734954711295657148e+00
5.609488888642364834e+00
5.494754302955725755e+00
5.387682080588228395e+00
5.286019577004752890e+00
5.191038824429671017e+00
5.099982204825685095e+00
5.013522184736692644e+00
4.930169371472316264e+00
4.850150808773054045e+00
4.772208959363033465e+00
4.696050272835190498e+00
4.622107606454092021e+00
4.552624606592176271e+00
4.484044886135289509e+00
4.418106015409001053e+00
4.357104244649232960e+00
4.297499205422215418e+00
4.240546255291248734e+00
4.186283347126450671e+00
4.133744968427906841e+00
4.083236886271122579e+00
4.034810138223036802e+00
3.991652000657082144e+00
3.947212065356217270e+00
3.904633331575793065e+00
3.862791396521240816e+00
3.821962079225942777e+00
3.786619679815709905e+00
3.749293400158482559e+00
3.714230140759253285e+00
3.680492095359591875e+00
3.647231825048269815e+00
3.613222096854181498e+00
3.581387900126106416e+00
3.551401042679746656e+00
3.523356154004811724e+00
3.494059265026614458e+00
3.466640497324116055e+00
3.438716711216323940e+00
3.413401182611223827e+00
3.388889462244869311e+00
3.361898186091627938e+00
3.336330066170531072e+00
3.312343466562027938e+00
3.288072593740122063e+00
3.266626345877918780e+00
3.241976979144808979e+00
3.221962950786295465e+00
3.199462998819937898e+00
3.177966551461339773e+00
3.158039265668465490e+00
3.139523254719430057e+00
3.117915394461986622e+00
3.099290469348465304e+00
3.081728932958985201e+00
3.065746569171905467e+00
3.051231221543579952e+00
3.035633538770353468e+00
3.018221964272391755e+00
3.002295423812510577e+00
2.987642848740803547e+00
2.971045057320548022e+00
2.955328252596753469e+00
2.940476411743690566e+00
2.927575538889473084e+00
2.912223803529617516e+00
2.896910312641323149e+00
2.880931523231801350e+00
2.869731177600250316e+00
2.852686960816719353e+00
2.838874412409035486e+00
2.827391978702282760e+00
2.813701261178833235e+00
2.801729964069008982e+00
2.789271004361811634e+00
2.776036763624444514e+00
2.765764405607889831e+00
2.753034542685735442e+00
2.740165810795574419e+00
2.729578972819446392e+00
2.718048796745687667e+00
2.711772142698234855e+00
2.699451218377661998e+00
2.687466226802383673e+00
2.677768014885824499e+00
2.666196158865397958e+00
2.655479160511424741e+00
2.639708507129530091e+00
2.628145126735942139e+00
2.613551701527347948e+00
2.600966642276747898e+00
2.590112983766427401e+00
2.580433386125281725e+00
2.568316182422242022e+00
2.559216234528604694e+00
2.549117379205322553e+00
2.540732043624127634e+00
2.531092348837819639e+00
2.523467411271243854e+00
2.514837577443772343e+00
2.507974764659861133e+00
2.498361478956411030e+00
2.490189000188264501e+00
2.483560242118400208e+00
2.476030276357516602e+00
2.470439076612081841e+00
2.463110588790422550e+00
2.456603630919292680e+00
2.447564214077647904e+00
2.440868802958625405e+00
2.438278424564531033e+00
2.430683538652913978e+00
2.423992855662016055e+00
2.415053180320464232e+00
2.406629385183078451e+00
2.397793031837324840e+00
2.392668274644073279e+00
2.382428918444975618e+00
2.381096061856871504e+00
2.370726204197176390e+00
2.369014036445000304e+00
2.359515114227549670e+00
2.355577094873178901e+00
2.347123647069194519e+00
2.343518739748517099e+00
2.336083850967068720e+00
2.334215663594092938e+00
2.327738563118960879e+00
2.321687736663748947e+00
2.317092751771032688e+00
2.312275358944016812e+00
2.306033444657982212e+00
2.303180575917509909e+00
2.296786507380305320e+00
2.289023092140953786e+00
2.281421906357940177e+00
2.271752715510093168e+00
2.262896273571284755e+00
2.259045988716754660e+00
2.252250072747521425e+00
2.247576486381011485e+00
2.242848220635742074e+00
2.237211599013444019e+00
2.226214429760198232e+00
2.225144536212840141e+00
2.215495364164457026e+00
2.206635638574640179e+00
2.198098784715264653e+00
2.192962034523599169e+00
2.184624044370361506e+00
2.185939606331042562e+00
2.180801233696008534e+00
2.173995910169264967e+00
2.169554646444262769e+00
2.164302743380245087e+00
2.162255005749971648e+00
2.155480888893718916e+00
2.151724638888177221e+00
2.145433528150817892e+00
2.144633353909386919e+00
2.141702308751388451e+00
2.134579737343178518e+00
2.135259308035705850e+00
2.131114768159525052e+00
2.130280624719997906e+00
2.120670003292508543e+00
2.118435655650731331e+00
2.119010010907435237e+00
2.114413736604538574e+00
2.107940269203667949e+00
2.108728204497426706e+00
2.100632317515335412e+00
2.101737366645651139e+00
2.097783535948877010e+00
2.091998994362265218e+00
2.090260031965990084e+00
2.087918677451750415e+00
2.083764965108598766e+00
2.080722772258814857e+00
2.076286779179457032e+00
2.076308567060324961e+00
2.070572846868737660e+00
2.068134324811873981e+00
2.068038004673360852e+00
2.065074978119967763e+00
2.062650741077544314e+00
2.060996227444961360e+00
2.054102494293112979e+00
2.053352453568127345e+00
2.050036720572804061e+00
2.047363647641303963e+00
2.047337030278105985e+00
2.040822798087905010e+00
2.038382187765927167e+00
2.037135813811518315e+00
2.039507327718766749e+00
2.031743127252499725e+00
2.029744336043164399e+00
2.027359545389191720e+00
2.025547509950792247e+00
2.019796149160463461e+00
2.017884206463181673e+00
2.014668277324315415e+00
2.012459209473820732e+00
2.008608185523435008e+00
2.008521174543381971e+00
1.999958627697035363e+00
2.005561432841991287e+00
1.998468030213848889e+00
1.993491234086667285e+00
1.992637845920502748e+00
1.987846511879424627e+00
1.983984122049361476e+00
1.982803761198606241e+00
1.977896791377467878e+00
1.977044562146127227e+00
1.975881251030214836e+00
1.970937136519678168e+00
1.965036403118586739e+00
1.964614198276164236e+00
1.961506348994269233e+00
1.960498628306363900e+00
1.956684129455436461e+00
1.955616066884448001e+00
1.951854161960821621e+00
1.948409392344843782e+00
1.947060549481903990e+00
1.945656681398421961e+00
1.943622530836965234e+00
1.941955268529110157e+00
1.938720694273457168e+00
1.936696113373536532e+00
1.933791491145620656e+00
1.933962129887691006e+00
1.928660929482458153e+00
1.930235193175027675e+00
1.929904819703318175e+00
1.924270446845759208e+00
1.920919299128353908e+00
1.924761626774766476e+00
1.923465537832173666e+00
1.917182127815411086e+00
1.916352956110105366e+00
1.911702281658471891e+00
1.911205812534208404e+00
1.909919343914801892e+00
1.909688355598823328e+00
1.910160689352485619e+00
1.900569724963571794e+00
1.903014170066736455e+00
1.900254112043975097e+00
1.900900661343043252e+00
1.898129504245239518e+00
1.899751278271410770e+00
1.891526661656274477e+00
1.892654509139310770e+00
1.889514937332922306e+00
1.890148420243473959e+00
1.887294374720442702e+00
1.884598127593251071e+00
1.880591809838265460e+00
1.884965209619935633e+00
1.879687389416395682e+00
1.877958769655102556e+00
1.875510280046629674e+00
1.875226029913825920e+00
1.876000086387971555e+00
1.871226438339326004e+00
1.872631232624109687e+00
1.869929069511389486e+00
1.863545258119508885e+00
1.865967135893878970e+00
1.861713533347143956e+00
1.865442177252502276e+00
1.857238483357210201e+00
1.856168221384552730e+00
1.859123695384960362e+00
1.854167001339861232e+00
1.854313327818110091e+00
1.853286437808305820e+00
1.852703711551262566e+00
1.851948271538834456e+00
1.846054440169024424e+00
1.849128944599744750e+00
1.840804503793654012e+00
1.840941151978283230e+00
1.842087897005287189e+00
1.839346257305606303e+00
1.841746361867314663e+00
1.837312821597334223e+00
1.834139335820878847e+00
1.831686125565599399e+00
1.831759969869146909e+00
1.832374855365743960e+00
1.830910348800528276e+00
1.831114042570359368e+00
1.826728407800134013e+00
1.826532707022087365e+00
1.823515311488224988e+00
1.822009474649097349e+00
1.819356862980525014e+00
1.813741929654423268e+00
1.817674693534024000e+00
1.813468286084455094e+00
1.813577444003377392e+00
1.810076664580598793e+00
1.804769424188528815e+00
1.809500265047105927e+00
1.804383442169732454e+00
1.808177369736562179e+00
1.802852794935032144e+00
1.811161545631111203e+00
1.801173222801813578e+00
1.795125004001444369e+00
1.797263251547182250e+00
1.790892810385684486e+00
1.795984605003013046e+00
1.793612875344156921e+00
1.789051228666854065e+00
1.789553528017871598e+00
1.784637722057822229e+00
1.784571817059041665e+00
1.782548663423110247e+00
1.785266879169885135e+00
1.776238124947222774e+00
1.777871763994497423e+00
1.778498381907008152e+00
1.771013481613481488e+00
1.777438778583034340e+00
1.773047820472801517e+00
1.767721719641083711e+00
1.771479437395050871e+00
1.763940801890902854e+00
1.768362675858327071e+00
1.762897572396095791e+00
1.763145083838102201e+00
1.760452505575260451e+00
1.760753564649514269e+00
1.758537459132820446e+00
1.758412535885597094e+00
1.756878670195657355e+00
1.753261937979909257e+00
1.751114122180687849e+00
1.753729969323691629e+00
1.750869806883172730e+00
1.751428166845838019e+00
1.745045874353270854e+00
1.748546467598210308e+00
1.744184140376452641e+00
1.740161756192510678e+00
1.742214468797967486e+00
1.740457332993394113e+00
1.740258246228036043e+00
1.736104842766363454e+00
1.735149730497457687e+00
1.733521344825229127e+00
1.736401377260791135e+00
1.731407993884481522e+00
1.728676392518606830e+00
1.730801422413180468e+00
1.727255236697365248e+00
1.727125245945848375e+00
1.727467740927590034e+00
1.724126692142164075e+00
1.723008406914678714e+00
1.721069583904908162e+00
1.722588442319356039e+00
1.720903356161566755e+00
1.720262990202781284e+00
1.718079136447044908e+00
1.710613170047619702e+00
1.715199115064418800e+00
1.712928794630864671e+00
1.714642178903037051e+00
1.712599717300020252e+00
1.705491883059763181e+00
1.708707615261101154e+00
1.711222910019482013e+00
1.702864436047921926e+00
1.702425063233701463e+00
1.705176849726153909e+00
1.702762409778758368e+00
1.706129528439736198e+00
1.697608539144309425e+00
1.701392859959988568e+00
1.697783245194449231e+00
1.698292045376335935e+00
1.699120208776023544e+00
1.695506073530485880e+00
1.693385690196563154e+00
1.690942182756549172e+00
1.692209845517279154e+00
1.691820779192416024e+00
1.690247473338134965e+00
1.688180514473597071e+00
1.688256779216184889e+00
1.687764204268449530e+00
1.683963271033786180e+00
1.683819817490264548e+00
1.684121805546051176e+00
1.682056332717837277e+00
1.684390521454687262e+00
1.677590898351571269e+00
1.677957160021262162e+00
1.679037123500760620e+00
1.674348664874819370e+00
1.678592432569254944e+00
1.677786750658161630e+00
1.669746499799477979e+00
1.678620255465462341e+00
1.668459194276332269e+00
1.673383180722893604e+00
1.669727648775342965e+00
1.669573337496066179e+00
1.668629458049599945e+00
1.664763156280557155e+00
1.665042860272812009e+00
1.665417337503890538e+00
1.663958765645184856e+00
1.665917035539810298e+00
1.660227018835289670e+00
1.660175216632373107e+00
1.659923935134088646e+00
1.656002034661376632e+00
1.658126927892529467e+00
1.661658304903548711e+00
1.655627826057636698e+00
1.656585499208452994e+00
1.652012031635765155e+00
1.653004943567740748e+00
1.653456661533169836e+00
1.652415452112232508e+00
1.649756176214911774e+00
1.647924804943314170e+00
1.643031068619153823e+00
1.652181517853576365e+00
1.640958349267804151e+00
1.649402527209174574e+00
1.640996342667681906e+00
1.651287070075413199e+00
1.641674799260901763e+00
1.640575232564994268e+00
1.636124248153904448e+00
1.640916849836728142e+00
1.638283169692272834e+00
1.642048872243483837e+00
1.634845959379455982e+00
1.642622789506505976e+00
1.635253310356337364e+00
1.634699693325199155e+00
1.635099257788904525e+00
1.632824491497627761e+00
1.629694368484375433e+00
1.631979573324930044e+00
1.630919134097846168e+00
1.631661587180044171e+00
1.629699343403602230e+00
1.625206731453910036e+00
1.620875651314661381e+00
1.620383912852450203e+00
1.616210251097762063e+00
1.621357894509972475e+00
1.614650501357041135e+00
1.617424233388217614e+00
1.617004640220214062e+00
1.608852166979965359e+00
1.612070742525711919e+00
1.613242866398692854e+00
1.606827916257118183e+00
1.606957058934938232e+00
1.606702873664308306e+00
1.606081632325013331e+00
1.608128192883854224e+00
1.603718649297469767e+00
1.601328726758399101e+00
1.602939698309100658e+00
1.611509600477599724e+00
1.599493067859561357e+00
1.604413053575187709e+00
1.599876984447595518e+00
1.599410222973458140e+00
1.600255343929280150e+00
1.593137750028617683e+00
1.599063805490507528e+00
1.592155926127319931e+00
1.586850939638301483e+00
1.583618418149900009e+00
1.595343496427167773e+00
1.583495212790243523e+00
1.589193430218085901e+00
1.588645480794746989e+00
1.584364255685165368e+00
1.582431138764968770e+00
1.582447542250157602e+00
1.587000189177619758e+00
1.575374785064647787e+00
1.583281750250308262e+00
1.582241147804433146e+00
1.575261799663373097e+00
1.583354480427092037e+00
1.577440576905140945e+00
1.575235483145902116e+00
1.573978763714410256e+00
1.577238131407841193e+00
1.581201481502427120e+00
1.577349004965005852e+00
1.579476223558719639e+00
1.570090047039256254e+00
1.576620950890849526e+00
1.569669660375213605e+00
1.569428470840873224e+00
1.573838557410634387e+00
1.562748365531581918e+00
1.561462570152483131e+00
1.564392083259034338e+00
1.564030880795324707e+00
1.560303078709662339e+00
1.559699363934078598e+00
1.560504480064919930e+00
1.556675181281220732e+00
1.555246428891321697e+00
1.549971494182057929e+00
1.551963972179974283e+00
1.547046191814337890e+00
1.541958766651935209e+00
1.548539323145253332e+00
1.544920298706848660e+00
1.537619695900986017e+00
1.534615106406251206e+00
1.537651651417115017e+00
1.525379821196631402e+00
1.529889620779018911e+00
1.512794115466530087e+00
1.509221676114797406e+00
1.508215244573501979e+00
1.494100954944045379e+00
1.496123683875318022e+00
1.483051446447145594e+00
1.487302194047022796e+00
1.483266668997029525e+00
1.480450640645916360e+00
1.483008833370305313e+00
1.482204299530231806e+00
1.483273001601871144e+00
1.470835396530582484e+00
1.472086248563163835e+00
1.472692180075950263e+00
1.468643475981304292e+00
1.470285157959610345e+00
1.468082081079172596e+00
1.464017902979464880e+00
1.462156665188201865e+00
1.461557295359370512e+00
1.450293587068020029e+00
1.456156888476988653e+00
1.455264103399412257e+00
1.450430056257626887e+00
1.449741535763281242e+00
1.450169355895143397e+00
1.444547910974908200e+00
1.447648758264717950e+00
1.441510925222786677e+00
1.443691607031322155e+00
1.443709117958010824e+00
1.438242932826722553e+00
1.439842871650576006e+00
1.438737843860196319e+00
1.436435951023254054e+00
1.427085602650561391e+00
1.432252058443334475e+00
1.428620223027859071e+00
1.430255603378573603e+00
1.428137073677197222e+00
1.426770574351554410e+00
1.430514684256849023e+00
1.424176421568587037e+00
1.425085371757193187e+00
1.419843258404725139e+00
1.414910769250006473e+00
1.418411036480059950e+00
1.422110335343539589e+00
1.414816727778694494e+00
1.419838226548380433e+00
1.411506148547828188e+00
1.413789636837662345e+00
1.412486327049771395e+00
1.407306911091097623e+00
1.414691797319501676e+00
1.406727036535474484e+00
1.412113303447936952e+00
1.408122288673767875e+00
1.407054597308160515e+00
1.405199844565029110e+00
1.407052703519791059e+00
1.404660396968760550e+00
1.399504547462846249e+00
1.398827136045738051e+00
1.399212878387972481e+00
1.397320123735452446e+00
1.394055019460640255e+00
1.391161175287346508e+00
1.403939797619706775e+00
1.405156082285786256e+00
1.388756101282451638e+00
1.396232344717991403e+00
1.390626311452688668e+00
1.393638297519830038e+00
1.393247688844853505e+00
1.389184011073093750e+00
1.382445782279337898e+00
1.389907292201587596e+00
1.388927616627023021e+00
1.385897762626155272e+00
1.378820481914406537e+00
1.389742260807464325e+00
1.381202550659347272e+00
1.380616439277467355e+00
1.378809496066919493e+00
1.382351996316261600e+00
1.380886397439978097e+00
1.380605301262384677e+00
1.378766863221426275e+00
1.378747401974104614e+00
1.380190450472154273e+00
1.374851668109104530e+00
1.373236864390612100e+00
1.374376703562216084e+00
1.372436347355619590e+00
1.368605734187781087e+00
1.367859889549406516e+00
1.369583609570233618e+00
1.365667065446044548e+00
1.367198373929517707e+00
1.364982277858874937e+00
1.364088333942573561e+00
1.362525540988133166e+00
1.363494469391776542e+00
1.362155680989787454e+00
1.358586141222526189e+00
1.361755365087308656e+00
1.353512318780478063e+00
1.359848506301227333e+00
1.363868036972162967e+00
1.349178228247652100e+00
1.358149877497656588e+00
1.356988541160435213e+00
1.346373835370928917e+00
1.360768395227878402e+00
1.351316532986181373e+00
1.351854865283997009e+00
1.353215207323607672e+00
1.347079118498644590e+00
1.346695407034762537e+00
1.353328483990341669e+00
1.348777003920431872e+00
1.347317164801546729e+00
1.344954302619152609e+00
1.346660946220645805e+00
1.343452742831853897e+00
1.343539215291919886e+00
1.345417167734908936e+00
1.343541097863448774e+00
1.339774783861069851e+00
1.338201231450019790e+00
1.337602808014798361e+00
1.337818594383620052e+00
1.336005066055465873e+00
1.334245464720852370e+00
1.331716545996906476e+00
1.342269830041525447e+00
1.333299496214085611e+00
1.331456693094234200e+00
1.335897354733627695e+00
1.337514814387154471e+00
1.327331390198242866e+00
1.325924696334279451e+00
1.327284635984590899e+00
1.324293045730415841e+00
1.342694472499997183e+00
1.324969988167256085e+00
1.318460363206829689e+00
1.323241003573987440e+00
1.326741505995725712e+00
1.323966004547797892e+00
1.320333853504025656e+00
1.323325815315743448e+00
1.317172142667865087e+00
1.315641984620512073e+00
1.316018481979449151e+00
1.315980641658047956e+00
1.322421490712778258e+00
1.311459226071122197e+00
1.314440191685006587e+00
1.315799850733931020e+00
1.315628867330308926e+00
1.314127244642296466e+00
1.313174040998449144e+00
1.314708913483853658e+00
1.308045712701385588e+00
1.305884235733449694e+00
1.313403888744813619e+00
1.306379383727325871e+00
1.306163619316780933e+00
1.307976459616440712e+00
1.303912857188148644e+00
1.307832632207117651e+00
1.300831983150939841e+00
1.308069321942587626e+00
1.303878634922372326e+00
1.300765433784927483e+00
1.304216601472739212e+00
1.299945771925007598e+00
1.304125421439559007e+00
1.306324721827620161e+00
1.299925033343351632e+00
1.300397669731155448e+00
1.298456593639733425e+00
1.296731430391381057e+00
1.294716726792543460e+00
1.295882478586390052e+00
1.296842045172557745e+00
1.295640606021932539e+00
1.289233398147569210e+00
1.293784918536848183e+00
1.294778758068471092e+00
1.289576758427821490e+00
1.292898086354759224e+00
1.292177598934947325e+00
1.297473221185249548e+00
1.289243932187319919e+00
1.290116875679388597e+00
1.291529246879341786e+00
1.287564722357731339e+00
1.287098400512009855e+00
1.289115280009215825e+00
1.295040395083776108e+00
1.285040028586416527e+00
1.282829550660474327e+00
1.286003440323430391e+00
1.290043287460422849e+00
1.279904101243348524e+00
1.279555541924126905e+00
1.284932384440261366e+00
1.278546914645437127e+00
1.277784441288433159e+00
1.290904144997417236e+00
1.272771771233616178e+00
1.274059365448242165e+00
1.277876341156636064e+00
1.293219073838241862e+00
1.271147753499656474e+00
1.269415442699181940e+00
1.275312571678278717e+00
1.277506309300475484e+00
1.275404035005965442e+00
1.275034129760166168e+00
1.276467955590190773e+00
1.270808896110606323e+00
1.279788564388953720e+00
1.272817056145261194e+00
1.267723635999122633e+00
1.272457440350610591e+00
1.271832667051374210e+00
1.271124322412133134e+00
1.273970573305343246e+00
1.266494152436089093e+00
1.264343241592774669e+00
1.263704847544618870e+00
1.265674426180839918e+00
1.271693934352301047e+00
1.267959138068320391e+00
1.267645113654766398e+00
1.273045994178694906e+00
1.265394959444745338e+00
1.257365685723730753e+00
1.261964048543791739e+00
1.263354499075260762e+00
1.257489457081592432e+00
1.260642106575488031e+00
1.267357695288936492e+00
1.261161198745649248e+00
1.259269397344928931e+00
1.261624584215611300e+00
1.259749788207704890e+00
1.259687734691482763e+00
1.258919630574834470e+00
1.261042801554137727e+00
1.262595197072937436e+00
1.254413909473498956e+00
1.255302355036514328e+00
1.252901233145893078e+00
1.250978359133307682e+00
1.251098180461783782e+00
1.256429080535323317e+00
1.248150525249546616e+00
1.244358481080114043e+00
1.248595628232198385e+00
1.253996134100776150e+00
1.244944240710777805e+00
1.238625748948007477e+00
1.237814817252620658e+00
1.247720453782348748e+00
1.239842509660558312e+00
1.240121019021477977e+00
1.241583425074429092e+00
1.246078278325515543e+00
1.234601403049423896e+00
1.228355081610718713e+00
1.235381695431350790e+00
1.232844056625681084e+00
1.226712156771217366e+00
1.238351463134400365e+00
1.221950282980300395e+00
1.224567720662119052e+00
1.221656380616843451e+00
1.230000568854375365e+00
1.232190581275378616e+00
1.226255676891095936e+00
1.231720773753188780e+00
1.223758150577373582e+00
1.227004280325306729e+00
1.221516294178874196e+00
1.220395613911472443e+00
1.225439301704707384e+00
1.215950510954622699e+00
1.219107806774815783e+00
1.220067254384741728e+00
1.224083180214581068e+00
1.220269151006462716e+00
1.220048431416230539e+00
1.226237568817252654e+00
1.210514216227947193e+00
1.217036429549170684e+00
1.213866653706627607e+00
1.216793325287380823e+00
1.218837378306311114e+00
1.217758969225838150e+00
1.215132461438352740e+00
1.213485502402403382e+00
1.214593182106143310e+00
1.206738843968110153e+00
1.208201798263713433e+00
1.214709076072509442e+00
1.212842656974183919e+00
1.212126142621397840e+00
1.214184144898117657e+00
1.205851140615246786e+00
1.216113301778049438e+00
1.200597936741917726e+00
1.204787681706451563e+00
1.210335104469408174e+00
1.204187286256821476e+00
1.201827608556002902e+00
1.206844596298869199e+00
1.208529155707787739e+00
1.203519467745433280e+00
1.202949235924760885e+00
1.206340351963228752e+00
1.197820500710490954e+00
1.203075904714610678e+00
1.205385838458764569e+00
1.194762979330467934e+00
1.210496710083288407e+00
1.202590086905218625e+00
1.198662224945090893e+00
1.195480878548337289e+00
1.193999825657437119e+00
1.202972599376941121e+00
1.198856719634719958e+00
1.193349602148188415e+00
1.202993759256317574e+00
1.187354526566750890e+00
1.199883264078432266e+00
1.194960235697480888e+00
1.192133031354000616e+00
1.199832665745155458e+00
1.196351776121578281e+00
1.190075882944990449e+00
1.198390102906691679e+00
1.193531513142677358e+00
1.186453079170566305e+00
1.190637387761773081e+00
1.188846125500762740e+00
1.184616513417087624e+00
1.188546512859212978e+00
1.185057253860479998e+00
1.185425821257932943e+00
1.188840546615253846e+00
1.181797925434057372e+00
1.193046357469893737e+00
1.174721304912448305e+00
1.182046534170046792e+00
1.176786825840568929e+00
1.177449446350425699e+00
1.183742354055059787e+00
1.165575861900998156e+00
1.176775158149161893e+00
1.166786655112750148e+00
1.167755814124145752e+00
1.159449228415605937e+00
1.163084321446256286e+00
1.156093627940564916e+00
1.171680560841597663e+00
1.150238109333892478e+00
1.171638096825679431e+00
1.155771559847998509e+00
1.166863394364911821e+00
1.164680433503477497e+00
1.158894651428725053e+00
1.154254108826668679e+00
1.150499454365581542e+00
1.157964501204000518e+00
1.150043079265578472e+00
1.153482546609530424e+00
1.143070203710180532e+00
1.143362004505967144e+00
1.149768865636127790e+00
1.150606843341266616e+00
1.145995385947127021e+00
1.140099559833644305e+00
1.150545624875654038e+00
1.137539400309742321e+00
1.145351753463938138e+00
1.146138686802864681e+00
1.147090321598537299e+00
1.145752565665011602e+00
1.137396506396730622e+00
1.142566297195342528e+00
1.143391795303432046e+00
1.146682772731389521e+00
1.133547385401075358e+00
1.141961731478409403e+00
1.135869948262510976e+00
1.136572730207116910e+00
1.143829397997162323e+00
1.133236360591093783e+00
1.139734390534919983e+00
1.131521535648872145e+00
1.134473282587038723e+00
1.135416854261899422e+00
1.135836542550753725e+00
1.134249599284745669e+00
1.134284265455360208e+00
1.130901170307791803e+00
1.129058935108144590e+00
1.135814222836269538e+00
1.131043843311013486e+00
1.128109946025448451e+00
1.129875084593450429e+00
1.126725777162232989e+00
1.127590155648795722e+00
1.131163046464890298e+00
1.121889643017029980e+00
1.134970306519050398e+00
1.126922998247389618e+00
1.122211238249977594e+00
1.121828301428010599e+00
1.122679111544765407e+00
1.123603825129151135e+00
1.114317703379997804e+00
1.122273138384414892e+00
1.127670949030342928e+00
1.111454156851545694e+00
1.135879007681874331e+00
1.107771060073321490e+00
1.117021596364945468e+00
1.116424565396982649e+00
1.124900814193852572e+00
1.107604488110654817e+00
1.121490063007011040e+00
1.114455298131397543e+00
1.124603575308101844e+00
1.111867311154206783e+00
1.111217943281205711e+00
1.122794909774476935e+00
1.106998069988204936e+00
1.111952616505831548e+00
1.113969256634154137e+00
1.108965102357724275e+00
1.126954992170777770e+00
1.106666872274213009e+00
1.110084749470430454e+00
1.108974497564483075e+00
1.110580188312291883e+00
1.098479625241547852e+00
1.105375566070967208e+00
1.106385373565466734e+00
1.113138624906651275e+00
1.097969756146884412e+00
1.117307120567950562e+00
1.096096942141068231e+00
1.116160542247849996e+00
1.103562302797236105e+00
1.105603326981657419e+00
1.093386408526330511e+00
1.106620599493446822e+00
1.092628079503767946e+00
1.099639024482147232e+00
1.092511996360175930e+00
1.101160206251558638e+00
1.099852460143142086e+00
1.103524929026048262e+00
1.096797087003763105e+00
1.099860666278172694e+00
1.093126484497264128e+00
1.098536388392936880e+00
1.100262911062715121e+00
1.093604081248888971e+00
1.094621305444229975e+00
1.102290138674507425e+00
1.093138238414445462e+00
1.084891705705509635e+00
1.082417058014980116e+00
1.100770297352020366e+00
1.093640080315733565e+00
1.101536495709492192e+00
1.091604688999596506e+00
1.095597426123583462e+00
1.096244488772615933e+00
1.092000933497045301e+00
1.083945096147445941e+00
1.075431400722254072e+00
1.085599476899771210e+00
1.092934554698020921e+00
1.080604079630598013e+00
1.092370165843304708e+00
1.079716299492000653e+00
1.084601675686381661e+00
1.087141519545447688e+00
1.082067216426045642e+00
1.096944725042293234e+00
1.078815442400391955e+00
1.089460315916594091e+00
1.079379939536864397e+00
1.087298143433667708e+00
1.086874934131649262e+00
1.069685446328050071e+00
1.092074595379414870e+00
1.082759885736869876e+00
1.080029859599819897e+00
1.077298833243746756e+00
1.076265411121517745e+00
1.088280966890639023e+00
1.082005299581167312e+00
1.071267480224008528e+00
1.076926899109760027e+00
1.079979889421600836e+00
1.073142522952023059e+00
1.071353707289312673e+00
1.075963630733438148e+00
1.075177000051133813e+00
1.079190526733173394e+00
1.074024901262366383e+00
1.081717806674160398e+00
1.073331288350454882e+00
1.077406956000963811e+00
1.067325017373242479e+00
1.077155199564514554e+00
1.064340696930977437e+00
1.073465392962652309e+00
1.080703257706143727e+00
1.071675394740200460e+00
1.078867590875399518e+00
1.070963990488503326e+00
1.075671555411694014e+00
1.066347678218386275e+00
1.071671503009929749e+00
1.069138922856277985e+00
1.067664889856775545e+00
1.066276061103048400e+00
1.058626678723253889e+00
1.066143184059932691e+00
1.066638564538560097e+00
1.060019467976944352e+00
1.066245196357816782e+00
1.063270065240964124e+00
1.056081682117176346e+00
1.071692687918964548e+00
1.063695528917722788e+00
1.070964325183174193e+00
1.061010198185628139e+00
1.056512753417211625e+00
1.069934476174531079e+00
1.058642977907790605e+00
1.064453331324038299e+00
1.048020587802079406e+00
1.069121337495991808e+00
1.059587174350027139e+00
1.055575637146351387e+00
1.065423373677727659e+00
1.057979888759821741e+00
1.056595962354560658e+00
1.050832262283436291e+00
1.052019925573178805e+00
1.060998764706187369e+00
1.052936075837556107e+00
1.051584938991701135e+00
1.053769298671372256e+00
1.053070770348759844e+00
1.059932081727206876e+00
1.045686269359387799e+00
1.053211644515930079e+00
1.046570528339608064e+00
1.043546515510253458e+00
1.046428338499152622e+00
1.052187964846498014e+00
1.050820020748934880e+00
1.036726124977461749e+00
1.039936988964946796e+00
1.052573357000765375e+00
1.043701636849839742e+00
1.046171869797430931e+00
1.040921329953375940e+00
1.045841432899375922e+00
1.054665415017214780e+00
1.039102708590309065e+00
1.046321089230201951e+00
1.035182345611574073e+00
1.047187843527335849e+00
1.041123573870114782e+00
1.044112218027014372e+00
1.041520371155780778e+00
1.031691608838848806e+00
1.049088852180058540e+00
1.030547779930794050e+00
1.047450344371899877e+00
1.031338783792152158e+00
1.054300683368544433e+00
1.029125708105072423e+00
1.047525871440996736e+00
1.030614662915472213e+00
1.054156236140610270e+00
1.039255667760760504e+00
1.036948182297917409e+00
1.038097633542624409e+00
1.038230513398367583e+00
1.035971433387918639e+00
1.027704635772680897e+00
1.042690345071437541e+00
1.035009155441591888e+00
1.035635901661783320e+00
1.029489725611486328e+00
1.035560365398381588e+00
1.036021918245334072e+00
1.045764670847686206e+00
1.027265836705102409e+00
1.027564891469238129e+00
1.033016082827900251e+00
1.030275365804296905e+00
1.025005224143295424e+00
1.032507407426540569e+00
1.027066076198377642e+00
1.037089521282629434e+00
1.023650674483081113e+00
1.041207277666818642e+00
1.019663047774858056e+00
1.032717112328776166e+00
1.034194930777182497e+00
1.022498172550276863e+00
1.031542310845437127e+00
1.025672647457410713e+00
1.033652966040180976e+00
1.025556188122687340e+00
1.030532163811338719e+00
1.026856131956258134e+00
1.021252480959390141e+00
1.029827786511722021e+00
1.031059067724279465e+00
1.022425079418028071e+00
1.015692057051968744e+00
1.036081490278030204e+00
1.015984689996424217e+00
1.023991100604678239e+00
1.016225402231244690e+00
1.028035306479260447e+00
1.019239155613261838e+00
1.018118020240072807e+00
1.020928967380382302e+00
1.022220215122371600e+00
1.022849030091836697e+00
1.022312557688988210e+00
1.018650596345962667e+00
1.013757066017513697e+00
1.026570770395001775e+00
1.019111248810009807e+00
1.018996141298127212e+00
1.011454912658751537e+00
1.020831836126421477e+00
1.016817463069929373e+00
1.018953765449691407e+00
1.006665645213057347e+00
1.018285333969011219e+00
1.021519619467156748e+00
1.015723026971768084e+00
1.014498513073671893e+00
1.025080610181980267e+00
1.004130953886548605e+00
1.016982093163363521e+00
1.014958344455476391e+00
1.024273547843962184e+00
1.013474232846894862e+00
1.009613313546251723e+00
1.015481110756411454e+00
1.012393904999054017e+00
1.006259532129398560e+00
1.015779576281510721e+00
1.008775983667794307e+00
1.002882347279275610e+00
1.009975271344289549e+00
1.011643476866257441e+00
1.009856171490240095e+00
1.000584805557248158e+00
1.016218185293684684e+00
1.001595904318284491e+00
1.018974030909461481e+00
9.937652237745484562e-01
1.010298033743773916e+00
1.011460899228938892e+00
1.005488659890961145e+00
1.012092854837160383e+00
1.002560408664037839e+00
1.000567924469432102e+00
1.008027517663710126e+00
1.012739248792250857e+00
1.006826602456501574e+00
1.002929429608653500e+00
1.005398283211861310e+00
1.008433002973934345e+00
1.003444151826005326e+00
9.970663566116279020e-01
9.905469317873336621e-01
1.003052081740252843e+00
1.000234915949387515e+00
1.004945401631453628e+00
9.985102659217454102e-01
9.952770578165966997e-01
9.954992827383676302e-01
1.002187148222270840e+00
9.959506051550146566e-01
1.009551506841113167e+00
9.825731973275861897e-01
9.982496225243250310e-01
1.005104406640416226e+00
9.969006675391610672e-01
9.925486653833092143e-01
9.995114652299085245e-01
9.825802220077354265e-01
9.887306772211225114e-01
9.882547287434572114e-01
9.995689464545770564e-01
9.907380015756181990e-01
1.002022146240173939e+00
9.887528323127954266e-01
1.004040760647331387e+00
9.915187655836201763e-01
9.789399750844998138e-01
9.973453251613529913e-01
9.876535395621663938e-01
9.844883778263296970e-01
9.831184857565847812e-01
9.905576439674655953e-01
9.964442864831828395e-01
9.975283276073264593e-01
9.884468618849715504e-01
9.811731311602139849e-01
9.815258195311767908e-01
9.876930205733565060e-01
9.830298093764547884e-01
9.867451893683849562e-01
9.864665648626131933e-01
9.783825406674835357e-01
9.865659683294110138e-01
9.805795204218723526e-01
9.913210579744031747e-01
9.802591566912055576e-01
9.895059371356752509e-01
9.714893197104178535e-01
9.910593980215693932e-01
9.914458736481481793e-01
9.801163040329984311e-01
9.910932098714622107e-01
9.831359469466408596e-01
9.806720648361252346e-01
9.767325311199380744e-01
9.927116704366154565e-01
9.828239306037525047e-01
9.746280289336656244e-01
9.876926992422681018e-01
9.679157310064986364e-01
9.741477496033702499e-01
9.770269222686835953e-01
9.817776737407056808e-01
9.656102538363272592e-01
9.871934129626566135e-01
9.832453790966458884e-01
9.784536749586510984e-01
9.697204653953902520e-01
9.758444393133943739e-01
9.850170462487396472e-01
9.686200293304142450e-01
9.781174811962189963e-01
9.666297310102279772e-01
9.801122156562187548e-01
9.827048013313294250e-01
9.641513396614934672e-01
9.787153651797853016e-01
9.706143724810939455e-01
9.758790327039452706e-01
9.674597675195290014e-01
9.742220915371175849e-01
9.633726687396517718e-01
9.728874075338014293e-01
9.612181233048535667e-01
9.747384974874804264e-01
9.767272998804187312e-01
9.730233218133546025e-01
9.656260499170890022e-01
9.771833104193622388e-01
9.704879365356382515e-01
9.682277209554309705e-01
9.683881657488022654e-01
9.685909998565603862e-01
9.723937973640065513e-01
9.628417677788991824e-01
9.785525778861011714e-01
9.674230141582255138e-01
9.784668390831051665e-01
9.602640654571578116e-01
9.763318824336472135e-01
9.651566554783815866e-01
9.618068380405598861e-01
9.703844251331962267e-01
9.616839012234814632e-01
9.585963091194938945e-01
9.708073625047562993e-01
9.575595336938881319e-01
9.624181334174363167e-01
9.702936038842734368e-01
9.667589130250556773e-01
9.552983384975332060e-01
9.618962145045042433e-01
9.574880080225738332e-01
9.597923795164593486e-01
9.689481098458795350e-01
9.682615255743871607e-01
9.571141709220216676e-01
9.651162255603055184e-01
9.607448661091161357e-01
9.585838809400906158e-01
9.624830377383076785e-01
9.531888683453919597e-01
9.647868161258520425e-01
9.513253678457266327e-01
9.483023521963147573e-01
9.662511339848807168e-01
9.502388040468973118e-01
9.649732754137233526e-01
9.613513539257333429e-01
9.522273284693621997e-01
9.615106956513574943e-01
9.601364857047759438e-01
9.439090263106635348e-01
9.594854485810877520e-01
9.476584632224067661e-01
9.549513180222096720e-01
9.559861010601041764e-01
9.462917814883463619e-01
9.586644337675190863e-01
9.533691333842818638e-01
9.543103048456335058e-01
9.697038333569336643e-01
9.407193813218134304e-01
9.436304268476831680e-01
9.432604744402498520e-01
9.601443442828488939e-01
9.452688476074574409e-01
9.456333677788948400e-01
9.491678642991633330e-01
9.497844574664030537e-01
9.486146815299765223e-01
9.477840501105464499e-01
9.438949280044791612e-01
9.464558768596256222e-01
9.448718460967732158e-01
9.426247951463291308e-01
9.445378795990219123e-01
9.463295032824761144e-01
9.495411820213890408e-01
9.424801163239298063e-01
9.409592186488900944e-01
9.395450788999699654e-01
9.471026292042362682e-01
9.460592029162225858e-01
9.469716530880708527e-01
9.377001036649920129e-01
9.537250470390596924e-01
9.308266162901487339e-01
9.542339377967987701e-01
9.509251412698122019e-01
9.330470028449485698e-01
9.359452986358864912e-01
9.449080493096310152e-01
9.447244954051411403e-01
9.321197603289376188e-01
9.421193557154116105e-01
9.346245449048086185e-01
9.399457855127231198e-01
9.403064576085351511e-01
9.366770607383787528e-01
9.365098527784884164e-01
9.364760254711844700e-01
9.357916262578530597e-01
9.347732770230737787e-01
9.418741779716005569e-01
9.338825374263569623e-01
9.461941334035990359e-01
9.432954654527283544e-01
9.294318474534608576e-01
9.383340477127392054e-01
9.280006675291622154e-01
9.265273682536704358e-01
9.295508113011193840e-01
9.289100180267443330e-01
9.510095398110881559e-01
9.337772871736013114e-01
9.369313310741329559e-01
9.439691019183956699e-01
9.311914755340030547e-01
9.324136099418224299e-01
9.296446417632077130e-01
9.286418925824290183e-01
9.314620195608814823e-01
9.284212671491315350e-01
9.447289716905613588e-01
9.122508511568799827e-01
9.336325478295689484e-01
9.281169972847198579e-01
9.430688928046393471e-01
9.362082520776642269e-01
9.297511345028407481e-01
9.075572105968964243e-01
9.435145057521651113e-01
9.200440292724990643e-01
9.410449938974924100e-01
9.292816950885467442e-01
9.114192155123169714e-01
9.266206857537094832e-01
9.355966259800215790e-01
9.378080690002011943e-01
9.208352466478131326e-01
9.224089678633310418e-01
9.282868249143843009e-01
9.282533322707507972e-01
9.167286346030513178e-01
9.170666715859078222e-01
9.178302541104210732e-01
9.469534889647213127e-01
9.358616729968427528e-01
9.087968372946275686e-01
9.396284230875484589e-01
9.062503883262423843e-01
9.270493318044409348e-01
9.276664979415299994e-01
9.317882942533106672e-01
9.213420995791660184e-01
9.216987346827137939e-01
9.056249919893445410e-01
9.205348584904412546e-01
9.196003449738583413e-01
9.348586660697061346e-01
9.265792526870625379e-01
9.080486380525741863e-01
9.318267816610908971e-01
8.957314733747073765e-01
9.236082279154361752e-01
9.249226289110247246e-01
9.069615344541598345e-01
9.355745852914986171e-01
9.157390410370903622e-01
9.145327461490776466e-01
9.286704613065109859e-01
9.181259540635494654e-01
9.252512798857032150e-01
9.038854308871228094e-01
9.150281290810492463e-01
9.309426625199356264e-01
9.066916289435066334e-01
9.149764581952246623e-01
9.177089687883688285e-01
9.002739798493940571e-01
9.261275680054863457e-01
9.074366487376951396e-01
9.285884589798524269e-01
9.154738390570348328e-01
9.226889320040507769e-01
9.262793426014952480e-01
9.154927664596547165e-01
8.939403510031223021e-01
9.032601048855878334e-01
9.142922764507970257e-01
9.197383457067590529e-01
9.257176892562832826e-01
8.955156477336504439e-01
9.209807233182102371e-01
9.121133435832851077e-01
9.206168634317662969e-01
9.047595252382896192e-01
9.161257486152299956e-01
9.056975922046642813e-01
9.098243420443855589e-01
9.250598563914067540e-01
8.948549666091100141e-01
9.006814121033616116e-01
9.148011271386610188e-01
8.996930464917842762e-01
9.089469348927509129e-01
9.195753235071649767e-01
8.918248280323424204e-01
9.047749451307688373e-01
9.108728388402078657e-01
9.113630704783558523e-01
9.100967512803975756e-01
9.112063665149574554e-01
8.924635126300292098e-01
8.963179444609554736e-01
9.051366894168783039e-01
9.034439345141650479e-01
9.088798218567122333e-01
9.050290186114610114e-01
9.069525998016062518e-01
8.956997614776348593e-01
9.081542343807648132e-01
9.031038647980186296e-01
8.927894808995965326e-01
9.056098669051243499e-01
9.073582967738933469e-01
8.888911814708837511e-01
9.125033944918846673e-01
8.961894159084432543e-01
8.961105473786176168e-01
9.130810976274057467e-01
8.922800684302173435e-01
8.932064255984440981e-01
9.138808162469288510e-01
8.985907343392320890e-01
9.034287477835684088e-01
8.958742779472893547e-01
9.006701849810556659e-01
9.070274057592970784e-01
8.877776663580688732e-01
8.952465537548831565e-01
8.893563931816531598e-01
8.990254663931875889e-01
8.982189128692881219e-01
9.022226209234590621e-01
9.069064597056283317e-01
8.917581117770980725e-01
9.012229733577883373e-01
8.890201968661792797e-01
8.985501851466674017e-01
8.895192281486176133e-01
8.996180673490511426e-01
8.971067885373037454e-01
8.955978152933186109e-01
8.889103252142649403e-01
9.046898893936820008e-01
9.026419188239636071e-01
8.808223396237941927e-01
9.055656601029814512e-01
8.921621592943592693e-01
8.871369919570587514e-01
8.879704595452637683e-01
8.936809785724081356e-01
9.175536946914206737e-01
8.801625455287399591e-01
8.917408968415353465e-01
8.786295737481789603e-01
9.036404344118514897e-01
8.840551974763585230e-01
8.811861902533292268e-01
8.987101110187459829e-01
8.822720892560956818e-01
8.995585320726761092e-01
8.854011775341992241e-01
8.929727906683250227e-01
8.880116503129746874e-01
9.027839414276321861e-01
8.710838905622027006e-01
8.886347177879728720e-01
8.847031005187372399e-01
8.808817782819762243e-01
9.026021827846202328e-01
9.009600668079645880e-01
8.788740922018364321e-01
8.815830605279056931e-01
8.854658537804963592e-01
8.910764369258420414e-01
8.840644091487871448e-01
9.091564710743070821e-01
8.721193757654849277e-01
8.896971683800685149e-01
8.808847349075218380e-01
8.748135467388813424e-01
8.883022777205340503e-01
8.998116181419940629e-01
8.788649132497426963e-01
8.962857237741205241e-01
8.948636694283980120e-01
8.762402082464545439e-01
8.955262567804905816e-01
8.818318102790739799e-01
8.808047658693124449e-01
8.867731589664470393e-01
8.788726879296840933e-01
8.670959453879755197e-01
8.922365978706513490e-01
8.874684525237325206e-01
8.867330814589354793e-01
8.951323555545976918e-01
8.883068051391002085e-01
8.904507818272850983e-01
8.747407050816796703e-01
8.714880070748880492e-01
8.937003031610118997e-01
8.746117922784191201e-01
8.827920534561980448e-01
8.765416362831439656e-01
8.856281475253532376e-01
8.736632191925265412e-01
8.831073498250091580e-01
8.724634402136014488e-01
8.794302694332810644e-01
8.849757861231656308e-01
8.962750129045796710e-01
8.836037257767762609e-01
8.719692721421489212e-01
8.872603055235561698e-01
8.787396752779521591e-01
8.821482854635612769e-01
8.734906529836838907e-01
8.801371322585399559e-01
9.054734731067856091e-01
8.912510905527182281e-01
8.726236313817804513e-01
8.630837536276865229e-01
8.898890127250416171e-01
8.800354268458644436e-01
8.759087491360449951e-01
8.675971257157356620e-01
8.705994427332676144e-01
8.856691664275686549e-01
8.686945471820720632e-01
8.849951801664582840e-01
8.767363775139118687e-01
8.836812947379401040e-01
8.796293042122909078e-01
8.920156736236194428e-01
8.648246832690422714e-01
8.964714703385823213e-01
8.686709530823728542e-01
8.958000958906738864e-01
8.710025118280645406e-01
8.715892046973622298e-01
8.812438538781490749e-01
8.686495226355074317e-01
8.896079234851655970e-01
8.813723185952029304e-01
8.737584252241661353e-01
8.502406179200123759e-01
8.689129971176129397e-01
8.713214084207363541e-01
8.819245595082513267e-01
8.753662291085858582e-01
8.660132725630370620e-01
8.922692647857219939e-01
8.792770046387458072e-01
8.674527323468598228e-01
8.661770166751000533e-01
8.695836289993188473e-01
8.574865833707642215e-01
8.624501297254322241e-01
8.662917935751774934e-01
8.847535361320882918e-01
8.868610614429196515e-01
8.766635028584275346e-01
8.672100791639109074e-01
8.681480892229993529e-01
8.643487173822615999e-01
8.664446426295961956e-01
8.819339702812235560e-01
8.707054911788073559e-01
8.616459142106404068e-01
8.750028300832716210e-01
8.617142671902877638e-01
8.694155899497580942e-01
8.856149038699596687e-01
8.681846828625477963e-01
8.729417887534883791e-01
8.686877231448334458e-01
8.670159169601777682e-01
8.893653548616801130e-01
8.764462489909962128e-01
8.548824328221181768e-01
8.553504256222165258e-01
8.629372155572537784e-01
8.746289356222977096e-01
8.655919701743651773e-01
8.860926613450939016e-01
8.650805412232710490e-01
8.592222994194073094e-01
8.692882118177763795e-01
8.605374167457857659e-01
8.750134048665839659e-01
8.675192663352260247e-01
8.713354322067270452e-01
8.632587104815168111e-01
8.519826301153012871e-01
8.731605431856231947e-01
8.809868648889289666e-01
8.623178931631890753e-01
8.628103661551519421e-01
8.704536596847285423e-01
8.544975809424205648e-01
8.613678221434657445e-01
8.574729476074569590e-01
8.683104115542792378e-01
8.698231188060959740e-01
8.647990490474377623e-01
8.738191988180989966e-01
8.562724836059927291e-01
8.674388688988083906e-01
8.599336470990638359e-01
8.515822093084296496e-01
8.682579620975358070e-01
8.686700781988339060e-01
8.786100834676213722e-01
8.610505033460209567e-01
8.574876841321609211e-01
8.701274709532830220e-01
8.745412040243346619e-01
8.582052110553712865e-01
8.695808309539891923e-01
8.743978036202036952e-01
8.708265661496902288e-01
8.431269044917506505e-01
8.688819523230706388e-01
8.613522885513805738e-01
8.568481953714427446e-01
8.603618020876654393e-01
8.578907936108199905e-01
8.674930421827257154e-01
8.588177775221016441e-01
8.686031443879896896e-01
8.662322972664949772e-01
8.622401052720713999e-01
8.665260953446901615e-01
8.417264387145566573e-01
8.582544811547977437e-01
8.509971460447861569e-01
8.539175670701572018e-01
8.528577951057845219e-01
8.577783369289537774e-01
8.783634043952405213e-01
8.689276796048076568e-01
8.488623417210693356e-01
8.663489481057289332e-01
8.569607706173946182e-01
8.454708055109921849e-01
8.691619046132998960e-01
8.501818164803846001e-01
8.597977301447864429e-01
8.503775132274267179e-01
8.619194073321891914e-01
8.673620070119216763e-01
8.508225277386168850e-01
8.526441894932781373e-01
8.562332878853973206e-01
8.576621426206801901e-01
8.635998063903764788e-01
8.676363076631665727e-01
8.616234716820954098e-01
8.533687960876575884e-01
8.653828485350815169e-01
8.580928578282415176e-01
8.449638439926854261e-01
8.537165739328059777e-01
8.371681051744510604e-01
8.565253247637878431e-01
8.580357463867969159e-01
8.536622499329059588e-01
8.452838089911612895e-01
8.604779346902137194e-01
8.682009982126759340e-01
8.522885517691946022e-01
8.480734926540067775e-01
8.478394388683409000e-01
8.467946662091317966e-01
8.578722753837760839e-01
8.529929907779143505e-01
8.477038848172725460e-01
8.624354731038312849e-01
8.469656010835412419e-01
8.604237484917679479e-01
8.560355952726547146e-01
8.470118583250298983e-01
8.645878328201184182e-01
8.474412759971299280e-01
8.438672787500663963e-01
8.595524126355233996e-01
8.411240310838378198e-01
8.532864277551265308e-01
8.632996508577708283e-01
8.450948074465060023e-01
8.510641347701777271e-01
8.446407987147668273e-01
8.395710692711340073e-01
8.547196893932511585e-01
8.519759942394128371e-01
8.550074794180448912e-01
8.514635799568720520e-01
8.513977007502075978e-01
8.567041129554242573e-01
8.316366849051112231e-01
8.398739458919094458e-01
8.521266839205585697e-01
8.412018197729395075e-01
8.432601388900787809e-01
8.519528234760875840e-01
8.405945783282881001e-01
8.607908201180785035e-01
8.375335790319166085e-01
8.358280793542350873e-01
8.640021819976563267e-01
8.420322322174379481e-01
8.340113650819868107e-01
8.566218268369915068e-01
8.376341117299803685e-01
8.382579042796073354e-01
8.528434852942154976e-01
8.462808190427336674e-01
8.446202572090223404e-01
8.436929984248191516e-01
8.445347383594642432e-01
8.315066285502289434e-01
8.507225138037224355e-01
8.333286058675311025e-01
8.530320645774512878e-01
8.513167848139926441e-01
8.354510417805265377e-01
8.448430855590101096e-01
8.460364613703998948e-01
8.295889939195952856e-01
8.503426582878971240e-01
8.260558871887647703e-01
8.327747506177147763e-01
8.486289683994850952e-01
8.215375635370897323e-01
8.587800621474229734e-01
8.226744492076961679e-01
8.355576443847234636e-01
8.735066347145400423e-01
8.510902859778792795e-01
8.351411027082775718e-01
8.171202308609153420e-01
8.193823390481796975e-01
8.524781079328417333e-01
8.320305737937413459e-01
8.328989238733016665e-01
8.440420358009207424e-01
8.149155541523200874e-01
8.288931440199106548e-01
8.330634085483520357e-01
8.297426797140325938e-01
8.317731590660080165e-01
8.188257598756627509e-01
8.535516695807007226e-01
8.151598152667508534e-01
8.397378078615664876e-01
8.276475988529748973e-01
8.360975410807059971e-01
8.251235530618044045e-01
8.177059145426092135e-01
8.462509519437165784e-01
8.048672112290978786e-01
8.264823339789978407e-01
8.390576182032973840e-01
8.292845791337536410e-01
8.248179168297170571e-01
8.279135861559078213e-01
8.212495047847562235e-01
8.315595614008232106e-01
8.219882514096631398e-01
8.312908612562318611e-01
8.292175343887510097e-01
8.009365604583229548e-01
8.143659302429365754e-01
8.234872832145415655e-01
8.341285626605503545e-01
8.168102659806836252e-01
8.333817829728263904e-01
8.146429379902911938e-01
8.240981132891627148e-01
8.197330150293390405e-01
8.255949833961343520e-01
8.086367131391168916e-01
8.196242484665511308e-01
8.119062856072086776e-01
8.190135146413179967e-01
8.072276553607270477e-01
8.129707666059745597e-01
8.292905494623483698e-01
8.265919856198613580e-01
8.066438449407825617e-01
8.028981738352198860e-01
8.513072463040868287e-01
8.205789817844363343e-01
8.135827123372602054e-01
8.113005480334103403e-01
8.197673688788694735e-01
8.197631012333554956e-01
8.089633208526318953e-01
8.108416680616543637e-01
8.057788592642706194e-01
8.064468086109791711e-01
8.157458229047670484e-01
8.199806898197601335e-01
8.239928149690808334e-01
7.934765765721646380e-01
8.121271693652573065e-01
8.023123028831574688e-01
8.125661374868822229e-01
8.114306928128200980e-01
8.105004705887917105e-01
8.278485133646454885e-01
8.004998124883214716e-01
8.178418953270966130e-01
8.061016517145999094e-01
8.048438682801323241e-01
8.117927183158776261e-01
8.051689418729566228e-01
8.145095198063933006e-01
8.020182634391913590e-01
8.175521297591226144e-01
8.134664327164058406e-01
8.064952002404668363e-01
8.281394101266797980e-01
8.151942239290246306e-01
8.187380470577297897e-01
8.279819114776539868e-01
8.179053776357281258e-01
8.181663698558517828e-01
8.144231056141745251e-01
8.028218878718539342e-01
8.195031016613909536e-01
8.053212474846098701e-01
8.054642086150796132e-01
8.040788028697224421e-01
8.055312999852851652e-01
8.256274133195092846e-01
8.029413611828744024e-01
8.057987158976170905e-01
8.161917637090607691e-01
8.146829773046956324e-01
7.952848201142715956e-01
8.268491911807172023e-01
8.058388275562635705e-01
8.055304642215799227e-01
8.129881460697495621e-01
8.103853620472910579e-01
8.097277496430717036e-01
8.021472014510026005e-01
8.133059958354853514e-01
8.079022482749075307e-01
7.989196417889011803e-01
8.142276491344989653e-01
7.863524415858357264e-01
8.028306733424389607e-01
8.236365963419306491e-01
8.088139019784734707e-01
8.024829089361400491e-01
8.077343202290695467e-01
7.890562209279919914e-01
8.220348788584889155e-01
8.230414457869131839e-01
8.042280830554796589e-01
7.865994052080846899e-01
8.133620655954189038e-01
8.049799250159498376e-01
8.231846614920712568e-01
7.960357117434635477e-01
8.127442230454983152e-01
7.991504472435942974e-01
8.085161848532065321e-01
7.997184149952673016e-01
7.999390181937605648e-01
8.014779279909074461e-01
7.881765735672640050e-01
8.014643947957665882e-01
8.044961650470123793e-01
8.088199457980996820e-01
8.070361828836771778e-01
8.123232661058813475e-01
7.899298501069349498e-01
8.059121001207932844e-01
8.018265774246781108e-01
8.079603978178160339e-01
8.035908560281832536e-01
7.992456674248500370e-01
7.971066824565977704e-01
8.083976801244445731e-01
7.804774680707571299e-01
7.906254634329080710e-01
8.112327734624359410e-01
7.901039657589272736e-01
7.962101992152779140e-01
7.956736428968644859e-01
8.000089721316486768e-01
7.926155831769768900e-01
