3.480657744466620329e+02
8.853230598873501833e+01
6.499083201383565722e+01
5.914983778033580819e+01
5.519570355237772219e+01
5.090388522723244336e+01
4.557929072197443787e+01
3.851078316070736918e+01
2.914972109841262693e+01
1.931180465936558122e+01
1.340228747768975914e+01
1.133268206816135404e+01
1.041819854048607397e+01
9.814627446030320002e+00
9.349243470178123516e+00
8.964924985430073434e+00
8.627663380999308629e+00
8.318961140617401995e+00
8.008845647241431109e+00
7.727874314225307906e+00
7.475269337999432828e+00
7.247191452345140839e+00
7.033100283140093723e+00
6.830857364237982843e+00
6.641582953071437423e+00
6.468843164474095353e+00
6.302761622451392043e+00
6.152880725725474065e+00
6.013108512232588687e+00
5.884004124339949016e+00
5.758651117107825179e+00
5.646182699413163419e+00
5.532507065525056333e+00
5.425998367356989149e+00
5.323513676609393563e+00
5.227136206723785428e+00
5.130231167499028189e+00
5.045298846470723575e+00
4.961977366424195957e+00
4.881883520083161621e+00
4.808282931490295731e+00
4.737751951568385245e+00
4.669108678969344339e+00
4.606158685671094766e+00
4.544722205509539315e+00
4.483914324926600692e+00
4.430437424289458193e+00
4.377355379005945402e+00
4.326493802296021762e+00
4.277240242502468703e+00
4.228601321908571187e+00
4.182392036333489216e+00
4.138549834818950224e+00
4.094904114048880217e+00
4.053216420603479975e+00
4.010433027461865585e+00
3.970510944661852282e+00
3.931185568499024896e+00
3.894125788956831702e+00
3.857081315882769701e+00
3.819689750588838084e+00
3.785305941447045353e+00
3.748729650963789961e+00
3.717386002769268671e+00
3.684798694383966566e+00
3.656914448486745073e+00
3.626441551534073771e+00
3.600279543260777260e+00
3.573569979255998508e+00
3.547070647250743392e+00
3.523067502160427633e+00
3.496535198080473972e+00
3.473183654137793397e+00
3.448597764332661075e+00
3.426007900290321206e+00
3.407151339530624323e+00
3.382735883507226760e+00
3.362781823077723331e+00
3.344478843951515401e+00
3.322715118367707721e+00
3.303986252400816337e+00
3.283423409270343374e+00
3.267025981866930717e+00
3.250310116814389527e+00
3.229337919229904319e+00
3.213957317024892735e+00
3.195770520729878772e+00
3.180840317275064333e+00
3.163896430258012149e+00
3.150137049345929530e+00
3.129111086556510823e+00
3.114985102490682056e+00
3.097513683276375218e+00
3.083845556216383343e+00
3.064996539426395383e+00
3.049339668700334016e+00
3.034835649110752431e+00
3.020317261240759610e+00
3.005291390934502260e+00
2.991666158151360388e+00
2.973348763580344833e+00
2.963259740905651807e+00
2.947406588649180037e+00
2.935621923970012759e+00
2.921772929236344130e+00
2.908852410133904609e+00
2.898609469683782525e+00
2.883835921467340579e+00
2.875282222652271624e+00
2.860824062175231663e+00
2.849142912254475579e+00
2.836046489664652892e+00
2.826316857973729668e+00
2.813932887366393132e+00
2.803421283357470539e+00
2.793396154912087592e+00
2.781074395376694763e+00
2.769840332733570332e+00
2.764191445406151360e+00
2.748014793569634850e+00
2.738615678837436729e+00
2.733961803770118326e+00
2.721134026071920342e+00
2.717633594517355977e+00
2.702346081659847243e+00
2.689756944457501575e+00
2.683052478229825066e+00
2.671386361181976810e+00
2.663241752465205892e+00
2.657082007394818479e+00
2.646755363625278523e+00
2.638827892114143037e+00
2.627804071586315793e+00
2.623767185037433780e+00
2.613196514541280102e+00
2.606461835792616366e+00
2.600400373832714163e+00
2.590000663325401575e+00
2.584189068118261989e+00
2.577068202160364585e+00
2.569754676883083899e+00
2.562116983094777201e+00
2.554973677679955646e+00
2.547252564173182687e+00
2.540677697394520873e+00
2.535277708080536652e+00
2.523215936138883730e+00
2.523328759702724078e+00
2.511849753073134295e+00
2.504228970638469054e+00
2.502154599846810434e+00
2.494440506651474987e+00
2.485916557479090461e+00
2.478996892314142109e+00
2.476996782079382786e+00
2.471527306968007043e+00
2.459670569066197299e+00
2.456680053901788785e+00
2.447648038013921834e+00
2.443888821788008148e+00
2.434487764380515618e+00
2.430704847558698756e+00
2.421458492842133214e+00
2.422481717225729358e+00
2.410496228739290370e+00
2.407459646878110870e+00
2.399161293593432998e+00
2.396238154191073999e+00
2.389710778607884389e+00
2.382041991726197239e+00
2.376438522179608714e+00
2.370550351999565653e+00
2.364392932133579261e+00
2.357539060084649751e+00
2.359394377786687702e+00
2.347009157342339059e+00
2.346881305311353305e+00
2.337705280704220012e+00
2.334977194388516253e+00
2.330646869206861815e+00
2.325648084865197696e+00
2.320175174898635007e+00
2.316743724040830177e+00
2.316269639497293031e+00
2.308393876292977875e+00
2.302715359714575527e+00
2.295491008957203594e+00
2.293381861160431523e+00
2.286219894691391197e+00
2.282660335476688118e+00
2.277328650838489121e+00
2.270511342047840220e+00
2.271632750445682358e+00
2.265137299804972137e+00
2.261249213247164658e+00
2.254902130176949182e+00
2.248820917937102148e+00
2.251367462212630066e+00
2.241722054267392572e+00
2.241305901024706060e+00
2.235146475121533083e+00
2.230697108588169275e+00
2.229329451912227977e+00
2.221364180746839612e+00
2.216310552489179742e+00
2.213283214245252317e+00
2.209793298302687337e+00
2.205856261148131825e+00
2.201982165678889825e+00
2.199090009527713274e+00
2.192742024868878037e+00
2.190664812740902967e+00
2.187258085564430576e+00
2.182734764697004781e+00
2.177362266736381446e+00
2.176116552724889797e+00
2.170563257879200236e+00
2.168196481287969934e+00
2.167277075731260272e+00
2.159417250317098524e+00
2.156329643876145674e+00
2.154691766162647237e+00
2.149574664732789575e+00
2.146839040511524299e+00
2.142504559451626100e+00
2.140101806771350201e+00
2.136934397710274158e+00
2.134341885536446881e+00
2.132866420631966076e+00
2.126107978231574602e+00
2.121463191580676533e+00
2.121816923492498397e+00
2.112226536864881599e+00
2.114727550472453199e+00
2.111475062247953449e+00
2.110347137478048474e+00
2.105860876970498730e+00
2.099150083473443118e+00
2.102403289315720958e+00
2.096184501961521729e+00
2.090724167621093255e+00
2.090527747460920516e+00
2.086823574963903916e+00
2.082152359323249158e+00
2.081401804426395774e+00
2.078034860090548275e+00
2.076957570278741283e+00
2.069801329628602637e+00
2.070011111557950478e+00
2.065584408540596772e+00
2.064316840245816298e+00
2.059524452495602009e+00
2.060134073492404294e+00
2.054729635409407340e+00
2.052973627001818624e+00
2.053090092738313999e+00
2.045152793449013906e+00
2.048333132808897616e+00
2.042476340724286743e+00
2.044514647910937288e+00
2.034945709579038198e+00
2.034395282025651674e+00
2.034200012055657147e+00
2.032946127845422168e+00
2.028240514053458732e+00
2.024709679232159498e+00
2.025509978196088579e+00
2.018176101220556795e+00
2.019957880553261642e+00
2.017472774331962260e+00
2.021358531327895669e+00
2.008669899993218877e+00
2.010314294443774852e+00
2.003877989021073613e+00
2.007440763433950615e+00
2.002286401489959733e+00
1.999992093212477728e+00
1.998990992719976711e+00
1.996853109099401946e+00
1.996739186434063562e+00
1.991496795795456132e+00
1.991816312993283988e+00
1.989314903831118642e+00
1.985359085038942206e+00
1.988045054185367144e+00
1.979786264850715183e+00
1.980525077999049754e+00
1.975420252731198589e+00
1.977175286194935211e+00
1.976162526680698361e+00
1.973197461925910057e+00
1.969581890395628365e+00
1.969447348938236919e+00
1.962405209680838425e+00
1.969140825447976306e+00
1.962755455464204823e+00
1.958082927215744951e+00
1.956604125138962536e+00
1.960454756344696348e+00
1.956261582284586575e+00
1.949571877330126490e+00
1.937245890990054065e+00
1.918600501536812608e+00
1.910765342755183838e+00
1.910324791136017053e+00
1.904856602921064734e+00
1.903985774176234047e+00
1.901687463727756544e+00
1.898320714577794943e+00
1.895773497177559719e+00
1.892099141988168753e+00
1.894120251135741562e+00
1.887193941498816807e+00
1.888042153104359633e+00
1.885920249685918648e+00
1.881253538915170997e+00
1.883492310700282113e+00
1.877668911031267429e+00
1.875844807236827450e+00
1.875884751844566267e+00
1.875113972958780684e+00
1.866696684094455883e+00
1.864183509699268049e+00
1.865675990667093886e+00
1.863219623743541220e+00
1.859477715264964859e+00
1.860090759085950118e+00
1.858575184360727883e+00
1.857851651052123465e+00
1.849675941957257486e+00
1.854188241074364862e+00
1.846561867672061652e+00
1.850101849056017267e+00
1.839771480658083158e+00
1.842719185523042702e+00
1.839615054694150764e+00
1.836148992446249295e+00
1.832414034098546196e+00
1.830616111638776689e+00
1.830783993871312854e+00
1.829484203164541301e+00
1.822543025148418927e+00
1.821307111035132209e+00
1.819472470133708830e+00
1.818138608193535566e+00
1.815473822118675917e+00
1.816202105822157575e+00
1.815952742175622747e+00
1.810428540376112894e+00
1.810345302709613469e+00
1.815534419861420501e+00
1.806453908653782969e+00
1.810966618907689396e+00
1.804314841025540517e+00
1.805249266263873720e+00
1.801400218525198937e+00
1.801815966154772353e+00
1.798644982179373075e+00
1.798938796105895577e+00
1.793080680281384121e+00
1.794355811804623890e+00
1.789887246994964487e+00
1.789641396848607124e+00
1.786321567600936966e+00
1.784778967301538621e+00
1.779722513524778060e+00
1.785402082914086641e+00
1.782303482919388449e+00
1.777874124355841134e+00
1.777238077475727041e+00
1.775818111117774878e+00
1.771665340334343419e+00
1.767711111856873352e+00
1.775562245620009305e+00
1.767942523204750538e+00
1.769134299230962659e+00
1.767607784012249938e+00
1.766113190650240306e+00
1.766018878251725654e+00
1.762345582303562308e+00
1.760496428280621695e+00
1.758999333825165268e+00
1.760514403505161418e+00
1.757323835038373083e+00
1.755762870698272193e+00
1.756713314261169723e+00
1.747798666385746991e+00
1.759444601832648836e+00
1.747556241170499680e+00
1.747428025973512655e+00
1.748891773902738533e+00
1.745579168311585549e+00
1.739264408313126564e+00
1.744291431661300740e+00
1.739932369761439945e+00
1.742651805990839575e+00
1.745389981331100904e+00
1.737059177110776398e+00
1.731428665085102070e+00
1.735895287820917288e+00
1.734325294353448621e+00
1.736847521105462810e+00
1.735035922582813583e+00
1.731535388100737594e+00
1.727039281839119589e+00
1.724502387337355502e+00
1.731391492334286797e+00
1.721942661611228553e+00
1.721608919912930524e+00
1.727716865193506868e+00
1.718879000947996838e+00
1.723705899262943264e+00
1.716419543227900357e+00
1.715683711137707457e+00
1.718293874873760396e+00
1.716612085448414371e+00
1.712440122529133246e+00
1.719626387947118751e+00
1.710151996324661416e+00
1.707254135464599365e+00
1.712508885567976202e+00
1.703147356580353877e+00
1.707573200681897996e+00
1.705491836129918282e+00
1.701619738950204352e+00
1.697801562486528582e+00
1.706465777067093681e+00
1.703229113061129452e+00
1.700913411697231536e+00
1.695374989640735741e+00
1.695179567643981144e+00
1.704734449425138187e+00
1.690866639341241706e+00
1.696579168370476731e+00
1.693069704565584255e+00
1.691010061774649964e+00
1.689583924646612445e+00
1.688642645002974119e+00
1.690465763930691923e+00
1.682320616171060879e+00
1.690239384868009287e+00
1.682340313454766756e+00
1.688746002486903208e+00
1.688033467068861704e+00
1.685384328407901533e+00
1.684169701032519617e+00
1.679228959378214148e+00
1.681403681485592827e+00
1.680384012977431896e+00
1.677033751648972837e+00
1.676344741792956006e+00
1.682900001416462565e+00
1.670950746267578113e+00
1.672427841165109674e+00
1.671626477924133658e+00
1.670727672724432233e+00
1.663824830995027426e+00
1.669996944590472543e+00
1.669386317399449871e+00
1.662833013094394241e+00
1.665319990406013417e+00
1.663659456445586438e+00
1.659164252449473631e+00
1.664412484304008899e+00
1.660013809657488570e+00
1.660924411528556632e+00
1.660953195811085914e+00
1.652546628678815077e+00
1.658048097825714828e+00
1.652768059758887853e+00
1.655655566861871542e+00
1.647893108562945796e+00
1.649096823855167315e+00
1.648433250249737414e+00
1.646872575276204564e+00
1.645967441729857983e+00
1.648117835609745674e+00
1.639607711451036565e+00
1.638791126171449841e+00
1.650451005312655317e+00
1.640614872498248999e+00
1.640340395724216860e+00
1.640821745796889886e+00
1.630927916136654998e+00
1.655900689554980154e+00
1.630163846492648894e+00
1.638395549879296142e+00
1.633432469108756058e+00
1.642945379976810338e+00
1.628494869949617341e+00
1.630434688084230643e+00
1.641487360654217076e+00
1.626648501534059266e+00
1.629066670850478404e+00
1.638878565277748001e+00
1.634532027056317283e+00
1.627231207350889663e+00
1.619529919920347227e+00
1.622916195947796014e+00
1.629889812425410645e+00
1.620435272219923784e+00
1.622310483834653594e+00
1.620575947458654964e+00
1.623164016633118711e+00
1.615285889270728914e+00
1.609761856001814095e+00
1.605484386794848284e+00
1.613455107288946033e+00
1.605890797524694102e+00
1.602525646641989931e+00
1.605579198309794231e+00
1.603732791013024128e+00
1.618913414792587213e+00
1.602539140818601382e+00
1.599469182139623191e+00
1.607654473522113880e+00
1.599462572906232838e+00
1.598971919495915772e+00
1.596098889232553608e+00
1.597988066776016902e+00
1.600886878718936090e+00
1.598836131021905915e+00
1.592510107989326462e+00
1.596303806424442584e+00
1.593918175154314776e+00
1.597496486739809152e+00
1.596616749918943867e+00
1.586013369468803225e+00
1.592476436479395296e+00
1.585755964045421074e+00
1.585278079533946949e+00
1.586556748867568700e+00
1.583275416758241461e+00
1.588397375224360752e+00
1.583143913052057483e+00
1.588248524398544470e+00
1.583488119517270754e+00
1.571644228709219826e+00
1.573526879723562422e+00
1.575126653090937578e+00
1.585683186680024948e+00
1.584600102034997349e+00
1.588209270586864008e+00
1.577590260804405453e+00
1.569798176632386300e+00
1.567345988487234054e+00
1.579864335612131576e+00
1.575606438407754384e+00
1.575299082389774563e+00
1.560507240320182509e+00
1.565963438292629739e+00
1.574224541771128250e+00
1.554827783002042274e+00
1.561420387116587927e+00
1.557184551894160940e+00
1.562554122762151776e+00
1.565033995097885766e+00
1.564532165546376419e+00
1.554048871478214133e+00
1.561937370411687231e+00
1.561285648991266095e+00
1.543729999270225361e+00
1.556524763931797173e+00
1.557043695083519141e+00
1.559084351504272048e+00
1.553398892524865182e+00
1.547124094798464133e+00
1.551746068937767342e+00
1.555549069700724596e+00
1.544410519080070765e+00
1.540026048663053260e+00
1.551087942285649168e+00
1.536297863447144474e+00
1.541737195991409903e+00
1.535496016980924416e+00
1.547064599281188890e+00
1.542188032423563060e+00
1.538980293638762431e+00
1.534879739933608045e+00
1.527643317232459497e+00
1.541256704828544599e+00
1.534314124945296065e+00
1.526758151595954294e+00
1.520727460789599528e+00
1.521514418023193649e+00
1.539151732989640919e+00
1.534354610538185559e+00
1.529553239641884721e+00
1.516099149328945295e+00
1.515857601125666809e+00
1.521714395075117965e+00
1.515875528220563817e+00
1.515535779043602149e+00
1.511795739689848261e+00
1.516524193327284165e+00
1.513507228682381411e+00
1.513010781987309761e+00
1.512526893066401312e+00
1.509692002894671647e+00
1.510918023783917929e+00
1.502980965058112517e+00
1.502136267684495152e+00
1.498914297919568428e+00
1.505901929188465216e+00
1.503079787181427873e+00
1.505498024395411916e+00
1.495970288323709818e+00
1.487127820745499873e+00
1.492277827439194793e+00
1.483319548288220879e+00
1.481193842769328972e+00
1.486126647152715030e+00
1.480582512544774021e+00
1.482416388841359955e+00
1.476912758810350779e+00
1.476382139605735055e+00
1.472100607940004302e+00
1.472859095319893008e+00
1.466617694387583049e+00
1.467160013953306086e+00
1.474325995491101216e+00
1.472086029260873508e+00
1.462010209383430626e+00
1.464973255571475841e+00
1.455668048951525906e+00
1.458801374896234515e+00
1.461220224940364742e+00
1.462876378867898453e+00
1.456445884179908168e+00
1.460613090824134153e+00
1.460385346584005539e+00
1.458941225139801956e+00
1.451520465992689912e+00
1.448870686168257871e+00
1.454643472581133246e+00
1.448913226595480941e+00
1.456185754905947149e+00
1.450345616750119637e+00
1.453763015435824313e+00
1.446157690466398194e+00
1.453134317983399759e+00
1.456941434715125050e+00
1.444459323242527793e+00
1.440652303905792131e+00
1.439722374723280351e+00
1.452003009314783766e+00
1.437906607857496688e+00
1.437126534195853678e+00
1.449340194563849771e+00
1.440554268872695332e+00
1.436225305931576157e+00
1.441803382473204609e+00
1.436200160112491853e+00
1.441679415709054446e+00
1.430138816120169354e+00
1.437904797320562755e+00
1.443247543035995006e+00
1.439335675108935009e+00
1.429401539649111319e+00
1.432474923631013253e+00
1.432113406280453916e+00
1.424677170806838200e+00
1.431756675067598072e+00
1.424405821141583983e+00
1.428262792214681554e+00
1.420914204433824546e+00
1.427009732101339301e+00
1.423266073839377199e+00
1.424204649564850156e+00
1.423345323878381530e+00
1.419645641840011629e+00
1.430211474525857618e+00
1.432677843605002943e+00
1.424772248707436129e+00
1.419812523584749409e+00
1.423432787401680555e+00
1.411073844730137195e+00
1.412269308970331538e+00
1.416347058478846455e+00
1.411138632626770750e+00
1.417123818462479923e+00
1.410100941366649208e+00
1.406479819204461412e+00
1.417925516568611544e+00
1.411918317706515991e+00
1.410520858337918293e+00
1.406895428140432003e+00
1.402209259092934701e+00
1.405790577954556086e+00
1.404056109659772789e+00
1.405640839267314091e+00
1.420443380995845217e+00
1.410549956572840768e+00
1.404154536086220872e+00
1.405756384030039108e+00
1.401332548535330957e+00
1.406413647795939914e+00
1.401761570113465361e+00
1.400298074340258436e+00
1.398239780795451637e+00
1.392551151901053386e+00
1.395872945524818443e+00
1.398327927495801815e+00
1.403975835954398343e+00
1.398462085469280192e+00
1.395578268938174382e+00
1.399522689995623459e+00
1.398093349292691689e+00
1.401010174728352320e+00
1.391025387513391109e+00
1.394065938697173657e+00
1.386552089583261038e+00
1.389174793846238432e+00
1.394660506367541464e+00
1.392647484578919403e+00
1.389069883537547900e+00
1.391366992945619607e+00
1.390486716324966787e+00
1.385818603280590589e+00
1.380171262532018162e+00
1.394193764604168884e+00
1.384668404121131458e+00
1.379244910514843214e+00
1.377425021943115224e+00
1.379115761877213187e+00
1.375208847840769133e+00
1.378353911293890732e+00
1.386956739468613309e+00
1.374383920587678221e+00
1.381092355826940343e+00
1.372778214918921380e+00
1.379778173355958648e+00
1.383188237913250740e+00
1.367639700231055633e+00
1.374556673000365548e+00
1.374626368694162215e+00
1.373957420293894671e+00
1.370165453741311046e+00
1.375796679462980565e+00
1.366927086417495607e+00
1.367984395376621087e+00
1.372026684111297579e+00
1.371226822014601554e+00
1.365701713462249778e+00
1.356912639041879309e+00
1.369951205370440350e+00
1.362430333663632309e+00
1.365746074574110347e+00
1.372159855165876019e+00
1.361341181282519130e+00
1.363101348253410450e+00
1.367915324008019518e+00
1.359887695612049363e+00
1.361287464049235174e+00
1.358257805295781440e+00
1.360537758699628563e+00
1.359156061356949996e+00
1.355832204302784172e+00
1.351878216374024611e+00
1.356424729163128395e+00
1.348165936229373196e+00
1.367050970595278025e+00
1.352837678442172065e+00
1.352357961096607886e+00
1.354871455710788153e+00
1.344339532033949958e+00
1.355532484499295309e+00
1.360370071678013382e+00
1.349354607649409177e+00
1.357289137320312866e+00
1.347941369457766214e+00
1.347910115213374782e+00
1.344563689270868556e+00
1.352913064805794763e+00
1.353692959067237078e+00
1.343049671948796986e+00
1.350747256252915918e+00
1.354838727661393349e+00
1.348233999042035336e+00
1.337641408084804473e+00
1.341436272717525746e+00
1.353709808059487152e+00
1.338840253402152181e+00
1.341115488424789781e+00
1.346189066778113785e+00
1.330906561992778459e+00
1.348061124633509023e+00
1.339000428209726534e+00
1.337236845029203147e+00
1.343276126227711531e+00
1.333701919217895160e+00
1.339738637399292109e+00
1.337261895689367819e+00
1.341439298862216134e+00
1.333839100128721311e+00
1.339477165864755959e+00
1.336751256408130750e+00
1.337492559139550563e+00
1.327993530935037025e+00
1.335218233966769752e+00
1.330152859324680303e+00
1.331271860353447911e+00
1.339849791887025132e+00
1.332619281651340026e+00
1.334355424616396668e+00
1.339185688820344389e+00
1.323431663458076946e+00
1.323813447465871374e+00
1.331179297683295903e+00
1.333256774570760195e+00
1.331236759079544418e+00
1.318887488231906158e+00
1.325926779083686613e+00
1.326851094106893170e+00
1.331623532498598550e+00
1.326882865014946455e+00
1.321049956559620986e+00
1.321065919913843034e+00
1.337522869241926093e+00
1.320148947967016761e+00
1.319685938949660908e+00
1.314161291119084307e+00
1.332335520852535371e+00
1.325382860805150331e+00
1.320200692274896559e+00
1.321327150301025322e+00
1.322737939201171109e+00
1.324430740216606894e+00
1.321770867190638965e+00
1.312007772132517625e+00
1.322649218288661999e+00
1.316326027373327712e+00
1.315162912821307817e+00
1.315486209170509069e+00
1.314773069559636021e+00
1.320847845354802041e+00
1.317899675948428495e+00
1.315174257645839395e+00
1.310161755476211054e+00
1.319467556173772316e+00
1.310708825576823555e+00
1.305841519026015973e+00
1.320138573272417348e+00
1.309817366106916348e+00
1.305530524359626021e+00
1.305237756710353692e+00
1.303759846455817772e+00
1.318136383482499063e+00
1.308654051766426019e+00
1.306265602581303531e+00
1.309194299755621627e+00
1.306402936348868948e+00
1.304132903574736657e+00
1.307778879449043030e+00
1.307219127694017713e+00
1.301535701963588476e+00
1.299990395805011856e+00
1.307657496837849154e+00
1.306805561504447821e+00
1.298622812940677163e+00
1.298154665440699462e+00
1.303566158732113012e+00
1.303715903600887183e+00
1.303527086726719686e+00
1.298158972940902434e+00
1.294928542349386591e+00
1.297043930266959411e+00
1.301574881992233257e+00
1.297519637244332058e+00
1.300352298686042962e+00
1.295988405870293736e+00
1.300604475939113991e+00
1.291553666307565740e+00
1.298868178556131792e+00
1.295101622581211087e+00
1.289617400059510421e+00
1.300721780906736180e+00
1.283435597175460074e+00
1.291835135596084649e+00
1.286597391873299134e+00
1.292037622442693712e+00
1.289210559951111223e+00
1.294297848499747605e+00
1.287428269677391990e+00
1.289711037222463386e+00
1.283555129948368734e+00
1.288806586202527305e+00
1.284577981768689758e+00
1.289234182164827658e+00
1.290505004701312686e+00
1.284186347306609965e+00
1.287087656337390529e+00
1.291485515737197831e+00
1.282599916900626802e+00
1.283724078425642068e+00
1.283146132104694193e+00
1.285810614934135510e+00
1.275842351205026537e+00
1.290931223184395904e+00
1.280943896319946429e+00
1.281512750197349337e+00
1.278198541871525373e+00
1.279022939175642914e+00
1.279201962827901440e+00
1.273821485579785140e+00
1.275533296399860461e+00
1.277751167645503783e+00
1.273498994942802387e+00
1.277682720462411270e+00
1.278195600584682623e+00
1.274697437115839049e+00
1.269088231438749048e+00
1.279397918580822635e+00
1.277202930147663729e+00
1.271163777762850389e+00
1.279715338085113840e+00
1.268193359421329935e+00
1.267107204890706829e+00
1.271986785675112364e+00
1.266360709603116197e+00
1.271689881555508439e+00
1.267836895412332021e+00
1.267694744802571050e+00
1.271690156229953406e+00
1.267346617458117608e+00
1.268243178261179160e+00
1.268418168089907816e+00
1.270141052796597503e+00
1.264035541854573674e+00
1.266916629068288280e+00
1.266124749002000005e+00
1.262003837440654364e+00
1.264839332815212547e+00
1.268786613158785714e+00
1.265130349612362703e+00
1.262999220554402280e+00
1.270972072699016131e+00
1.255061436624936855e+00
1.257926400568952774e+00
1.257174007552480877e+00
1.258926667836831159e+00
1.258927359528966727e+00
1.263991339779221734e+00
1.255880511690699031e+00
1.257530052247078256e+00
1.264928580832305416e+00
1.256660005451567974e+00
1.258689648465705302e+00
1.254184799054020916e+00
1.261164586150104627e+00
1.249796633046140526e+00
1.256146809790614549e+00
1.255685232904350856e+00
1.257544277682316247e+00
1.255218534939870123e+00
1.256151251275348990e+00
1.253097757927067457e+00
1.249861060941793056e+00
1.251268255228579873e+00
1.249492861887583794e+00
1.250367656866500754e+00
1.249813550186302802e+00
1.251861074257391460e+00
1.252332498194415722e+00
1.246221715206148328e+00
1.249015100356395624e+00
1.257470192552035515e+00
1.246390979822361356e+00
1.244297861257824822e+00
1.251709292859906286e+00
1.246030707074898158e+00
1.243292560923660472e+00
1.244212531338537486e+00
1.247103887151647550e+00
1.242281801379245820e+00
1.249809788832747737e+00
1.244166264634159136e+00
1.242048940482803454e+00
1.243602911488354446e+00
1.245021425461039888e+00
1.239352327585306224e+00
1.247614732540915927e+00
1.240781552202008475e+00
1.238644469925954228e+00
1.243712979222449500e+00
1.239471623544855516e+00
1.238848926205849965e+00
1.250644211158913555e+00
1.240045546099364238e+00
1.233465600849814825e+00
1.240095237959642827e+00
1.240450454008399150e+00
1.238897684888924600e+00
1.243562750493840463e+00
1.235246161127087516e+00
1.235182861245064379e+00
1.234989537203096566e+00
1.237600348351448387e+00
1.235205389361378137e+00
1.235953010665446161e+00
1.231511087602624288e+00
1.234121928442960536e+00
1.231767609176002809e+00
1.241469219086042575e+00
1.232571105281881296e+00
1.229911340688442101e+00
1.232667751522783073e+00
1.232590509384358102e+00
1.232783741157529978e+00
1.232739638422747364e+00
1.227521629146971271e+00
1.233465536869770007e+00
1.225037108675143704e+00
1.234465015305326929e+00
1.230281391852786843e+00
1.223701244396599552e+00
1.234329546853079052e+00
1.226108967986872411e+00
1.228886535909925470e+00
1.232054694359687508e+00
1.227160842540382601e+00
1.222151263887042871e+00
1.223669742044045217e+00
1.227736348011520873e+00
1.221090764097199521e+00
1.221750072747360916e+00
1.224736351012354119e+00
1.221730122455294776e+00
1.221257819427301827e+00
1.221942548011483831e+00
1.220589628702782425e+00
1.221171320006561700e+00
1.220972081801992237e+00
1.228008122288578585e+00
1.215068264272879395e+00
1.214368474372384155e+00
1.215673251585789982e+00
1.220403901593138718e+00
1.214989633814822279e+00
1.216749103383088393e+00
1.217846725947074882e+00
1.212264888023838250e+00
1.214398887572861074e+00
1.216498842732146812e+00
1.212608620740947885e+00
1.214572940156552372e+00
1.210308771072897249e+00
1.207606151742305567e+00
1.208767443409192399e+00
1.217519589329869589e+00
1.211058749852183203e+00
1.206074876866253698e+00
1.211995751684611378e+00
1.205725631301399536e+00
1.213115062048324644e+00
1.205982161825368104e+00
1.203654097250681732e+00
1.207704891853033091e+00
1.207991535502732861e+00
1.201410775562877786e+00
1.202915731714246483e+00
1.204360636225030090e+00
1.207829615118577893e+00
1.199092841238628804e+00
1.202143539429789909e+00
1.198752601015384167e+00
1.214219237296851661e+00
1.201499423285770751e+00
1.198451782927638876e+00
1.200008283520648922e+00
1.202072673572661676e+00
1.198517169248617398e+00
1.204865722122418381e+00
1.193600481306531069e+00
1.194962111316734799e+00
1.191622830908765085e+00
1.196816360550497782e+00
1.193406871656488066e+00
1.189670220461979122e+00
1.193360456144063164e+00
1.201121793251795467e+00
1.192897492897970535e+00
1.192421614896735038e+00
1.191187625251887816e+00
1.195190662447278784e+00
1.194199516807320727e+00
1.189891210021373213e+00
1.193378033803889959e+00
1.186024930675586786e+00
1.186290829656630796e+00
1.196402970652928222e+00
1.189312671734485072e+00
1.185628644655801311e+00
1.190693035378369347e+00
1.184728306060239378e+00
1.184480138807608052e+00
1.189284447252835220e+00
1.187395443882550916e+00
1.184467804320723294e+00
1.183850943194671324e+00
1.188654025399987768e+00
1.181977142825531457e+00
1.185533107794244367e+00
1.181784650643140866e+00
1.185349457461134515e+00
1.180699090819036678e+00
1.181191712400099680e+00
1.183845527845392320e+00
1.181850888407633082e+00
1.176310859263141939e+00
1.183927828656008652e+00
1.175332100604170815e+00
1.183205142938747345e+00
1.171405530540938988e+00
1.176442029684901858e+00
1.184183369315493506e+00
1.172535113815224461e+00
1.178373504636083702e+00
1.176356259187159248e+00
1.180037793709971972e+00
1.173400802360908157e+00
1.175335670485953221e+00
1.174334840485212306e+00
1.172224679727408292e+00
1.170495971222809795e+00
1.174668074985069977e+00
1.168596835900677089e+00
1.171450289231459108e+00
1.174375425889371050e+00
1.170564650184142463e+00
1.175149837608063574e+00
1.165743297522473521e+00
1.167486396296933515e+00
1.169750425095313018e+00
1.171178536969550654e+00
1.170573489479563856e+00
1.165104510767448032e+00
1.168729830083674814e+00
1.166259691027002443e+00
1.171467614425985238e+00
1.162635791231230842e+00
1.161362773251872094e+00
1.168984561987571835e+00
1.161884077822558980e+00
1.164674282083379309e+00
1.161887953814250585e+00
1.163049008883414226e+00
1.160951886292831636e+00
1.157747445301584799e+00
1.167541823291926351e+00
1.156548432478667232e+00
1.163029437110610909e+00
1.154380963181793174e+00
1.168020023090187376e+00
1.161384520918310459e+00
1.154344405619059932e+00
1.160825298715097320e+00
1.155488572093514632e+00
1.156945641284514492e+00
1.153657841540184137e+00
1.157625833008342431e+00
1.156991550366516242e+00
1.151978067687131402e+00
1.157671851967597920e+00
1.156980155751805350e+00
1.153302153169276867e+00
1.162782118078733662e+00
1.150710582488041922e+00
1.152314331750898146e+00
1.151104365177190170e+00
1.148921787670273975e+00
1.149123571303354741e+00
1.149780993390098649e+00
1.146630031010215989e+00
1.147804616901706654e+00
1.148245903993911243e+00
1.148894742881278352e+00
1.154331080488588679e+00
1.145444048442239460e+00
1.146399389456389750e+00
1.151624163024567826e+00
1.146221906219939024e+00
1.144425615041885669e+00
1.144191651351271988e+00
1.146792136173409027e+00
1.147676074428262805e+00
1.145134070407445304e+00
1.141948679637957875e+00
1.143625531805980033e+00
1.150334798361749122e+00
1.141984438322315443e+00
1.140086153995874430e+00
1.139906808896987478e+00
1.142051015072227171e+00
1.139583210915753986e+00
1.139133847338479777e+00
1.139747396087531284e+00
1.139840122779227638e+00
1.138202972839489346e+00
1.140908346138700624e+00
1.132120405408106434e+00
1.134410221386332962e+00
1.131423407784889479e+00
1.136871972251438878e+00
1.129974158449092547e+00
1.128742394882206623e+00
1.136505470651207439e+00
1.129129888674354376e+00
1.129251359763955520e+00
1.131061890892002930e+00
1.129937006378160858e+00
1.128694533219710472e+00
1.127242844304852110e+00
1.128498239213111987e+00
1.129417494521856025e+00
1.127917888551269510e+00
1.125412819306350398e+00
1.123368826158879452e+00
1.126057675652405665e+00
1.126242750626117228e+00
1.124728590039130838e+00
1.127679465584563445e+00
1.124783753701059430e+00
1.124045988236762161e+00
1.126615632195628214e+00
1.123499472006857181e+00
1.126330400100854723e+00
1.116900307390459313e+00
1.119063533366543961e+00
1.120694780055868423e+00
1.118209487453097450e+00
1.118306988495932464e+00
1.126119159676097103e+00
1.119986702291186242e+00
1.114665939972004027e+00
1.124363810842534228e+00
1.115852717393895022e+00
1.114299879017970119e+00
1.117703769124400948e+00
1.120963799917584991e+00
1.115152552256824636e+00
1.109874511569793443e+00
1.118125022269615076e+00
1.116479876827645379e+00
1.114795488982462501e+00
1.111062374169522693e+00
1.116461520065553659e+00
1.108748329572654345e+00
1.118231990928120201e+00
1.108950457601574735e+00
1.109220668973169621e+00
1.115511851092058970e+00
1.107143480611889830e+00
1.105829710512455710e+00
1.114653027521059991e+00
1.109467589470997551e+00
1.107195942352079632e+00
1.112955189275900203e+00
1.106875045862324214e+00
1.111179010394363953e+00
1.105704289758201453e+00
1.103976466975835846e+00
1.108913531822344423e+00
1.103790074743219884e+00
1.106754442647386982e+00
1.101432813551380230e+00
1.111749069207288665e+00
1.099937769795769293e+00
1.103264897472517658e+00
1.098584242844492076e+00
1.103444963262514289e+00
1.104888183205456231e+00
1.102749909088562408e+00
1.101097894874656591e+00
1.099562505433254955e+00
1.103231950813144069e+00
1.098089984640594707e+00
1.096222739929284318e+00
1.097795302113583116e+00
1.103584200129757109e+00
1.103796820142867174e+00
1.096596041194387583e+00
1.097326519222686647e+00
1.092727526382352154e+00
1.100556696709396043e+00
1.094490347121723550e+00
1.099234323839463956e+00
1.096952856617381622e+00
1.092383475626014233e+00
1.092396027684879423e+00
1.095615467818122468e+00
1.091856123160359848e+00
1.095212316652587337e+00
1.090509714546422648e+00
1.093634220120418776e+00
1.090304199957929487e+00
1.098351295646164516e+00
1.090797863375820853e+00
1.092473487104964613e+00
1.089867637021826541e+00
1.088961090472071458e+00
1.091901723711551586e+00
1.086534593463248877e+00
1.087658740256621792e+00
1.093693856561120725e+00
1.087293809661244337e+00
1.087821985508300449e+00
1.085507115157103852e+00
1.092815104888140709e+00
1.086849745000038281e+00
1.082819853556511003e+00
1.083280809380916754e+00
1.085011254302619355e+00
1.081979708687428987e+00
1.094790147837412020e+00
1.081978489635669449e+00
1.083136065266096848e+00
1.082411816900185064e+00
1.084351061464562616e+00
1.081363670222134088e+00
1.079785134408553171e+00
1.088198079976458787e+00
1.077603147656209792e+00
1.079921058992885152e+00
1.085914936905170380e+00
1.079288262621261874e+00
1.078892258165943918e+00
1.081155938071074907e+00
1.075810041279464002e+00
1.083727073645904371e+00
1.075819703130829863e+00
1.078026468901836177e+00
1.078957802569530777e+00
1.074689905043367366e+00
1.077998560058488264e+00
1.072733582497841232e+00
1.085595320572755096e+00
1.070561238016515704e+00
1.072689585258354228e+00
1.070742730292866707e+00
1.079600927941676947e+00
1.069555549076327550e+00
1.076404856629242568e+00
1.074677422573829810e+00
1.069663458769467779e+00
1.070647735684324031e+00
1.070985108170851685e+00
1.069268463093107968e+00
1.071682234773992493e+00
1.066417154244756915e+00
1.066253719665714472e+00
1.069615017724842909e+00
1.065975628094504968e+00
1.071046671855170329e+00
1.070475427630007248e+00
1.070322736358186422e+00
1.061556462080648577e+00
1.064437340984406566e+00
1.069962850567830248e+00
1.059308384721205920e+00
1.064810343114853231e+00
1.066802930351034906e+00
1.061562315418507652e+00
1.074407567036209654e+00
1.057307934206526578e+00
1.064256003241422333e+00
1.063785668984039257e+00
1.069684643171681993e+00
1.055189636120446917e+00
1.058960668256796245e+00
1.059865043031201326e+00
1.065747022328963345e+00
1.058110906277166086e+00
1.062044120372536815e+00
1.060729503160357856e+00
1.051819571683147991e+00
1.063871350899790347e+00
1.056948927378762448e+00
1.059213923473802943e+00
1.062559656172149536e+00
1.050287901562291237e+00
1.054197447271188137e+00
1.050218079828176609e+00
1.055270862968083367e+00
1.056016256746146187e+00
1.054476561371103793e+00
1.054483632262710247e+00
1.054705726696407053e+00
1.049890334206091902e+00
1.055636322619476042e+00
1.053692782226954172e+00
1.054345297861633890e+00
1.044975365710465232e+00
1.053629090506994048e+00
1.045585891183657967e+00
1.047552396499202398e+00
1.051765551892477113e+00
1.056509355823802343e+00
1.045822675850805350e+00
1.043258730949032431e+00
1.053010873212364418e+00
1.043424726798156010e+00
1.050555504766329085e+00
1.046272807131417570e+00
1.042919218402137416e+00
1.045127233158157143e+00
1.053451477402281400e+00
1.041981975346621736e+00
1.037684297428181468e+00
1.047293634470949586e+00
1.046076322413038051e+00
1.043949325777186798e+00
1.044150368061504741e+00
1.037412360780566090e+00
1.046097556540593887e+00
1.036493298578366806e+00
1.040664071472559238e+00
1.052638415745883460e+00
1.040681046035120572e+00
1.033641695875967992e+00
1.039278360851158212e+00
1.042099351216054792e+00
1.037068436033725005e+00
1.044161441805032675e+00
1.038569232307835488e+00
1.044319007422964907e+00
1.039676713631357385e+00
1.038519012502894467e+00
1.033758966748804964e+00
1.045633096051368449e+00
1.030770694529639320e+00
1.033794292654795610e+00
1.039439258189025272e+00
1.036773396627749921e+00
1.035847862382041518e+00
1.037341741574222986e+00
1.032603867067835912e+00
1.037615813385838415e+00
1.034312238835143116e+00
1.029930206393298908e+00
1.029816954701496590e+00
1.038470786352336361e+00
1.028970849644608165e+00
1.029328194011878805e+00
1.037507774114134973e+00
1.027096744762458602e+00
1.028267669346516477e+00
1.027945423869710329e+00
1.038523462246216056e+00
1.025476621146386824e+00
1.031079296153140978e+00
1.026935169256303348e+00
1.028261563672288714e+00
1.025342049813413370e+00
1.035238680680228063e+00
1.024869878069490259e+00
1.022590315433482111e+00
1.031389146478283836e+00
1.028628849845542037e+00
1.024012095253840515e+00
1.022748540616131185e+00
1.030312737105747223e+00
1.027534410822407596e+00
1.029413468643272767e+00
1.026587245733117326e+00
1.018392166629326967e+00
1.026749056525235515e+00
1.020648703509820399e+00
1.024401091046797996e+00
1.018945470141326970e+00
1.021066013736395162e+00
1.023688754927548406e+00
1.018096839362034878e+00
1.021097787697886838e+00
1.021853081155767340e+00
1.019430153054796895e+00
1.019610662129036394e+00
1.023133262131722399e+00
1.020821223046227466e+00
1.017925933832530605e+00
1.017896774329149823e+00
1.019125105266222020e+00
1.022783951201373887e+00
1.015347831422170888e+00
1.011911907602480731e+00
1.021696609947120526e+00
1.013134907705262044e+00
1.013122902416008664e+00
1.019939914921509150e+00
1.011463925676740150e+00
1.019238537573884384e+00
1.020091650712831477e+00
1.009749555227820172e+00
1.018792768936162663e+00
1.010404714777698887e+00
1.015605347272700909e+00
1.015489722719034260e+00
1.010578594684505838e+00
1.009913277529044029e+00
1.010963784867457749e+00
1.009998566301121725e+00
1.013721157884553969e+00
1.013661167110153860e+00
1.006224044321223809e+00
1.000549931788319524e+00
1.012736129320020551e+00
1.017330057798273790e+00
1.008693496294019276e+00
1.008124970469675530e+00
1.005178710962856714e+00
1.004371246112379268e+00
1.005314112380524927e+00
1.006704677677387361e+00
1.012194758888377066e+00
1.007736540304050799e+00
1.000368841276389809e+00
1.006891086503215904e+00
1.006553395854065558e+00
1.004692989478145559e+00
1.004847588704080197e+00
1.008755511038635255e+00
9.967055122952527269e-01
1.001568511222944213e+00
9.997212022834641720e-01
9.979108198650380457e-01
1.011154435893989234e+00
9.907911666852838861e-01
1.009610787231536522e+00
9.967521980850210239e-01
9.988469020782798635e-01
1.001982198879010966e+00
9.997025774776503448e-01
9.936336509476185741e-01
9.947038508835647219e-01
9.960078895948134559e-01
1.001038340859618625e+00
9.922544142950170398e-01
1.003889832796774462e+00
9.896152636054645901e-01
9.973467844117726022e-01
9.963576565607269453e-01
9.922834619862591632e-01
9.908035414262602592e-01
9.959478911825282443e-01
9.976415085434727770e-01
9.923319890558935930e-01
9.839581154531450435e-01
1.001448023672920185e+00
9.793928843447216037e-01
9.938994801597368367e-01
9.926405222784291382e-01
9.940401005814614166e-01
9.853269290526623925e-01
1.003859169961555109e+00
9.812096589597499863e-01
9.921801687719060681e-01
9.792934342214888455e-01
9.982630864484790534e-01
9.939604829379488082e-01
9.807579596246429610e-01
9.984833691126202559e-01
9.824699423496001671e-01
9.895778406511386294e-01
9.870583889562269952e-01
9.859289104870261333e-01
9.859926277685103768e-01
9.835325278324642539e-01
9.976235858255937394e-01
9.780963733900335244e-01
9.899548119103388499e-01
9.877328176493525014e-01
9.867103393743342776e-01
9.835033991943107345e-01
9.884245588440183639e-01
9.849447690100415764e-01
9.844629605771914038e-01
9.815349557094958932e-01
9.828773771393826131e-01
9.811338647740209806e-01
9.867608520195494393e-01
9.882913437904582432e-01
9.799096946326782964e-01
9.834448535945946590e-01
9.789640653334333864e-01
9.871780593829754258e-01
9.767439814752919558e-01
9.833363803407199066e-01
9.896618086840645034e-01
9.737490916196054336e-01
9.845685123939755812e-01
9.704380647470117749e-01
9.830919788706552476e-01
9.788524566797153215e-01
9.784914965415071331e-01
9.774389908620833012e-01
9.814699962263916388e-01
9.829012647626877985e-01
9.776067641429785349e-01
9.815285725459186317e-01
9.718809589039159036e-01
9.783152241807430149e-01
9.749599110373473598e-01
9.735960868465193263e-01
9.732161310577801538e-01
9.828917566786081750e-01
9.695537033690753148e-01
9.756034777146139758e-01
9.698834241173482917e-01
9.799040991831807768e-01
9.706536417301873110e-01
9.702126037649730916e-01
9.731454017119253175e-01
9.729761648325548906e-01
9.747353738576082227e-01
9.614853488968408968e-01
9.834880528438643132e-01
9.602610171767085312e-01
9.732930152855557848e-01
9.689414812512984199e-01
9.678904846083525859e-01
9.704665575381290488e-01
9.765027732959509210e-01
9.692539771971473428e-01
9.574302558846933264e-01
9.725634211059951406e-01
9.713557026059921329e-01
9.687795037294089084e-01
9.584875921861301107e-01
9.696867997462677025e-01
9.728812768509310649e-01
9.630277110148122155e-01
9.722177140846096632e-01
9.606642003740332170e-01
9.610775004992033743e-01
9.676065710930337183e-01
9.671419328072697885e-01
9.599055952475233910e-01
9.645798607335954733e-01
9.718185623441405463e-01
9.611385419387660223e-01
9.673048797300204393e-01
9.595418356959660722e-01
9.683052312004369888e-01
9.538822590154562020e-01
9.665178030920608121e-01
9.596107781141650639e-01
9.604831461868128528e-01
9.610839407905622522e-01
9.629873929816238354e-01
9.618230074172936517e-01
9.656278139149147011e-01
9.525020547520354208e-01
9.591295297622116633e-01
9.622176737712661021e-01
9.627566528240186772e-01
9.632387444721953740e-01
9.511880831395117530e-01
9.584863884569231329e-01
9.513293627233579963e-01
9.663723804360446756e-01
9.557598096450550251e-01
9.509484848956488712e-01
9.617677107460839148e-01
9.585291193652242248e-01
9.576534220037390410e-01
9.528832010363390559e-01
9.608898089492532435e-01
9.509588795276804341e-01
9.544621636477738091e-01
9.476287356212466095e-01
9.547236531076869204e-01
9.567869473488336274e-01
9.530822349168607266e-01
9.494187969168024210e-01
9.560822577229813879e-01
9.581155924845545790e-01
9.404578174892083142e-01
9.610887095709458317e-01
9.474443412091121397e-01
9.584289866972528493e-01
9.542574014756705081e-01
9.518811789968725234e-01
9.501742733861351375e-01
9.498026786401460031e-01
9.426681515291979174e-01
9.561812971910085279e-01
9.480643636720417211e-01
9.527806350665913859e-01
9.371656650356013918e-01
9.520648849289372606e-01
9.531645522097621503e-01
9.444701113244852175e-01
9.500040902907347373e-01
9.500474479058085286e-01
9.544512680258560033e-01
9.372897157929954703e-01
9.589167945631800194e-01
9.451796868189236145e-01
9.439950599035412671e-01
9.478094051865824099e-01
9.494622148614603185e-01
9.489047547048827802e-01
9.298610454697082695e-01
9.509054557837516297e-01
9.431201680089810191e-01
9.357183934346666732e-01
9.547679078894880655e-01
9.462689513878986824e-01
9.411945070791382095e-01
9.412011272198913536e-01
9.436000646894057153e-01
9.445542013614219856e-01
9.303864574298558177e-01
9.564042866665166676e-01
9.386047713036066442e-01
9.355490307848023379e-01
9.442950085392461945e-01
9.440662683753143769e-01
9.437113743269972543e-01
9.401716630607604985e-01
9.433552460356356972e-01
9.361524547404401764e-01
9.430336327297735854e-01
9.324009657975910192e-01
9.286822325715178295e-01
9.553873804517992729e-01
9.394035863424710087e-01
9.379950001751530264e-01
9.303058757995786854e-01
9.426528577550233878e-01
9.450411145575179361e-01
9.398835297880839823e-01
9.381258320373512261e-01
9.391615872417236055e-01
9.388180819269260624e-01
9.355122347522427662e-01
9.380368898161238755e-01
9.326726904072470958e-01
9.398197572202159344e-01
9.380746578263798874e-01
9.303994101068161493e-01
9.390069795009711173e-01
9.287970066861869212e-01
9.377765762211374145e-01
9.302594170278418728e-01
9.327298574618733129e-01
9.376929750858752355e-01
9.307595642998703900e-01
9.352822004222716146e-01
9.277013412112959934e-01
9.277037899553909339e-01
9.332716243889679353e-01
9.231262082648413747e-01
9.256992048117965721e-01
9.352962403380303824e-01
9.284004705076788211e-01
9.294168239382645247e-01
9.266400050893189855e-01
9.392492583392341166e-01
9.287036122073301092e-01
9.201374430100330848e-01
9.296837006638799528e-01
9.314860829330419145e-01
9.264298655973890462e-01
9.300880266013492603e-01
9.267259722556744350e-01
9.397511062459725784e-01
9.228000594679041102e-01
9.268458968266407583e-01
9.162625784282752983e-01
9.436159103827302941e-01
9.227935823916131319e-01
9.280949685675922156e-01
9.265534483193774706e-01
9.143476845080772408e-01
9.258776442397994577e-01
9.182679901666590538e-01
9.204835648269300563e-01
9.232499242167818698e-01
9.210501002861920528e-01
9.374803851228324936e-01
9.210210667539380225e-01
9.074559228486621665e-01
9.188087268351642356e-01
9.165949861183849690e-01
9.292257198985808264e-01
9.164287394112563545e-01
9.197580206972549854e-01
9.241988439952834034e-01
9.082665752570523443e-01
9.241002320798736847e-01
9.189848653160042069e-01
9.156075080497069196e-01
9.157431512399346607e-01
9.234171189564465143e-01
9.201797759693958190e-01
9.225640594977567721e-01
9.215475401588911764e-01
9.041461533565620101e-01
9.174925774908415654e-01
9.155687877169474964e-01
9.103096081067506562e-01
9.193625710645835225e-01
9.143856689734337628e-01
9.125480466484631181e-01
9.040226137180059629e-01
9.161571867785064383e-01
9.056404209928022864e-01
9.151220051100598107e-01
9.181935724585762459e-01
9.074948234726037954e-01
9.079453081627951727e-01
9.160273026990717327e-01
9.083647699049698376e-01
9.077241552361193788e-01
9.154242576030254819e-01
9.111289232428475549e-01
9.019449115100294234e-01
9.080040226301876460e-01
9.150496764421789386e-01
9.099347525387236901e-01
9.114632827250818137e-01
9.054688687787292301e-01
9.108815286972685721e-01
9.134842338977295917e-01
8.912850510180690966e-01
9.125526102216628965e-01
9.119850317852656874e-01
9.095320101668935564e-01
9.055787536166729490e-01
9.022656337191091724e-01
9.043332145378802922e-01
9.080095605045658269e-01
9.059179914001528333e-01
9.090168218162775204e-01
9.082447506830496620e-01
9.116046187273486590e-01
9.076443416866134539e-01
9.056788637837981382e-01
9.062880540554004716e-01
9.030622529325181835e-01
9.134735429913557470e-01
9.040712458724723399e-01
9.008430449175608423e-01
9.023311498077012383e-01
9.031407330384558785e-01
9.101241541921467615e-01
8.971730995552341659e-01
9.078727633972297761e-01
9.030209552060312062e-01
9.026061805765571711e-01
9.026664942446557260e-01
8.994618477660463185e-01
9.068004088614682878e-01
9.044164351604516705e-01
8.955134593900063722e-01
9.128587864126506135e-01
8.975368099414374745e-01
8.932198396576525035e-01
9.033951959925051733e-01
9.031075744277871076e-01
9.030077611613128719e-01
9.039576648570452067e-01
8.916312708852544011e-01
9.004257595338663878e-01
8.995955618892708117e-01
9.018701377069343605e-01
8.994375974814676766e-01
8.940436753214348053e-01
8.930529807201746939e-01
9.017626065046687733e-01
9.029946037563739702e-01
8.864769823386994263e-01
9.068255613796957215e-01
8.887802870393718413e-01
8.982137029948921159e-01
9.046861257778481269e-01
8.878596793831033951e-01
8.978582320629212576e-01
8.906949371320145303e-01
9.037770353886279695e-01
8.985867435146034365e-01
8.976444048062326431e-01
8.931782658350094772e-01
9.031323621418384517e-01
8.921828992830759253e-01
8.909373163822471575e-01
8.979595954703856187e-01
8.838817773352535268e-01
8.962728574657282676e-01
8.961042298035918341e-01
8.895656462715937352e-01
8.857230413468086816e-01
8.988655862782916062e-01
8.837875972692041948e-01
8.952520652129045686e-01
8.968457255730198918e-01
8.797673176431505260e-01
8.972375595222575884e-01
8.935584742533343450e-01
8.912292462590037934e-01
8.913850558982973071e-01
8.990331937322521005e-01
8.838962031991163260e-01
8.947982266302698662e-01
8.836766327989479253e-01
8.940126732625227612e-01
8.855056018554955388e-01
8.977904516389552114e-01
8.929572120465438800e-01
8.877008861771399362e-01
8.886326795133308032e-01
8.913459930101410578e-01
8.956720166453709941e-01
8.871056694939647436e-01
8.875703066660537432e-01
8.819824875103421391e-01
8.899311762767410094e-01
9.006226043088374489e-01
8.815963977141419994e-01
8.863718667670844598e-01
8.865025279889162668e-01
8.912596452237577793e-01
8.835173377134339923e-01
8.922901567039634996e-01
8.788616494283315594e-01
8.887890490502711183e-01
8.917039327958957706e-01
8.882204074944742844e-01
8.861997420742916409e-01
8.865463901457150131e-01
8.947312351874537883e-01
8.841607213481658123e-01
8.775699737996842664e-01
8.842103977844164575e-01
8.887799132456656315e-01
8.826869622165248730e-01
8.886554905130551463e-01
8.931689691614174142e-01
8.842700674379129211e-01
8.826306500887942663e-01
8.738195362349854278e-01
8.866977251872611987e-01
8.764651156215600425e-01
8.951651494505893369e-01
8.799581032082773868e-01
8.844721252335790984e-01
8.821464520240419604e-01
8.825353265603955721e-01
8.822921373504465370e-01
8.843339854956578927e-01
8.921738730917213589e-01
8.781507183057034593e-01
8.756086400432924188e-01
8.966480263502881742e-01
8.701747936933682537e-01
8.834293728134877677e-01
8.805403270685293604e-01
8.690462338067139747e-01
8.892124046132877657e-01
8.730510874945589528e-01
8.823925263720687751e-01
8.848706818252413120e-01
8.855897920140484159e-01
8.772981474373732214e-01
8.738599895438441401e-01
8.765128588813430044e-01
8.715597037759222898e-01
8.956842769247371772e-01
8.782788706990446448e-01
8.804795733295484039e-01
8.795517379561208493e-01
8.790657011744419380e-01
8.818176735938654254e-01
8.750587976897371556e-01
8.786945610610154000e-01
8.893104829800484445e-01
8.782043170224049788e-01
8.739798775122519237e-01
8.667437846056693651e-01
8.774215802979085099e-01
8.843408097970314463e-01
8.773150319761766625e-01
8.832665622915335524e-01
8.749299141202727670e-01
8.773529289795957142e-01
8.807447264395295017e-01
8.841711534267949757e-01
8.683231806554964072e-01
8.771422154296787399e-01
8.725894554297283223e-01
8.714376350908166202e-01
8.899438803564668765e-01
8.750740217094978846e-01
8.745303040649407000e-01
8.787270527998881642e-01
8.886646222267238215e-01
8.649383656327517267e-01
8.883433183843938430e-01
8.732647012658388830e-01
8.688126703361370717e-01
8.746138346866366708e-01
8.781289229906463767e-01
8.743383114549964086e-01
8.797046875046530268e-01
8.707421331960709665e-01
8.766591430903923898e-01
8.763527097614997041e-01
8.771427635569272185e-01
8.611932640598974897e-01
8.817951317564188818e-01
8.741866595317455690e-01
8.737228921422337535e-01
8.783837042649297322e-01
8.739311285090304304e-01
8.707220048440654780e-01
8.710006381641025586e-01
8.742953666844691663e-01
8.709994022420685100e-01
8.728425948321061334e-01
8.733345195105846059e-01
8.762629349763639830e-01
8.739348253411262091e-01
8.733674939094795420e-01
8.793582430171807962e-01
8.751115368505515413e-01
8.668462531195367804e-01
8.621672073235157052e-01
8.724469292794888586e-01
8.765020912991031699e-01
8.755661454190005744e-01
8.800551708147791308e-01
8.653888043279159836e-01
8.778361040551888594e-01
8.663815200538684813e-01
8.642303873834081829e-01
8.768498273738418725e-01
8.709908994682876715e-01
8.763757063376130807e-01
8.754333572703845157e-01
8.645513073497514966e-01
8.777036940657297892e-01
8.630474270635271061e-01
8.771425251089616237e-01
8.688276026211235736e-01
8.630620054066434621e-01
8.741057407220549358e-01
8.734467715531909482e-01
