3.510013225086594844e+02
8.877165753950170313e+01
6.840574562279330451e+01
6.223570831478752297e+01
5.836482242937742626e+01
5.464319977127787098e+01
5.049221929894437721e+01
4.542662724441417055e+01
3.873341880445376262e+01
2.957568357084915078e+01
2.003798461861038405e+01
1.347405519138132490e+01
1.090044179919881628e+01
9.913553882010766927e+00
9.261242525882417809e+00
8.720210573622422245e+00
8.234283793046099476e+00
7.805389750962961948e+00
7.419012287099612024e+00
7.062127616662042584e+00
6.741995577463263167e+00
6.461046198840011634e+00
6.202029044822054082e+00
5.966896865672151051e+00
5.759173224726537477e+00
5.566798661564938300e+00
5.388935972423385401e+00
5.228748285466537915e+00
5.079657080421237758e+00
4.943943848442206246e+00
4.823253797425818057e+00
4.711333581152687522e+00
4.605958137504834404e+00
4.511472446848520335e+00
4.424549368080294975e+00
4.344584005961519502e+00
4.270694007094460787e+00
4.198331675692898557e+00
4.131864259902711112e+00
4.068605395410986425e+00
4.011103237755338391e+00
3.959565767064753938e+00
3.904551917143087802e+00
3.852143903486078269e+00
3.805054012916604389e+00
3.762907606078945921e+00
3.720433239258159386e+00
3.682357507174220057e+00
3.645374824025339411e+00
3.610320354537462251e+00
3.579606061466257483e+00
3.547920881446816832e+00
3.515898351587608328e+00
3.485530573486466110e+00
3.454234943194693486e+00
3.430615595140726892e+00
3.403570938831659731e+00
3.375084644594917638e+00
3.350963569725485147e+00
3.325233768001682133e+00
3.300664457764347137e+00
3.277015537375561394e+00
3.254953707022655518e+00
3.232309360048323921e+00
3.212678356785311440e+00
3.190539020760166711e+00
3.171983278882610779e+00
3.153240241691036783e+00
3.135493181306182819e+00
3.117662736222169162e+00
3.111911485534493149e+00
3.089693430084424985e+00
3.074446441582683764e+00
3.057369285458860997e+00
3.045370721143102255e+00
3.028995069099071458e+00
3.015040039717982623e+00
3.001966148788093758e+00
2.986605135663757959e+00
2.972486232884000046e+00
2.961090357421337860e+00
2.947500343064883399e+00
2.934358145757767655e+00
2.921869509347372773e+00
2.909762548866254850e+00
2.892874339455711041e+00
2.881024011094214021e+00
2.868565432497491852e+00
2.855801486103124898e+00
2.840021434747393769e+00
2.826788678810865374e+00
2.814656288620123181e+00
2.800351132830832146e+00
2.790122886911963196e+00
2.779873994480285493e+00
2.770118600525958374e+00
2.755991321673829209e+00
2.749460354166379350e+00
2.739202657577106237e+00
2.727502453806347038e+00
2.721811173043995336e+00
2.707615460075073255e+00
2.700949281361662457e+00
2.689735122810310575e+00
2.681758715023683237e+00
2.670299213707602259e+00
2.664024151564739373e+00
2.653316491958073620e+00
2.644024049039157997e+00
2.635042384410725358e+00
2.626655236095100765e+00
2.615316314992080837e+00
2.609958180753762402e+00
2.599631949502175576e+00
2.594809007795488842e+00
2.580113520873928312e+00
2.572518771541832727e+00
2.571685614522592811e+00
2.562834177996228924e+00
2.559130545109130406e+00
2.544797149006727377e+00
2.541378446353668163e+00
2.532946116031651762e+00
2.523798792144666514e+00
2.517291438513153068e+00
2.512350593686851763e+00
2.507642913518260297e+00
2.496456925419031858e+00
2.495169940890949345e+00
2.491438719299411186e+00
2.483574834845863943e+00
2.472523320010396208e+00
2.468812716822261333e+00
2.463498852357243418e+00
2.453132321865982846e+00
2.449403625331412204e+00
2.438583655728970179e+00
2.438172411400083117e+00
2.424267427817557774e+00
2.422190842182342596e+00
2.411499019664003374e+00
2.410342933921343356e+00
2.401099652390916717e+00
2.399695765172925821e+00
2.391085870691844750e+00
2.388381537981492553e+00
2.380940957304793049e+00
2.381549705847093357e+00
2.369140447254967974e+00
2.369182719993744080e+00
2.363590294487915244e+00
2.358982235578776177e+00
2.354715255087126202e+00
2.350948267143879722e+00
2.347687586544768834e+00
2.338369132950639528e+00
2.336987182074375280e+00
2.334545621555635275e+00
2.324264182025504777e+00
2.320564355414321600e+00
2.321911750407467334e+00
2.310387211077042036e+00
2.306347854755938620e+00
2.306927029575883470e+00
2.300720788010218065e+00
2.298281717713678507e+00
2.290965120574052438e+00
2.286180096658469552e+00
2.283881240065324114e+00
2.283432440052999279e+00
2.274430842128805086e+00
2.272991856765307350e+00
2.266739642449067560e+00
2.261784606781436668e+00
2.258478264321091000e+00
2.250558046899504117e+00
2.247809244981077814e+00
2.246520470317397322e+00
2.237793106068699522e+00
2.234591980530292510e+00
2.230686553390134996e+00
2.228538695963646621e+00
2.225910859335836545e+00
2.220139766985722130e+00
2.213463790921495367e+00
2.211591196052914210e+00
2.205641593668813183e+00
2.209357948743528866e+00
2.198861302162467446e+00
2.194826396409618852e+00
2.197006022789244728e+00
2.191476036735987787e+00
2.190697660084345522e+00
2.180366142409225105e+00
2.177088225333022375e+00
2.174084531164958367e+00
2.174076068488691060e+00
2.165810214266003175e+00
2.168901503372541395e+00
2.160182810430542055e+00
2.157650985051611237e+00
2.156767489636342017e+00
2.146837383784905295e+00
2.153715530161782521e+00
2.144800604861809123e+00
2.138304195912045458e+00
2.137832436297341321e+00
2.137093886920753860e+00
2.133227012279077517e+00
2.129874696415106072e+00
2.131116160504348933e+00
2.120204330490023548e+00
2.116967125510516468e+00
2.109593274884479452e+00
2.114521330356288420e+00
2.097855567901945051e+00
2.099930257777212983e+00
2.098356850922333816e+00
2.098633464640320412e+00
2.091982571641592070e+00
2.092690444902007840e+00
2.082559414179319113e+00
2.084453383908775326e+00
2.079033260711705910e+00
2.076755392341467665e+00
2.079586019520049955e+00
2.069396743396685334e+00
2.069274478023391151e+00
2.063471552965089106e+00
2.063925148455664882e+00
2.058264225681964543e+00
2.053028423145809800e+00
2.052129189104363594e+00
2.052519283049816678e+00
2.049425318253777828e+00
2.045147657438911359e+00
2.045959738391306182e+00
2.040303468637250095e+00
2.037632154376384008e+00
2.032329789627731031e+00
2.034530939944911854e+00
2.026316935334247837e+00
2.036121144689622131e+00
2.023441137815864099e+00
2.025055250462411749e+00
2.024167602904067831e+00
2.016884256374384066e+00
2.010853543265959331e+00
2.020442258889167508e+00
2.007257028953461475e+00
2.005226642319100527e+00
2.007077861343148140e+00
2.005722401783179176e+00
1.997326553846042074e+00
2.003661353886974084e+00
1.994523642375578332e+00
1.998912524674235192e+00
1.992647537049951678e+00
1.991301582970413042e+00
1.992524556784850409e+00
1.982769090012648894e+00
1.986544303049508686e+00
1.982104502894712184e+00
1.977508623424230949e+00
1.984620071776714179e+00
1.974743419109005638e+00
1.973925618470530940e+00
1.974929473848631600e+00
1.972106012369916783e+00
1.967285119905603397e+00
1.962468542380521042e+00
1.965348438047747059e+00
1.961877864609078870e+00
1.954468994088777611e+00
1.953629802772588242e+00
1.951887041590793181e+00
1.944886872283793089e+00
1.955396445811165451e+00
1.942268825700422807e+00
1.943457948821261327e+00
1.943008465325483547e+00
1.934942930713439813e+00
1.932290991000294111e+00
1.931834886427105324e+00
1.932053837912399707e+00
1.929063003377868624e+00
1.927280814839236411e+00
1.920699098521377657e+00
1.920858348484120626e+00
1.912927106068331051e+00
1.913426894673381895e+00
1.909866671181919662e+00
1.910518967095170551e+00
1.908785680822005837e+00
1.907509070804185525e+00
1.903645434188961039e+00
1.899465506492608924e+00
1.897134926705507318e+00
1.898118747392293360e+00
1.892332569455669633e+00
1.889126485146459755e+00
1.890982880582824821e+00
1.887093567019729079e+00
1.884959701068391391e+00
1.887365670333164713e+00
1.886733040170404108e+00
1.885800993326121278e+00
1.879125868904075070e+00
1.877393832067104640e+00
1.869863439167446906e+00
1.879518731730432712e+00
1.865381698684293932e+00
1.872002728312672781e+00
1.864350447817184842e+00
1.863966964276552174e+00
1.865259597739530539e+00
1.862322995758471933e+00
1.860915131471450268e+00
1.855251978839142835e+00
1.853377177039348567e+00
1.850562798741564485e+00
1.847356166986070081e+00
1.847521878506507065e+00
1.844728631650418116e+00
1.843171097990269791e+00
1.844263114726189423e+00
1.837991122588304549e+00
1.835411382403065561e+00
1.836272704334580341e+00
1.826275176853126458e+00
1.830438191638535272e+00
1.829277179491201721e+00
1.826095543559421053e+00
1.825904925313330596e+00
1.827917192727571916e+00
1.818375434005603308e+00
1.822399649161258850e+00
1.814962260571808317e+00
1.815776059928880359e+00
1.814122348422977149e+00
1.818470175847236137e+00
1.806050046087470440e+00
1.811389111470728563e+00
1.807319638319928812e+00
1.808835441771772468e+00
1.806810279441497968e+00
1.806621270996674467e+00
1.801565300162564442e+00
1.803581078903821577e+00
1.801662884398555597e+00
1.800776568595298777e+00
1.803392354597793235e+00
1.793915829143786000e+00
1.795631213675924931e+00
1.794979838150005058e+00
1.788516404334270504e+00
1.794852472507648677e+00
1.797064837448473673e+00
1.790380293662555689e+00
1.784043214866283256e+00
1.787478729408389144e+00
1.783697998806464957e+00
1.783949986750792860e+00
1.782037560000590437e+00
1.781546636462575606e+00
1.780431647508540216e+00
1.775950761205239425e+00
1.774763209368457773e+00
1.775276304495294388e+00
1.775427616101854289e+00
1.771517209779018609e+00
1.765689288429695969e+00
1.773061717097439649e+00
1.766903543839461577e+00
1.759606035062724061e+00
1.762130888047481525e+00
1.762770674334956711e+00
1.761841587356448358e+00
1.763258301097476499e+00
1.759972062118551506e+00
1.757711248563328610e+00
1.758055738928804290e+00
1.757773204228749053e+00
1.748378727915753217e+00
1.750387526986414422e+00
1.750481348386995206e+00
1.745847395911619415e+00
1.747737466176075394e+00
1.748126773781398358e+00
1.742269049734867181e+00
1.745880742713456613e+00
1.741095102230201919e+00
1.741280788520962020e+00
1.741225337027628717e+00
1.736623550955265216e+00
1.736437279698390901e+00
1.734900751794316909e+00
1.738241103411634958e+00
1.732962737451072543e+00
1.728827757376204310e+00
1.733314662276378648e+00
1.728604928300776722e+00
1.731300189397991574e+00
1.725210117091341644e+00
1.724195324777990423e+00
1.724375803905662252e+00
1.722549800287279886e+00
1.724471084001830690e+00
1.716808407368520806e+00
1.718537226346616764e+00
1.718154261476823708e+00
1.718839308058013549e+00
1.716739922183409872e+00
1.714034149438096177e+00
1.716938456932723511e+00
1.713871935420031356e+00
1.710634965562626064e+00
1.711990440957709803e+00
1.711191839101246837e+00
1.709316597743493427e+00
1.704924040465939150e+00
1.709350375768731611e+00
1.702081330334651144e+00
1.708035451735134380e+00
1.701272287225909174e+00
1.698726682297232893e+00
1.696931138217848911e+00
1.694753697598968323e+00
1.691957369639490061e+00
1.697852368870530038e+00
1.691557811932506539e+00
1.690596831363674335e+00
1.686192648182760934e+00
1.687235716831412491e+00
1.686201595148048682e+00
1.684616720750906849e+00
1.683220338457502185e+00
1.689008046855538181e+00
1.682942093913348591e+00
1.678562934184625988e+00
1.678407210281796624e+00
1.673950633748362726e+00
1.678913547599870215e+00
1.672148578144696529e+00
1.674791670231756013e+00
1.677475124533760242e+00
1.670014162955250514e+00
1.673242393788020976e+00
1.670631711205750269e+00
1.672679081457165706e+00
1.663392041072752514e+00
1.672002069005487757e+00
1.669956964602369753e+00
1.673636686085922642e+00
1.662809956136602763e+00
1.662374778094753758e+00
1.662802514123043807e+00
1.657556975406857314e+00
1.659488934943541771e+00
1.657291527535462050e+00
1.650393244484473998e+00
1.658448503263236118e+00
1.655167760668107002e+00
1.654317074496639117e+00
1.653843779374176926e+00
1.647305983758320380e+00
1.647656517915597973e+00
1.651978172211434392e+00
1.649483782623151207e+00
1.645378426442914543e+00
1.648362376788047312e+00
1.643689458865318587e+00
1.642119510380862124e+00
1.645695980823191240e+00
1.641531260015861138e+00
1.641382744629408030e+00
1.640912067082769710e+00
1.634693029669728181e+00
1.644038744764329651e+00
1.635302187197144042e+00
1.635792709630335295e+00
1.635601672645524696e+00
1.631224259032349133e+00
1.630078465694371870e+00
1.629677249624034596e+00
1.634342221227444325e+00
1.629034460171689735e+00
1.629881772229913928e+00
1.627265096097757047e+00
1.621634799614976030e+00
1.628865069191573811e+00
1.619081941972067895e+00
1.621360663946327163e+00
1.624876712334274886e+00
1.618789147087212887e+00
1.622185480180853068e+00
1.619529765711986036e+00
1.622942008271321734e+00
1.617099052278314408e+00
1.618427153529680362e+00
1.612540205127257709e+00
1.617498122720226972e+00
1.611472936829570379e+00
1.612454502568086978e+00
1.602801614903848870e+00
1.613793586356301768e+00
1.615096327606838855e+00
1.610198195749989791e+00
1.608174125184111292e+00
1.606773287831432029e+00
1.611878527548281648e+00
1.606296025686088536e+00
1.610149311620614254e+00
1.597633338279125903e+00
1.601787117137706717e+00
1.601446876476898984e+00
1.599622426643355411e+00
1.596500634945707153e+00
1.601930126887054939e+00
1.601467531950180101e+00
1.592289454617062505e+00
1.599307174166825662e+00
1.592308322740262794e+00
1.599555211776921171e+00
1.594502669856194155e+00
1.596639486355068138e+00
1.595138908171846559e+00
1.587820656194478097e+00
1.591125459999885861e+00
1.590276356417183123e+00
1.589681065878109534e+00
1.585052205666421798e+00
1.602116759155199022e+00
1.595494182721481913e+00
1.581812330210082607e+00
1.589198214262476094e+00
1.592288284123339892e+00
1.591848249770943191e+00
1.587195469663995384e+00
1.590934289683668235e+00
1.584373707705779344e+00
1.582188501541592407e+00
1.581612432339264407e+00
1.584557241288829355e+00
1.586139716379016740e+00
1.582872977762784350e+00
1.583226746608415114e+00
1.589013782362823868e+00
1.580174683697590288e+00
1.573472454333865178e+00
1.579481248790122860e+00
1.574861096964163432e+00
1.585011802042387119e+00
1.572434930716152479e+00
1.583186391409642013e+00
1.578656123070442563e+00
1.570433124377353495e+00
1.571405302964869799e+00
1.574448047193955036e+00
1.572078948949427568e+00
1.577557279229549136e+00
1.573064402386252558e+00
1.573937637515735899e+00
1.571650027343212797e+00
1.571724645933995745e+00
1.567370470276963301e+00
1.562783281758902243e+00
1.565660708794712974e+00
1.566815473585499774e+00
1.566323752747152964e+00
1.572976716474546066e+00
1.563975165116773480e+00
1.563454739843929575e+00
1.563941724760806951e+00
1.558274397744254580e+00
1.564568837615056607e+00
1.558852970314919650e+00
1.566855379995198083e+00
1.560322442152386690e+00
1.558455717350932579e+00
1.554658943895523615e+00
1.553631497032556430e+00
1.556735293661108743e+00
1.558938381913945292e+00
1.550503564260743872e+00
1.557595688712368753e+00
1.556574428438511681e+00
1.556047294265222147e+00
1.551201722370589842e+00
1.552803568641293763e+00
1.556159498011801867e+00
1.559451343891191444e+00
1.556295595417423350e+00
1.548170669821854917e+00
1.546449306798094669e+00
1.551628628600547399e+00
1.552822543215094386e+00
1.545134329303174292e+00
1.543550522463436936e+00
1.548852087004908951e+00
1.547281226329578763e+00
1.558911236258250677e+00
1.544752813962253724e+00
1.548945563442538420e+00
1.544807569456351226e+00
1.546278661034418578e+00
1.544699227395037289e+00
1.558716182721495924e+00
1.543152566381944757e+00
1.542869209498777705e+00
1.542506378502842557e+00
1.539829887145643506e+00
1.543357169162362430e+00
1.539762241374905694e+00
1.539667055174745336e+00
1.534695620951182393e+00
1.545863714768023200e+00
1.539232878896537038e+00
1.542581819787445907e+00
1.541793909759177295e+00
1.536333033423397332e+00
1.531899074903478208e+00
1.535582802033404581e+00
1.540928056967520332e+00
1.538323377098700595e+00
1.529211455880858495e+00
1.539789066499745118e+00
1.535505799284559991e+00
1.534971396542208488e+00
1.537837463122557757e+00
1.528000537461839281e+00
1.532860782437445835e+00
1.533007324352461564e+00
1.529496412260475502e+00
1.540418396988435745e+00
1.527161680526412768e+00
1.524838523298117643e+00
1.522643667781124144e+00
1.529206971939479409e+00
1.528251983413487780e+00
1.524634077065074145e+00
1.532600260289367355e+00
1.531598173238423621e+00
1.528707885106678654e+00
1.519689402629650798e+00
1.522822126272118881e+00
1.523086154589053054e+00
1.517585624225598950e+00
1.521092433680138134e+00
1.518413828523212494e+00
1.516213224801202797e+00
1.518138700011741227e+00
1.525463242600790581e+00
1.519332101848345440e+00
1.516612662730603356e+00
1.520043883413765728e+00
1.519358327856127566e+00
1.519454050612973672e+00
1.520878818199900673e+00
1.517538669779391114e+00
1.519306250493931865e+00
1.520164257017881049e+00
1.513232620439922904e+00
1.511172378619360268e+00
1.515280408311452831e+00
1.512314566119831616e+00
1.516082765587719594e+00
1.516012808575663451e+00
1.513244430270128449e+00
1.514778691763805307e+00
1.510081350170272563e+00
1.510668030707337905e+00
1.505714924535289212e+00
1.516335281411514302e+00
1.511987979998286269e+00
1.504712362789597746e+00
1.508065880709698936e+00
1.509254349540149809e+00
1.511027100013937030e+00
1.508250084638039112e+00
1.506479043709964438e+00
1.507534418274262711e+00
1.506287170624988070e+00
1.502890895334267674e+00
1.507949618743903430e+00
1.500761813276484835e+00
1.504583252624299483e+00
1.505807692311935675e+00
1.500984178387824608e+00
1.504788629983035975e+00
1.502023371746169067e+00
1.502313525786038051e+00
1.501286230900493068e+00
1.503219917580823184e+00
1.499433308603319581e+00
1.492916317789732439e+00
1.502629088389084044e+00
1.500874771873079938e+00
1.493546479475652999e+00
1.500193372482436560e+00
1.497548008378068118e+00
1.501290616773262476e+00
1.489507712339287693e+00
1.494041350371973609e+00
1.494204108295885236e+00
1.490444922413170170e+00
1.497473514745733425e+00
1.491878426082113407e+00
1.491033941358069770e+00
1.488186605770114523e+00
1.496377136473523217e+00
1.489353609986267424e+00
1.493650251269151630e+00
1.495365728101502256e+00
1.494493043501014640e+00
1.490342042887643714e+00
1.491656956122462852e+00
1.486971341026211979e+00
1.483499752978014508e+00
1.489784402305473598e+00
1.487771231412196471e+00
1.485184630430649300e+00
1.485296690136400644e+00
1.481076134311834158e+00
1.489628194039043008e+00
1.487159000098382089e+00
1.485507642678924434e+00
1.484362501131810452e+00
1.486223806735176955e+00
1.481710791421241069e+00
1.482575171901151734e+00
1.486354662083931188e+00
1.486227876321501107e+00
1.482722121816402838e+00
1.484274867848251134e+00
1.478558913870818614e+00
1.478310463637096284e+00
1.478685744095995958e+00
1.477890391062731235e+00
1.487096592459324462e+00
1.482362220552536192e+00
1.483001396171659492e+00
1.473404993874948943e+00
1.479340920974338003e+00
1.476431890170798900e+00
1.475248472544318901e+00
1.478374246649694301e+00
1.473494141739813301e+00
1.472746270885764153e+00
1.478084984210397579e+00
1.468459509500781524e+00
1.466954165853988856e+00
1.480318861722339507e+00
1.472831667706877790e+00
1.478424416208252046e+00
1.470212775192299981e+00
1.469574475471316255e+00
1.472641051646948140e+00
1.472084262363224871e+00
1.473955622558733580e+00
1.472374553786032658e+00
1.473931269944688482e+00
1.470350295766584603e+00
1.470119103823656737e+00
1.467087714329219139e+00
1.469736087130995905e+00
1.465159743772711742e+00
1.467125846862885608e+00
1.459111468295121838e+00
1.472341902131065750e+00
1.459659759324773987e+00
1.463798974924498841e+00
1.466862445627513667e+00
1.465584509630326160e+00
1.461257023142811917e+00
1.463255541593265319e+00
1.466359422241644950e+00
1.464675387674646778e+00
1.455936647878803614e+00
1.461421991429364686e+00
1.461626303023652040e+00
1.457672183181800252e+00
1.460282591985973211e+00
1.457690007724024239e+00
1.461014455901058939e+00
1.466686713334993897e+00
1.454451272038273624e+00
1.459885039293625786e+00
1.458746969450833708e+00
1.460614106384552358e+00
1.457539917273751762e+00
1.451276183178044077e+00
1.451278308304644993e+00
1.462533755180284389e+00
1.465156545457832138e+00
1.450968300773236352e+00
1.450048406865285466e+00
1.449551014780480651e+00
1.450634301821982719e+00
1.448768298752749928e+00
1.458532701768814555e+00
1.452208653288181717e+00
1.451440628140396205e+00
1.450866851541742664e+00
1.452351430443656666e+00
1.452882720518245074e+00
1.448852212786770677e+00
1.449542578974967855e+00
1.445618311534222933e+00
1.449493883985342846e+00
1.441779992042538927e+00
1.451683572840390291e+00
1.451232055708790769e+00
1.447633134691437284e+00
1.439084563599341893e+00
1.450700417749074989e+00
1.449227166059644745e+00
1.450473501737011839e+00
1.446650650755783252e+00
1.444531280121502670e+00
1.444385514742326349e+00
1.444719711690005903e+00
1.438985997652381554e+00
1.443889025974957718e+00
1.441881321117100434e+00
1.448619985832457324e+00
1.442465778273342325e+00
1.445661516914480638e+00
1.440710725947469628e+00
1.441948544113228925e+00
1.442200373457741103e+00
1.432410885189033367e+00
1.441902354762889304e+00
1.436251316358442942e+00
1.443152901788198328e+00
1.436412696660596788e+00
1.441356264016030231e+00
1.435475255546712292e+00
1.436258636585461490e+00
1.437349177030124103e+00
1.442139208277173124e+00
1.434580069678250247e+00
1.441124298959695516e+00
1.430859480473143153e+00
1.438713493250982189e+00
1.436007382751442352e+00
1.436841168976052074e+00
1.435693943616781043e+00
1.431740775903469043e+00
1.433659852996991058e+00
1.428246425051683088e+00
1.428842249255865227e+00
1.433790088026013265e+00
1.443289431660374156e+00
1.430876551259046892e+00
1.433432555880248982e+00
1.423982386319356364e+00
1.433589933607726463e+00
1.430210361989006529e+00
1.434722504299934975e+00
1.420639256571390341e+00
1.434468602313835106e+00
1.420322558124184953e+00
1.431640769636802313e+00
1.427821805938839894e+00
1.422094535943249527e+00
1.424996569607490882e+00
1.427347447917541201e+00
1.422477602026368082e+00
1.420129257438513593e+00
1.432709900790744006e+00
1.428436679024427614e+00
1.429053648145871103e+00
1.420828242408552988e+00
1.430036556310883666e+00
1.420915204886530558e+00
1.431432744606655261e+00
1.430035156390532469e+00
1.419880444213465154e+00
1.419293032677531485e+00
1.419852757975803348e+00
1.429055246832583448e+00
1.418005159763987555e+00
1.415727015993148541e+00
1.419831593559856886e+00
1.428568229860063710e+00
1.414183119322579785e+00
1.415798641478014375e+00
1.415501825624664756e+00
1.419104635723821062e+00
1.421363563617879189e+00
1.419851612773131100e+00
1.407727256223912704e+00
1.416036965049724428e+00
1.415517745944391059e+00
1.426843797335350494e+00
1.418076896139318643e+00
1.412543070776382192e+00
1.415433379508058254e+00
1.409393085424861303e+00
1.416095141073484776e+00
1.420633991965464027e+00
1.413220823104287982e+00
1.409745443820528799e+00
1.415261256749632102e+00
1.415198994360663320e+00
1.413571676615423378e+00
1.419679808431576262e+00
1.414061786024014333e+00
1.409008086644905511e+00
1.404917293015004454e+00
1.410472616184182959e+00
1.413619869106092830e+00
1.412885927144771125e+00
1.410298531316206416e+00
1.409502171061836284e+00
1.409505216789084026e+00
1.410402175383564272e+00
1.405654683422901341e+00
1.412489481144627135e+00
1.399756020674159496e+00
1.402448928363399849e+00
1.410811965656754374e+00
1.402764526235998011e+00
1.403407470068292140e+00
1.401604152434077433e+00
1.402694516506645117e+00
1.400711778110209416e+00
1.403996263121303656e+00
1.409133760174726246e+00
1.409022107758208797e+00
1.404437824574980231e+00
1.402203074700342222e+00
1.395696596998816430e+00
1.400976711030319288e+00
1.403508777800760221e+00
1.401292524981789134e+00
1.406344923259537749e+00
1.398993403242854372e+00
1.400959634668714981e+00
1.400435265763249726e+00
1.395629323642786801e+00
1.394315410982294834e+00
1.399515781014652349e+00
1.402044982914776305e+00
1.396107197991907745e+00
1.402498287312044178e+00
1.398202821284022290e+00
1.397861012072040721e+00
1.401582522885305826e+00
1.389979178528439663e+00
1.390609571885659479e+00
1.396052800951233630e+00
1.399435766077646415e+00
1.396882330300732056e+00
1.396432963220781032e+00
1.392899786617459279e+00
1.394759449499862081e+00
1.396966581576233324e+00
1.391293466234834852e+00
1.382188419177435179e+00
1.393447032738591718e+00
1.392212272153910746e+00
1.389154823198038180e+00
1.386821613556514121e+00
1.394505595375883145e+00
1.397441998903744098e+00
1.393353390831484129e+00
1.395503753726236695e+00
1.385584264458636916e+00
1.389761439343322857e+00
1.384046998424664610e+00
1.383802592711429691e+00
1.384003752654134445e+00
1.380988780050975917e+00
1.386668544044843854e+00
1.383351983924229422e+00
1.387843808706647364e+00
1.383081704395031863e+00
1.383564622645613307e+00
1.380110045755792436e+00
1.383325422944273297e+00
1.386204974741022111e+00
1.388234168051331485e+00
1.377004701644428453e+00
1.378488418466634613e+00
1.385029270046909788e+00
1.378866826300727766e+00
1.379823838494483867e+00
1.381887453522232301e+00
1.378206381344246445e+00
1.373483065683587467e+00
1.378849946622395573e+00
1.372010052914247824e+00
1.371024133460478689e+00
1.376830946937211086e+00
1.380292123813143590e+00
1.380731928292587618e+00
1.372706772816165710e+00
1.372476009596152347e+00
1.373679679605065873e+00
1.382541723836313352e+00
1.373280840636534661e+00
1.376434465298885579e+00
1.368782628753128394e+00
1.373768076622387868e+00
1.373804426536318957e+00
1.366519138503545117e+00
1.375956940748904733e+00
1.372726001556396236e+00
1.377602589413355894e+00
1.379784980622032364e+00
1.369527867955170786e+00
1.368560014643747325e+00
1.368552175851767805e+00
1.362806183611673383e+00
1.368548848466296874e+00
1.371683338641400240e+00
1.374797175783717407e+00
1.367225154476404247e+00
1.364663625660546664e+00
1.364610514924122775e+00
1.369798483886981222e+00
1.360554086862132861e+00
1.367927143423268710e+00
1.365109972352931633e+00
1.363859840168036408e+00
1.363627184140663084e+00
1.364523103289529971e+00
1.366186639066245379e+00
1.358502824695803968e+00
1.359209600181843003e+00
1.367456589442779480e+00
1.364782571608140538e+00
1.359551239394589883e+00
1.356897012841137062e+00
1.357811341352885615e+00
1.364702962173330425e+00
1.362561883553550013e+00
1.355879143406144793e+00
1.353159939705051995e+00
1.358666765664565679e+00
1.352982681864277614e+00
1.357917308844287518e+00
1.356655079016354515e+00
1.344760982228275781e+00
1.356915132035517280e+00
1.358266951982370685e+00
1.355750900942776171e+00
1.359537535886383042e+00
1.353177640756436206e+00
1.354446807439644296e+00
1.351867226939882149e+00
1.359080418421546588e+00
1.360793857756897651e+00
1.351301220963970318e+00
1.349728723102699979e+00
1.348197424484316675e+00
1.356170718465675051e+00
1.358882469273673399e+00
1.344558639790261800e+00
1.343702695818925541e+00
1.352080640661495581e+00
1.348851385888051979e+00
1.345255941628525909e+00
1.341646129877466898e+00
1.352593332914657331e+00
1.351782103529347800e+00
1.340894167897110245e+00
1.349582082544962924e+00
1.349723127630066299e+00
1.345983810034942607e+00
1.344747065081900450e+00
1.344721930319352055e+00
1.350108110784674631e+00
1.338727857312503433e+00
1.347104869511500214e+00
1.347414484445291549e+00
1.335661939117101404e+00
1.351324654651362200e+00
1.339499068029333939e+00
1.342853760680186470e+00
1.335375262314350886e+00
1.344202338816792297e+00
1.338615549463735510e+00
1.338393644713471220e+00
1.342202290169766554e+00
1.332876142083533777e+00
1.344229130302923458e+00
1.348827349146882293e+00
1.335754955252906662e+00
1.339482621109172378e+00
1.336261916182675202e+00
1.330219003260113553e+00
1.337869051127338560e+00
1.335772612423769878e+00
1.337032882747626772e+00
1.336845631875634988e+00
1.330654360950651371e+00
1.332062044610743845e+00
1.335986473659866114e+00
1.333913603251837943e+00
1.327875209627011666e+00
1.332711192168898107e+00
1.341679147431735331e+00
1.330513279660010983e+00
1.328873718220920486e+00
1.334830804959029615e+00
1.332515836265483644e+00
1.328005059230660700e+00
1.332746380794594288e+00
1.330930720797582678e+00
1.332378701281252020e+00
1.329002124331274182e+00
1.326400252650612233e+00
1.327506967660072368e+00
1.326073730352888669e+00
1.331029404493895507e+00
1.334745310277477337e+00
1.326610354207879316e+00
1.326867494454569529e+00
1.327735461160651553e+00
1.333456263363468564e+00
1.319144278803278558e+00
1.327871600950719877e+00
1.330282932993600342e+00
1.322330677760403583e+00
1.321762449845815368e+00
1.323778865195018861e+00
1.327183085513668592e+00
1.327161813992292050e+00
1.321785488459750635e+00
1.323171429079756267e+00
1.323875379522222451e+00
1.326547028424507557e+00
1.318744382592012432e+00
1.322713981699515928e+00
1.324973197936688107e+00
1.319159756741626222e+00
1.321977171315299682e+00
1.318829611894464238e+00
1.321613927140276479e+00
1.314115169207661138e+00
1.314192712698582399e+00
1.317347954571808311e+00
1.318744678104539547e+00
1.320607995825324510e+00
1.319055872212876457e+00
1.317371021963172684e+00
1.317457634620730733e+00
1.315868829249020822e+00
1.313032553793470170e+00
1.318191843386318007e+00
1.320732671697460558e+00
1.314272935897671246e+00
1.320342047178261424e+00
1.314246613242868067e+00
1.311441614339692974e+00
1.314234700221052377e+00
1.313156578684900211e+00
1.313666505816638574e+00
1.317138748563221107e+00
1.311397541650104026e+00
1.315446056536743624e+00
1.317188966876037481e+00
1.306072671054209655e+00
1.312991305988850721e+00
1.306608869929663408e+00
1.311514626374610470e+00
1.311193435461095458e+00
1.305286634986089211e+00
1.304310936091129136e+00
1.304972118370986145e+00
1.304866279026545062e+00
1.299596550262126060e+00
1.300163974540614165e+00
1.303546369271429084e+00
1.300141529733066736e+00
1.302369937308087700e+00
1.304884399965815289e+00
1.303985670459134605e+00
1.307990724379137326e+00
1.301348279636517224e+00
1.299627147522053994e+00
1.300093840743507645e+00
1.294340338941666557e+00
1.302629008985865866e+00
1.294048715896226165e+00
1.299244656464250802e+00
1.300951452809532727e+00
1.300393223860675906e+00
1.290279794032860750e+00
1.302460596581918262e+00
1.300642203876679170e+00
1.293090975277902510e+00
1.301524411367065648e+00
1.295390140327813189e+00
1.290998996158682077e+00
1.293668600917336819e+00
1.299898899075848435e+00
1.292647855141039637e+00
1.291235480866310681e+00
1.292375819650656732e+00
1.287597220178795077e+00
1.297401514015672719e+00
1.293912443293496972e+00
1.286860743720035449e+00
1.286123480294530275e+00
1.285003419874267472e+00
1.288857753675079154e+00
1.287275631677825327e+00
1.291648755340470744e+00
1.282248137406999833e+00
1.289845534837662067e+00
1.293039769220115431e+00
1.289999780324300849e+00
1.288203552549980202e+00
1.280979244705182873e+00
1.279961106321450659e+00
1.288194760753503809e+00
1.282087206120233747e+00
1.283903334056349932e+00
1.286538379620435046e+00
1.284913255540444554e+00
1.284901187039980686e+00
1.281222703048845890e+00
1.282432395893221333e+00
1.283786409240599946e+00
1.288367174592236042e+00
1.279257198918140270e+00
1.274838815561487371e+00
1.275380190576085537e+00
1.286791106458649692e+00
1.273590690483188403e+00
1.287776982603937137e+00
1.272783116646596380e+00
1.275753454786554775e+00
1.280105112995892247e+00
1.275710526154233193e+00
1.285628362289391591e+00
1.278100507107601924e+00
1.275362917061780177e+00
1.277321730934261490e+00
1.270764825330510162e+00
1.271063331189228096e+00
1.277618580311466134e+00
1.275323345231908601e+00
1.274370695269405607e+00
1.279202341711605628e+00
1.268149426307707772e+00
1.268220297531377883e+00
1.279628812600614340e+00
1.265763093591711685e+00
1.267609954880836831e+00
1.270513518111306084e+00
1.270462108104996934e+00
1.276385440775869240e+00
1.268170103562873186e+00
1.272236710650381797e+00
1.269578492475200937e+00
1.265410334411573912e+00
1.273212383898987055e+00
1.270773739227010646e+00
1.265415256331165805e+00
1.265040959301434675e+00
1.268973777476452236e+00
1.265434961256104218e+00
1.263736047689502984e+00
1.277037107277812611e+00
1.257698203925589953e+00
1.271478076699507520e+00
1.266693261296794271e+00
1.260016572450177508e+00
1.263895964446830389e+00
1.269454709264206338e+00
1.260914771279372681e+00
1.258061236141472472e+00
1.263157075832129772e+00
1.263015220427059715e+00
1.265794804103142601e+00
1.256707484016033050e+00
1.259692635040359665e+00
1.262833972776839397e+00
1.263559639381505173e+00
1.257187789218385365e+00
1.257338127842541287e+00
1.257308298800767554e+00
1.261425526469764247e+00
1.263581036402780855e+00
1.255904184339915242e+00
1.258238638647414698e+00
1.253700943779431309e+00
1.258893188490040504e+00
1.262075118066904089e+00
1.256053516431446582e+00
1.249378599630820430e+00
1.259634312489052110e+00
1.250514359320245017e+00
1.254527218213874251e+00
1.248383085720498054e+00
1.257631269187924117e+00
1.252900476035416988e+00
1.249574826400263072e+00
1.248799219400790639e+00
1.250820233164809503e+00
1.254351930368446721e+00
1.247544371195150159e+00
1.252183393496768549e+00
1.251801242759294386e+00
1.241934081972643211e+00
1.250787367579996756e+00
1.247640622858017911e+00
1.248379668495755768e+00
1.244194709134315735e+00
1.245488007542586040e+00
1.242593693015511480e+00
1.240313870506811078e+00
1.249863452064469138e+00
1.232042984479790881e+00
1.236348724177616765e+00
1.240316193009752155e+00
1.231820121490722952e+00
1.242738104913243768e+00
1.231768239749364779e+00
1.223060415858485461e+00
1.228336522369143147e+00
1.229724765544244702e+00
1.233603842728211220e+00
1.226400043584417787e+00
1.225776716896727292e+00
1.225038684073426420e+00
1.228028236387484595e+00
1.220882419985862333e+00
1.226613531408589974e+00
1.223747887883794627e+00
1.222700561581750778e+00
1.232166487063411919e+00
1.221439535764903495e+00
1.222608182503488683e+00
1.222235631393594257e+00
1.226373608245573843e+00
1.225727324001763874e+00
1.221430061896498165e+00
1.226026110720612960e+00
1.224147644937346291e+00
1.226243166022892517e+00
1.214798581090875240e+00
1.224926033937362435e+00
1.218204193325413076e+00
1.226880051227220436e+00
1.217812229206767904e+00
1.222098199666101337e+00
1.222319475690128110e+00
1.213967122513886387e+00
1.216242383069497945e+00
1.219759272733503375e+00
1.215341452129082844e+00
1.219174717788072959e+00
1.220973517160767852e+00
1.226125057780407701e+00
1.213973143180935299e+00
1.212873214151920953e+00
1.217522368439102776e+00
1.218013340287934287e+00
1.217875497046096767e+00
1.216577036133881018e+00
1.216412694528741900e+00
1.210138189041835455e+00
1.218475152558712526e+00
1.214332615942029348e+00
1.219656310360372142e+00
1.208920888315927700e+00
1.217232396988837673e+00
1.215924649700227844e+00
1.213398514612469503e+00
1.204784936094865033e+00
1.217440260970220178e+00
1.204838799127801341e+00
1.212389926947245122e+00
1.208796820925293281e+00
1.208239266847740634e+00
1.213566025638951995e+00
1.202839026628013341e+00
1.216691265576536951e+00
1.214498798338297325e+00
1.201335308849155181e+00
1.207463596772878400e+00
1.212719864220258570e+00
1.201917309726607153e+00
1.202888324879392012e+00
1.201504656575258068e+00
1.205619148406232410e+00
1.214597268520580142e+00
1.213955881449208185e+00
1.205198685805004333e+00
1.202735784794791485e+00
1.197849661192234239e+00
1.203733968313667857e+00
1.203169125441506671e+00
1.200645053001538232e+00
1.200128406747747123e+00
1.200370119050791162e+00
1.200632272444902338e+00
1.203785662440764570e+00
1.201889884723809976e+00
1.208829222300301431e+00
1.190645120149450786e+00
1.195649539620599056e+00
1.203087654528385730e+00
1.201659306844516939e+00
1.204872573216861253e+00
1.198096415714240637e+00
1.193468716688218079e+00
1.194302134555936368e+00
1.192201553017367965e+00
1.194798181921810754e+00
1.206597579620333427e+00
1.196057477066352570e+00
1.196679764533050472e+00
1.189931350610915706e+00
1.199260361592179303e+00
1.198665224127172468e+00
1.189164256304313216e+00
1.199239050984570953e+00
1.191739928230486578e+00
1.184207309399510910e+00
1.199268636233546070e+00
1.198894171256201124e+00
1.196837784314925157e+00
1.192501124616338393e+00
1.189152126901210638e+00
1.181733499189787873e+00
1.200624174621288232e+00
1.190164001803201588e+00
1.183672631129342845e+00
1.189088202755822277e+00
1.184422069664853527e+00
1.192158189477611874e+00
1.177683399421777910e+00
1.185843582312997579e+00
1.199770865756631499e+00
1.189607897242956680e+00
1.188025864634937090e+00
1.196009827457320096e+00
1.180237788150850786e+00
1.177813382852405999e+00
1.179924408227832400e+00
1.193317121257458480e+00
1.184272805131514339e+00
1.181964261451792231e+00
1.181216336095335384e+00
1.180140171638478730e+00
1.177478330430459907e+00
1.178729747854285304e+00
1.191294823557311977e+00
1.190936543156785765e+00
1.178281338195224626e+00
1.172736506966733927e+00
1.173919845268877493e+00
1.182346978657680792e+00
1.179857525222051118e+00
1.171652642036651315e+00
1.181062630378331146e+00
1.176027146965578085e+00
1.170685282967861118e+00
1.179653667169403342e+00
1.178332604408830031e+00
1.171642114023297987e+00
1.181280341848273574e+00
1.181646739891254017e+00
1.167284299016103422e+00
1.178078722655135024e+00
1.180939972328507670e+00
1.174667301155829735e+00
1.172574159148830786e+00
1.180190350285315937e+00
1.177469941887085314e+00
1.165426196665093173e+00
1.186274516115530586e+00
1.177343317097542919e+00
1.173687209223978289e+00
1.176539450127472852e+00
1.180197671893149503e+00
1.165614898409123912e+00
1.181008310774186221e+00
1.173271812989997276e+00
1.174294858874099345e+00
1.166496152163232880e+00
1.168742599717040420e+00
1.163844366790030227e+00
1.171060426626116868e+00
1.181422699993760705e+00
1.162533266218318539e+00
1.162989796737397663e+00
1.167070989645914603e+00
1.169044236101034695e+00
1.163308873250037623e+00
1.177853554308609718e+00
1.156437160777969986e+00
1.170118036119156768e+00
1.164847522492302279e+00
1.166894383636210231e+00
1.162063395683478273e+00
1.170450935580973573e+00
1.165803363422480698e+00
1.162402031539574665e+00
1.157130356383796688e+00
1.170494516611954694e+00
1.165579331780084216e+00
1.153412119054608942e+00
1.166503063035657428e+00
1.157339440409417497e+00
1.162931328869265757e+00
1.161246046802121956e+00
1.168787200655893477e+00
1.142195566972406429e+00
1.171456534691848850e+00
1.157190428752129963e+00
1.155565145587640341e+00
1.150278111168977047e+00
1.151337445417624838e+00
1.160837997819766265e+00
1.155929547327688267e+00
1.159695704393573834e+00
1.167020873067796449e+00
1.160581884852887713e+00
1.152654552903189522e+00
1.164525663408662259e+00
1.170074016184671883e+00
1.137144916645157267e+00
1.145741539364924844e+00
1.156753020519996733e+00
1.150995407634198164e+00
1.142906483152423602e+00
1.147867562673343445e+00
1.154556603720012342e+00
1.147805152546693019e+00
1.142232205733125117e+00
1.160213123792738665e+00
1.162995520406328476e+00
1.151050555103872552e+00
1.148778657280611792e+00
1.152975357504220977e+00
1.146279194799355583e+00
1.152247539634132512e+00
1.153388869751519108e+00
1.145776837168000162e+00
1.150579198775712131e+00
1.161379816366204132e+00
1.152858589978431825e+00
1.138926054294050028e+00
1.149480246241115333e+00
1.145643751595346371e+00
1.140701312915471055e+00
1.143974367951960502e+00
1.153758922526581632e+00
1.142668620249429834e+00
1.135266231238127643e+00
1.146578012087228648e+00
1.150130355308472518e+00
1.142193265650631284e+00
1.136497322314402814e+00
1.145597277746206677e+00
1.147173541216133019e+00
1.136608868311548726e+00
1.156663840218052908e+00
1.141454744550771672e+00
1.130689988245785704e+00
1.142226659544338885e+00
1.145478858777988940e+00
1.135002856023976436e+00
1.135150482042664999e+00
1.134539060713484426e+00
1.143050395661065144e+00
1.133613894827431690e+00
1.136173810433592335e+00
1.136446803651901316e+00
1.137583509848484331e+00
1.128509321107030505e+00
1.133533979244515377e+00
1.135604495511795653e+00
1.134952173739829817e+00
1.139729393614279163e+00
1.135529945321732681e+00
1.136035437924775682e+00
1.134514528952293988e+00
1.140303593876589972e+00
1.141510427347493861e+00
1.132549525953126635e+00
1.141358765127582275e+00
1.129804951925556633e+00
1.134607678048090929e+00
1.138649213353456036e+00
1.131193972185006613e+00
1.129527122814167672e+00
1.130375047426602775e+00
1.134768460480013008e+00
1.135096344098311505e+00
1.127018792666667713e+00
1.117307205668355508e+00
1.136622590446769276e+00
1.135383167926504511e+00
1.130832849265398288e+00
1.136694172113543067e+00
1.119948644506291391e+00
1.122883753845264287e+00
1.122964865457416250e+00
1.126118866705887678e+00
1.124525839203116329e+00
1.129111949539893578e+00
1.142341855459807487e+00
1.131083348001187705e+00
1.126715225432181278e+00
1.135540623314955422e+00
1.127838086945835760e+00
1.121760368405351427e+00
1.120677563144407474e+00
1.125022203595172909e+00
1.128814362284626727e+00
1.133848000745989237e+00
1.123291710286355549e+00
1.126725423889107347e+00
1.120418870990084637e+00
1.115789401929629943e+00
1.127736262147543078e+00
1.130901875270093671e+00
1.123419235283184880e+00
1.133489467067158918e+00
1.114204599616748448e+00
1.124293356186329085e+00
1.129737408820939537e+00
1.119744574089718503e+00
1.118044456963165123e+00
1.118427231575082503e+00
1.120675004664148711e+00
1.125655474540105727e+00
1.120277665059205452e+00
1.115233006491348711e+00
1.117340095432546976e+00
1.115839043942458586e+00
1.120939096672368018e+00
1.109224404578927681e+00
1.119212250219858928e+00
1.122505196907476632e+00
1.117420393083593089e+00
1.117451424704929641e+00
1.117171403191037360e+00
1.109804689439897407e+00
1.123009728603474366e+00
1.122128798626477186e+00
1.112594714381567096e+00
1.111446431829877346e+00
1.117463161080557654e+00
1.124056440162354287e+00
1.120988258034593787e+00
1.108550101930535936e+00
1.105911079425041965e+00
1.123271315361007217e+00
1.115752470980795330e+00
1.110847705442866040e+00
1.109540187040624959e+00
1.108736120086195154e+00
1.116684503818433205e+00
1.117592279573262459e+00
1.110850659242598404e+00
1.105982181732033887e+00
1.112521679601841784e+00
1.111135989694325810e+00
1.108850276552332259e+00
1.106627704072568275e+00
1.113400700644560315e+00
1.109802691578144485e+00
1.110949550473393277e+00
1.111299417658103028e+00
1.115062356452067638e+00
1.110456172161598420e+00
1.098080779772639737e+00
1.101661030459967439e+00
1.110716177440799424e+00
1.113424207482103023e+00
1.100291027026907287e+00
1.099452016523442266e+00
1.106643252317256243e+00
1.112272921167038353e+00
1.111202823078245139e+00
1.109877588043537200e+00
1.114544054121456629e+00
1.103181570369080156e+00
1.107383846036168462e+00
1.105894393583271240e+00
1.110049101710040231e+00
1.116420423625169134e+00
1.100710651628326264e+00
1.100534872275559906e+00
1.103080858294223088e+00
1.100847407945095169e+00
1.103744179881557930e+00
1.108384254820796277e+00
1.111630386561721862e+00
1.098553000551010905e+00
1.092353397564204576e+00
1.096624944277519775e+00
1.105167838738144725e+00
1.111149923699383590e+00
1.099542687971091004e+00
1.098957851523507445e+00
1.088330718657648521e+00
1.100285810561980826e+00
1.104014973152867007e+00
1.105877896546983985e+00
1.111550725542305607e+00
1.098315297770772414e+00
1.105126916037011187e+00
1.096995239150727164e+00
1.095658461881875434e+00
1.106250983955597400e+00
1.092200739849776836e+00
1.097101813854440389e+00
1.096400511229177033e+00
1.095729353540809470e+00
1.097498200427812654e+00
1.105226880828713787e+00
1.088497317293100064e+00
1.091388637898734304e+00
1.093610633100869256e+00
1.092600851380588933e+00
1.094922475691801234e+00
1.088927488336210114e+00
1.096634480360080044e+00
1.092216562284677339e+00
1.093765726582877296e+00
1.093595222936148526e+00
1.088263057737258732e+00
1.108314688452877617e+00
1.090955662869130816e+00
1.090301570591052371e+00
1.098606002114428826e+00
1.087174244875351414e+00
1.094834443591396367e+00
1.095920719826507517e+00
1.083785135371432284e+00
1.095593894584589556e+00
1.087394066838109685e+00
1.086253906911787137e+00
1.097118432472308447e+00
1.094312272794393914e+00
1.084111475327193208e+00
1.081798489770910754e+00
1.091737123790002650e+00
1.089085610623832245e+00
1.087642572377725658e+00
1.091396516595646071e+00
1.094478640876602960e+00
1.092754560255067453e+00
1.088863612535566849e+00
1.084419762414377875e+00
1.086049428353140778e+00
1.078911420211666972e+00
1.090340401214716204e+00
1.085466255355447274e+00
1.085198556502398493e+00
1.081394765618615583e+00
1.086481391518341333e+00
1.084055383931751493e+00
1.079174465594520127e+00
1.082474120228307024e+00
1.092433495819828737e+00
1.086248694347276667e+00
1.083543079096923378e+00
1.074040205092792855e+00
1.085470201561140380e+00
1.080021178559311235e+00
1.072724227803013353e+00
1.075702060455432818e+00
1.083766659032716850e+00
1.083847122824069364e+00
1.088829455397336998e+00
1.088066127594168098e+00
1.069137510774907041e+00
1.087137470842388876e+00
1.077116756965049049e+00
1.081227327209314026e+00
1.074927074425555018e+00
1.086017525923197002e+00
1.071354776407045906e+00
1.068235360137999468e+00
1.072452350558582568e+00
1.071757870597681128e+00
1.080231630457973102e+00
1.075787208097833458e+00
1.074991461004034310e+00
1.085792492748518301e+00
1.085204293492944005e+00
1.073281314322928282e+00
1.074170194795012190e+00
1.079884947996411437e+00
1.086783872715911814e+00
1.068731369986056334e+00
1.072104340642004772e+00
1.076553051388929871e+00
1.078523143393989470e+00
1.074016204554891996e+00
1.072464257452576897e+00
1.067309205100380298e+00
1.073768487575359476e+00
1.069428226257034042e+00
1.068817644328203142e+00
1.078104917208014157e+00
1.080144429896721991e+00
1.061940353615391297e+00
1.066560550032980670e+00
1.074785864169250260e+00
1.078016550757164849e+00
1.071896874600338334e+00
1.059725031356080205e+00
1.065171730486848434e+00
1.066753726667463598e+00
1.067839449948336350e+00
1.071030074354407668e+00
1.069801181832876535e+00
1.064874533982857585e+00
1.073072606987262700e+00
1.073112504053665095e+00
1.070194705110512068e+00
1.066150585976198606e+00
1.059442333725819863e+00
1.059282883332989256e+00
1.070082701734711206e+00
1.065941202512764363e+00
1.058590273990235309e+00
1.057037069663328444e+00
1.080733836784158797e+00
1.077963367895143909e+00
1.065855934695651319e+00
1.068806104153363190e+00
1.065986634177466419e+00
1.062302223314563809e+00
1.060729865563339258e+00
1.058223817937739231e+00
1.063906484280590758e+00
1.063143455122237402e+00
1.072394756493658896e+00
1.074900226347046628e+00
1.058949979354714577e+00
1.055743313261248373e+00
1.054312780842321828e+00
1.060316801100601447e+00
1.059801292397203998e+00
1.072661850755384894e+00
1.067549675002555043e+00
1.058098195253252216e+00
1.053952508794736120e+00
1.062319222757011739e+00
1.054851421630931263e+00
1.049032082715127823e+00
1.052987664454145378e+00
1.059654296373175431e+00
1.056424716245836892e+00
1.051966100371941382e+00
1.057270190946333122e+00
1.061097189119450501e+00
1.056214665577588141e+00
1.051354912900560601e+00
1.055499459668250761e+00
1.053465112595538100e+00
1.054492876500805254e+00
1.054316753073304858e+00
1.056712580011336611e+00
1.052177144987388457e+00
1.059401489357273407e+00
1.044580732575774773e+00
1.055025102007044024e+00
1.044060713187293876e+00
1.058830626147031495e+00
1.052883738113050915e+00
1.054608551863129184e+00
1.060825984508168007e+00
1.048553789974758343e+00
1.052845538888351751e+00
1.047447116438211756e+00
1.055449618868823158e+00
1.040746523244842958e+00
1.045162020229665645e+00
1.045817967009031735e+00
1.046746204613993037e+00
1.047516606525864091e+00
1.051752305463428350e+00
1.048699144646036752e+00
1.062960013946330440e+00
1.050651114809732167e+00
1.049606017856899109e+00
1.045825388504650677e+00
1.048570489762048030e+00
1.047906296110010960e+00
1.044953630357292607e+00
1.049655198180301507e+00
1.060805155296349112e+00
1.051313396591588845e+00
1.041912086305442964e+00
1.060494552215173636e+00
1.056505518404780242e+00
1.056163549293082760e+00
1.056028399877082746e+00
1.050682170462399645e+00
1.047699325303582674e+00
1.042640661664074431e+00
1.045867513783083735e+00
1.053638471387702724e+00
1.052800967883463334e+00
1.043212973515021069e+00
1.038822965393351838e+00
1.040847460170652328e+00
1.049254736345208494e+00
1.044376944431811838e+00
1.052109226045448542e+00
1.039623900753571917e+00
1.045692200664154470e+00
1.042739535365353687e+00
1.036491939464650125e+00
1.043117427606037984e+00
1.057462719344276048e+00
1.050989900905465735e+00
1.044464066628689070e+00
1.040164856165942675e+00
1.048107544557386417e+00
1.050992753691811998e+00
1.045961918085148046e+00
1.041478683425706597e+00
1.043165771897134331e+00
1.044730357966225709e+00
1.035652201124304117e+00
1.028711226261775025e+00
1.048357537892510960e+00
1.050769253255828817e+00
1.054131311529562298e+00
1.042128138899508061e+00
1.035340251738273709e+00
1.040474644751934186e+00
1.036973411194928696e+00
1.029008027209392662e+00
1.040767280922123339e+00
1.039986933330441898e+00
1.035538850504773789e+00
1.035425262192988916e+00
1.044207620631316003e+00
1.033273302070786492e+00
1.047399495956063298e+00
1.023005365689129809e+00
1.044281087219359749e+00
1.030127393252499690e+00
1.043063640956342519e+00
1.027509794970548507e+00
1.044200479499527656e+00
1.036372645401079318e+00
1.037853961465711183e+00
1.028963436588616220e+00
1.029628822916476949e+00
1.044520085204408755e+00
1.033271833870923251e+00
1.034882164361379919e+00
1.043703029924218484e+00
1.031809630705041725e+00
1.043917958706556792e+00
1.028724755716655892e+00
1.040151801576846058e+00
1.032124127347377573e+00
1.024291632715913503e+00
1.035370961103581511e+00
1.028133838544317724e+00
1.041938470406913897e+00
1.032200650710020762e+00
1.046721854363662496e+00
1.038465352499222449e+00
1.030596605217500628e+00
1.028212552482306918e+00
1.028697920792266407e+00
1.026023244952092073e+00
1.029315047503158054e+00
1.030994058720150042e+00
1.023730453718721956e+00
1.039425849005421121e+00
1.030719502744180449e+00
1.042281057945972922e+00
1.032595970534830210e+00
1.033904316740292151e+00
1.022206207218099738e+00
1.028183508926044931e+00
1.023224975700970818e+00
1.031648908190899272e+00
1.033433809715302631e+00
1.031209790327358045e+00
1.031141356120314878e+00
1.020637929682851830e+00
1.036915049460722216e+00
1.026081108669727682e+00
1.026570155026453879e+00
1.029594812000050874e+00
1.038756569613491942e+00
1.022716521585137928e+00
1.020696302421487678e+00
1.028082010923893508e+00
1.021864458664788922e+00
1.015693101385665598e+00
1.023380114966303100e+00
1.022258902092403110e+00
1.041843262196359365e+00
1.022723040660699745e+00
1.023053013004005640e+00
1.030496816581073505e+00
1.035476354496199347e+00
1.014648704892679776e+00
1.024485824261882838e+00
1.019143087252332602e+00
1.021410628852821301e+00
1.021500776350129591e+00
1.018916168796156319e+00
1.023693383050711558e+00
1.021180272478727780e+00
1.015257406561717035e+00
1.022782951439608956e+00
1.028923914753907320e+00
1.027625997003959402e+00
1.023634630268954737e+00
1.012591482643031782e+00
1.019093063031122126e+00
1.028302457476732990e+00
1.020231430623295577e+00
1.011422981127084730e+00
1.018072562000347681e+00
1.020915386240479839e+00
1.028973281218670488e+00
1.023326967632128381e+00
1.005815285677421178e+00
1.019259059118483801e+00
1.010723563930151725e+00
1.025069283960761135e+00
1.022571954635741465e+00
1.021008456990776470e+00
1.015621600848571449e+00
1.011370281914858227e+00
1.006846420099484885e+00
1.015325422186600601e+00
1.027397878150303701e+00
1.016092264967278336e+00
1.013210698336800109e+00
1.021304807169266082e+00
1.002855420497789751e+00
1.012600383345814814e+00
