1.265454909667851553e+03
4.033691836764672303e+02
2.832249771945922703e+02
2.240612782683840862e+02
1.915968610377613857e+02
1.756122223318312479e+02
1.649983385675861030e+02
1.567004588816425610e+02
1.493985812406506852e+02
1.422824739331431942e+02
1.351919393996166434e+02
1.279679803163667913e+02
1.203620853946415679e+02
1.123381698919201455e+02
1.038397008524971881e+02
9.488250310073942728e+01
8.560190753881506964e+01
7.618269730960581398e+01
6.699583613530320747e+01
5.880721936275881490e+01
5.210997808183415714e+01
4.686518254236808190e+01
4.277282979462537327e+01
3.957534007464338544e+01
3.700024931304763243e+01
3.483946224897390209e+01
3.299904248065985968e+01
3.137432364321306011e+01
2.994448676307155566e+01
2.868239624802763288e+01
2.753548820025494948e+01
2.647660357687820465e+01
2.550014066626321707e+01
2.459585712216528464e+01
2.375426983910294965e+01
2.296623997099068148e+01
2.222035079445871375e+01
2.152253826434333561e+01
2.087541027084656875e+01
2.027157826983402344e+01
1.971199148919039956e+01
1.919675304101118130e+01
1.873203364282750627e+01
1.830881009743225363e+01
1.792858558413416503e+01
1.758871683727291924e+01
1.728203527482982693e+01
1.700247057582486221e+01
1.674375294419752080e+01
1.650729429094176481e+01
1.629442229748912396e+01
1.609710799821338867e+01
1.591717532364059906e+01
1.574467602460344295e+01
1.558353124820636459e+01
1.543356722655576796e+01
1.529440163603018910e+01
1.516413031082952756e+01
1.504214075723118249e+01
1.492892167715991292e+01
1.482070966122625144e+01
1.471466178119646351e+01
1.461428874699155500e+01
1.451769405217568476e+01
1.442907581890519708e+01
1.434365215227657409e+01
1.425969037982691923e+01
1.418098647049026262e+01
1.410488139443681810e+01
1.402808208500472098e+01
1.395618495839469908e+01
1.388835489216621966e+01
1.382148531560428495e+01
1.375764064962631217e+01
1.369347103340990657e+01
1.362913111199481619e+01
1.356874711745250828e+01
1.350560998122107215e+01
1.344873813324511680e+01
1.339387171251652831e+01
1.333931867085236433e+01
1.328713635768066581e+01
1.323849310846299687e+01
1.318983498279475697e+01
1.314173337164607425e+01
1.309779448269401314e+01
1.305530482984567975e+01
1.301655474274478763e+01
1.297497087271531946e+01
1.293700918853770965e+01
1.289826317763503560e+01
1.286002519660382681e+01
1.282196773265144962e+01
1.278622893993178344e+01
1.274869029999191916e+01
1.271311173098095537e+01
1.267570021490176835e+01
1.264070866298792062e+01
1.260497042617936891e+01
1.256806428337074344e+01
1.253157192076400861e+01
1.249715443313063190e+01
1.246639947413443927e+01
1.243349593938442865e+01
1.240312485059852143e+01
1.237244762219054195e+01
1.234198732575491420e+01
1.231341495045654533e+01
1.228417757313652459e+01
1.225617450255605156e+01
1.222859044825257513e+01
1.219847943637131493e+01
1.217125648012337003e+01
1.214067648647856323e+01
1.211230341929373822e+01
1.208314538608762057e+01
1.205453978567978091e+01
1.202738421064924523e+01
1.200268493960150629e+01
1.197892390742766189e+01
1.195226680417199994e+01
1.192636706406791269e+01
1.190043624422749424e+01
1.187464370769512989e+01
1.184851955466870699e+01
1.182417771539347662e+01
1.180034744311467954e+01
1.177692585290975558e+01
1.175605663116444077e+01
1.173379749869622124e+01
1.171353976252158446e+01
1.169247086744753084e+01
1.166984508226280326e+01
1.164977234654732285e+01
1.162689824230491276e+01
1.160497336430949211e+01
1.158415716027155362e+01
1.156078337207836704e+01
1.153801164279302860e+01
1.151653326547242706e+01
1.149574624337817319e+01
1.147382044352738717e+01
1.144824333878187694e+01
1.142735181846226133e+01
1.140412796801402351e+01
1.138337391369224605e+01
1.136245361051007130e+01
1.134408070712909655e+01
1.132436172113388473e+01
1.130700578992810712e+01
1.129043469580126136e+01
1.127125591495502732e+01
1.125346750673936747e+01
1.123474386598239683e+01
1.121680487639780210e+01
1.120096348798262120e+01
1.118164451543722038e+01
1.116443710045900239e+01
1.114771528761203712e+01
1.112879949460882756e+01
1.111333647423604454e+01
1.109423055920611034e+01
1.107897945709609822e+01
1.106099281895799713e+01
1.104374944949312720e+01
1.102838337506137201e+01
1.101339979268407809e+01
1.099972071339503543e+01
1.098457187614254593e+01
1.097055743566194508e+01
1.095648302271060004e+01
1.094231822412869803e+01
1.093008786183177783e+01
1.091463104994617517e+01
1.090121922663106169e+01
1.088868102193375798e+01
1.087676624344129728e+01
1.086435076503374830e+01
1.085216509275905672e+01
1.084001953371236660e+01
1.082832011839502684e+01
1.081654112252153510e+01
1.080523994335705318e+01
1.079309721903934083e+01
1.078304441986949769e+01
1.077291305946540767e+01
1.076108180057003061e+01
1.074985358924604917e+01
1.073688434253034352e+01
1.072592074471099899e+01
1.071446682537077244e+01
1.070681290503065064e+01
1.069542288816013098e+01
1.068336970305437639e+01
1.067316136599003151e+01
1.066378732822663800e+01
1.065397715817509372e+01
1.064501955823849855e+01
1.063323326060198504e+01
1.062530126117025020e+01
1.061556473115042643e+01
1.060604952602073503e+01
1.059695059784278826e+01
1.058871235036427727e+01
1.057939550843645016e+01
1.057022499371594471e+01
1.056258588911408047e+01
1.055384712875790854e+01
1.054604829709077585e+01
1.053750821222467415e+01
1.052925214824774969e+01
1.051778068631468521e+01
1.051109902678294716e+01
1.050353373161242665e+01
1.049670816653652317e+01
1.048725615293971991e+01
1.047837270403643295e+01
1.047102658485438376e+01
1.046264198449294192e+01
1.045436639315687621e+01
1.044670301847471983e+01
1.043895608519112450e+01
1.043016981294008438e+01
1.042259106787629541e+01
1.041422982034040601e+01
1.040718322082658176e+01
1.039799704097018385e+01
1.038962033049797462e+01
1.038222842257288292e+01
1.037320005831169212e+01
1.036592972584878858e+01
1.035669418590997104e+01
1.034811389420368855e+01
1.034124808747418278e+01
1.033336659391360079e+01
1.032596388814365440e+01
1.031867667162740965e+01
1.031185995915188691e+01
1.030377375852670063e+01
1.029583306802061848e+01
1.028802121791942881e+01
1.028002389540583472e+01
1.027284196290057139e+01
1.026493756755151487e+01
1.025751204649357184e+01
1.025008682387332826e+01
1.024277526879336264e+01
1.023639153572228544e+01
1.022987784829134839e+01
1.022308392970583135e+01
1.021610931014221890e+01
1.021064876181309522e+01
1.020382556562925025e+01
1.019598021486766903e+01
1.019110460213103231e+01
1.018584303499974020e+01
1.017871156568908297e+01
1.017232385099974756e+01
1.016744180419330412e+01
1.016089585157994613e+01
1.015688027036613228e+01
1.015112652906227275e+01
1.014559429382572553e+01
1.013793922231863753e+01
1.013202940101763438e+01
1.012688117582405134e+01
1.012147865323669826e+01
1.011522130374138406e+01
1.011110249823905072e+01
1.010510480380217757e+01
1.010132839023337326e+01
1.009484716521855852e+01
1.008924610252128673e+01
1.008331883315912769e+01
1.007788897053482557e+01
1.007266769638081350e+01
1.006767524377998235e+01
1.006265531781844125e+01
1.005763727563937593e+01
1.005333875468617322e+01
1.004821490187505262e+01
1.004490892715293526e+01
1.004152113161847915e+01
1.003657776609307639e+01
1.003080371814795946e+01
1.002805317309418420e+01
1.002172063412662517e+01
1.001855345200472236e+01
1.001394102680622566e+01
1.000921557074840607e+01
1.000514405986137945e+01
1.000104975578983435e+01
9.995660970881255381e+00
9.992068402796563831e+00
9.987467734497862182e+00
9.983277722522396758e+00
9.978942855496294229e+00
9.975289304270134494e+00
9.971032312112839691e+00
9.965792425630061402e+00
9.961533727471204358e+00
9.955376206925647509e+00
9.952512741439047517e+00
9.947885177579614435e+00
9.943547442847796347e+00
9.939794184399191934e+00
9.935562712099757832e+00
9.932875446849861234e+00
9.927956268141135965e+00
9.924452438538230226e+00
9.920525421418416201e+00
9.917299357412277416e+00
9.912449276798184883e+00
9.907735921501593879e+00
9.904115418142518834e+00
9.899643335405544420e+00
9.896529256035927702e+00
9.891215713217135885e+00
9.887391106300755794e+00
9.882092539744329329e+00
9.877646169826915568e+00
9.873006773952132775e+00
9.868071117442783091e+00
9.863346713627116458e+00
9.859736572830998469e+00
9.854035586381209910e+00
9.850651269065052063e+00
9.846282756032090688e+00
9.842308175573782236e+00
9.837955290718921830e+00
9.833788796851470337e+00
9.829655213798600855e+00
9.824824073977479699e+00
9.820400770281354497e+00
9.816324931067528681e+00
9.811607726647645578e+00
9.807060919555601330e+00
9.802437434381081616e+00
9.799585930023910763e+00
9.795382559896363972e+00
9.790968621877157219e+00
9.786836897782601241e+00
9.782355620207578539e+00
9.778734024323494367e+00
9.774900419968206577e+00
9.770662614750772690e+00
9.767366112416244306e+00
9.763524735078851435e+00
9.761553643830895410e+00
9.758529125653605973e+00
9.753283259240445702e+00
9.749064398843048096e+00
9.744561402688351137e+00
9.741858122407428766e+00
9.736413475145040408e+00
9.732752353538895562e+00
9.729183783110514128e+00
9.725657897739580449e+00
9.720395036335554906e+00
9.718576721956781128e+00
9.714031973953316523e+00
9.708042556528731382e+00
9.705051009229475056e+00
9.699808972794828676e+00
9.695754530014205841e+00
9.691043402901913240e+00
9.687924999139204019e+00
9.685095859211822145e+00
9.680426534014788587e+00
9.675905927883752256e+00
9.670501383432361209e+00
9.667002118024774049e+00
9.662954358599725069e+00
9.659538323738960486e+00
9.655834665705123498e+00
9.652087960762314012e+00
9.647286895583393473e+00
9.644828587797858788e+00
9.641980974214925837e+00
9.636553131969529673e+00
9.632785054012275694e+00
9.627414079198961971e+00
9.624376010843198159e+00
9.619699565461163004e+00
9.615523715757207768e+00
9.612190284710711907e+00
9.607394326747254354e+00
9.602313519734954284e+00
9.598159954933656479e+00
9.594217699189753645e+00
9.589828274024263521e+00
9.585630669684869432e+00
9.581537276266519854e+00
9.577269149104854051e+00
9.574095336260510791e+00
9.570260778294862547e+00
9.566946205953945181e+00
9.562600379969138586e+00
9.559055706100878069e+00
9.557036465387165336e+00
9.551910013776794273e+00
9.548352875074007429e+00
9.544562757396343855e+00
9.540365387596274616e+00
9.538090329497439512e+00
9.533834379809528414e+00
9.528544313486142059e+00
9.525442887275715975e+00
9.521264236042712881e+00
9.516631835659943306e+00
9.512538628172533706e+00
9.507849235939051624e+00
9.505198280237504349e+00
9.499974130260854466e+00
9.494022793118309878e+00
9.490517779743148807e+00
9.485320859641984015e+00
9.481840354057807119e+00
9.476491874738515619e+00
9.471629444284612731e+00
9.467281828537059241e+00
9.462173893558434301e+00
9.455662600054303368e+00
9.451568541613092123e+00
9.447606684181367953e+00
9.439405503421006927e+00
9.439082573076408522e+00
9.431130708144278785e+00
9.426727379534074913e+00
9.423611516565006951e+00
9.418585392935359124e+00
9.415578342951333113e+00
9.407927950398470074e+00
9.403063082372161929e+00
9.398128791520001357e+00
9.392649587342743800e+00
9.388367118097610486e+00
9.384621437259943022e+00
9.379420216272984945e+00
9.373492741496356473e+00
9.370946610742580063e+00
9.364526663442253707e+00
9.360489133269934925e+00
9.358664702591937612e+00
9.354557551346937672e+00
9.350735182693904690e+00
9.343419568896432992e+00
9.340600750409938868e+00
9.336158696605682650e+00
9.329560125488708167e+00
9.326595176880410065e+00
9.319428328817261686e+00
9.314577869275494137e+00
9.309874516241199771e+00
9.308211502920878289e+00
9.300634601222801834e+00
9.295757427682874052e+00
9.292892303774083373e+00
9.286451642872386003e+00
9.283623393540223034e+00
9.276236145920057297e+00
9.273084796211984226e+00
9.271761651505356028e+00
9.262875683728044152e+00
9.262598153792440669e+00
9.255440966884970422e+00
9.249363575176852592e+00
9.248321564736457390e+00
9.241329210279202400e+00
9.238719857975238980e+00
9.232244761085059537e+00
9.227001803250450607e+00
9.225624497836539817e+00
9.218608842815429583e+00
9.216170124502577110e+00
9.208208861817896107e+00
9.207745182774624837e+00
9.199444786745575087e+00
9.199171487503539524e+00
9.194141455061393131e+00
9.186484727552274521e+00
9.185589145208933104e+00
9.178089644100170474e+00
9.178472445067283658e+00
9.169333704978662070e+00
9.171044550296862496e+00
9.165124732934065932e+00
9.158641058411701508e+00
9.157260196540116581e+00
9.153115290148415184e+00
9.146138038911141521e+00
9.144430519565553084e+00
9.140094087750822993e+00
9.135908594394569704e+00
9.133262752881179836e+00
9.126424402018750826e+00
9.127302347003903193e+00
9.119848148397109000e+00
9.119027865685223944e+00
9.110040198347657991e+00
9.110590185164443966e+00
9.102915724826086574e+00
9.105819926577810364e+00
9.097588442552915211e+00
9.096292897075182182e+00
9.089427525711824885e+00
9.089543380375944892e+00
9.085522562846742645e+00
9.079114204783632402e+00
9.079039887386025853e+00
9.071565937410760228e+00
9.072341339209446076e+00
9.068370370066075381e+00
9.060729980707746378e+00
9.061402431633235111e+00
9.054443382849351352e+00
9.054197900993328219e+00
9.051061928425669478e+00
9.042452024225198670e+00
9.044350768346602010e+00
9.040238405107722031e+00
9.033935214411258130e+00
9.035060578066744341e+00
9.027757061155222473e+00
9.028033993198127050e+00
9.022987091953320160e+00
9.017319046207207478e+00
9.017688423727941327e+00
9.008938965030068857e+00
9.011320781075058406e+00
9.001530300551261021e+00
9.002704632395351680e+00
8.995456056929283406e+00
8.994051224307535009e+00
8.988455296303127895e+00
8.988801729298995014e+00
8.982986864286003126e+00
8.981214320740246393e+00
8.977977364846521979e+00
8.970622147756847298e+00
8.970422813477437529e+00
8.968844963097266643e+00
8.962183868127191033e+00
8.960023929606270698e+00
8.956470096097401523e+00
8.948651091891139941e+00
8.949043458909352822e+00
8.946373062601216120e+00
8.939239390921246198e+00
8.940290832768861051e+00
8.936484409927432537e+00
8.931063206985262681e+00
8.930040058107865164e+00
8.928524019028420966e+00
8.920391714183208975e+00
8.921785557174114700e+00
8.919802823930938374e+00
8.912600273429067244e+00
8.908082436575265106e+00
8.907641223727805979e+00
8.900663943897772157e+00
8.901073524583447139e+00
8.897210337778401978e+00
8.890812383566094823e+00
8.892772986560343540e+00
8.886340153325850366e+00
8.887965650117163108e+00
8.880649908054982333e+00
8.881538954916434747e+00
8.875807769960564642e+00
8.873975834782308780e+00
8.872907450706174259e+00
8.865586589859910660e+00
8.866025183269426790e+00
8.863782010147955859e+00
8.856843337956144424e+00
8.856441032438885586e+00
8.850355408389967593e+00
8.850181826777339111e+00
8.843563597127893416e+00
8.844243694788458399e+00
8.838244910853171987e+00
8.837331259394554550e+00
8.831032721167856536e+00
8.831789619634031752e+00
8.825040815028728503e+00
8.826047557268287491e+00
8.819883690650357266e+00
8.818047361422683750e+00
8.813288716560977676e+00
8.813429496266872221e+00
8.809847575204971193e+00
8.804267035741387915e+00
8.804290952599320264e+00
8.799233353105028854e+00
8.798304389577415563e+00
8.793495370945310086e+00
8.790400068604048656e+00
8.788819765931624062e+00
8.788142128302167677e+00
8.780689897970598068e+00
8.779355099243282723e+00
8.775507990718974582e+00
8.773432541628421788e+00
8.773086936990152296e+00
8.769988768859404260e+00
8.763985098038567401e+00
8.763961013293917190e+00
8.757942055228745915e+00
8.755773928547583296e+00
8.756058539852562106e+00
8.752571159082693342e+00
8.745813737658902909e+00
8.744828538513724325e+00
8.744735150362076936e+00
8.741921531401507295e+00
8.739263439521836929e+00
8.733244229472163056e+00
8.734903034046771708e+00
8.728660609375820556e+00
8.727549621711927941e+00
8.726665845928650356e+00
8.721690545108259585e+00
8.719422397130436764e+00
8.716755255928797297e+00
8.716824264029366276e+00
8.713822822516414490e+00
8.708340517655214441e+00
8.706870152779490724e+00
8.703181482402035485e+00
8.701367359657695033e+00
8.702203990984278548e+00
8.696345069247787052e+00
8.693391797611512928e+00
8.694772906936167445e+00
8.690748346716185679e+00
8.686357963814952399e+00
8.685462529619348615e+00
8.680908072515828522e+00
8.683086971018267874e+00
8.680036793114018323e+00
8.676501440898892525e+00
8.676770938137179812e+00
8.670560285881899532e+00
8.668398074923473473e+00
8.668314702451594300e+00
8.664152101517940352e+00
8.663234465335920120e+00
8.662599638823701653e+00
8.658672442290454185e+00
8.656283648370001416e+00
8.656809872515941251e+00
8.653801944923063871e+00
8.649177424750222443e+00
8.647931950747114627e+00
8.648324782746739103e+00
8.642758286077492969e+00
8.643227291610683594e+00
8.637061978602570633e+00
8.638522471870659913e+00
8.634652244339553917e+00
8.631299906061999039e+00
8.630837864885615218e+00
8.629346179507804138e+00
8.624787207452943250e+00
8.624606924878436942e+00
8.620646724031358232e+00
8.619373738436499011e+00
8.615835664800311378e+00
8.617148256146828444e+00
8.613129011524948808e+00
8.611211358397826032e+00
8.608797089942337166e+00
8.609180186315553485e+00
8.604487110557309748e+00
8.605823139460907711e+00
8.604650758967853363e+00
8.597801609336256590e+00
8.600846751626809450e+00
8.593720207298369829e+00
8.593918663134695990e+00
8.591804096702931659e+00
8.593264609252903696e+00
8.585952431335970303e+00
8.585912853715825577e+00
8.584104748076802238e+00
8.581638903494003046e+00
8.580980434327978301e+00
8.579320533895204548e+00
8.576295143462703052e+00
8.574474789405778452e+00
8.573799144679497886e+00
8.572661710744938546e+00
8.571645268475355905e+00
8.567311754787921174e+00
8.567570970135543362e+00
8.562809181579792650e+00
8.562702156259287989e+00
8.560214569774112547e+00
8.560514736937582470e+00
8.559066572283098751e+00
8.553634143296315884e+00
8.555745589470925339e+00
8.550282796211556402e+00
8.551546732851896593e+00
8.546247137852434506e+00
8.545987875647693244e+00
8.548045448593065032e+00
8.541687016869458304e+00
8.542281082699821226e+00
8.538953003265874031e+00
8.539782545427398119e+00
8.533708472984971038e+00
8.532730027609664702e+00
8.531480767088300610e+00
8.529647381164112474e+00
8.530019570481622182e+00
8.528434133350085489e+00
8.523127178927206060e+00
8.523757085259111577e+00
8.521184680636700648e+00
8.519456101288801264e+00
8.521499040476859577e+00
8.515529116599674708e+00
8.514822781687410469e+00
8.512824870128696375e+00
8.511174821221972664e+00
8.511637679874677787e+00
8.512234147919558680e+00
8.507441672153118972e+00
8.510292207788701546e+00
8.506012626236135077e+00
8.504426736357940442e+00
8.504356596657135725e+00
8.499180165265189046e+00
8.498738859641271404e+00
8.500534262269406227e+00
8.494992090752701230e+00
8.496407947987615117e+00
8.491648240387707602e+00
8.493127446269786773e+00
8.488046687490450992e+00
8.489086591243383495e+00
8.485085279168970374e+00
8.487963354906664648e+00
8.481019916467722908e+00
8.479883387001001083e+00
8.479130769220949659e+00
8.480940529182737109e+00
8.475654163164108468e+00
8.473627943249256944e+00
8.471696066258052937e+00
8.470997343571491811e+00
8.474409689939035317e+00
8.467311499857849810e+00
8.466043987767909229e+00
8.464379027666188549e+00
8.461524055698882663e+00
8.461797843652947293e+00
8.458402183494692750e+00
8.457156622728595252e+00
8.457069518801565877e+00
8.456888464325222898e+00
8.456712077115598802e+00
8.451114226594436118e+00
8.449241091554359429e+00
8.447985853548805935e+00
8.445480815005305786e+00
8.445377662075333802e+00
8.442671407844619225e+00
8.445658631186391929e+00
8.438317748657892636e+00
8.439346080424211749e+00
8.436539607489438097e+00
8.435842556437949114e+00
8.433399904853896345e+00
8.432250893003127246e+00
8.431534807085148131e+00
8.428964022735216943e+00
8.433249604143790989e+00
8.427492888600800924e+00
8.425580139100640409e+00
8.424837212869441316e+00
8.422861791069978565e+00
8.420588084587377509e+00
8.420434645627498327e+00
8.418618364248466435e+00
8.416727147887160143e+00
8.415851202823143140e+00
8.416052150765024109e+00
8.414601761654015633e+00
8.411868923467689996e+00
8.410141006023518884e+00
8.411377815008565406e+00
8.406981822584517872e+00
8.407581380183062336e+00
8.405763718150284447e+00
8.405387628900744090e+00
8.403939441987533954e+00
8.402258626699698141e+00
8.401458683833384455e+00
8.401299775161545469e+00
8.399310958777101987e+00
8.399222134541531659e+00
8.396579474735466064e+00
8.395801487872990521e+00
8.394391887362374405e+00
8.393479370753995639e+00
8.395228028121232811e+00
8.395171503738019680e+00
8.392297210978014732e+00
8.388114009753559586e+00
8.388497745359705604e+00
8.387787754144870433e+00
8.388997827577084010e+00
8.383948859217401406e+00
8.381496718108870425e+00
8.379878842356898616e+00
8.378803859793634956e+00
8.378746541882195586e+00
8.376080249966209479e+00
8.375579703643285967e+00
8.372908225946337879e+00
8.372962767574287923e+00
8.371590032233639178e+00
8.370985108023321075e+00
8.369024278603340861e+00
8.366607267729142094e+00
8.367118267055705161e+00
8.364876508032148550e+00
8.362695210295633785e+00
8.363589985295055484e+00
8.364216853287713249e+00
8.360485381192583887e+00
8.359626063850187805e+00
8.358425390728053017e+00
8.359597009711311699e+00
8.355083260003022261e+00
8.353894374063985495e+00
8.352653514362392784e+00
8.352437921879966254e+00
8.349962348474115004e+00
8.350191972206038926e+00
8.347856453628663687e+00
8.345196613393429885e+00
8.343508575175171416e+00
8.344277190491538931e+00
8.340801349140480880e+00
8.339532818438319950e+00
8.336649592580547719e+00
8.337675233071902170e+00
8.333806957336500787e+00
8.332111252664246237e+00
8.331719802421366339e+00
8.328832404427840785e+00
8.329255592291481491e+00
8.326848470224399890e+00
8.325273637834163409e+00
8.323452172723500908e+00
8.324358275299877263e+00
8.322180106710590053e+00
8.321385539318926661e+00
8.320490352657898825e+00
8.319443880429835403e+00
8.315415028520197538e+00
8.316049350174806065e+00
8.313283363438632279e+00
8.315025921453143454e+00
8.312049270184040495e+00
8.311167702828763382e+00
8.307927214362349488e+00
8.309480286280336969e+00
8.306488713334958973e+00
8.307094707823285518e+00
8.303706639303396031e+00
8.303060476972509818e+00
8.302528593282641367e+00
8.301951452353463878e+00
8.301021554102513633e+00
8.298883632929952014e+00
8.298853049412498351e+00
8.297090099037207622e+00
8.294878040602988278e+00
8.296902111091377208e+00
8.293479918489131464e+00
8.293936069272064060e+00
8.293513730657839034e+00
8.290781066616768058e+00
8.288370484806742766e+00
8.288127458328442998e+00
8.288028106344913937e+00
8.286181589576907314e+00
8.283568948380461094e+00
8.281980590170439527e+00
8.279663428670078318e+00
8.282254627735113672e+00
8.280344815650868995e+00
8.277822020463238673e+00
8.276876485492955737e+00
8.274736439253723930e+00
8.275448768349235706e+00
8.277767125847583785e+00
8.272052417290369775e+00
8.272925523719157681e+00
8.269511452730585077e+00
8.271800287965577425e+00
8.269041302279331873e+00
8.271164967609536234e+00
8.269674766995526838e+00
8.269417503179811391e+00
8.266744226580463817e+00
8.267457557288466319e+00
8.263544906240094079e+00
8.263600878964167507e+00
8.262161533718366258e+00
8.257883276256180238e+00
8.259612728881057464e+00
8.257966340578240860e+00
8.253640034025634620e+00
8.255648953095210629e+00
8.252969784881436510e+00
8.250970464709276087e+00
8.250301479792280901e+00
8.248491998869855735e+00
8.247478241186415815e+00
8.247682537273027137e+00
8.244966426836688456e+00
8.243251847817241185e+00
8.245694949131683771e+00
8.242580578805752012e+00
8.238656383654811677e+00
8.243610127302259727e+00
8.238332604141595183e+00
8.238069971444241801e+00
8.238347737601108278e+00
8.235279557992472022e+00
8.234966016677606859e+00
8.233057360967839244e+00
8.232553832397513816e+00
8.229918276946811773e+00
8.230714295077889986e+00
8.227635895518629283e+00
8.224158503029990186e+00
8.226272063258889489e+00
8.222054347519401674e+00
8.223055952111556266e+00
8.218539697106665542e+00
8.221506180376914941e+00
8.219616453727271121e+00
8.218210638479307661e+00
8.216222681819871809e+00
8.216114561400083005e+00
8.213994251657736001e+00
8.212360490865291851e+00
8.210626563192048977e+00
8.212547771356744519e+00
8.207448882518798783e+00
8.208490534422303142e+00
8.205799961607077364e+00
8.207352418859667154e+00
8.203809554890995059e+00
8.202326844796802519e+00
8.202584197887508921e+00
8.202956731287320835e+00
8.199286388428022931e+00
8.196215160338288896e+00
8.196182121212803651e+00
8.195392605265007901e+00
8.193845101473650416e+00
8.192485294840905041e+00
8.192874013531858068e+00
8.190417091739339739e+00
8.188783202485200974e+00
8.188291312705024083e+00
8.187797523663641996e+00
8.186706214447413643e+00
8.185309964654303272e+00
8.184494486633676402e+00
8.182787046698015487e+00
8.180748259830721736e+00
8.179907690966267353e+00
8.180766349170909280e+00
8.176655127525714661e+00
8.179042794276689676e+00
8.177443830774461020e+00
8.174791538990755058e+00
8.175914560560743283e+00
8.172458922735481579e+00
8.171831349995594351e+00
8.171515317330250383e+00
8.168904300890677206e+00
8.171361871399097865e+00
8.166026087386741850e+00
8.167397239521237751e+00
8.166877959191582548e+00
8.165219238733216756e+00
8.162352133692630574e+00
8.162332248242352151e+00
8.162182202180964907e+00
8.158794281794055081e+00
8.159131406330031311e+00
8.160702931966751450e+00
8.156827902106241979e+00
8.158466152636743018e+00
8.156886149049844548e+00
8.154716585210591617e+00
8.156682330455661045e+00
8.153241058781919293e+00
8.153419388212901353e+00
8.151685161475592523e+00
8.151554278358011274e+00
8.150393202830818140e+00
8.148805123283995755e+00
8.147473245696778221e+00
8.148696809639263350e+00
8.146278206422694623e+00
8.147814523343289039e+00
8.144843537372379316e+00
8.143922397795074986e+00
8.144533925895883542e+00
8.142135282981087130e+00
8.141604973395603295e+00
8.141253154597869468e+00
8.140482439845021290e+00
8.136908492354283595e+00
8.137741135627445388e+00
8.136302756111653878e+00
8.134089802706647276e+00
8.135080975109909573e+00
8.134524893131340306e+00
8.131851646946286039e+00
8.131083179286541451e+00
8.132337826655396285e+00
8.128452014338165554e+00
8.130023960179476816e+00
8.128408301702718219e+00
8.124443005749091284e+00
8.127453093135434514e+00
8.126512778553792060e+00
8.123213577083994608e+00
8.125982908610611233e+00
8.121549539932971129e+00
8.119984973385191651e+00
8.120863405301902205e+00
8.120269672592188570e+00
8.118965558958430861e+00
8.115740287122084951e+00
8.114845182658031675e+00
8.112587730039896528e+00
8.113410760205766792e+00
8.113173705997320795e+00
8.111195270660230605e+00
8.111304250108165803e+00
8.110607747253636646e+00
8.111227572226543003e+00
8.107715375757178933e+00
8.106994347848164750e+00
8.105935821048808165e+00
8.106203401217557669e+00
8.103597235366017060e+00
8.104962850265691188e+00
8.102941405202075842e+00
8.101006749093702552e+00
8.102009541256574465e+00
8.100773970446363492e+00
8.099540323476579928e+00
8.098095189598236487e+00
8.096038848570687563e+00
8.097258490048034218e+00
8.095753320023751698e+00
8.093861219625550163e+00
8.094304686364106161e+00
8.094173669735161170e+00
8.094180510132853001e+00
8.093727190264903726e+00
8.092501949460721988e+00
8.092168476787309217e+00
8.089788820412303849e+00
8.089763877972652395e+00
8.089061050650419915e+00
8.089348196674782443e+00
8.088122610075096475e+00
8.087154090438648524e+00
8.086725283213864302e+00
8.084502315499641156e+00
8.084635853497859515e+00
8.083261216380670078e+00
8.082378111705853740e+00
8.082857648559018671e+00
8.080955718378957542e+00
8.080033337867144283e+00
8.079225001978246112e+00
8.077603916563981912e+00
8.076065495098786684e+00
8.077312721759069447e+00
8.075537163852620992e+00
8.074696162617740924e+00
8.073336733304047996e+00
8.074485880465282150e+00
8.072427252063866021e+00
8.072131688168054708e+00
8.071416843452540846e+00
8.070185112716565357e+00
8.070399759075659318e+00
8.068828296525801136e+00
8.068159186340153610e+00
8.067382858127222889e+00
8.066878635729871405e+00
8.067193235959406294e+00
8.066406043411161519e+00
8.063504439550687408e+00
8.064611282841864792e+00
8.064208564607300289e+00
8.062338676938574977e+00
8.062219896481519044e+00
8.061532179336415638e+00
8.061146869723957664e+00
8.058988578575901229e+00
8.059757595127081231e+00
8.058425390352541129e+00
8.057134451932329355e+00
8.056080920340436435e+00
8.058720714205223956e+00
8.055693617722202049e+00
8.053846904043831856e+00
8.054323592996185610e+00
8.055350178406770922e+00
8.054686487570572595e+00
8.052589772798699030e+00
8.051800451526519353e+00
8.052486517569940716e+00
8.050858477219408726e+00
8.049704254918557567e+00
8.050062758324681766e+00
8.049462600958811720e+00
8.047845018454585997e+00
8.048427258428564102e+00
8.045472519181656068e+00
8.045922169787159461e+00
8.046389038895876311e+00
8.043497956480484490e+00
8.045331668618244336e+00
8.044506590789632483e+00
8.042809429280653788e+00
8.042117295341515870e+00
8.040543408366083611e+00
8.040456021094907868e+00
8.040013736481872897e+00
8.039871592603041961e+00
8.039074416167784065e+00
8.038808393323533252e+00
8.037442143824007346e+00
8.038194239578269062e+00
8.036141733814570642e+00
8.037626857840519889e+00
8.034425155414728792e+00
8.035384682402471057e+00
8.035167559555455696e+00
8.032803194038178773e+00
8.031745212969157777e+00
8.034185240722310439e+00
8.032113341557270303e+00
8.030253315680244697e+00
8.029124652187570987e+00
8.029058443812040480e+00
8.031189798457441853e+00
8.028102384456571983e+00
8.026776987625467541e+00
8.028064762315421987e+00
8.026600682180573543e+00
8.026757465958342053e+00
8.025172049408901387e+00
8.024221463622909667e+00
8.023968307725487747e+00
8.024720787350901219e+00
8.023396769528092776e+00
8.023554074124673363e+00
8.022513690380476348e+00
8.022904584356316704e+00
8.021454631625058340e+00
8.021869101718589690e+00
8.021708954820157444e+00
8.019925254008748894e+00
8.019731691267745433e+00
8.019113388642454154e+00
8.018149973248196005e+00
8.017200283252241988e+00
8.015346465353660577e+00
8.016862957314733862e+00
8.015960817855804166e+00
8.013949192276514921e+00
8.014696726471266075e+00
8.012899131544442000e+00
8.014788361720079024e+00
8.012171439417825169e+00
8.011253932637176334e+00
8.011830201245002669e+00
8.010099194644324072e+00
8.010462443689826628e+00
8.010077324538650956e+00
8.010286594809439720e+00
8.008165767853499872e+00
8.008371539579538734e+00
8.006999287648760344e+00
8.009658932911827733e+00
8.004801602849928699e+00
8.005093433155588301e+00
8.006312672116456142e+00
8.003744483211477245e+00
8.002920141385805763e+00
8.004099485110060641e+00
8.001336506762585898e+00
8.002982570924404015e+00
8.000935398280832445e+00
8.001596851534200638e+00
7.998487282028327705e+00
7.999832288274099312e+00
7.999193347777571184e+00
7.999805584948202153e+00
7.999308287202300249e+00
7.995938839205872561e+00
7.997833943767449050e+00
7.997537572917205573e+00
7.996360077205802774e+00
7.995798049115773409e+00
7.996281778558273601e+00
7.993781276549374759e+00
7.995880092535550432e+00
7.994473833354781789e+00
7.993330791777554900e+00
7.993718521085962259e+00
7.991958642648516964e+00
7.990056076587976897e+00
7.992013282484937697e+00
7.992278844134605542e+00
7.990259281882259756e+00
7.990307969839014923e+00
7.989875362948636983e+00
7.989050345658440300e+00
7.988666445146582085e+00
7.988653629851242499e+00
7.987322271282710773e+00
7.987197831889628397e+00
7.986912303632354160e+00
7.986220154649827485e+00
7.985501766558591896e+00
7.986383216132441731e+00
7.985151194575760059e+00
7.985008735347197018e+00
7.981829374054675519e+00
7.984567180793814778e+00
7.983785833193214110e+00
7.981513237333206945e+00
7.981528454787620852e+00
7.981897298169094768e+00
7.980331623037513644e+00
7.981562956835436928e+00
7.978498391514507126e+00
7.980230960493908121e+00
7.977908243358519336e+00
7.978548468268384930e+00
7.977022542682099981e+00
7.977435813595916692e+00
7.976342125080727818e+00
7.976715010256768323e+00
7.975430712875510864e+00
7.974835679829062052e+00
7.974047492524931613e+00
7.973634947551531127e+00
7.973185648675186421e+00
7.972560330775785964e+00
7.972571776975804880e+00
7.971137052900785669e+00
7.971515714659659579e+00
7.969584177694205351e+00
7.968447082811349169e+00
7.969341287444802191e+00
7.967546245997117360e+00
7.968671042542241345e+00
7.968145262453770528e+00
7.967524986935031528e+00
7.966241083131321510e+00
7.966104173405731181e+00
7.966363761194333648e+00
7.965433910207899260e+00
7.963768689103059017e+00
7.963573853396085589e+00
7.962320353999099432e+00
7.964910303518806245e+00
7.961914576847085812e+00
7.962352787167934487e+00
7.963157140403250622e+00
7.961987916531227505e+00
7.960822239188228622e+00
7.960938850392841992e+00
7.961947674393472063e+00
7.961370447963651564e+00
7.958450922058457166e+00
7.961321483954122868e+00
7.958788930825799746e+00
7.957106087804636907e+00
7.959381343540358422e+00
7.955290906153373420e+00
7.956790125277287906e+00
7.956050774105889012e+00
7.954850974316122425e+00
7.955936588786460817e+00
7.956412816039918567e+00
7.954909966449034364e+00
7.951784339961626813e+00
7.951393571768710977e+00
7.952873185369842446e+00
7.950994338780664528e+00
7.952723140702944171e+00
7.952248312084605253e+00
7.949660959766756463e+00
7.949153020761809962e+00
7.951022773645409103e+00
7.950406510412527439e+00
7.946295700249027760e+00
7.947692656764576036e+00
7.947817622369197643e+00
7.944854148765620572e+00
7.944999280243220774e+00
7.945497549030946516e+00
7.943711374734292896e+00
7.944060263695411628e+00
7.946076350332323734e+00
7.943239279040405165e+00
7.941264098104553248e+00
7.941984029230829911e+00
7.944832311615393827e+00
7.940017452989132529e+00
7.942459876175391287e+00
7.942263678121931569e+00
7.938743874123173505e+00
7.940504767406917352e+00
7.940541727326497323e+00
7.939436125995356086e+00
7.939257812096760070e+00
7.940353024706944929e+00
7.935233392682426334e+00
7.938603648948763691e+00
7.938471558394397221e+00
7.936555567378605680e+00
7.934880149222446555e+00
7.938024940459538215e+00
7.935223452488414431e+00
7.937296364547446359e+00
7.934706979903754842e+00
7.934236670025118343e+00
7.935287655668205709e+00
7.937033049577682853e+00
7.933195731294961917e+00
7.934207901080266190e+00
7.936084772834361978e+00
7.932894016875032150e+00
7.933976630417036269e+00
7.934198902555395172e+00
7.933862732491294700e+00
7.931819481991134957e+00
7.932355884670918122e+00
7.929620816506396608e+00
7.931021968301187997e+00
7.929154755781475217e+00
7.929684500352433218e+00
7.931478251399197710e+00
7.926687521669873782e+00
7.930638552125135909e+00
7.927051717539800535e+00
7.926467169759785492e+00
7.928120534306285272e+00
7.927147052769292657e+00
7.927375571359557505e+00
7.925091764886700751e+00
7.926348041427861091e+00
7.925904617216636971e+00
7.924395987623218396e+00
7.924871703603007411e+00
7.923151827058806163e+00
7.923685039386023199e+00
7.923566190379012220e+00
7.923090424904934537e+00
7.921557063281290390e+00
7.920148838414372783e+00
7.922256397453892873e+00
7.919590041026965288e+00
7.918534754644728224e+00
7.921176653605409790e+00
7.919307843854979545e+00
7.918995681075656101e+00
7.917519759059806539e+00
7.916397324939567604e+00
7.917667839223333281e+00
7.915092879383141877e+00
7.916010042800190938e+00
7.917756963061118647e+00
7.912932393776770823e+00
7.914280664111306152e+00
7.915629007299826547e+00
7.912135545216879784e+00
7.914021186263371810e+00
7.915247544400539681e+00
7.912503925147995609e+00
7.909785440050273841e+00
7.913137291265101680e+00
7.910029621446888370e+00
7.908203304326806737e+00
7.909898143205961851e+00
7.909946772022945716e+00
7.908641193348279863e+00
7.910146212815692301e+00
7.906837970302494689e+00
7.906441249060801368e+00
7.907741193710275063e+00
7.907693609653033917e+00
7.903492813742652778e+00
7.905345716489143193e+00
7.904746310281638877e+00
7.903050481343779410e+00
7.905295094882792917e+00
7.903823276718778601e+00
7.902950750539719849e+00
7.903683205146325719e+00
7.900935122615046602e+00
7.899753104760557143e+00
7.900875033917493795e+00
7.901422461920101448e+00
7.901300074756910874e+00
7.900065605620909537e+00
7.900925583617881109e+00
7.898749715661968374e+00
7.899917521320330316e+00
7.897842731243447822e+00
7.898860960166795842e+00
7.895700312657459641e+00
7.897993142621502649e+00
7.896032116508777676e+00
7.895836899179617063e+00
7.894379850902896401e+00
7.896726233162945086e+00
7.893937593259994223e+00
7.893380522677826860e+00
7.893794599055966366e+00
7.892615704405010923e+00
7.893254707503881029e+00
7.892589470923643269e+00
7.892223980135241845e+00
7.891810574041362436e+00
7.890603013367567975e+00
7.892585483027665383e+00
7.891083709796248513e+00
7.889252613693503058e+00
7.889850321851946013e+00
7.888527391581355630e+00
7.888653557172781383e+00
7.888443796077679870e+00
7.885780057016881450e+00
7.887047527038865802e+00
7.886898922444195215e+00
7.883741876773091128e+00
7.887355965152881510e+00
7.886381454495470678e+00
7.881976974412318704e+00
7.885173868074322634e+00
7.883855465294203668e+00
7.881695851477870995e+00
7.883700626581717330e+00
7.882104735347482460e+00
7.882928222191210033e+00
7.882657121246873011e+00
7.880642095987298035e+00
7.881256442049245692e+00
7.882951678471832757e+00
7.881089763709275609e+00
7.877381502286172399e+00
7.881728693834123334e+00
7.877348321695362365e+00
7.875715943711674605e+00
7.879652730620782641e+00
7.879366163504340825e+00
7.873247522001332932e+00
7.878841088903203449e+00
7.877744769826212412e+00
7.873678100709038397e+00
7.876135425167469784e+00
7.875519053118957835e+00
7.873286814692662006e+00
7.876816114757949627e+00
7.875405025833122075e+00
7.871248927081599511e+00
7.874090757691192266e+00
7.874491801996140516e+00
7.874295845760625134e+00
7.873733114431840541e+00
7.871038598910158335e+00
7.872577047725961563e+00
7.870798249465902785e+00
7.870655604268971928e+00
7.871866012189690842e+00
7.871082086709948022e+00
7.870382738527183619e+00
7.869334521013956696e+00
7.868155286611287380e+00
7.868793694768100977e+00
7.869395908216060498e+00
7.867666136036024049e+00
7.867565126402073616e+00
7.864205630680888071e+00
7.867785959177980182e+00
7.866374133551244263e+00
7.865745083405566440e+00
7.865422222754358650e+00
7.864220146259281563e+00
7.866145071306148928e+00
7.861947681605901295e+00
7.864284176062181331e+00
7.863450092528402102e+00
7.861962770045109572e+00
7.861076107121433232e+00
7.862797447230922110e+00
7.863456428447674007e+00
7.861863434511548121e+00
7.860691288508680152e+00
7.861242247797103566e+00
7.860219304083521763e+00
7.862843470752211239e+00
7.861272815005651005e+00
7.858907467492751486e+00
7.860906834348874384e+00
7.859972069427385577e+00
7.860019353492660343e+00
7.859773222357926414e+00
7.858085872745790290e+00
7.859752106232089197e+00
7.856663456348769614e+00
7.858318202984325040e+00
7.857592053572125756e+00
7.855831644941978276e+00
7.856091155683352589e+00
7.855684395558643729e+00
7.856172330801206805e+00
7.854411097878023718e+00
7.856896946811784410e+00
7.855705232589809128e+00
7.851334223108789701e+00
7.854837850204962280e+00
7.854476558974962330e+00
7.852875863182354088e+00
7.853702564137815756e+00
7.852160266430806779e+00
7.853224605299975458e+00
7.852762021405709447e+00
7.850237026531996065e+00
7.851188808564518062e+00
7.851324473003031379e+00
7.849761628526500168e+00
7.849638724876764506e+00
7.851276201009210531e+00
7.848549711781937610e+00
7.847782160477478897e+00
7.850025378380731667e+00
7.846627026668898885e+00
7.845319479817223218e+00
7.847828358710221330e+00
7.847430581197852639e+00
7.847010941105620141e+00
7.846467343010613327e+00
7.846463567169337239e+00
7.845842773323091102e+00
7.845292079098449278e+00
7.844263047364640862e+00
7.845558666467804976e+00
7.842494710103625977e+00
7.843639472999445417e+00
7.844938801402373763e+00
7.843254586876980738e+00
7.841414581106307402e+00
7.842122209568372249e+00
7.842375735417470572e+00
7.839624278072116148e+00
7.840852656530635123e+00
7.840849575126817683e+00
7.837583809081178465e+00
7.838710639736579999e+00
7.839372266370602915e+00
7.837606931453258596e+00
7.836376461371884261e+00
7.836256039519915895e+00
7.837475252991510821e+00
7.836214622067402047e+00
7.835411674852590380e+00
7.834671471096704920e+00
7.836357787726984547e+00
7.834000942265408440e+00
7.835186917270494433e+00
7.834674425605810733e+00
7.834636422775465014e+00
7.833643407013923365e+00
7.834216847854421850e+00
7.833804767719218631e+00
7.834158106127676824e+00
7.832452892181051674e+00
7.832280459471007816e+00
7.828883524497467050e+00
7.832523101102925267e+00
7.830749246783459405e+00
7.829630391469529549e+00
7.830309234370655957e+00
7.826941551833024313e+00
7.829854816911834270e+00
7.825639093055890783e+00
7.828914009190431678e+00
7.824606970476654766e+00
7.829718166260245304e+00
7.824602411384382172e+00
7.828095861845614678e+00
7.828396751401306197e+00
7.823396345315271283e+00
7.825432672079451812e+00
7.825441613450851541e+00
7.823413267992769704e+00
7.824976444846361012e+00
7.822720555774512974e+00
7.825284744835503403e+00
7.824416436368188066e+00
7.821854332919760289e+00
7.823664253143672198e+00
7.819340307231833265e+00
7.819926472099830050e+00
7.821587867491033741e+00
7.819372980808278584e+00
7.821691315669883515e+00
7.819997239124476529e+00
7.818392906693108380e+00
7.818990942784988185e+00
7.818137629915551834e+00
7.817894858291931648e+00
7.813542653984550945e+00
7.817598561988710060e+00
7.814857275850209284e+00
7.814391807347948138e+00
7.814876187572635580e+00
7.812056445131794646e+00
7.813849308667719207e+00
7.811827485104245739e+00
7.809992854741449442e+00
7.810797696452596917e+00
7.813246519486295227e+00
7.811559122695984847e+00
7.810490291011716657e+00
7.811144721572088834e+00
7.808145479762353069e+00
7.811679111305644518e+00
7.808617650224334739e+00
7.807951875185384694e+00
7.808582436251170655e+00
7.809698735744866838e+00
7.805448776565440561e+00
7.806091851644985979e+00
7.807400241324272905e+00
7.805460901127061923e+00
7.805535130075448080e+00
7.804921197022410162e+00
7.804533386273242002e+00
7.806340854132899132e+00
7.802714702600851204e+00
7.803950257737157337e+00
7.802185078442545496e+00
7.804526541202311485e+00
7.799282454466496262e+00
7.800917706138805308e+00
7.802767824652161011e+00
7.801049207416152598e+00
7.800666741021860418e+00
7.799906054550532986e+00
7.800789708683462997e+00
7.797258269270455067e+00
7.799750617385636353e+00
7.799353282078957506e+00
7.799762439865212116e+00
7.798367822512218162e+00
7.797778653398985682e+00
7.796428435577007043e+00
7.797993243887194836e+00
7.798403095331649659e+00
7.797130756353767289e+00
7.793040243291328828e+00
7.796277637353266066e+00
7.796395974343869995e+00
7.794801351985982230e+00
7.793699837503822003e+00
7.792429519331933285e+00
7.795836059433312926e+00
7.793148155501985919e+00
7.794786947812750277e+00
7.792797309738650036e+00
7.791321619144323307e+00
7.792670591409391001e+00
7.792524419770979982e+00
7.792018609007996588e+00
7.790551092116892562e+00
7.791433753065990508e+00
7.789579638111981730e+00
7.791984024434127853e+00
7.789049306913208959e+00
7.790144586596917442e+00
7.790594724696951801e+00
7.787553883629267482e+00
7.787625392646762457e+00
7.787541803664620232e+00
7.790091042670300503e+00
7.786681147343274212e+00
7.786808393570520792e+00
7.787520412557981331e+00
7.787104732332202239e+00
7.786739563566384525e+00
7.785139957517697162e+00
7.785795988515864074e+00
7.785457077052444497e+00
7.785498138552006786e+00
7.783177845741424683e+00
7.785860160549440856e+00
7.783258221250350495e+00
7.780414215525039090e+00
7.784104467876010069e+00
7.783041211851464247e+00
7.781232719477272575e+00
7.781093482832557306e+00
7.781937421275103794e+00
7.780938624451444241e+00
7.780939157107919613e+00
7.780238795512583572e+00
7.778803633926411720e+00
7.778104581000524043e+00
7.777557228004681633e+00
7.779511280795546213e+00
7.776356120587037957e+00
7.776503056441477213e+00
7.777255379459371731e+00
7.776674456217517850e+00
7.776061116587946742e+00
7.775670433332662945e+00
7.771666907402496882e+00
7.773585185958996391e+00
7.775939595739949972e+00
7.772334546824439805e+00
7.771317027448740866e+00
7.772852283511696214e+00
7.771520700068187182e+00
7.771483973877955975e+00
7.770956017960737761e+00
7.771306071856563413e+00
7.770083701499808093e+00
7.769683124253679019e+00
7.769628134123817809e+00
7.769727724765814969e+00
7.765777998883308442e+00
7.769805479581751939e+00
7.768401244805070327e+00
7.769697384260123130e+00
7.766373843022576828e+00
7.765074495808556243e+00
7.765528950959822652e+00
7.768597470100297109e+00
7.766049541193002170e+00
7.767435392213367429e+00
7.765867643441943358e+00
7.763014060462779753e+00
7.762313970820976294e+00
7.766268706315095471e+00
7.762890888228819897e+00
7.762468549987641353e+00
7.762499640012999969e+00
7.758563130260314189e+00
7.761753313655444408e+00
7.760076758783239548e+00
7.761369638949926930e+00
7.760387737311280176e+00
7.759473524558482715e+00
7.759931243918404498e+00
7.757995398094430506e+00
7.758290001658049384e+00
7.757710045182676595e+00
7.755076727583688267e+00
7.756736768208848609e+00
7.754342621122819246e+00
7.757399792693029816e+00
7.756561620784989231e+00
7.754674697382103687e+00
7.753990783696372624e+00
7.754688474680094146e+00
7.754330522609387266e+00
7.753076096144604357e+00
7.752527508708811688e+00
7.752730228935305057e+00
7.751214978903242958e+00
7.750062934991880148e+00
7.752330672348513474e+00
7.751138601750181323e+00
7.753642770532504613e+00
7.754131300166025476e+00
7.749409208521544912e+00
7.747472833027448935e+00
7.751165939108481950e+00
7.750389132317407892e+00
7.749767579242116788e+00
7.748642533299764601e+00
7.749635547302059280e+00
7.748239929877297705e+00
7.748307367361062070e+00
7.746912270408521373e+00
7.746480509876819021e+00
7.745827871693696132e+00
7.747142286006741152e+00
7.747447792012579271e+00
7.744876324140988366e+00
7.745458292946697298e+00
7.744755701918374591e+00
7.744596897843745609e+00
7.744462278884829409e+00
7.743655384463413505e+00
7.742572036682332737e+00
7.743441931924807342e+00
7.742610690183656885e+00
7.741588177515065894e+00
7.741944684031754065e+00
7.742980286771838472e+00
7.742299683525970089e+00
7.741530502677057335e+00
7.739990044874253350e+00
7.740116974798819882e+00
7.740096213693910876e+00
7.740351429174702425e+00
7.740123974581126554e+00
7.739968228662367444e+00
7.737534020523647804e+00
7.739427631298616994e+00
7.737391499067747702e+00
7.738414213588762358e+00
7.739601093301950563e+00
7.738474853230968620e+00
7.738381119050926849e+00
7.739614420142100215e+00
7.737027665015855149e+00
7.736480212717207650e+00
7.736496957237697814e+00
7.737855162717679036e+00
7.738789545405211356e+00
7.735650547269506738e+00
7.735178041145633898e+00
7.734399992985199646e+00
7.735324960116422233e+00
7.734502106479024697e+00
7.733779272750385125e+00
7.735617042738059723e+00
7.734149417344561961e+00
7.732462438362294854e+00
7.732487862840457638e+00
7.731076008490784801e+00
7.732996881051646731e+00
7.732597793310744372e+00
7.730630714754457955e+00
7.731731018026034796e+00
7.729847588216532728e+00
7.728863374921194129e+00
7.727650532141435491e+00
7.728685968778747473e+00
7.727783323098513790e+00
7.730402253529756962e+00
7.727253688228368667e+00
7.728449416506780523e+00
7.728353931252621045e+00
7.726090509358074065e+00
7.726837041689492480e+00
7.725379999890037652e+00
7.725609127921772235e+00
7.724346950412801505e+00
7.725575194085089414e+00
7.725833084767706360e+00
7.724722330512999946e+00
7.723120383948952394e+00
7.725040867415092549e+00
7.724268126346281349e+00
7.722111226698064712e+00
7.723455893665705396e+00
7.723448055291734171e+00
7.721206793283275971e+00
7.722900810152612650e+00
7.722786384759355194e+00
7.721803735336496111e+00
7.720932570432168518e+00
7.720277252989800054e+00
7.720331203776851225e+00
7.719957939262898527e+00
7.718042121833913249e+00
7.720230319138795316e+00
7.719886718371967937e+00
7.719434130252181170e+00
7.718558097842035615e+00
7.718524284667704904e+00
7.716517154166397496e+00
7.716949780187719377e+00
7.718079182100312075e+00
7.717629340541360072e+00
7.717056945505144760e+00
7.715806939311516288e+00
7.717719554826792283e+00
7.716872641478314421e+00
7.716180591505547248e+00
7.713620254742717286e+00
7.716460588116066610e+00
7.714093690639773904e+00
7.714945508617120140e+00
7.714713393465110869e+00
7.713036313582744441e+00
7.712853898772659811e+00
7.716320207311935242e+00
7.712870588098540203e+00
7.712659930414761611e+00
7.712143585034724858e+00
7.713580485154644784e+00
7.713048873022649410e+00
7.710758711113862240e+00
7.711622552515567719e+00
7.713686851149144097e+00
7.711531934762338558e+00
7.709974569758518470e+00
7.710634607046880085e+00
7.709856494172669272e+00
7.709616096361625814e+00
7.708946882465085082e+00
7.710384923637897181e+00
7.709976245757158786e+00
7.710186472896753962e+00
7.708260449586339824e+00
7.709384106471612874e+00
7.708490741454807171e+00
7.708143013371725694e+00
7.708148241407489110e+00
7.708347704067752382e+00
7.706852065361037063e+00
7.705974162214563883e+00
7.708148168763067076e+00
7.705982270939805368e+00
7.705143357890977818e+00
7.706826408827232022e+00
7.705728085153090490e+00
7.705299385048367533e+00
7.704620925957826216e+00
7.704530992347803142e+00
7.703581677846341513e+00
7.703244085980556655e+00
7.705553088556761132e+00
7.702591230166436098e+00
7.703451037001431523e+00
7.704259210531497537e+00
7.702776623219977914e+00
7.701134389172437089e+00
7.702037864728001892e+00
7.700989993483371876e+00
7.701607652439307117e+00
7.700742257072466401e+00
7.701671011171526970e+00
7.700979018330140313e+00
7.702270398716687616e+00
7.701919491313605981e+00
7.698768508576918634e+00
7.699517711851576962e+00
7.700391309006970886e+00
7.701005308484783818e+00
7.699727757905256986e+00
7.700566657916692925e+00
7.698179134341252450e+00
7.699414049390642667e+00
7.698417789530934918e+00
7.696976257069803040e+00
7.696943036445028419e+00
7.697720083784385103e+00
7.700055325614236779e+00
7.697205841210664978e+00
7.694686119856295470e+00
7.695652492764252450e+00
7.696405101903992296e+00
7.696774174321355133e+00
7.694362824305059689e+00
7.695771703161944366e+00
7.695982397480711334e+00
7.694382059525597839e+00
7.692848112077398604e+00
7.694615509605765347e+00
7.694388740480023081e+00
7.690766622934326335e+00
7.694123227658425712e+00
7.691537469672276472e+00
7.693420441954562428e+00
7.692564788303140055e+00
7.693216092939244355e+00
7.691759417334317561e+00
7.690913900309516826e+00
7.692658272084494264e+00
7.692084887810618277e+00
7.693555017164168675e+00
7.692502706725353079e+00
7.690134809978559360e+00
7.690540530807851383e+00
7.687876743744609165e+00
7.690609839355722954e+00
7.690313069270787061e+00
7.689569188119967258e+00
7.689165758331960809e+00
7.687738572775081991e+00
7.689255602554599278e+00
7.688228832368804611e+00
7.687389231604302431e+00
7.688374659323849336e+00
7.687946236596792993e+00
7.690205877097375797e+00
7.688345294757211512e+00
7.686436004559283219e+00
7.687281272942676047e+00
7.685081738627084214e+00
7.686758863190146229e+00
7.686803379677995984e+00
7.684046427152506631e+00
7.684772675179491586e+00
7.683885704037827225e+00
7.683490767101251784e+00
7.685314875843317850e+00
7.684220263653636529e+00
7.686531272597833642e+00
7.684306747617910105e+00
7.682456981351251102e+00
7.681944851786707495e+00
7.682723544481935285e+00
7.682213648583878118e+00
7.682211297083025414e+00
7.682509203041735013e+00
7.681845145220377979e+00
7.680273980212771079e+00
7.680956780945414231e+00
7.681994795652927088e+00
7.680905550500111367e+00
7.679298603030613179e+00
7.682529315351352750e+00
7.680780977931216391e+00
7.677886328737578481e+00
7.679304852081897614e+00
