1.219792752094051139e+03
4.079482655483140547e+02
2.631215464827811843e+02
2.028041228131843070e+02
1.773539175622200048e+02
1.638802792463968956e+02
1.540878403540230295e+02
1.456254366876920301e+02
1.375984332921246960e+02
1.296144797352636999e+02
1.215387075874105705e+02
1.133241480085433750e+02
1.050285086106773065e+02
9.657917496749416841e+01
8.793966619571197896e+01
7.908963791513225772e+01
7.028039160983691147e+01
6.186898018834403956e+01
5.458817726332646458e+01
4.889857112022204433e+01
4.440623045477514097e+01
4.075258224880645486e+01
3.776362940507681998e+01
3.527855185717164233e+01
3.313973366985938895e+01
3.128537238208971516e+01
2.966880499863568232e+01
2.825517082139094427e+01
2.701458006861884087e+01
2.593352976368701945e+01
2.499745805407826893e+01
2.418371688919339135e+01
2.347788752877895035e+01
2.284560744584324610e+01
2.228458487267897326e+01
2.177938958459314378e+01
2.132162124577365603e+01
2.090911754542814194e+01
2.053472468209426083e+01
2.019702193328109630e+01
1.988563284908800810e+01
1.959232231359314014e+01
1.931295734510313977e+01
1.904830695131600393e+01
1.880146745697586752e+01
1.856693980409415090e+01
1.834861218282550865e+01
1.813835899172161703e+01
1.793711654656398480e+01
1.775318115437260147e+01
1.757450390261805140e+01
1.740370315785199296e+01
1.723708854467735563e+01
1.707395865355701758e+01
1.692039636275683634e+01
1.677320194597101377e+01
1.663006041558096726e+01
1.648910044114581908e+01
1.635189166348575895e+01
1.621726885882171132e+01
1.609041693013986318e+01
1.597002512498750626e+01
1.584858336799990930e+01
1.573452822411157115e+01
1.562354257856600093e+01
1.551734310870652500e+01
1.541296041263719729e+01
1.530804267004775276e+01
1.521096389343296806e+01
1.511205030844339525e+01
1.502001998986190223e+01
1.492959338776774558e+01
1.484507734204416174e+01
1.476509196775600152e+01
1.468703700129394285e+01
1.461470887422143683e+01
1.454736719027433800e+01
1.448056927446049436e+01
1.441879728040361464e+01
1.435741340633752117e+01
1.430004071454061965e+01
1.424645505229035258e+01
1.419346591914634104e+01
1.414019872476128370e+01
1.408757799936558541e+01
1.403747308675913530e+01
1.398992675499462734e+01
1.394206506963987380e+01
1.389913110842763722e+01
1.385530479819379757e+01
1.381163011052500700e+01
1.377222530722632676e+01
1.372978311358995107e+01
1.369104789820414680e+01
1.365281074765928615e+01
1.361558282163924183e+01
1.357754828904913325e+01
1.354281029267213832e+01
1.350740135753088111e+01
1.347073070907674186e+01
1.343826010244493041e+01
1.340325656756289874e+01
1.337244891891083576e+01
1.333919227401374741e+01
1.330819911134565281e+01
1.327625449931913693e+01
1.324721503579664983e+01
1.321542944077118165e+01
1.318722817530784397e+01
1.315763324473138063e+01
1.312598435514815520e+01
1.309700402821787968e+01
1.306674385071290523e+01
1.303520192283051493e+01
1.300665561735709552e+01
1.297323368505723806e+01
1.294340645170214543e+01
1.291424531963965272e+01
1.288664470598904366e+01
1.286083912368927962e+01
1.283434525132820347e+01
1.280844853685279894e+01
1.278370376071090853e+01
1.275863968620433120e+01
1.273506752601741709e+01
1.271098377008405045e+01
1.268946538026589188e+01
1.266513728637840863e+01
1.264315712624567034e+01
1.262165670327406808e+01
1.259716977408432292e+01
1.257877591950034990e+01
1.255611231394496663e+01
1.253586624634803748e+01
1.251389891998221060e+01
1.249639813816242118e+01
1.247469891825509514e+01
1.245294173613731914e+01
1.243165785380470290e+01
1.241251808400803647e+01
1.239365821661253797e+01
1.237386043793816981e+01
1.235592844856757289e+01
1.233637637004351539e+01
1.231587830782562065e+01
1.229825350984383014e+01
1.227914202927537701e+01
1.225954220378222459e+01
1.224166205163121113e+01
1.222398110512764902e+01
1.220550765343703326e+01
1.218894416700721273e+01
1.216990904134439511e+01
1.215459614953311984e+01
1.213623968333171455e+01
1.211835220317078132e+01
1.210286397986146589e+01
1.208535040165642016e+01
1.207106088325114435e+01
1.205485140265637334e+01
1.203970116928729261e+01
1.202435199037623725e+01
1.201040848321533794e+01
1.199557448617829003e+01
1.198035418627165605e+01
1.196485475341363447e+01
1.194958874185729769e+01
1.193530734612072486e+01
1.192157274757939867e+01
1.190678756357151968e+01
1.189203246782906831e+01
1.187771572882724591e+01
1.186514890652265741e+01
1.185024137870467875e+01
1.183547872705104531e+01
1.182267755557555766e+01
1.180709065058134932e+01
1.179313375033663114e+01
1.177856814625321924e+01
1.176412405763337432e+01
1.174955772174444668e+01
1.173658216139235755e+01
1.172245255994435986e+01
1.170707143058876198e+01
1.169355371247094411e+01
1.168268168986550393e+01
1.166835281904034538e+01
1.165493078341845035e+01
1.164142225590535595e+01
1.162976935599350448e+01
1.161674288359667884e+01
1.160621171376238259e+01
1.159393056185455073e+01
1.158320279474210857e+01
1.157029385043296976e+01
1.155846511567215451e+01
1.154656107353284078e+01
1.153400425742660040e+01
1.152269240706137943e+01
1.151272233616990981e+01
1.150050975328046654e+01
1.149018124221908188e+01
1.147856973845190076e+01
1.146604729350727325e+01
1.145445168184974705e+01
1.144230090239916287e+01
1.143023702876375580e+01
1.142139007384282934e+01
1.141011664310261864e+01
1.140068196867985328e+01
1.139041931579522071e+01
1.138196226643176878e+01
1.137228653418792845e+01
1.136166911223666709e+01
1.135320395974059871e+01
1.134390604252067369e+01
1.133302150199194536e+01
1.132453521180494782e+01
1.131351033248303395e+01
1.130633868190760616e+01
1.129770695507381895e+01
1.128771979151874127e+01
1.127800761926874173e+01
1.126954372426641093e+01
1.125949624507357782e+01
1.125038427372790473e+01
1.124129856375879832e+01
1.123312439977828170e+01
1.122487290140841587e+01
1.121544440095943251e+01
1.120642827234097005e+01
1.119851601141783171e+01
1.119185803874804463e+01
1.118318460860223240e+01
1.117497825010888413e+01
1.116451826906500422e+01
1.115735109037800044e+01
1.115143066959172558e+01
1.114065449896737903e+01
1.113441290478541390e+01
1.112572805228580108e+01
1.111792099574703663e+01
1.110870413961984049e+01
1.110284834528949993e+01
1.109488920671364021e+01
1.108610965193170195e+01
1.107861977954782162e+01
1.106798199522707726e+01
1.105869311750007533e+01
1.105243041837807461e+01
1.104245418882251961e+01
1.103689630093080076e+01
1.102977969414991755e+01
1.102056211992491974e+01
1.101351547733381153e+01
1.100818848102577618e+01
1.100010850101573290e+01
1.099191515934324492e+01
1.098587654625568888e+01
1.097956166126789235e+01
1.097101740075092913e+01
1.096414010275581497e+01
1.095640706131265141e+01
1.094900639529476649e+01
1.094148308754000531e+01
1.093333962639370860e+01
1.092533666801105063e+01
1.091735818495594579e+01
1.091117841111351972e+01
1.090415552756393147e+01
1.089750142540024314e+01
1.089050369272835894e+01
1.088283753743323956e+01
1.087683088723629687e+01
1.087012403755139367e+01
1.086240265008134287e+01
1.085653459592326264e+01
1.084898272406261732e+01
1.084129699660474877e+01
1.083562993091095983e+01
1.082858630707028347e+01
1.082280873297201929e+01
1.081338514592223987e+01
1.080846210819609077e+01
1.080225416819259010e+01
1.079632961751706688e+01
1.079050320369405647e+01
1.078577122278343126e+01
1.077958385457925772e+01
1.077262590000654008e+01
1.076682871551406606e+01
1.075995001132304729e+01
1.075475747139519633e+01
1.074662135928228146e+01
1.074189369984497233e+01
1.073553326125635898e+01
1.072989313444733916e+01
1.072404302659352915e+01
1.071856129756129228e+01
1.071221149300722431e+01
1.070687960807299710e+01
1.070071915399320339e+01
1.069425453423854577e+01
1.068827792399406995e+01
1.068152685247763145e+01
1.067512769200604161e+01
1.066891998442451417e+01
1.066348792241165810e+01
1.065731483118291401e+01
1.065002496357012163e+01
1.064502288494291626e+01
1.063881041183148568e+01
1.063390404388983868e+01
1.062871159012337863e+01
1.062167876687509960e+01
1.061723316077351598e+01
1.061204517136110859e+01
1.060576988883432392e+01
1.060008551028358426e+01
1.059551228606939333e+01
1.058960328116906524e+01
1.058362582337946201e+01
1.057965040733428985e+01
1.057434756391257658e+01
1.056856382014231777e+01
1.056494064938002353e+01
1.055955038897907627e+01
1.055369799265402087e+01
1.054808571164554998e+01
1.054283511586287503e+01
1.053599084592625168e+01
1.053151020611679911e+01
1.052538448939916016e+01
1.051932571871523336e+01
1.051423563460835275e+01
1.050896521318872878e+01
1.050376674595697324e+01
1.049925310569923731e+01
1.049505302337699497e+01
1.048944475555386369e+01
1.048480157315270667e+01
1.048098228475919136e+01
1.047720581414570162e+01
1.047246664376867820e+01
1.046850062895592970e+01
1.046393058548646771e+01
1.045936786362719495e+01
1.045504244303163865e+01
1.044964869521936279e+01
1.044616925914002792e+01
1.044175892889685109e+01
1.043724198155844185e+01
1.043250552360111527e+01
1.042821761873297781e+01
1.042482374569530812e+01
1.042032229762322260e+01
1.041635129497561429e+01
1.041173729200860620e+01
1.040767620015701311e+01
1.040355791012890485e+01
1.039922787580028185e+01
1.039420373630360750e+01
1.039036524346857782e+01
1.038633664845144366e+01
1.038254366829972675e+01
1.037730436641013121e+01
1.037359586437895942e+01
1.036965909009448694e+01
1.036512611975792630e+01
1.036072430074563222e+01
1.035638375108674758e+01
1.035153263792606104e+01
1.034704395685179001e+01
1.034311391391047330e+01
1.033814481528061258e+01
1.033354579009824903e+01
1.033036344204012735e+01
1.032594433620921315e+01
1.032232499461957254e+01
1.031811719640954372e+01
1.031322554612732390e+01
1.030892752837399051e+01
1.030551989375591404e+01
1.030118296545362533e+01
1.029646193512949992e+01
1.029288079918442911e+01
1.028888270820130835e+01
1.028467005743595841e+01
1.028114368836318526e+01
1.027755484471137315e+01
1.027452834718511099e+01
1.027053922968430477e+01
1.026695577065231824e+01
1.026319671689388890e+01
1.026031000247609271e+01
1.025574707287138843e+01
1.025221227455493711e+01
1.024868793714735382e+01
1.024577004584293505e+01
1.024136914690874889e+01
1.023798136357634547e+01
1.023404680023699242e+01
1.023037519951498098e+01
1.022766739691852500e+01
1.022356237017208436e+01
1.022035253627833740e+01
1.021648485654202609e+01
1.021427846993682742e+01
1.020945360123562295e+01
1.020691737543774202e+01
1.020373799305393270e+01
1.019974377838661006e+01
1.019695558278356451e+01
1.019432035255906044e+01
1.019091264402820407e+01
1.018768006788948632e+01
1.018433189400578698e+01
1.018029223145208917e+01
1.017768210510935312e+01
1.017613404556896661e+01
1.017291254028393510e+01
1.016955089956793401e+01
1.016504701874545802e+01
1.016212080861062894e+01
1.016019137415365314e+01
1.015584776793679112e+01
1.015285040943221340e+01
1.014925097646042751e+01
1.014651618464605853e+01
1.014327525703603250e+01
1.013923128725297396e+01
1.013513537737284231e+01
1.013308822552035515e+01
1.012963133892769640e+01
1.012682610983680043e+01
1.012301631863746287e+01
1.012148104615493516e+01
1.011790105710028875e+01
1.011540320416881933e+01
1.011164939069570146e+01
1.010827079227694192e+01
1.010572757827710255e+01
1.010204208643174972e+01
1.009957622556609991e+01
1.009622905782736169e+01
1.009125956215180508e+01
1.008852674437651586e+01
1.008413820217634083e+01
1.008278246453794225e+01
1.007854993544674649e+01
1.007578370066679874e+01
1.007335517021711269e+01
1.006970844714973623e+01
1.006659604136622121e+01
1.006324257736970829e+01
1.006005174671128799e+01
1.005676035094338694e+01
1.005359142197084843e+01
1.005128854455782417e+01
1.004669278654930764e+01
1.004429748100056763e+01
1.004095483075625417e+01
1.003867333712813981e+01
1.003653940724604432e+01
1.003407400321887089e+01
1.002969014831234240e+01
1.002677577902973383e+01
1.002283337659048179e+01
1.001944391473129592e+01
1.001774569309260521e+01
1.001493832271721907e+01
1.001208481222947988e+01
1.000966816498350376e+01
1.000811700503958868e+01
1.000546369992855666e+01
1.000249538152477591e+01
9.999625525589962649e+00
9.995745688209705548e+00
9.993714398554258693e+00
9.991883441202968896e+00
9.989585848342239061e+00
9.987377571570531742e+00
9.985558414712611963e+00
9.982787749164380386e+00
9.980741133885505434e+00
9.977621115401612784e+00
9.975083123711600663e+00
9.973235121836284023e+00
9.970151486648621386e+00
9.968478349057109611e+00
9.964417787165176676e+00
9.962504658654472323e+00
9.960520838251911258e+00
9.959027269017253658e+00
9.955351509250389697e+00
9.954157496265523264e+00
9.951831205948366232e+00
9.950118100398460896e+00
9.946347453165850894e+00
9.945038651305049271e+00
9.944106368570961862e+00
9.940096552676420671e+00
9.939125174472541957e+00
9.935404740378084298e+00
9.933445504460232556e+00
9.930888177523211624e+00
9.929033718887735560e+00
9.925111106542251704e+00
9.922634975926071021e+00
9.920399407240497069e+00
9.917166261384601000e+00
9.914953301354012538e+00
9.912258021437152067e+00
9.909657583728757047e+00
9.907291967933852916e+00
9.904580022166316056e+00
9.901674203113339345e+00
9.900229085453661426e+00
9.896191599260033556e+00
9.895106375672044763e+00
9.891240408677504092e+00
9.889406495896846394e+00
9.886918388181621609e+00
9.884901544457209255e+00
9.882238455891235063e+00
9.880046774776614527e+00
9.877139332806704530e+00
9.875892781042573176e+00
9.873255141028085546e+00
9.871140118950336273e+00
9.867930144294625450e+00
9.865971298821405000e+00
9.863535870715429255e+00
9.860476962110022114e+00
9.859019663350743201e+00
9.855453280279141026e+00
9.853877751514847461e+00
9.851861697519899153e+00
9.849235188040617928e+00
9.847070338760413932e+00
9.844566228657763318e+00
9.843127461160511515e+00
9.841309709472428224e+00
9.840147340479234117e+00
9.837653575661795102e+00
9.834540061553182611e+00
9.832411232285723557e+00
9.830469338013150704e+00
9.828705174048639748e+00
9.827208848128316632e+00
9.824373482726139528e+00
9.822676276329865175e+00
9.819733817783392382e+00
9.817472649521272743e+00
9.816207902628415027e+00
9.814102094431438772e+00
9.811265820385274949e+00
9.810958501168769885e+00
9.809210735407800641e+00
9.806553391768238370e+00
9.806450887327365251e+00
9.803408139806746746e+00
9.801294559100645287e+00
9.800241979967749373e+00
9.797564719728889315e+00
9.796983179786208140e+00
9.793694635452981245e+00
9.791887250801780240e+00
9.790551126773454627e+00
9.789091610668165799e+00
9.786259923369270197e+00
9.784942639422903099e+00
9.782143555245427891e+00
9.781720311502160925e+00
9.779136149022980007e+00
9.777017570388734313e+00
9.773842905234596756e+00
9.773574870706729811e+00
9.771814526960094227e+00
9.769252758194532760e+00
9.769058662840224727e+00
9.766616840580910619e+00
9.764761703864026643e+00
9.762461724823472409e+00
9.761378457193790936e+00
9.758616118610385470e+00
9.756914416019858649e+00
9.754821263243082186e+00
9.753511091467419902e+00
9.751054348138103123e+00
9.750024202809090212e+00
9.748882288510213101e+00
9.747893457575820264e+00
9.745363203683506725e+00
9.743639967087920795e+00
9.740419819050988082e+00
9.739001968716488378e+00
9.737901297577764126e+00
9.734546798855468808e+00
9.733641912933716611e+00
9.732210890639640510e+00
9.729329964314551660e+00
9.727368862949349548e+00
9.726309063142027256e+00
9.724108410225092314e+00
9.722425424524109516e+00
9.720688463264904655e+00
9.719883009442463973e+00
9.717671043767674988e+00
9.715482864730700996e+00
9.714391319005768466e+00
9.713004455892678024e+00
9.712000794941683779e+00
9.710184846634982492e+00
9.708228043383456907e+00
9.705572044349436212e+00
9.704264175564684791e+00
9.702860067077393680e+00
9.700280752092458769e+00
9.697048172593564885e+00
9.696416070982907698e+00
9.694738356037531091e+00
9.693534820304559929e+00
9.689925367360586961e+00
9.689211013818791685e+00
9.687941946065439680e+00
9.685515934934775473e+00
9.685456879533086649e+00
9.682159638207480157e+00
9.681651164505696627e+00
9.679876270620175305e+00
9.678764038946345849e+00
9.675767423115503973e+00
9.675195289856050707e+00
9.673288032149203630e+00
9.670797606497965049e+00
9.669845417955253097e+00
9.667576776827225160e+00
9.666920633955813358e+00
9.665218628275294321e+00
9.663371170826957623e+00
9.661919398345137466e+00
9.660546151130983361e+00
9.659239528554186549e+00
9.657114596747726765e+00
9.655369823603406232e+00
9.654225921914006747e+00
9.652285840069302125e+00
9.650013713438674756e+00
9.650065747000541094e+00
9.647449082057113046e+00
9.646315685192389466e+00
9.644274961869436780e+00
9.642336579990447021e+00
9.640357125213888878e+00
9.639608219256347255e+00
9.638761295264346884e+00
9.636621317403895048e+00
9.635513826254426206e+00
9.633580207518049221e+00
9.632384250100278322e+00
9.631691669216833063e+00
9.629507960581911163e+00
9.627930426559075272e+00
9.627339268401476247e+00
9.625244982927558368e+00
9.624126032632718264e+00
9.622466207794897031e+00
9.622799659556825702e+00
9.619016137892574037e+00
9.619768312702703383e+00
9.617021271007500260e+00
9.616095971735944659e+00
9.615192265350586354e+00
9.611860533617486269e+00
9.611265640414732303e+00
9.608648162374551660e+00
9.608974771874938980e+00
9.606930836983112343e+00
9.605723896089072511e+00
9.603122664697153255e+00
9.603812674306919206e+00
9.600204228084640690e+00
9.599714151719391353e+00
9.598208877230389291e+00
9.597427958345857490e+00
9.594461420357355053e+00
9.593748434591192975e+00
9.593975069910646525e+00
9.590772264454965779e+00
9.589442720233217088e+00
9.589743675358759489e+00
9.587595458428634032e+00
9.585858935507280520e+00
9.584816472981971813e+00
9.582916196630778316e+00
9.582085390885321630e+00
9.582029694935128461e+00
9.579865592448216560e+00
9.578837966155914430e+00
9.577451469422594954e+00
9.576826866529481563e+00
9.575040703665012032e+00
9.573282292374445390e+00
9.572008157232968273e+00
9.571535587116551724e+00
9.569903118073515458e+00
9.568534209278338309e+00
9.567203626682728057e+00
9.565948854417380076e+00
9.565757743854790718e+00
9.563239599044040418e+00
9.562739221676306300e+00
9.561411877732355791e+00
9.559657684473775063e+00
9.559940896807447075e+00
9.559355423692261766e+00
9.557163335633040546e+00
9.555911478896154776e+00
9.554885698196137866e+00
9.552469926252861399e+00
9.551247820851234138e+00
9.550935955757227092e+00
9.549783207283301323e+00
9.548614461545025023e+00
9.548271471379418784e+00
9.547584171542476739e+00
9.545331557193586391e+00
9.545744618257231195e+00
9.543978870353512889e+00
9.541916152724239097e+00
9.540606139480301451e+00
9.539808538303399033e+00
9.539876002452373882e+00
9.537119608104918100e+00
9.535657650401859087e+00
9.535690028871727009e+00
9.533505040508925887e+00
9.533017697020188308e+00
9.531269838317131260e+00
9.530844401925207876e+00
9.529929763421220557e+00
9.528453367754821102e+00
9.526803755723292966e+00
9.526884823099734945e+00
9.525783501097004446e+00
9.523352277325127346e+00
9.523614794589818189e+00
9.522274873182503541e+00
9.521906780936054915e+00
9.520440076861452994e+00
9.518460979670201993e+00
9.518093022546743498e+00
9.517306148943005084e+00
9.516065306197251772e+00
9.514829162595658474e+00
9.513381275422664984e+00
9.512882288283497800e+00
9.513021287903526968e+00
9.510635752011637578e+00
9.509977283094970701e+00
9.508599537308702665e+00
9.508585186875292194e+00
9.507841563478981683e+00
9.505461062405816008e+00
9.504772158474265709e+00
9.504416129868761942e+00
9.503116457115618587e+00
9.501691518326849106e+00
9.501274896947450088e+00
9.499520843090683897e+00
9.498975986555965534e+00
9.497462551000859676e+00
9.496655061317888169e+00
9.496080197407986034e+00
9.494289054221113133e+00
9.493214125585181407e+00
9.492889566747713559e+00
9.492027068765970910e+00
9.490457546276894973e+00
9.488055823125820964e+00
9.487512501385456432e+00
9.486970304759999806e+00
9.485400946521755472e+00
9.482967011327275486e+00
9.483741909266484527e+00
9.482053406925826877e+00
9.482856143391138914e+00
9.479568782853970532e+00
9.480123180069954358e+00
9.477769241051193561e+00
9.476924746618458073e+00
9.475187349520897584e+00
9.474556807763734767e+00
9.473896825606686889e+00
9.472156666627634891e+00
9.472008565358702725e+00
9.470298498046052060e+00
9.470353963796373620e+00
9.467597380252911421e+00
9.468496937701646132e+00
9.466296256046280888e+00
9.466236233570022307e+00
9.464080174470000273e+00
9.466253755424503424e+00
9.461959821330014009e+00
9.461096656031333652e+00
9.462124276228337294e+00
9.459789638328571115e+00
9.460180497426508239e+00
9.458034031027098720e+00
9.458523858735466305e+00
9.456338886595654358e+00
9.455337877045216999e+00
9.454776717339417047e+00
9.452653184022237198e+00
9.453766908299320093e+00
9.451246715339705062e+00
9.450346260164684153e+00
9.448902923299671741e+00
9.450012795356672157e+00
9.448029610006766887e+00
9.446550617627115898e+00
9.445294418285634208e+00
9.443290242255603317e+00
9.444708659112409421e+00
9.442453051595135705e+00
9.443910506171453889e+00
9.442215104053527597e+00
9.440267052728605890e+00
9.439344848537858823e+00
9.438287487993365588e+00
9.435583587151640472e+00
9.435796724685223680e+00
9.435555679715887933e+00
9.432068966039862445e+00
9.432778630669625741e+00
9.431533271161859133e+00
9.428081952907296781e+00
9.429873523879765074e+00
9.426167772865172267e+00
9.426059587440873244e+00
9.424459622092305366e+00
9.420608348990144876e+00
9.420991002477384413e+00
9.418344536642171860e+00
9.417787861203978039e+00
9.414408178644837477e+00
9.413636643713426011e+00
9.410633586875560397e+00
9.409444663122600971e+00
9.407209478915882883e+00
9.406803169092659900e+00
9.403981205765354900e+00
9.402530931647795853e+00
9.402118979430971635e+00
9.399875195465664746e+00
9.398776683291703904e+00
9.398542967388467062e+00
9.395971001198097028e+00
9.397431525354580373e+00
9.394283705217651104e+00
9.393159830853539560e+00
9.391429896116454401e+00
9.390894953037809856e+00
9.388747630232797903e+00
9.389547410679034201e+00
9.386908258253059856e+00
9.388533367798522988e+00
9.384332956787638125e+00
9.384641263177382342e+00
9.384029557166368107e+00
9.381701830601478775e+00
9.381821926059410899e+00
9.381021808222776315e+00
9.378975239752088910e+00
9.380197537024940857e+00
9.378512056060294810e+00
9.376527713771912076e+00
9.376000258498281781e+00
9.375732133564817161e+00
9.372635852923938415e+00
9.373273853714936266e+00
9.369956875841070953e+00
9.369519077768829973e+00
9.367964743370256642e+00
9.368712613293793012e+00
9.367200314235516245e+00
9.363911516578534489e+00
9.365188241080684151e+00
9.362214083113981289e+00
9.362933575343630466e+00
9.361588515630133500e+00
9.360782610412291760e+00
9.358946937531049670e+00
9.357860822234862042e+00
9.356679478954209372e+00
9.355687025544325408e+00
9.355030190188584172e+00
9.354089088774363958e+00
9.354016698896701953e+00
9.353182278378982417e+00
9.350476674460223236e+00
9.351260158691127700e+00
9.348482610307693008e+00
9.349296864365072679e+00
9.346519968029779690e+00
9.346124589861215526e+00
9.346034582961575410e+00
9.344602236564101716e+00
9.342212232539402805e+00
9.343189333858189727e+00
9.341433549421696014e+00
9.341014875997643685e+00
9.339394085455099415e+00
9.338229232282012404e+00
9.336755360487435595e+00
9.337161517060669880e+00
9.334874868888578092e+00
9.332802385171310888e+00
9.331983939178654097e+00
9.331876411925250636e+00
9.328226931090497942e+00
9.329375865495583398e+00
9.326801774320593097e+00
9.325027771124865694e+00
9.327401406202071144e+00
9.323865098394771067e+00
9.323226022963012838e+00
9.323431972775546583e+00
9.320021833346077145e+00
9.320156095199488178e+00
9.319300716567047616e+00
9.318985042194116275e+00
9.317183994459938390e+00
9.316887604348647045e+00
9.315439520224272130e+00
9.312903287891009185e+00
9.313930672230535279e+00
9.312043151680033048e+00
9.310346148624676132e+00
9.310934710283218507e+00
9.309560143018012823e+00
9.306003849691322216e+00
9.307977435024032076e+00
9.306180168218171289e+00
9.305853973316823513e+00
9.304841218247176471e+00
9.302783546335311016e+00
9.303676180748373881e+00
9.300653314690887186e+00
9.299722888264064125e+00
9.300044473530968858e+00
9.299418597957464172e+00
9.297581605978161079e+00
9.296995165709112996e+00
9.295181219784334203e+00
9.293514952524860817e+00
9.294579037545391387e+00
9.293527304500402764e+00
9.291652681349086507e+00
9.290355538886482023e+00
9.290186407860135276e+00
9.287230242416688597e+00
9.287281733933276939e+00
9.287026848028117954e+00
9.284605515943527010e+00
9.285653181078483698e+00
9.283050558857802059e+00
9.283842142210549042e+00
9.281231492679603789e+00
9.281141521060780164e+00
9.279433845025275573e+00
9.279357163168993949e+00
9.277113319781262746e+00
9.277491822708119784e+00
9.275045086589615906e+00
9.276740141010598961e+00
9.274130814453984684e+00
9.274434229678920616e+00
9.272326929602447976e+00
9.272763237354757493e+00
9.269204954839262101e+00
9.270669261823035967e+00
9.268141793357777658e+00
9.267759784561098613e+00
9.267694014160854366e+00
9.265818933299298621e+00
9.265916287677598007e+00
9.263453537331676202e+00
9.263502545688242051e+00
9.261693334683718248e+00
9.260144990066347503e+00
9.260610098448669447e+00
9.258487959854361904e+00
9.257949194525538772e+00
9.257441339283582593e+00
9.257140537687494231e+00
9.255572148362881890e+00
9.257290051049501756e+00
9.253495572150615800e+00
9.255231918922079970e+00
9.252829274438559182e+00
9.250973615775153647e+00
9.252876737138704399e+00
9.249972144311842115e+00
9.249450320206433318e+00
9.248273104795613264e+00
9.248312665938087207e+00
9.245865661645016331e+00
9.247454940828809811e+00
9.245311509194293009e+00
9.243929375312118779e+00
9.243617585152618332e+00
9.242284229315769650e+00
9.241209779399648383e+00
9.241258083176125737e+00
9.238712590454891682e+00
9.239740633344105447e+00
9.238420645317020785e+00
9.236168954118285868e+00
9.234649347302406497e+00
9.235295801323045950e+00
9.232995898189896522e+00
9.232906866434690940e+00
9.232904393629121742e+00
9.231305131237460770e+00
9.231427265007353000e+00
9.230182676041678747e+00
9.229336421972311300e+00
9.227353533644594208e+00
9.229006400734109050e+00
9.226522777142738718e+00
9.226369767851887005e+00
9.224851953492441581e+00
9.225081049195321015e+00
9.223642846785034877e+00
9.223508163175429431e+00
9.221206474206605108e+00
9.221914696405200118e+00
9.220548449888982034e+00
9.219819530350918058e+00
9.219324002428681553e+00
9.218265050610288114e+00
9.217474183329393611e+00
9.217020471642667800e+00
9.215641462129156025e+00
9.216144938724012192e+00
9.214650593342808449e+00
9.214242778681319024e+00
9.212890098418585083e+00
9.212704198752218687e+00
9.211865871427697527e+00
9.210808145867872554e+00
9.210720131409175337e+00
9.208851020432083700e+00
9.209963400136635059e+00
9.208220834183659775e+00
9.207842079807917912e+00
9.207283150692676443e+00
9.205763955664538756e+00
9.204794045955301485e+00
9.204866642135280941e+00
9.201472843690021719e+00
9.201879856535914115e+00
9.201947420528631127e+00
9.199706615121396425e+00
9.198928896004519018e+00
9.198313795966994277e+00
9.197436571569403085e+00
9.196996616058685348e+00
9.195994135660514601e+00
9.195084388980015788e+00
9.193969824886741193e+00
9.192988347630516088e+00
9.191379033447015345e+00
9.192577569219240630e+00
9.189937376725561435e+00
9.190908404166506784e+00
9.188476641416700730e+00
9.188313141883311275e+00
9.187424803945157592e+00
9.186744574002680963e+00
9.185292000179169136e+00
9.184002041395944005e+00
9.184322552801562622e+00
9.182687214495295791e+00
9.182796340722360284e+00
9.181674429800706250e+00
9.180777700241193884e+00
9.180031509001500112e+00
9.179680186098591932e+00
9.178285875011779282e+00
9.178761170396024127e+00
9.177550341314573146e+00
9.176267024607344780e+00
9.174387932740042828e+00
9.174943916330720484e+00
9.173245704712460480e+00
9.172912374259302837e+00
9.172342943950765104e+00
9.169763437978003751e+00
9.170530017314268534e+00
9.169666654875445744e+00
9.169060367041501181e+00
9.168029181342612688e+00
9.168296987800994557e+00
9.165564345348467867e+00
9.165228172829852582e+00
9.163929348458131230e+00
9.163349616191391434e+00
9.163368157477211895e+00
9.161690536729988565e+00
9.160689443521205177e+00
9.160428611081167460e+00
9.160046856321699238e+00
9.159141738952994771e+00
9.156860366469873114e+00
9.157881259742753244e+00
9.156100839317620199e+00
9.155008619321749919e+00
9.155234466544577288e+00
9.153625453522629130e+00
9.153323559970269585e+00
9.151070538559251233e+00
9.152651465509883622e+00
9.149787859485224217e+00
9.149832376242033050e+00
9.148792353883363759e+00
9.148614474941672015e+00
9.148308444037988707e+00
9.147265303743523646e+00
9.145299798046510276e+00
9.145842548611678779e+00
9.144088538085968665e+00
9.143924337115388212e+00
9.143281325434299944e+00
9.141731806173217123e+00
9.141230509934397119e+00
9.141746806988710006e+00
9.138788553425827743e+00
9.139475629068376961e+00
9.139253389300163732e+00
9.138022523545824782e+00
9.137088593768513789e+00
9.135681500229091867e+00
9.135053721320025133e+00
9.134519615319554475e+00
9.133967544386868198e+00
9.132935455098570188e+00
9.133479188503038415e+00
9.132022496618677820e+00
9.131194889010924243e+00
9.130115440134634497e+00
9.129591845070342160e+00
9.129088948766332479e+00
9.127270585225826238e+00
9.128900958859349046e+00
9.125771828843562972e+00
9.125211588101125315e+00
9.126157384341604839e+00
9.123123945119672840e+00
9.123003179300873455e+00
9.122989434871431769e+00
9.121682034009177542e+00
9.120109446128692454e+00
9.119979369164989080e+00
9.119738739174207964e+00
9.118779471361685651e+00
9.116369999629236887e+00
9.115785345212962909e+00
9.114536230549047602e+00
9.115121015294631590e+00
9.112356205619425609e+00
9.110824872041041189e+00
9.110936068581048985e+00
9.110386742801571458e+00
9.109851941261853270e+00
9.107431021189926312e+00
9.106643832209094569e+00
9.106673339946890877e+00
9.104714753679605366e+00
9.103085980195245952e+00
9.101794598460390517e+00
9.102085291341923678e+00
9.101833893531381392e+00
9.100491987232059543e+00
9.099395703549687298e+00
9.097730888497034485e+00
9.097900987262468320e+00
9.095521787087710308e+00
9.095000119945678918e+00
9.093154517805057679e+00
9.093759080595974709e+00
9.092201026153592380e+00
9.091891568249007349e+00
9.090719300893050914e+00
9.091046829723078204e+00
9.089910994097641250e+00
9.089550497659542927e+00
9.087550390424551594e+00
9.087156252582802907e+00
9.086094604479542980e+00
9.085459769455797030e+00
9.086792615911535975e+00
9.083014155320162430e+00
9.082084474205258218e+00
9.080780820080939009e+00
9.080122036656186779e+00
9.079480683267963315e+00
9.077066275337463352e+00
9.077877078228512531e+00
9.076102409974312835e+00
9.075505276580651426e+00
9.073483398722961724e+00
9.072774263905477810e+00
9.071342571062020355e+00
9.070150414965144847e+00
9.069544350556055790e+00
9.070417812535493951e+00
9.066620620199730141e+00
9.067206392446495400e+00
9.065114200807919076e+00
9.064252618041225062e+00
9.063290766561646450e+00
9.062391099520270998e+00
9.061184908677033079e+00
9.060322648102140164e+00
9.059924288343458088e+00
9.057723692042211283e+00
9.057509954718591771e+00
9.055522239316724509e+00
9.055815392063886193e+00
9.054448848735663802e+00
9.053383822301503514e+00
9.051078257112232350e+00
9.051869472008521100e+00
9.050778145769124094e+00
9.050080244496172099e+00
9.048664700424968288e+00
9.048180830263994778e+00
9.046671091260032327e+00
9.046537398998546919e+00
9.045073937768693284e+00
9.044753408817483020e+00
9.044765142700882166e+00
9.042001408411927343e+00
9.040705388347591409e+00
9.039299154253260582e+00
9.039254915789047828e+00
9.038190416910133251e+00
9.036324101664286346e+00
9.035162941207898868e+00
9.034341918737256449e+00
9.031705376192912027e+00
9.031603864277814253e+00
9.030197444396014461e+00
9.029104646367569487e+00
9.027771915327782892e+00
9.026187571769012763e+00
9.026637215513089174e+00
9.023866879359646376e+00
9.024383090611765468e+00
9.022692692156537575e+00
9.021421157154264847e+00
9.021124647518606210e+00
9.020459779197169681e+00
9.019469566260459814e+00
9.018578118522347253e+00
9.017232647974067206e+00
9.018002355218975197e+00
9.015574007435649406e+00
9.015308013998554415e+00
9.014257413726273427e+00
9.013222806296065315e+00
9.012159600538852899e+00
9.012111370433588675e+00
9.010314858010339378e+00
9.009886258027108852e+00
9.008289469026749430e+00
9.006809154728923517e+00
9.004755392075187714e+00
9.005934628706617318e+00
9.003973489351587034e+00
9.004003717375043792e+00
9.002482187732084640e+00
9.001396834382715539e+00
9.001619815591139329e+00
9.000500905938741525e+00
9.000280913371705438e+00
8.999498415268396556e+00
8.997107764158302601e+00
8.998225578250520940e+00
8.995691133749545543e+00
8.996257674858899378e+00
8.995147866396299818e+00
8.993834441109379796e+00
8.992967842111360355e+00
8.992377810034540175e+00
8.991367134035016306e+00
8.990891332405974268e+00
8.988951564123748739e+00
8.989772220422613813e+00
8.986674293891050880e+00
8.987178222609339073e+00
8.986019728952827634e+00
8.985945833494207946e+00
8.982669544798548955e+00
8.982841986490306851e+00
8.983892038986910578e+00
8.981766652412014551e+00
8.980582935125701383e+00
8.979739245045406548e+00
8.979474422616108953e+00
8.978168066601559971e+00
8.977691877167016443e+00
8.975958919686465975e+00
8.974797012054333223e+00
8.977406998904369217e+00
8.974705035586280744e+00
8.972045039973378877e+00
8.971403604055685932e+00
8.970837002050085829e+00
8.972237036023608781e+00
8.969940569288988641e+00
8.968137570364746125e+00
8.965941362510998047e+00
8.967546161465314469e+00
8.964531989810994972e+00
8.967822543897645104e+00
8.963807653381740792e+00
8.963387558662391896e+00
8.962996657983692828e+00
8.963108242918826463e+00
8.963215192991038194e+00
8.959677048616493167e+00
8.960878789925889265e+00
8.960224525314551158e+00
8.958544141418643747e+00
8.959603482850896583e+00
8.957153004942053798e+00
8.955956178725163142e+00
8.955713731832485536e+00
8.954768516351125029e+00
8.952513063158308526e+00
8.956020562349596759e+00
8.951491039702347052e+00
8.952548918889604579e+00
8.949665843163627343e+00
8.951517768213252069e+00
8.947742081120129143e+00
8.948112933551071180e+00
8.945960121425322598e+00
8.947485172156932620e+00
8.945827978865255048e+00
8.944142737039372903e+00
8.943557935393197766e+00
8.944537577212001267e+00
8.942090149777154551e+00
8.942647472878741510e+00
8.940669736044089433e+00
8.941666705307275365e+00
8.939050250495450101e+00
8.938522762858896797e+00
8.939578990241880518e+00
8.937550660658695634e+00
8.936366089293725778e+00
8.937797333866724259e+00
8.933954787926312591e+00
8.933685651240928394e+00
8.934448251199849977e+00
8.932239524160772604e+00
8.932245622047156886e+00
8.932085039294747730e+00
8.931840234046342530e+00
8.930039734576597610e+00
8.930327045121943641e+00
8.932047685475145826e+00
8.927475337598139049e+00
8.928509104910309802e+00
8.928327089457360088e+00
8.926632914925290763e+00
8.926277692195105473e+00
8.928384785019501280e+00
8.924700703180041828e+00
8.925130561075759417e+00
8.925103281338314432e+00
8.923692390977839395e+00
8.922369308439742852e+00
8.923919550433497605e+00
8.921312985968100406e+00
8.922632780542674169e+00
8.920135459036210079e+00
8.921163458265548130e+00
8.920041975964553060e+00
8.919944261970149668e+00
8.919130018898959733e+00
8.918854354771468707e+00
8.917004608067808036e+00
8.917837294145169125e+00
8.915519233951012978e+00
8.915415286930995720e+00
8.915461130352051455e+00
8.914602674874965160e+00
8.914450357139129366e+00
8.913193357124121974e+00
8.911178031839986247e+00
8.913843483502336795e+00
8.909433734479026867e+00
8.912317629127253227e+00
8.909992366568751265e+00
8.907169470306673276e+00
8.909881562768072527e+00
8.907430912044830507e+00
8.907524091232273733e+00
8.908284335010304034e+00
8.905699063471146815e+00
8.906799142895508226e+00
8.904651681032676791e+00
8.906352357828902555e+00
8.904357012471171728e+00
8.905296436377552638e+00
8.901815704113683836e+00
8.901698771299953350e+00
8.903888163651595633e+00
8.900835151050854321e+00
8.902026656663840853e+00
8.898387893875236543e+00
8.901137906135001998e+00
8.896508184981657408e+00
8.898439880210991859e+00
8.895662680487555818e+00
8.897392480903345557e+00
8.892575010352658182e+00
8.895881740810736460e+00
8.892601953954814675e+00
8.894562739692000619e+00
8.892644805697882404e+00
8.893559983774522948e+00
8.891326834687552250e+00
8.893030338838835647e+00
8.891810521148400426e+00
8.891863861540015179e+00
8.891155506504679451e+00
8.887308402549153996e+00
8.889453193088590055e+00
8.888686516927927883e+00
8.886918063322935879e+00
8.888603685133189103e+00
8.886890638288694078e+00
8.886014849157419349e+00
8.883709002299973179e+00
8.882770763554342253e+00
8.884343035579108872e+00
8.881723018988337159e+00
8.884248412636667425e+00
8.881263685948537656e+00
8.881923562453213350e+00
8.878744173749771207e+00
8.880878525742870622e+00
8.878593339140087082e+00
8.880279831185832862e+00
8.876528427690006495e+00
8.878954745146497629e+00
8.876379809804149090e+00
8.874556681790089385e+00
8.876429009477748266e+00
8.876016056985656988e+00
8.874291671508634849e+00
8.872049585090360679e+00
8.875924826266887280e+00
8.873045046399914426e+00
8.872559134908446055e+00
8.870660953656207326e+00
8.869984697313206823e+00
8.871994477087763897e+00
8.868895872283651727e+00
8.871691180660722154e+00
8.868672006224372240e+00
8.869362984398097893e+00
8.868392867895339648e+00
8.867826973395546375e+00
8.864999358012770614e+00
8.864625393511975204e+00
8.866558596794073210e+00
8.864843342301329088e+00
8.865047243268486810e+00
8.862857836732406014e+00
8.864094658105598157e+00
8.863018355602216403e+00
8.863277985162886452e+00
8.861846135128731206e+00
8.862741039130671794e+00
8.859800757786656433e+00
8.860915928750797477e+00
8.859851627308232835e+00
8.857069983285079218e+00
8.859952548135167305e+00
8.856569297026902987e+00
8.856694029413343827e+00
8.855284696659255772e+00
8.856547081030242907e+00
8.853775443267448253e+00
8.855594513033443249e+00
8.852599585811478988e+00
8.850774541104934556e+00
8.853342241349414721e+00
8.851806332991248638e+00
8.852171256973866420e+00
8.850927548978271275e+00
8.849204456499849769e+00
8.850873947220181392e+00
8.847393704985881513e+00
8.850530419819756744e+00
8.847223445535549402e+00
8.846699808792710229e+00
8.847893091979658564e+00
8.845047017092849018e+00
8.847497346909731775e+00
8.844616059166108712e+00
8.845002762619694536e+00
8.843584853536823331e+00
8.845195817793010562e+00
8.843382950265493037e+00
8.842826863951724903e+00
8.841991352097407386e+00
8.841675708615992946e+00
8.840457592099134843e+00
8.839538222509810694e+00
8.840743713721524344e+00
8.838565017497336029e+00
8.838225290890344255e+00
8.839234562518685223e+00
8.838444072567774867e+00
8.836916276115472257e+00
8.840003916595668088e+00
8.837683372097918877e+00
8.835012314877571882e+00
8.835035287317845487e+00
8.832914902936547463e+00
8.834568905602242950e+00
8.830754883052597037e+00
8.833221596155230060e+00
8.828608460196788243e+00
8.831005342634311361e+00
8.831923256790643606e+00
8.826889670507307883e+00
8.828881434675436068e+00
8.827014082259241334e+00
8.827143762772632130e+00
8.824549033038044499e+00
8.824749939506650875e+00
8.825722540716805398e+00
8.823052448009947923e+00
8.823629696956738044e+00
8.821847995487294369e+00
8.822095514051504495e+00
8.822799464190316243e+00
8.821143147966685305e+00
8.820855589506111372e+00
8.819881144293978181e+00
8.817505172068129227e+00
8.819089201031813374e+00
8.817448842789787022e+00
8.818166459594410256e+00
8.816255105555834248e+00
8.816967739916416136e+00
8.815550339902552324e+00
8.813371742821436428e+00
8.815947280444550671e+00
8.813144517633551445e+00
8.814817745449326836e+00
8.812457837983510345e+00
8.812974915841399692e+00
8.811089206141234698e+00
8.811288465125555192e+00
8.809540308184521606e+00
8.811968226533956283e+00
8.808809039516889428e+00
8.810212190390624087e+00
8.807633311775886042e+00
8.809349232771030103e+00
8.807415742358946531e+00
8.807479352427366237e+00
8.805221357473802968e+00
8.806002769497888849e+00
8.805946063748651298e+00
8.803765308184027916e+00
8.804891358586457883e+00
8.802142292935824841e+00
8.804372662378119330e+00
8.799566458375414513e+00
8.802028256908736026e+00
8.799152161044100140e+00
8.801261188802405044e+00
8.797676802310617106e+00
8.801213258029765285e+00
8.795411539770718434e+00
8.799643695560098067e+00
8.794835319549356711e+00
8.795943335826406084e+00
8.796061070007665350e+00
8.794551507953766389e+00
8.793762006743293114e+00
8.794989041601045443e+00
8.792733082853532167e+00
8.793194242311392017e+00
8.792207225526349035e+00
8.793075499848347576e+00
8.792102938626419117e+00
8.791198006717948488e+00
8.791853394077604023e+00
8.788818913218419127e+00
8.792494223995612757e+00
8.788089968260267781e+00
8.791151882152806962e+00
8.786652285752321490e+00
8.789718979337747484e+00
8.788219807190772670e+00
8.788233633347372731e+00
8.785812593629961142e+00
8.786790664061527423e+00
8.785379121005655989e+00
8.785544313972417640e+00
8.784643795880244355e+00
8.784397926646693833e+00
8.781467527585485655e+00
8.783093443802211908e+00
8.781603018479477996e+00
8.779876474509059392e+00
8.782354689044909790e+00
8.779068048261136070e+00
8.780625285029964644e+00
8.779029686919102460e+00
8.780679305104124310e+00
8.777604580008038226e+00
8.779830832231498405e+00
8.776413495403803111e+00
8.778047685806489753e+00
8.774903753417099495e+00
8.777047526962746815e+00
8.776580247981332406e+00
8.773220952098499836e+00
8.774867375341736775e+00
8.772797757211076686e+00
8.773366055174518507e+00
8.772665296820109759e+00
8.773622354722533601e+00
8.771631533412465487e+00
8.772051914297120945e+00
8.771044335391534830e+00
8.769940620865304126e+00
8.771688157318370926e+00
8.768602447662118493e+00
8.771611326427944277e+00
8.767662078173437123e+00
8.769088491418463249e+00
8.767502575274829013e+00
8.768444423994264270e+00
8.765836060118271433e+00
8.766563267394175796e+00
8.766725073303639704e+00
8.763704175027406507e+00
8.767270889264215938e+00
8.762218591062502782e+00
8.764071045607746413e+00
8.763260470999670204e+00
8.763715683165877124e+00
8.760374782169559893e+00
8.761258520509704439e+00
8.760099159342766839e+00
8.760612219542890600e+00
8.759612515305931879e+00
8.757849307503581926e+00
8.758906111525627480e+00
8.757361970303303877e+00
8.759369898744843397e+00
8.757387459013036946e+00
8.758180398800622157e+00
8.755629508094326496e+00
8.757794759592860245e+00
8.755387860182052506e+00
8.756228627587587354e+00
8.755783355406807189e+00
8.754560087596514606e+00
8.752953044492612023e+00
8.754304004856939159e+00
8.751914351834038541e+00
8.756468290153518907e+00
8.750833796147878374e+00
8.752891950423757450e+00
8.750328144929261143e+00
8.751543654363810987e+00
8.750605617592905006e+00
8.748782193709271127e+00
8.750007658780901920e+00
8.748597724641458129e+00
8.750506182213833029e+00
8.746019642540064254e+00
8.749640111672340126e+00
8.746709879224573214e+00
8.745645077816385893e+00
8.745586505959469292e+00
8.742957894137051156e+00
8.746877467916263527e+00
8.743041968955560961e+00
8.744110583748980758e+00
8.742950327145399214e+00
8.741619328276458489e+00
8.742495564135856156e+00
8.742942434535247997e+00
8.738789077390270776e+00
8.741787604600000705e+00
8.741915268801454530e+00
8.737117221755310581e+00
8.740837114078367165e+00
8.736493624615038200e+00
8.740473358150044447e+00
8.738021351264359637e+00
8.737329239191993224e+00
8.736929982817819962e+00
8.738075030212380412e+00
8.733887472374258110e+00
8.737269906498646321e+00
8.732018952320894201e+00
8.735634369470355765e+00
8.734468136734440336e+00
8.733306015361444352e+00
8.733667853539222037e+00
8.732617925740795428e+00
8.732956631358154809e+00
8.731308626222110902e+00
8.731179432152567088e+00
8.728457290402436897e+00
8.731217938149704594e+00
8.731770979047647430e+00
8.729554075421516401e+00
8.729382460492784546e+00
8.728836863327737561e+00
8.729026582952597479e+00
8.725732815243302909e+00
8.729612556889746244e+00
8.722611809211171519e+00
8.727954152744736405e+00
8.725057765250772590e+00
8.724406169863764049e+00
8.723594866280786064e+00
8.725043422552012373e+00
8.721624331852986245e+00
8.724807206788984359e+00
8.720014607254286787e+00
8.723680843674507912e+00
8.719220030677192312e+00
8.723139279892794917e+00
8.718478826663330850e+00
8.720976384340724863e+00
8.718557487252185823e+00
8.717720105074898029e+00
8.717444831427396679e+00
8.717609275473739316e+00
8.716238554342035982e+00
8.715272477564074194e+00
8.715894305421469923e+00
8.713432586762774434e+00
8.714376531051025054e+00
8.712845564894204031e+00
8.712402911881499179e+00
8.711203913625872985e+00
8.712050384483392307e+00
8.709126635667963967e+00
8.711702402421929392e+00
8.708375864622070139e+00
8.713368329165353643e+00
8.706161457771765200e+00
8.708499007954698001e+00
8.709405532449249421e+00
8.706747420645774227e+00
8.708214649966196319e+00
8.706279994018123247e+00
8.707293780314584453e+00
8.705771773194857843e+00
8.705429995200642423e+00
8.704400800936891613e+00
8.705064416559496365e+00
8.703441516096608765e+00
8.703602493551235497e+00
8.701239277891184898e+00
8.703512337267797605e+00
8.701019486525366275e+00
8.701909219336249279e+00
8.702019211449448122e+00
8.700635014560219815e+00
8.698748956084875417e+00
8.699053281575958252e+00
8.698291461626540766e+00
8.697340496379062813e+00
8.697864925783646228e+00
8.694894557559925019e+00
8.698451530813754218e+00
8.693801790367153615e+00
8.697944512307609344e+00
8.692468893748237946e+00
8.694520801367477958e+00
8.692962635271749505e+00
8.693237871373135306e+00
8.692955543247414596e+00
8.690630598475136637e+00
8.689330758028043888e+00
8.692095117949602212e+00
8.688483734846114359e+00
8.689327397416944265e+00
8.689016114006550495e+00
8.686955799489757268e+00
8.686607396855057672e+00
8.687409239263265803e+00
8.686340905155191194e+00
8.686414987790419318e+00
8.683490360843503453e+00
8.685312745281461133e+00
8.682596216625951158e+00
8.685143358045767314e+00
8.682037522399593144e+00
8.683921116579133681e+00
8.681457400825925319e+00
8.683771669119629166e+00
8.679566406190316386e+00
8.684204656881895801e+00
8.678918594414872345e+00
8.681689153021332928e+00
8.678572104342508808e+00
8.678584011758044170e+00
8.678719189685681457e+00
8.678338721430970182e+00
8.676643197423228315e+00
8.677419959811155437e+00
8.675663188383571978e+00
8.674831965431058833e+00
8.675743468186507101e+00
8.673400782872876746e+00
8.674991743451268889e+00
8.670714216483704107e+00
8.673975239285152128e+00
8.671846547831844276e+00
8.669615847696199751e+00
8.668848254115278706e+00
8.669293916412161849e+00
8.669016256062766601e+00
8.668314035220261005e+00
8.668952066132357359e+00
8.667982527737875031e+00
8.667652768412327902e+00
8.668079641461538642e+00
8.667186391494237085e+00
8.664962275716414197e+00
8.665462457761877957e+00
8.664414924449696187e+00
8.664892062795988892e+00
8.664937691031779465e+00
8.663660467626813855e+00
8.662967653887237773e+00
8.661097087772830605e+00
8.665359880502869316e+00
8.658878498394797063e+00
8.663754446872104609e+00
8.657851397887649014e+00
8.660103854070841933e+00
8.662520966621693574e+00
8.657947705273175032e+00
8.661729849356966326e+00
8.657912239377642649e+00
8.656534647600237165e+00
8.659843778145962290e+00
8.656990140798429323e+00
8.654856629058290451e+00
8.656508003224661962e+00
8.653858783270949928e+00
8.654043396988447157e+00
8.656268220803008617e+00
8.651978544124096615e+00
8.652703085527710058e+00
8.651423445380629573e+00
8.652461692220798639e+00
8.650632979509021325e+00
8.651640668679636548e+00
8.650044207249221628e+00
8.650513158758050380e+00
8.650446835726757655e+00
8.648045780850351250e+00
8.650846516852398693e+00
8.647640542294167787e+00
8.649032038189155003e+00
8.647253774096240519e+00
8.646712898933230917e+00
8.648566366686628371e+00
8.648273133268078894e+00
8.648568916659302275e+00
8.645811042773068777e+00
8.644781877124808389e+00
8.645629860012617129e+00
8.643861772100114749e+00
8.642811158558595608e+00
8.645166811262713580e+00
8.641620678937266931e+00
8.640532718509733812e+00
8.641324481191203333e+00
8.641597736322358614e+00
8.640498768081048553e+00
8.638626691408669345e+00
8.636979060024247090e+00
8.639020432408081263e+00
8.637627283185054239e+00
8.636194360670447878e+00
8.634472042400402003e+00
8.634206260192888394e+00
8.635030988329551960e+00
8.633159201539694294e+00
8.631290097818924423e+00
8.634239060105985075e+00
8.629991538989147060e+00
8.632837386121471113e+00
8.628949005029681985e+00
8.634394193960458708e+00
8.631078137001503947e+00
8.629470498488032604e+00
8.627813380996572690e+00
8.627516625200739142e+00
8.629234700060925078e+00
8.627488510446527314e+00
8.623641375035377976e+00
8.628416455490265591e+00
8.623520062224024230e+00
8.623015487310041749e+00
8.625286837376920701e+00
8.623949431075301320e+00
8.621507392400316050e+00
8.623668356686108538e+00
8.622916763766705017e+00
8.621238623913837884e+00
8.621230183928124902e+00
8.621422352176699277e+00
8.618841839750528422e+00
8.619151446826137430e+00
8.619968642730826858e+00
8.617199360883370574e+00
8.620169396149570673e+00
8.617164941295259339e+00
8.618904156538219397e+00
8.614563099953368663e+00
8.616647590038255089e+00
8.615820910173697555e+00
8.614645973824030634e+00
8.612310941486237326e+00
8.612401376293194133e+00
8.614974953999810836e+00
8.612029994971427627e+00
8.611261108409260956e+00
8.612940084763769377e+00
8.609313070892723019e+00
8.608867195799000172e+00
8.608607613236273437e+00
8.611749948845044855e+00
8.608243242875621704e+00
8.608468561234033700e+00
8.607540915939070558e+00
8.606695007328168501e+00
8.608764011607599187e+00
8.608031865407138383e+00
8.607990732118393495e+00
8.606160262154505247e+00
8.603095843095536210e+00
8.604468539471401556e+00
8.603756626475169256e+00
8.601923843572132355e+00
8.600788244898293300e+00
8.599150980901468344e+00
8.600739874203357616e+00
8.599255881097947807e+00
8.602060368295203929e+00
8.596744139432466625e+00
8.597042593198077398e+00
8.596338007046785634e+00
8.595522887522681899e+00
8.595417522683824529e+00
8.592801353615401538e+00
8.593634922495722250e+00
8.595045999867199527e+00
8.589472923537456950e+00
8.593609377462827936e+00
8.590817970920776148e+00
8.589705128258813716e+00
8.590617238073617656e+00
8.588753999134164374e+00
8.586297191029498066e+00
8.585924010818011709e+00
8.585122886385606833e+00
8.584096827768158633e+00
8.586504713873273076e+00
8.583849382168041942e+00
8.582257176094858053e+00
8.580518738460016337e+00
8.581997619752057105e+00
8.580091545895450977e+00
8.579011158955626826e+00
8.577183938201317304e+00
8.576713903776873593e+00
8.575285514491890027e+00
8.576958079328587559e+00
8.575063859799479715e+00
8.573646805537729065e+00
8.572401414095359939e+00
8.571845543711146931e+00
8.570703194305744788e+00
8.569403198526215348e+00
8.570517222634780552e+00
8.567725370634052595e+00
8.568924892879467237e+00
8.565611448876952139e+00
8.566023889077746034e+00
8.563718273651074853e+00
8.565221955423771405e+00
8.562401816798638876e+00
8.563288432733257238e+00
8.561651536262205653e+00
8.561418311596744601e+00
8.560578171350655907e+00
8.561633467382248952e+00
8.557736725806531553e+00
8.559217739900935484e+00
8.557415880907996097e+00
8.555967838394327174e+00
8.555974494093865346e+00
8.555809289749353397e+00
8.554780186725846391e+00
8.553549375262411658e+00
8.552970289239524959e+00
8.550228103957355330e+00
8.550765673439427061e+00
8.549342370261827639e+00
8.548551696123299237e+00
8.547620511700658952e+00
8.547581074742559792e+00
8.545764089609532377e+00
8.544822924759120752e+00
8.545069671378435316e+00
8.544302819528230231e+00
8.542218971032244923e+00
8.542453058370323760e+00
8.540892561722090548e+00
