3.754027762910974957e+02
9.774141621874508701e+01
6.973109356806206449e+01
6.240310125103768968e+01
5.790721966718256652e+01
5.333634511161591973e+01
4.838885411159503747e+01
4.265349384515108255e+01
3.537262935391579788e+01
2.643580548437887856e+01
1.882909251420041485e+01
1.418168931902608954e+01
1.225917423458654021e+01
1.139845286823357817e+01
1.084089223527759493e+01
1.039130014096486576e+01
1.000907932496445696e+01
9.673795557381161814e+00
9.359561623710950684e+00
9.064223551248216992e+00
8.791804440066734116e+00
8.541112884112097348e+00
8.312470120093411907e+00
8.090656914093402818e+00
7.881118030521711226e+00
7.660621011820381909e+00
7.439457273799788162e+00
7.218719608635500329e+00
7.008975174495923888e+00
6.820031585981080724e+00
6.649010238904582870e+00
6.495504875640880194e+00
6.357685104531835663e+00
6.233052724499432706e+00
6.116772900244261457e+00
6.004208265912960307e+00
5.902236565194886708e+00
5.804361064411555304e+00
5.714156070234669649e+00
5.627592669546241488e+00
5.545328297249681349e+00
5.465460073115192330e+00
5.387639525053309342e+00
5.313264556243632697e+00
5.241460439213361688e+00
5.173517757536300721e+00
5.106978152034288065e+00
5.042332794189486656e+00
4.979104809991091507e+00
4.917344157547470118e+00
4.858014239871509155e+00
4.799010269340504564e+00
4.741222689199120488e+00
4.686016355402678357e+00
4.630587246981417771e+00
4.578119589892215124e+00
4.529371929883994952e+00
4.480500174072516550e+00
4.432581116060268833e+00
4.389283232898789855e+00
4.346001153865819866e+00
4.305506544600742558e+00
4.266693586745011757e+00
4.229516746070522970e+00
4.195115474710784831e+00
4.157685232630996985e+00
4.123496457783843994e+00
4.090080567373480136e+00
4.057358425492598286e+00
4.024292773793919586e+00
3.992459807513203618e+00
3.961077389385426972e+00
3.931860788965150899e+00
3.902051624078466840e+00
3.876389680393056647e+00
3.846907279954647318e+00
3.819375433191678493e+00
3.791948064624364179e+00
3.766574937315985583e+00
3.740015765066573739e+00
3.713954512990184753e+00
3.688365214942159298e+00
3.662918364961757600e+00
3.640076957818353165e+00
3.612661891212103793e+00
3.588460680277247405e+00
3.565901829211485019e+00
3.540918403722080665e+00
3.520881341772624129e+00
3.497694774339957124e+00
3.474766099959639032e+00
3.454616229077727141e+00
3.433452788063597438e+00
3.413219734528240235e+00
3.393397312586924119e+00
3.372798801017548698e+00
3.352824387760473090e+00
3.336170159438360816e+00
3.317828202030448370e+00
3.301091134838637586e+00
3.284991963167888329e+00
3.269890976909683555e+00
3.253471302562523260e+00
3.240334153274796236e+00
3.223745038526656170e+00
3.210689610031442598e+00
3.197213922948176634e+00
3.183096222935281716e+00
3.167698224913680249e+00
3.156270468977563137e+00
3.142223737377204174e+00
3.131607277432248537e+00
3.119550042944277735e+00
3.105043929944747649e+00
3.094792896641536561e+00
3.083483114176635009e+00
3.066566508179467743e+00
3.058118691184864790e+00
3.044814214312002054e+00
3.034594307212192366e+00
3.021732043633505782e+00
3.014843783441444547e+00
3.002420608289012804e+00
2.995379037350273332e+00
2.983965348532943818e+00
2.976616010287423730e+00
2.966878579676517802e+00
2.959020361836952606e+00
2.948490017858054646e+00
2.939983175644151903e+00
2.929214152827815720e+00
2.923218329923920944e+00
2.915475951687417133e+00
2.905473730526040743e+00
2.900181837913839544e+00
2.892071874125105690e+00
2.884408218514206368e+00
2.878766481397632138e+00
2.869661870940978243e+00
2.861334926427980374e+00
2.856322044815478467e+00
2.848461252100724206e+00
2.840846580652598874e+00
2.833971582705255177e+00
2.828199743619260076e+00
2.820399746899854065e+00
2.813974739964043792e+00
2.806258106299440058e+00
2.800937913631376119e+00
2.791950308758309518e+00
2.788636204851213662e+00
2.783530902763681425e+00
2.773738612540450621e+00
2.768719762066816248e+00
2.762041430768944483e+00
2.757791335377107966e+00
2.750464035310459021e+00
2.744245705645639521e+00
2.741863830066477714e+00
2.732868324629610157e+00
2.725976996325512491e+00
2.719796537878927722e+00
2.720021790350950486e+00
2.712751219952840742e+00
2.709230447312023227e+00
2.701530035616534153e+00
2.697199013605452222e+00
2.689614229639181175e+00
2.684937022069228352e+00
2.682750257561838936e+00
2.680529598174754558e+00
2.672823669144923642e+00
2.669611542436878704e+00
2.665626573487966500e+00
2.661779821809869606e+00
2.657669177699463869e+00
2.649952624728268535e+00
2.646414844650179621e+00
2.638595839348306438e+00
2.636969683343580506e+00
2.632033130493229844e+00
2.629558651174320971e+00
2.622835863637425824e+00
2.620700408296983586e+00
2.611663797828482902e+00
2.610778992861416015e+00
2.604394404721243728e+00
2.602761991760071947e+00
2.600213958901404609e+00
2.593155022579610947e+00
2.590101863325561027e+00
2.584485675559624607e+00
2.579402720354132317e+00
2.575417579122866396e+00
2.568016129318102081e+00
2.564672748447679229e+00
2.557750192471475614e+00
2.553016375631225632e+00
2.549752775747510025e+00
2.543943568549885459e+00
2.539283724280884336e+00
2.537026301106643178e+00
2.533867604210716440e+00
2.527857540646245571e+00
2.528884321550863401e+00
2.521595539641388051e+00
2.518146043951772217e+00
2.515301894036003461e+00
2.510988233830203864e+00
2.505526511785913790e+00
2.504326496889849096e+00
2.500526963682851989e+00
2.493581547739676552e+00
2.495051480998826676e+00
2.492165372896448350e+00
2.485910751461411383e+00
2.483510690625069905e+00
2.481381446712862537e+00
2.478370580340843343e+00
2.475679070660130598e+00
2.469487973973496509e+00
2.464525843190600529e+00
2.466568112750864739e+00
2.458748873942807389e+00
2.457484473458781959e+00
2.455082359492961164e+00
2.451231574267334512e+00
2.450266908128930776e+00
2.443628247643975016e+00
2.444522601757304958e+00
2.437596411585069678e+00
2.439222358808841751e+00
2.432385904623786566e+00
2.423409677715433919e+00
2.413920247984817635e+00
2.386225051233570316e+00
2.370857562951881992e+00
2.367523084988206072e+00
2.364077920071094407e+00
2.362917680989402580e+00
2.354181230446554363e+00
2.354381864011974468e+00
2.353922923250272081e+00
2.349594499220884369e+00
2.342125313654511931e+00
2.340941587798216705e+00
2.330331662362031153e+00
2.323489954519035283e+00
2.324253085049563960e+00
2.316423974352910253e+00
2.307683109397537624e+00
2.309055698136754486e+00
2.296198996502642586e+00
2.299943702190423878e+00
2.292630657576017139e+00
2.294974410689590627e+00
2.280667269248930484e+00
2.289029129231893833e+00
2.277226567360912668e+00
2.274280455405676360e+00
2.273048769352375320e+00
2.275008045486532016e+00
2.268259995732175849e+00
2.266328482674791811e+00
2.268455188887391838e+00
2.251791123716722076e+00
2.262555128676613236e+00
2.252934222004382647e+00
2.252602607671663204e+00
2.246469564637290528e+00
2.251156168606680108e+00
2.239329610310134999e+00
2.242765216822770302e+00
2.238064868659564333e+00
2.238231217334512912e+00
2.233446673176560981e+00
2.229532277153905895e+00
2.227672343402022914e+00
2.230655099325986157e+00
2.224303284065991537e+00
2.222366428926079163e+00
2.217545558484600665e+00
2.209732024796463357e+00
2.207845422065445984e+00
2.210123291069697071e+00
2.203673094102337249e+00
2.207096351582851668e+00
2.200692777172783554e+00
2.195700705822781540e+00
2.195599435096864838e+00
2.191581785686856243e+00
2.185968142228956079e+00
2.189483481987165359e+00
2.186196755663926350e+00
2.180580946946381715e+00
2.178658356525097428e+00
2.175139172285376343e+00
2.165979362487663540e+00
2.166657643546318290e+00
2.161391928338938229e+00
2.162308470572991137e+00
2.150192306265198194e+00
2.141592138802106859e+00
2.142653463729919050e+00
2.143361483816658808e+00
2.135060217927331916e+00
2.133545276280433445e+00
2.127776947606756952e+00
2.131455736473533147e+00
2.123952448806904592e+00
2.119094353060049674e+00
2.119347077581667182e+00
2.114522498666624006e+00
2.109116062012577508e+00
2.107701832736155190e+00
2.112435195129556131e+00
2.101873983772567289e+00
2.100752115653472973e+00
2.097333331533216771e+00
2.091661563320975414e+00
2.092389938461952870e+00
2.088983302412253273e+00
2.087406262722589556e+00
2.088330753895518033e+00
2.078607080240633120e+00
2.080251467793523101e+00
2.080316401317216179e+00
2.074175349668800017e+00
2.072725241362965765e+00
2.068934583246206049e+00
2.070065324687230035e+00
2.068928961760816865e+00
2.063343603119298653e+00
2.060250388466919436e+00
2.062628343305735079e+00
2.058592559704294889e+00
2.054755408648423654e+00
2.052184776151933843e+00
2.050152167761595035e+00
2.046382916603882496e+00
2.044322942983178404e+00
2.044423716788536627e+00
2.045052561023571247e+00
2.039044182991331500e+00
2.039333968709804434e+00
2.039580510430118121e+00
2.037560069451775036e+00
2.035679631596312600e+00
2.032564710846293643e+00
2.026923632508869755e+00
2.026003029919346776e+00
2.024487191372017048e+00
2.026122349099364950e+00
2.020579348159570188e+00
2.021005440181728563e+00
2.017039055745616150e+00
2.016882074436914696e+00
2.010227503071763788e+00
2.013916372996620296e+00
2.007983501782904856e+00
2.006977135055336259e+00
2.007645717162103605e+00
2.004360287758056636e+00
1.999301288867120663e+00
2.000916148225942326e+00
1.999145145105375221e+00
1.992788623472387277e+00
1.998102790003257523e+00
1.995991931270986397e+00
1.988646419208894622e+00
1.986994863937609601e+00
1.985705160949395420e+00
1.987557036553589507e+00
1.981443166828534608e+00
1.982259997957951825e+00
1.983309737051993205e+00
1.975876506019178303e+00
1.976516404133083604e+00
1.975895058057395071e+00
1.973397897818422786e+00
1.969295671269361669e+00
1.969878319738106454e+00
1.975903163161661480e+00
1.964432889948964922e+00
1.962384089099684870e+00
1.972430727365784620e+00
1.960015443252256739e+00
1.952879396940860213e+00
1.959734550164114353e+00
1.961623947491335507e+00
1.952457992282081056e+00
1.948137946590033032e+00
1.951421338402038907e+00
1.951319856305657963e+00
1.953258648137558673e+00
1.948605841470610445e+00
1.948543903069710259e+00
1.943212444392102389e+00
1.943698948209877875e+00
1.940877573056847050e+00
1.940744227397241284e+00
1.935011898568730571e+00
1.936400880526141011e+00
1.931832851798669592e+00
1.936303958166206485e+00
1.925675801424910238e+00
1.935769692965160216e+00
1.921291632716633169e+00
1.930087213843991734e+00
1.924299897936004200e+00
1.924569363049826398e+00
1.913128127218812979e+00
1.921631584444833729e+00
1.923179426791205904e+00
1.915200925244398222e+00
1.908494728649770655e+00
1.913668529771433979e+00
1.907847743786591943e+00
1.909876297082448771e+00
1.910741902786561752e+00
1.905619998320147168e+00
1.907152703386750359e+00
1.908780232333461946e+00
1.904136039025085880e+00
1.899746963483069040e+00
1.900234301889553334e+00
1.896594451599308728e+00
1.900369931833637560e+00
1.894876087960650102e+00
1.891882903615318190e+00
1.890706324406046690e+00
1.889335183272864427e+00
1.887548446800081381e+00
1.884835995336880954e+00
1.882758818419344671e+00
1.882756515107320228e+00
1.882206781362876891e+00
1.884697804359067419e+00
1.879894781097593892e+00
1.879646477447151964e+00
1.881499201722330206e+00
1.874709889984248479e+00
1.873756464743456140e+00
1.873174178967536241e+00
1.871448340991191506e+00
1.869433940836641161e+00
1.866478171865539215e+00
1.865840901227919124e+00
1.866990634882851330e+00
1.867233548847434532e+00
1.863001075229375303e+00
1.859706433748124388e+00
1.862980253231152794e+00
1.859247136766492892e+00
1.853466958821794242e+00
1.855706434239809965e+00
1.853775052355064235e+00
1.853892116111630850e+00
1.850470281098087755e+00
1.854438947179998465e+00
1.846242447473651849e+00
1.847186021246552734e+00
1.847082415145387957e+00
1.848844002735130942e+00
1.838161280626093186e+00
1.849543288182697642e+00
1.843083925031866466e+00
1.835200373502653415e+00
1.838579714195876180e+00
1.842059414274242579e+00
1.830074907460139677e+00
1.839775444959292017e+00
1.825523846649016457e+00
1.833323623086902776e+00
1.836216155851506215e+00
1.825802162169158693e+00
1.831497709451564981e+00
1.819576409347342549e+00
1.828833647205496016e+00
1.820681574390285773e+00
1.824296470977039286e+00
1.824156836418547423e+00
1.818713663438713324e+00
1.810037168143573849e+00
1.823743211881617476e+00
1.816757430905712178e+00
1.809819041522096938e+00
1.816354583274752521e+00
1.805922813234915880e+00
1.814262909619537956e+00
1.801805753296536805e+00
1.805417243990729448e+00
1.803800283046521180e+00
1.806627588859307743e+00
1.806649893870790002e+00
1.800896586232818564e+00
1.803926317946789482e+00
1.799675129070028801e+00
1.800926719340373738e+00
1.790166704193339120e+00
1.792735795119520636e+00
1.793270494504397350e+00
1.790172508567487109e+00
1.784478320318762634e+00
1.787242849010302059e+00
1.780629189076956109e+00
1.786971470084223190e+00
1.788013728633965016e+00
1.784977896669046160e+00
1.782047366311671155e+00
1.786321242465856551e+00
1.783017483460795249e+00
1.775833253230277409e+00
1.777472591269190660e+00
1.778561925206835426e+00
1.772323836330514935e+00
1.777558113663804784e+00
1.764740414684222936e+00
1.773997724202594384e+00
1.767654832217788075e+00
1.773972847567964584e+00
1.771388360092972958e+00
1.768673921712359709e+00
1.766151220940511024e+00
1.767891134685343646e+00
1.763646559506774736e+00
1.760869020541457886e+00
1.765103239932614754e+00
1.757322933890738348e+00
1.759992475794465383e+00
1.764942978159827147e+00
1.756540770655655059e+00
1.759087088712025349e+00
1.757691048559346880e+00
1.750671560356838574e+00
1.755557017721359969e+00
1.757845660640487084e+00
1.740455699862712535e+00
1.743132412536629205e+00
1.752072650898204964e+00
1.740852444466811422e+00
1.745465349936981880e+00
1.741196609427722919e+00
1.739766256690560509e+00
1.743173523761570864e+00
1.744210678116803415e+00
1.737024926220261944e+00
1.732837940853685366e+00
1.736830069355957962e+00
1.731899214188008962e+00
1.728357991123302240e+00
1.732806029211798382e+00
1.731765131198725882e+00
1.733487724900474758e+00
1.724535005900099449e+00
1.729326852788968694e+00
1.728609638608472165e+00
1.729025606392407433e+00
1.725088420160290736e+00
1.719923479318859139e+00
1.723484605894669786e+00
1.724100255864849052e+00
1.720209605611166870e+00
1.718883109161455147e+00
1.712919551747357438e+00
1.711960046648110856e+00
1.714359218892613335e+00
1.708930660998997597e+00
1.711783434882570454e+00
1.705882902366207210e+00
1.703379905084201118e+00
1.700969138262547142e+00
1.705508875743838137e+00
1.702797335201817530e+00
1.704266450702861979e+00
1.702704818107636742e+00
1.700520222949572613e+00
1.699173574998824821e+00
1.705135898936816830e+00
1.701787038862417667e+00
1.699037837974860077e+00
1.695364135773599124e+00
1.693682367374703235e+00
1.686608889349404228e+00
1.698204456908643856e+00
1.691950696070236626e+00
1.690270774768000583e+00
1.687845589687831938e+00
1.690074366777993609e+00
1.687227404882538417e+00
1.688706780864302592e+00
1.682041222902311839e+00
1.683642104685509677e+00
1.685438808987136605e+00
1.680868571605484751e+00
1.679437495031377958e+00
1.684087666754879642e+00
1.680607920541343558e+00
1.681376173453077660e+00
1.678980354383323936e+00
1.673477966406518469e+00
1.674572151277087473e+00
1.674662084966370479e+00
1.671602970352657813e+00
1.669262370567104581e+00
1.673485911521249703e+00
1.668472201230021712e+00
1.660026400669920355e+00
1.672402400640689679e+00
1.665226932542720695e+00
1.667467708335601095e+00
1.663066325890406816e+00
1.658266597828145228e+00
1.663201018562071143e+00
1.658654953095959117e+00
1.654351872906170362e+00
1.656320591278211296e+00
1.656850840269338931e+00
1.658625938126931487e+00
1.655411540943222848e+00
1.655689507500945012e+00
1.647112841690086427e+00
1.650524356384222235e+00
1.650463650306692953e+00
1.649519540021075592e+00
1.642687015489515678e+00
1.648184277001293330e+00
1.644569959487090172e+00
1.648192356269869707e+00
1.647388638625625568e+00
1.645219812567319861e+00
1.640947101028254806e+00
1.638852151736041263e+00
1.637956544053929875e+00
1.636990965584612878e+00
1.638592126279981187e+00
1.638064193308094829e+00
1.632725711756463305e+00
1.628678981305461404e+00
1.627227951348689805e+00
1.622462980274158584e+00
1.621799250989461205e+00
1.632483603494619517e+00
1.621115314233028792e+00
1.620142175989399691e+00
1.626457141473283796e+00
1.618636856343194763e+00
1.623058010323237710e+00
1.616372038847391002e+00
1.621297018690244451e+00
1.613086319524999590e+00
1.603239637083951230e+00
1.608434724227174817e+00
1.599530675301061855e+00
1.601592661026103093e+00
1.608641776275836710e+00
1.597012285507896756e+00
1.591118844579342051e+00
1.590335701522683332e+00
1.590636866934193927e+00
1.587243906594121290e+00
1.591414344532403602e+00
1.587793666095864253e+00
1.588779554046328535e+00
1.586746900692009410e+00
1.582510525939561097e+00
1.593249107391490282e+00
1.578752293730627088e+00
1.581130564983313169e+00
1.580196299928598114e+00
1.579824065097509278e+00
1.580806285587389004e+00
1.573389016999610535e+00
1.572718829596658763e+00
1.573235739711549064e+00
1.574938962998443381e+00
1.577536555830435061e+00
1.566211122075872320e+00
1.574832568417090961e+00
1.569351242834590154e+00
1.565937687635120312e+00
1.568239795600705255e+00
1.569953116823427530e+00
1.562728590913725624e+00
1.559630705464713607e+00
1.569764929121674646e+00
1.555644740619120725e+00
1.565555624062160867e+00
1.556796233742518742e+00
1.556772415806080501e+00
1.553452840665840329e+00
1.554587841547067084e+00
1.568326805338426944e+00
1.551125879726168444e+00
1.553545531127102919e+00
1.557434263659301044e+00
1.550070211355509819e+00
1.549421562946219133e+00
1.554578553122739626e+00
1.543845949963352338e+00
1.548196743253695606e+00
1.544792017607522050e+00
1.548225352684401868e+00
1.547682302753021100e+00
1.543991581052040152e+00
1.542443985109331672e+00
1.537922121237500717e+00
1.537450687679166483e+00
1.533879084148361160e+00
1.544002216469019251e+00
1.531414666879601816e+00
1.537200179964643532e+00
1.541795251787698051e+00
1.535628359735641491e+00
1.535462093987517429e+00
1.531720716930389914e+00
1.530493581038852247e+00
1.529428253074610611e+00
1.530496383314101871e+00
1.530359006634702146e+00
1.525871024318740554e+00
1.521945374552376329e+00
1.526969305596362680e+00
1.522859572452612165e+00
1.526079458371673025e+00
1.525044067775075396e+00
1.519238978212596791e+00
1.518506935321902285e+00
1.520246652072324123e+00
1.520407177856686554e+00
1.518314802378255335e+00
1.521380156575231402e+00
1.519188675470730665e+00
1.509679554881131258e+00
1.520688158932872014e+00
1.514073696522661772e+00
1.512321239970158437e+00
1.515336151425254796e+00
1.509942080995228197e+00
1.515646201801398307e+00
1.508645920813963093e+00
1.515050187079810540e+00
1.510449271794037651e+00
1.503949272236750678e+00
1.504119679567635925e+00
1.513062416412969791e+00
1.507354093127096784e+00
1.507572298821975743e+00
1.505413133419162941e+00
1.505760540422448557e+00
1.503686425391456138e+00
1.502063541744941721e+00
1.506457362113107434e+00
1.503361935158288532e+00
1.497523797801232126e+00
1.493042573898154757e+00
1.505238689026734633e+00
1.496539292001295207e+00
1.493733902404744684e+00
1.493081411080442900e+00
1.501673191426404541e+00
1.491351264196838722e+00
1.495442490966406801e+00
1.491001945425719510e+00
1.491835638410691445e+00
1.492592850477631350e+00
1.485316694850792762e+00
1.486415099169640763e+00
1.490258311819429693e+00
1.480071067387354278e+00
1.489454775907780748e+00
1.486158484047249262e+00
1.483445548879935183e+00
1.478755083402538029e+00
1.482290502533212262e+00
1.480496922388376824e+00
1.483834435945714292e+00
1.480333328435851747e+00
1.480810425761446503e+00
1.472419164545735848e+00
1.478853385857867409e+00
1.476272621219343106e+00
1.479969576067623693e+00
1.471035153256991634e+00
1.472970938941242425e+00
1.466998022585543238e+00
1.478119556767045317e+00
1.465299837029262031e+00
1.469293758226084767e+00
1.469888052571272530e+00
1.466687501638356261e+00
1.473877213522722940e+00
1.465682331454239318e+00
1.472339807042259530e+00
1.469686068643446752e+00
1.465379372889827669e+00
1.467952416522471992e+00
1.459882608763368284e+00
1.462750905439376581e+00
1.465537835666021360e+00
1.463227481744575620e+00
1.463130375767479618e+00
1.463326194394277691e+00
1.466745485054190112e+00
1.454706746868639877e+00
1.460625448279205374e+00
1.458791567649912801e+00
1.457117389270379482e+00
1.447292446152596890e+00
1.454991013984644477e+00
1.454594892655070693e+00
1.458332942953876277e+00
1.457949332933097031e+00
1.449350665859711063e+00
1.451130293667920013e+00
1.453180019190409178e+00
1.445753528792649734e+00
1.451278026921148268e+00
1.442614186221014450e+00
1.452806980678127635e+00
1.446758882645631905e+00
1.448527258051931055e+00
1.442282591782037438e+00
1.452677032872687013e+00
1.445566218149372473e+00
1.448192364235367791e+00
1.443424958065459451e+00
1.445787719121021775e+00
1.441430900729125497e+00
1.440150349012966124e+00
1.447026228105324996e+00
1.443153901507954417e+00
1.442755503611919954e+00
1.439246761486731918e+00
1.435877217129330363e+00
1.438006906054759115e+00
1.432718183081266750e+00
1.428298948027074244e+00
1.432959322578756023e+00
1.428606560002954717e+00
1.431307807776168062e+00
1.434051571251094837e+00
1.433085660378933257e+00
1.430427129705435840e+00
1.425108436878842921e+00
1.429913114852692679e+00
1.425382605101737754e+00
1.425044819955992859e+00
1.428095982378055018e+00
1.423225547966744164e+00
1.415878765730520072e+00
1.427482049061680414e+00
1.414591367725063220e+00
1.430130994598765470e+00
1.418278873096375792e+00
1.418146722576308472e+00
1.425910487186425213e+00
1.424665957161947105e+00
1.427003157937128064e+00
1.413798862419433533e+00
1.409729462889157015e+00
1.419806026909453456e+00
1.417331542260626298e+00
1.418065878825911730e+00
1.415798020576091609e+00
1.416827024869084406e+00
1.410880835765634389e+00
1.418255679241105405e+00
1.406207522026086343e+00
1.413295916909074856e+00
1.413650680925165659e+00
1.410756795099507466e+00
1.421205241539863273e+00
1.413534620611961223e+00
1.410412949184017606e+00
1.411749731244369199e+00
1.411447390682120107e+00
1.410391172246564517e+00
1.410702347922724087e+00
1.406239548531318384e+00
1.409197960610196532e+00
1.400945955592761472e+00
1.415012949462921332e+00
1.406105520501054640e+00
1.405854134431511193e+00
1.404310530612694174e+00
1.402081009212751361e+00
1.404008269481269444e+00
1.408276099630515033e+00
1.405161888960494210e+00
1.405097638459319009e+00
1.406406811257873590e+00
1.400329594469120087e+00
1.396774128449560948e+00
1.395622423226099862e+00
1.401308394964038806e+00
1.395872031982166694e+00
1.398077247337582207e+00
1.398267818418441832e+00
1.402147205454649104e+00
1.396855079684231393e+00
1.392379608605711638e+00
1.399833505099288056e+00
1.403106917596152803e+00
1.397312904654214982e+00
1.396304095035098891e+00
1.390771353455193093e+00
1.401573562369500037e+00
1.394767353124586107e+00
1.391622882928813310e+00
1.397068461486493440e+00
1.387843734477181679e+00
1.395395035673777429e+00
1.392675184284783541e+00
1.390569692291181214e+00
1.383940663513727687e+00
1.389855479884829714e+00
1.383915806595172659e+00
1.393724790395405755e+00
1.393047962486095193e+00
1.391132217813394467e+00
1.386684635881739958e+00
1.387995201267546941e+00
1.382859473058366762e+00
1.390461526884063437e+00
1.386487555802003335e+00
1.383731319397808468e+00
1.388837429728559725e+00
1.387895342680532940e+00
1.386508750726244799e+00
1.382646857218954972e+00
1.384230762067674148e+00
1.380214369245188033e+00
1.376363173261901052e+00
1.375210690738189356e+00
1.383326943907316142e+00
1.376851656409170177e+00
1.386856393012457778e+00
1.378451931408518627e+00
1.375614436988366052e+00
1.383614140144275639e+00
1.378159256710026703e+00
1.380981902250320026e+00
1.378140021257857617e+00
1.375178459902667960e+00
1.377092012447693747e+00
1.376808743767182319e+00
1.378260164658171583e+00
1.376635828403234507e+00
1.376703695590814958e+00
1.368411199488198449e+00
1.376725235048414042e+00
1.373241435379595421e+00
1.377249460677709925e+00
1.371226733999919789e+00
1.377391494250215231e+00
1.368899875743726513e+00
1.368192364512202275e+00
1.369925553941150786e+00
1.374562505924892930e+00
1.372123210991739839e+00
1.364258473857726583e+00
1.371443140322883503e+00
1.364879770788635538e+00
1.364676634321061455e+00
1.365174801420503181e+00
1.363496459180453035e+00
1.367230260853342649e+00
1.363901291420269279e+00
1.361877835302899298e+00
1.364619423111243179e+00
1.367121747834264989e+00
1.356679400913216815e+00
1.362365596632745701e+00
1.362638546681417706e+00
1.358058224580450224e+00
1.363259962161499139e+00
1.357218095538584857e+00
1.361854268455352068e+00
1.358035362385552780e+00
1.360961581165542000e+00
1.356507496603485796e+00
1.364769540430900152e+00
1.360149511279589385e+00
1.363116095828598384e+00
1.362237426082879788e+00
1.361862824283978313e+00
1.355128393154602984e+00
1.360043963173817039e+00
1.356595629643588374e+00
1.360083767365358520e+00
1.354524795762845679e+00
1.353814522634643192e+00
1.360315315286497961e+00
1.356848830349908441e+00
1.354364325224675758e+00
1.347656070126140415e+00
1.353010202931374195e+00
1.352199546962549404e+00
1.354461870425105685e+00
1.350404898521082364e+00
1.360892899072354112e+00
1.354513140947507965e+00
1.355060401818646065e+00
1.347719394826049744e+00
1.357428178343303982e+00
1.351842200167179486e+00
1.347521892760628726e+00
1.351355482066588509e+00
1.347303140052537929e+00
1.356290523026507211e+00
1.346798484142776031e+00
1.350011296268760708e+00
1.351921032574308512e+00
1.349604283378249114e+00
1.352188040104723932e+00
1.348724407729034569e+00
1.350147444190308521e+00
1.345893496006949741e+00
1.346738680513561270e+00
1.351753760785191716e+00
1.344464212891989474e+00
1.340687314601350266e+00
1.349131013209051488e+00
1.348092517379155808e+00
1.334716457514552479e+00
1.337284288031652890e+00
1.350478162608272470e+00
1.347466111334785888e+00
1.344436051386882269e+00
1.346098554292859406e+00
1.338445837369005353e+00
1.340098097237185648e+00
1.343843240937728112e+00
1.343293932800452728e+00
1.340237629638320271e+00
1.344204007392461042e+00
1.338533727910802718e+00
1.338440962824768432e+00
1.342272996227975357e+00
1.340749279069034516e+00
1.338077729336173194e+00
1.340843344325587383e+00
1.343403095003152581e+00
1.333389950639608301e+00
1.331686180155839727e+00
1.340565897356080560e+00
1.336605283447313886e+00
1.335302330746940269e+00
1.336990566544404624e+00
1.339986687429793655e+00
1.339340381351472153e+00
1.336111675489439099e+00
1.328180185397984436e+00
1.338749505516564797e+00
1.332302157470459658e+00
1.342213434257145233e+00
1.336501873619743153e+00
1.336415091357243012e+00
1.328956558364937868e+00
1.335723997880904790e+00
1.337902948013171001e+00
1.338102524773898461e+00
1.333891719796702402e+00
1.326696845816630832e+00
1.326696309943004692e+00
1.341850209365878399e+00
1.327566861823174182e+00
1.342954794543456343e+00
1.329578278945535930e+00
1.331091356228974787e+00
1.330248477367936610e+00
1.326517426585515524e+00
1.323303696131803653e+00
1.341609290937254118e+00
1.324721223591294850e+00
1.333356151037167647e+00
1.331437952858497198e+00
1.329544756081029400e+00
1.321732484423789433e+00
1.319316406805418396e+00
1.332754050729908712e+00
1.325308386895168278e+00
1.328837681471033871e+00
1.330394299161275162e+00
1.328959886013750591e+00
1.329805131490674697e+00
1.329277344561640151e+00
1.327158281424128505e+00
1.327554502284623572e+00
1.328329701894109149e+00
1.314022246028290208e+00
1.329931034276895296e+00
1.326899438435054535e+00
1.321341816182926898e+00
1.323676753479398949e+00
1.327210537907802079e+00
1.324834860410187387e+00
1.324207513278586879e+00
1.327615550937199407e+00
1.322802613560767560e+00
1.326766043053958954e+00
1.322993799126034320e+00
1.316339659580717969e+00
1.327558279103870698e+00
1.309873447233936616e+00
1.324612857127307031e+00
1.317955296964939516e+00
1.321592011759866292e+00
1.314939148625563048e+00
1.315799043209090025e+00
1.323262016258245355e+00
1.317944927514312470e+00
1.317699788583645448e+00
1.320916167544199160e+00
1.318669980630986283e+00
1.314124405712186139e+00
1.312906935352405435e+00
1.318371681794947348e+00
1.315531488333264054e+00
1.315982928312054545e+00
1.309404183745059402e+00
1.311552238809398530e+00
1.307175572852395717e+00
1.311578514453296096e+00
1.317759654862771912e+00
1.314536303882970047e+00
1.320529391567351274e+00
1.313455400655440863e+00
1.318329232032007692e+00
1.310631418234615042e+00
1.314778401829382437e+00
1.307460612165636471e+00
1.312732317819527594e+00
1.302204487699024638e+00
1.312100103978922405e+00
1.302068603179332706e+00
1.308062286142922526e+00
1.314882951853005633e+00
1.313322364928279251e+00
1.314497416751812420e+00
1.301564743477448216e+00
1.313691197718501513e+00
1.307478455023700192e+00
1.309623838846055266e+00
1.312672722161358330e+00
1.306943597558726022e+00
1.306044608492393122e+00
1.309098336362318538e+00
1.308158345830061187e+00
1.300693179339174277e+00
1.303575751189294474e+00
1.305186331479394779e+00
1.306319752777678866e+00
1.310118644618872619e+00
1.295246116813490778e+00
1.304027900562616971e+00
1.300808570802928665e+00
1.303182179785590256e+00
1.291318540856812858e+00
1.308076706214264640e+00
1.298298267920250826e+00
1.305462800574161975e+00
1.307700548723767620e+00
1.308859837245952784e+00
1.296371002439886677e+00
1.295075977015330615e+00
1.304996566864712326e+00
1.304289551310757078e+00
1.301217902337051147e+00
1.300628754358109207e+00
1.290976759125366469e+00
1.296552726731703853e+00
1.304740872862743872e+00
1.295852768482715911e+00
1.301969302339063939e+00
1.302761242019775834e+00
1.303821632390424812e+00
1.290422531169473919e+00
1.299244495776389785e+00
1.292539510696913085e+00
1.297781419060364483e+00
1.297622859237740567e+00
1.298029960188177290e+00
1.300385475840019289e+00
1.290331922796854824e+00
1.291885683404591090e+00
1.299589703110216155e+00
1.292942547378614915e+00
1.290486520681623395e+00
1.295679941061109064e+00
1.297958494903852289e+00
1.295475544821877323e+00
1.294345212248470434e+00
1.293957254512403177e+00
1.294527996590357111e+00
1.295534009327250269e+00
1.295835451173335873e+00
1.287677616046071227e+00
1.298621893518050019e+00
1.289506056818440882e+00
1.292300396255053441e+00
1.288230215777491194e+00
1.294143802809585297e+00
1.286584062262636996e+00
1.299931984343223323e+00
1.285422183284061548e+00
1.297733012008649878e+00
1.293778835955305961e+00
1.296458896839908670e+00
1.290968573737331981e+00
1.297328100112931981e+00
1.289594184925095588e+00
1.284672320847829896e+00
1.283494993963182562e+00
1.288159368452142628e+00
1.287595658218633199e+00
1.289497511301723298e+00
1.286888077484352744e+00
1.287843465974971124e+00
1.295963230664080701e+00
1.283385401878345933e+00
1.286506247490099897e+00
1.288114142681353602e+00
1.291162879258150431e+00
1.278309899339745925e+00
1.288474375897541657e+00
1.286472065425136924e+00
1.272522216796043493e+00
1.286059257362659913e+00
1.284361487709725802e+00
1.281692786295672848e+00
1.286356926925148025e+00
1.286886778644748874e+00
1.280452420533298108e+00
1.279683956360096131e+00
1.284126859791213660e+00
1.280482419736945099e+00
1.283971942379603437e+00
1.280310601858793085e+00
1.287699419931938039e+00
1.279033563500431958e+00
1.269189470076477422e+00
1.285363013966758894e+00
1.280256511085986926e+00
1.281337322552411839e+00
1.281198036099473248e+00
1.273545873156455288e+00
1.277408868401080033e+00
1.285109058481091360e+00
1.287174270441063584e+00
1.283303358000848382e+00
1.284047700502665146e+00
1.274962979316516254e+00
1.277355003207022444e+00
1.276909228517465689e+00
1.281959604666850661e+00
1.275123557257478613e+00
1.277378701991062071e+00
1.277232055715148862e+00
1.275426688241828144e+00
1.273329439414710551e+00
1.278650238256544558e+00
1.266274334184338324e+00
1.283529966702658287e+00
1.279729616692283356e+00
1.274645316495872427e+00
1.265888429373766000e+00
1.269537154013798963e+00
1.270534001679571867e+00
1.277673588296547091e+00
1.280567224877574128e+00
1.267900624415778221e+00
1.271151759865847497e+00
1.270936949923946235e+00
1.276116026979835727e+00
1.269345002102354458e+00
1.264510156297600885e+00
1.273321551808215268e+00
1.273257495488874680e+00
1.263845941176234833e+00
1.276612725323381214e+00
1.270329316590969704e+00
1.257366492476557740e+00
1.264295263091433696e+00
1.267803704747031190e+00
1.266860251181406882e+00
1.258976273205038021e+00
1.269002477166669918e+00
1.274887994261064916e+00
1.265197949236652075e+00
1.261177291431418102e+00
1.267933245915184637e+00
1.271392624599308574e+00
1.269337614090612076e+00
1.264049688066721577e+00
1.259101623217031563e+00
1.271870732745645771e+00
1.264053254356798828e+00
1.259569942603865345e+00
1.261968138469483858e+00
1.266775226499785356e+00
1.271778820093502960e+00
1.257557123443845848e+00
1.262521639800338713e+00
1.263313831192780734e+00
1.269014199837254830e+00
1.261501875479570378e+00
1.258963806116768946e+00
1.264296544040297787e+00
1.263262346666319536e+00
1.256439694557136333e+00
1.263317096426560093e+00
1.267044650107791881e+00
1.265517720395246792e+00
1.258137156400489953e+00
1.254192630093562633e+00
1.259714170723694737e+00
1.261869865817485392e+00
1.257382256538297050e+00
1.264586296705395574e+00
1.256246054617150998e+00
1.258453923644102135e+00
1.261530942376396069e+00
1.267695366397833645e+00
1.257385770673322911e+00
1.250015950894936667e+00
1.265156857856551520e+00
1.265770684977999494e+00
1.262481794742379648e+00
1.255289807644348166e+00
1.258784904464731458e+00
1.259047774463175395e+00
1.263705777601521252e+00
1.257488987394363544e+00
1.247393794306598913e+00
1.253722514184218761e+00
1.253104162584959269e+00
1.252287548561575869e+00
1.253679078877529607e+00
1.257974199457375208e+00
1.260176158044945094e+00
1.265535148204796734e+00
1.248856516736644995e+00
1.251192543396373758e+00
1.258833797388631881e+00
1.264321636966631912e+00
1.257231097112687213e+00
1.252688565450323255e+00
1.255512761220901385e+00
1.262152561566315612e+00
1.242430344710445445e+00
1.255510048030454184e+00
1.250500450905396077e+00
1.253428489931780021e+00
1.258244562917876230e+00
1.252419696106996438e+00
1.245188275091471786e+00
1.246226012446815412e+00
1.250168288282763385e+00
1.255857602330195943e+00
1.251626852111605404e+00
1.245190167428311678e+00
1.255346611908387366e+00
1.256503060860931331e+00
1.243452699520039451e+00
1.252182928164189857e+00
1.250510377859811451e+00
1.249605617322251172e+00
1.259542506419768504e+00
1.247897909911900971e+00
1.254316998242165804e+00
1.245501224853848399e+00
1.250331361508989270e+00
1.246075881180974232e+00
1.244421355002781393e+00
1.250745226608932059e+00
1.251432126223959163e+00
1.253385023440684698e+00
1.245766831338370961e+00
1.241437059796632214e+00
1.247167923138112977e+00
1.242961004324621976e+00
1.251912654750139575e+00
1.248059389455034918e+00
1.252830816981279849e+00
1.243540238327022651e+00
1.244043826991879653e+00
1.252642326937945860e+00
1.245319353311128863e+00
1.252740853048416758e+00
1.237287755080650031e+00
1.252438665774821880e+00
1.241936666030685421e+00
1.240190464143248184e+00
1.249709639807184525e+00
1.243885457145941009e+00
1.239244041384324424e+00
1.245706504339217924e+00
1.240201353952750329e+00
1.249572839791584622e+00
1.238146856286538311e+00
1.235789399806463740e+00
1.235151360358911043e+00
1.246545105877525206e+00
1.242227580066324943e+00
1.243450909371766722e+00
1.241518773440040357e+00
1.243072394834386918e+00
1.244254763275732367e+00
1.241191046558118183e+00
1.248227529485379739e+00
1.242327449799142114e+00
1.238307404641642462e+00
1.240015593650192205e+00
1.249301735906705568e+00
1.240095192963369675e+00
1.244299357949200324e+00
1.239476660969910382e+00
1.238845766936588655e+00
1.243711573189952180e+00
1.240904983885197765e+00
1.246131242832061004e+00
1.235922232568347434e+00
1.239757063210794596e+00
1.242601696914662268e+00
1.231002979922573459e+00
1.234079479451021699e+00
1.237232364655403538e+00
1.240456523803376010e+00
1.237491927700354433e+00
1.241750338344733695e+00
1.240288624157077635e+00
1.237768649927934561e+00
1.236648887153015686e+00
1.235074642636963427e+00
1.236656436009454962e+00
1.234727302229406298e+00
1.239552731213279246e+00
1.241326937934749131e+00
1.238859018620815933e+00
1.231448798428738334e+00
1.232596939270552028e+00
1.241133789163614276e+00
1.224438146066609834e+00
1.238918817359328406e+00
1.238940552198956713e+00
1.233325430180249205e+00
1.237467832375944488e+00
1.234052543487298204e+00
1.242635257932998449e+00
1.232071043532945387e+00
1.233398764115073876e+00
1.241917094931141774e+00
1.229625723425644246e+00
1.227970719311952674e+00
1.230895043797592070e+00
1.229706055231518436e+00
1.233834246985790140e+00
1.230345260752569114e+00
1.235779620144704660e+00
1.232843337883303692e+00
1.239418356662466358e+00
1.222702400223795616e+00
1.226544530514792841e+00
1.229117016457971001e+00
1.233433243435965831e+00
1.224515551504855804e+00
1.228050800204419257e+00
1.230246381999767324e+00
1.232276228409806773e+00
1.239319377731831873e+00
1.221056850322327580e+00
1.232901439681796996e+00
1.227904387591043589e+00
1.229681097949060886e+00
1.235590760801285048e+00
1.225538556839557813e+00
1.230470580521696000e+00
1.236439125656291216e+00
1.229329046503012668e+00
1.228442390511865101e+00
1.228546520622340710e+00
1.227028433307413513e+00
1.225173532576392832e+00
1.232531167773193603e+00
1.224822363897989819e+00
1.229197130059293208e+00
1.219011547283133989e+00
1.231649803284004641e+00
1.234475088849489532e+00
1.221299686132985007e+00
1.228343433233528348e+00
1.230207456252424780e+00
1.223399645544462455e+00
1.230215099996981865e+00
1.218414834169837757e+00
1.241128415833372189e+00
1.222829416791245460e+00
1.218602720880265444e+00
1.230047661523383296e+00
1.219064127512044626e+00
1.220857929212449289e+00
1.219456308650798571e+00
1.219861677626969287e+00
1.228383830238323871e+00
1.216912380154232087e+00
1.219169606853496068e+00
1.228932260951647093e+00
1.220258522621533448e+00
1.223404659754793178e+00
1.216886983593364890e+00
1.224771550532682163e+00
1.222992364638938012e+00
1.221809297855655618e+00
1.225055907838720426e+00
1.224873838264031622e+00
1.219589291745234894e+00
1.220142353360080145e+00
1.221529848854132849e+00
1.229094435823793408e+00
1.212155867742878312e+00
1.213865385429896637e+00
1.217246709798202930e+00
1.220597822593449733e+00
1.225469831236694507e+00
1.211047102194073855e+00
1.217943428474225875e+00
1.221733402946035385e+00
1.216697751245537029e+00
1.220562173699449415e+00
1.217424901288294059e+00
1.213775165207469975e+00
1.216512067644583528e+00
1.221104406944682585e+00
1.222825872482794729e+00
1.213387605560896532e+00
1.216481058609022670e+00
1.221588514592597763e+00
1.207717094775871525e+00
1.224925255782984834e+00
1.205632175228325886e+00
1.217401221488645158e+00
1.213020240961404594e+00
1.219219956203556166e+00
1.208179108070768892e+00
1.215026121991284347e+00
1.214592468777640599e+00
1.210262988147569052e+00
1.215931936543697356e+00
1.212805868417919708e+00
1.218747345886854960e+00
1.221543623509491194e+00
1.214166796867779619e+00
1.206911361157696039e+00
1.207805674361004167e+00
1.214941464397880866e+00
1.206408710904213200e+00
1.219683087676761923e+00
1.220628002641043208e+00
1.209763878606597620e+00
1.218701631065428836e+00
1.210220874852711015e+00
1.219585980440304862e+00
1.207570576161303144e+00
1.218216521991660750e+00
1.202484877397919982e+00
1.212971866746791028e+00
1.210208609467439578e+00
1.210668250130827461e+00
1.206805648762538263e+00
1.219785135334130910e+00
1.206416238051943868e+00
1.205671236460380102e+00
1.216596569865778577e+00
1.209603087243443342e+00
1.205056322561404158e+00
1.207002559580864220e+00
1.213677605709034379e+00
1.202101951379848321e+00
1.206060700746241610e+00
1.223469902609433557e+00
1.211063418701851413e+00
1.209956678251339346e+00
1.207230117939745995e+00
1.201891555446403581e+00
1.208358948368488006e+00
1.198250509481091575e+00
1.211517675947713091e+00
1.208457522928153116e+00
1.210261453340710558e+00
1.203770429226796557e+00
1.202582063843706139e+00
1.210699169593869584e+00
1.208796066026453397e+00
1.199122696054563564e+00
1.218491374741279776e+00
1.212529149515759519e+00
1.200389797896367350e+00
1.207179441332052905e+00
1.208452343383377370e+00
1.200856057034336954e+00
1.209667826203502772e+00
1.202744393362942921e+00
1.199472768904267239e+00
1.199137802727041402e+00
1.216601344604393953e+00
1.198260071668201698e+00
1.223325256334480970e+00
1.197986486524856842e+00
1.207936015849462530e+00
1.207752850748965878e+00
1.198100623643471030e+00
1.200431857644826072e+00
1.201396789184797420e+00
1.200157838132265953e+00
1.200138221923803039e+00
1.208226748305799569e+00
1.197240358433445451e+00
1.196199642516755590e+00
1.198600246532581570e+00
1.214759243496909003e+00
1.198036582418683826e+00
1.193400769170082754e+00
1.201462825248981625e+00
1.214478004331601246e+00
1.201657866899922933e+00
1.199359624812853742e+00
1.199484483916625210e+00
1.200517231897276327e+00
1.201669688588121954e+00
1.194668246191367134e+00
1.200696286288435388e+00
1.195882633658598815e+00
1.207290831868305769e+00
1.198257022808122629e+00
1.196399694328215801e+00
1.199289777280851732e+00
1.199472245154831862e+00
1.200612725446498441e+00
1.189987958329940643e+00
1.212705770479395317e+00
1.194858294881320893e+00
1.205475535660915254e+00
1.197649334954155487e+00
1.197195683457226156e+00
1.199936597404328120e+00
1.194833645936548061e+00
1.196752027915646499e+00
1.197754574061090427e+00
1.192590538967949421e+00
1.198550215203560088e+00
1.195713569111162222e+00
1.201588100569836559e+00
1.197007195770716903e+00
1.195500539865340217e+00
1.194672742431877266e+00
1.190083606497150726e+00
1.195004495704610425e+00
1.193920509593611401e+00
1.206902952106355231e+00
1.194449025843503431e+00
1.202185971233353134e+00
1.192494973379442103e+00
1.191364856858896148e+00
1.191796460171363092e+00
1.185205602699793470e+00
1.190771670662766457e+00
1.195625719479546545e+00
1.192018408911836191e+00
1.190730352615859244e+00
1.198287509353421543e+00
1.197577160959516940e+00
1.197264018368570548e+00
1.194309205677225982e+00
1.191805367291215223e+00
1.190029249392288824e+00
1.188158246890241410e+00
1.184301729963018968e+00
1.196192209633905934e+00
1.187185728553358910e+00
1.191377740405107577e+00
1.197473210869807181e+00
1.181994884077546271e+00
1.185984627304230266e+00
1.195960028295675492e+00
1.193022753109802769e+00
1.186773219603009411e+00
1.187286251848828966e+00
1.204219594093175916e+00
1.178977077554093311e+00
1.194574195266033589e+00
1.189791295669154092e+00
1.195113872707765479e+00
1.185907065668636129e+00
1.182648829509902244e+00
1.194908318996072749e+00
1.182590003672892021e+00
1.180030811808460589e+00
1.190658101781369327e+00
1.182348803807127258e+00
1.180606535839267002e+00
1.184457812228528972e+00
1.181340240858782087e+00
1.198348720276604551e+00
1.182152985398959411e+00
1.190188377672716014e+00
1.180029124757338455e+00
1.182915382982471897e+00
1.189121407023962851e+00
1.182974698822067960e+00
1.180277822473837501e+00
1.188052386721565545e+00
1.186611933617157000e+00
1.189626979069556834e+00
1.188730581575477840e+00
1.178328983230964688e+00
1.182436508450720902e+00
1.189477959870821833e+00
1.183779165152273549e+00
1.184344877996403422e+00
1.188945287909938253e+00
1.178398748098331783e+00
1.198255139676632552e+00
1.163973035743506079e+00
1.183482899327927163e+00
1.179322966129052075e+00
1.184338671533227805e+00
1.171740903142949319e+00
1.181312032660059019e+00
1.182292965947084218e+00
1.179538110519287919e+00
1.172410977042978031e+00
1.180669161807730516e+00
1.180013330519562809e+00
1.173317922780669376e+00
1.174515257198846419e+00
1.192763222376968413e+00
1.173930756750816595e+00
1.191285766306586114e+00
1.165842576700203859e+00
1.172662139813541948e+00
1.181239218151017178e+00
1.171528550493498244e+00
1.179079613553703387e+00
1.168093702119053612e+00
1.174804565809823620e+00
1.167398230847713103e+00
1.182087801746951827e+00
1.169041825733819095e+00
1.182765430462236589e+00
1.174804558444823899e+00
1.177087486738730204e+00
1.171417426866082190e+00
1.167470508853917677e+00
1.177407349030617612e+00
1.168854583511158785e+00
1.172080370755171685e+00
1.169218886338338370e+00
1.178216770837448024e+00
1.169242113901593383e+00
1.171759232512453064e+00
1.174298428579648279e+00
1.169766422198776912e+00
1.171802290785768141e+00
1.158153480892657239e+00
1.178968582351068273e+00
1.180270640269242444e+00
1.163617394601760946e+00
1.171815192041311571e+00
1.178048310181588176e+00
1.171095843705458828e+00
1.170771570302576059e+00
1.169518847328526956e+00
1.166582296226034154e+00
1.161966428343011781e+00
1.185517944422594949e+00
1.157861287274093209e+00
1.179337070085026085e+00
1.160737042838176025e+00
1.178243585150449579e+00
1.155886218709275548e+00
1.161360505538131083e+00
1.169214776903102271e+00
1.163278093291085780e+00
1.178398282632648231e+00
1.160626168150776349e+00
1.173541201534568090e+00
1.162301261295554555e+00
1.165942723054989694e+00
1.169346345966451262e+00
1.177750052252445334e+00
1.165644346359373529e+00
1.158078985433429908e+00
1.157962031543290804e+00
1.170149738175838783e+00
1.163069360683721909e+00
1.168697188218886795e+00
1.170720678798635950e+00
1.163966500816776772e+00
1.172769212560999197e+00
1.160867804181851648e+00
1.174991554802661931e+00
1.160964884609171799e+00
1.171544090649580427e+00
1.159906042424607930e+00
1.171030234118023206e+00
1.158577703315417429e+00
1.157205586046094359e+00
1.170688355111822565e+00
1.161189363334588220e+00
1.169571632261340532e+00
1.156492193399863977e+00
1.154176311988655668e+00
1.180232524965034724e+00
1.148520294212566517e+00
1.169347862107336544e+00
1.155905186288231690e+00
1.161618224537446897e+00
1.163665185258626833e+00
1.159291232210485134e+00
1.155967277145895755e+00
1.175396553038794423e+00
1.149111672229640613e+00
1.173340999909990634e+00
1.157330976255377175e+00
1.163760016691367971e+00
1.155428094993472099e+00
1.161081357707970385e+00
1.157501307639688948e+00
1.172958975149479999e+00
1.152688438987437669e+00
1.164185840229786884e+00
1.168186487010225205e+00
1.157994781982393917e+00
1.151576394750265520e+00
1.153507376198996459e+00
1.174089255138410559e+00
1.150790956496151152e+00
1.163320310396664281e+00
1.156796858750722468e+00
1.164876567632949556e+00
1.159301649494868247e+00
1.160714603370835984e+00
1.161752662281196669e+00
1.146450922914974191e+00
1.148313009584644107e+00
1.166893134398198528e+00
1.157381602186133174e+00
1.157130631204010607e+00
1.164435263357605388e+00
1.159259374397283437e+00
1.147104230275404202e+00
1.163854441605083112e+00
1.151062003747221008e+00
1.166822864693572770e+00
1.148323955472789093e+00
1.161407369831365832e+00
1.154533757287965701e+00
1.161798786796034655e+00
1.148634613868237286e+00
1.154583361080421922e+00
1.163103482594168625e+00
1.152854474485079495e+00
1.164350110813317629e+00
1.154230700310498792e+00
1.161771852696156460e+00
1.149384832814930535e+00
1.140250887694075344e+00
1.152560015242944713e+00
1.151547211050018893e+00
1.160498645133342555e+00
1.144484169553086295e+00
1.166962247073276782e+00
1.149321602255305885e+00
1.144127528094868840e+00
1.153644175667675187e+00
1.158382551517615378e+00
1.143859181811921255e+00
1.161734405788062752e+00
1.152269599825750612e+00
1.156276523745302098e+00
1.146441161515770801e+00
1.144534339724373462e+00
1.153301413325980906e+00
1.145134154239527691e+00
1.162938975587186841e+00
1.142379405413649796e+00
1.151054169778297220e+00
1.151616895461874845e+00
1.155186934119622366e+00
1.153606769351276151e+00
1.141338244737841068e+00
1.157413315112642449e+00
1.146421445018217300e+00
1.163398904098112530e+00
1.147076802160032161e+00
1.155682441905749203e+00
1.139202742210082553e+00
1.142579649879724490e+00
1.155488537608876154e+00
1.151645051001447095e+00
1.144844789616098923e+00
1.148202249779655570e+00
1.130173918937792843e+00
1.152233981664172235e+00
1.143495233114009135e+00
1.149917824547183054e+00
1.156951194593590193e+00
1.153464590623523689e+00
1.144471813970085794e+00
1.154940726577329491e+00
1.141464514962900578e+00
1.147854705990240864e+00
1.141427992559265414e+00
1.136871540013619564e+00
1.155089313613074653e+00
1.139469680698073084e+00
1.150059182833505167e+00
1.138605894706630428e+00
1.134045301327029964e+00
1.147659187477948484e+00
1.144648458937107760e+00
1.148809394418411456e+00
1.143226355550208906e+00
1.138056906552669778e+00
1.147754915379907592e+00
1.152052646546321002e+00
1.128635066933439068e+00
1.135752501269779779e+00
1.151059758706913128e+00
1.130872191964656492e+00
1.145704902804073333e+00
1.138631669502236266e+00
1.132312375036606200e+00
1.139797037551075309e+00
1.135201444516277247e+00
1.154297636610703615e+00
1.128016482678020349e+00
1.143947338425131077e+00
1.149594925096997899e+00
1.144478964323466075e+00
1.139922507464632195e+00
1.140059109370381352e+00
1.140462592865993718e+00
1.147531132670541520e+00
1.132223900421106322e+00
1.151463129906684868e+00
1.138479738860624257e+00
1.127125895411787315e+00
1.136259502415972511e+00
1.135173805040384343e+00
1.144508618261740107e+00
1.130894715992708521e+00
1.144693086973092910e+00
1.139443925801641333e+00
1.152209911282582988e+00
1.131066457302687844e+00
1.139173079624926199e+00
1.137911759114193400e+00
1.126005102724635387e+00
1.158532525768589450e+00
1.128863161160635453e+00
1.143626105760126022e+00
1.128037206652624524e+00
1.139258595004714936e+00
1.143132243625978095e+00
1.137980660249650500e+00
1.134496992136705407e+00
1.135594079956294244e+00
1.130161622335909888e+00
1.145698088960277916e+00
1.139960642318035511e+00
1.141896274587077320e+00
1.121735546372064629e+00
1.134707979827702440e+00
1.147161311244331516e+00
1.121387077749822714e+00
1.136016750014767762e+00
1.137324903727531034e+00
1.141607057475737985e+00
1.128687833332327140e+00
1.137076623660064456e+00
1.139853723535222185e+00
1.130302869061216686e+00
1.130494506754296857e+00
1.133559609978453064e+00
1.132607217239732567e+00
1.138817179546876446e+00
1.131675443117304836e+00
1.141390499358552413e+00
1.143194020755041285e+00
1.129503686405116447e+00
1.134066703822376843e+00
1.124089722562291227e+00
1.122980893815121561e+00
1.143562637087977452e+00
1.134836508418733070e+00
1.131407433134154372e+00
1.132047030312129055e+00
1.130474125905109206e+00
1.135214251422755671e+00
1.125475962512204831e+00
1.138273287035628911e+00
1.126226067730631497e+00
1.125812468578488046e+00
1.131273608903837546e+00
1.139560159097850578e+00
1.121509118699797636e+00
1.118618436779712288e+00
1.127567000777960571e+00
1.139244188225863263e+00
1.134966590745158044e+00
1.133242396898404003e+00
1.132646021289101634e+00
1.111580124645966672e+00
1.130472227249928574e+00
1.137022967194332157e+00
1.132035223352498177e+00
1.130174528905424802e+00
1.129178996059030826e+00
1.129557756053850559e+00
1.131767478335637955e+00
1.125983460671664327e+00
1.128375801429064795e+00
1.136262551453857572e+00
1.131072903144903607e+00
1.132691272459859677e+00
1.122721695044037515e+00
1.114541943399463220e+00
1.124095348451971565e+00
1.122162689165836724e+00
1.138444910164980728e+00
1.125588803655871217e+00
1.127746159581185070e+00
1.125468020826302373e+00
1.135348817694701307e+00
1.127486679060069941e+00
1.128904084789606133e+00
1.118579500682987282e+00
1.131397344313424647e+00
1.124151352248348390e+00
1.125527073299541270e+00
1.123947567009576876e+00
1.115861033643754885e+00
1.135950484210663802e+00
1.127977753694263452e+00
1.129411307365099315e+00
