1.238753728083001988e+03
3.856795233194544039e+02
2.774547552556446135e+02
2.244668008846084319e+02
1.903312873892976995e+02
1.722675374016513103e+02
1.612823895081474461e+02
1.526452912738907628e+02
1.448328816014555969e+02
1.373468409944750590e+02
1.300188228750106703e+02
1.226703961534140035e+02
1.150938211954120902e+02
1.072234805671272966e+02
9.898846786460013902e+01
9.046281402805685445e+01
8.163525634309736745e+01
7.239447319313687501e+01
6.313762693316154895e+01
5.492664076976694787e+01
4.865506300896581138e+01
4.408421485672663920e+01
4.062871825805031989e+01
3.795042692333903744e+01
3.576759087326994546e+01
3.393115042216886224e+01
3.235907837084732108e+01
3.099468192505439390e+01
2.978564475968832070e+01
2.869005233919344278e+01
2.767676188076564969e+01
2.672508418559378285e+01
2.583040275630513349e+01
2.500858575052649613e+01
2.425993065789509728e+01
2.357641833454573188e+01
2.294888638313004492e+01
2.236194053683038874e+01
2.181857486143806923e+01
2.130904346356528833e+01
2.084292447094089695e+01
2.041018746987101551e+01
2.001273303175619489e+01
1.964194624049645554e+01
1.930499439393130601e+01
1.898930268134497013e+01
1.869640541036480030e+01
1.842535002551944601e+01
1.817868801047285743e+01
1.794682696835984004e+01
1.772204884411373627e+01
1.751404420933373629e+01
1.731947386927138410e+01
1.713731549098775986e+01
1.696133212415162816e+01
1.679322589020275203e+01
1.663272614690813711e+01
1.648301066893166933e+01
1.634174855172583207e+01
1.620403903774493770e+01
1.607177994941131161e+01
1.594136388216104017e+01
1.581776816027269383e+01
1.569826392067344578e+01
1.558157264835762135e+01
1.547045439439731318e+01
1.536098072315871832e+01
1.525462373341951405e+01
1.514559267293149958e+01
1.504189228377390286e+01
1.493739953734139370e+01
1.483793064459603350e+01
1.473927045615644715e+01
1.463990278171165471e+01
1.454536626563633206e+01
1.445428601989472384e+01
1.436522138261272552e+01
1.427664764469898273e+01
1.419054911520387918e+01
1.410423779456978899e+01
1.402239647431591330e+01
1.394254867191444625e+01
1.386619813596412421e+01
1.378884355894481217e+01
1.371566413272282148e+01
1.364413362363072046e+01
1.357535103961096290e+01
1.350975279598871559e+01
1.344467546712215267e+01
1.338191306115182222e+01
1.332244187093613874e+01
1.326486246638237354e+01
1.321029948109047325e+01
1.315643745640730877e+01
1.310138608556153805e+01
1.305123694274033852e+01
1.300302193209981461e+01
1.295270907063500410e+01
1.290687385601954951e+01
1.286154160346536379e+01
1.281502431490876326e+01
1.276908959620014450e+01
1.272434817798439610e+01
1.267729849391122521e+01
1.263200913564672412e+01
1.258741051377105968e+01
1.254446461449205152e+01
1.250317816912095736e+01
1.246242905175894045e+01
1.242185435550393890e+01
1.238251230737086139e+01
1.234214273322758082e+01
1.230459165776948716e+01
1.226518199798928066e+01
1.222721921394902544e+01
1.219199372384262325e+01
1.215769155418594494e+01
1.212298149674288972e+01
1.208999300583457703e+01
1.205634291386627410e+01
1.202595886214369081e+01
1.199334866920654541e+01
1.196314277981221430e+01
1.193172857273416732e+01
1.190038206181110070e+01
1.187146858642152303e+01
1.184236956098533078e+01
1.181532932830601901e+01
1.178656961720226803e+01
1.175957856590407147e+01
1.173406823130245336e+01
1.170577519956727208e+01
1.167822731414836568e+01
1.165124695989452874e+01
1.162545369994075450e+01
1.159847381686595646e+01
1.157243215245050827e+01
1.154412921630459721e+01
1.151865282787992051e+01
1.149323854622279129e+01
1.146796148548911098e+01
1.144223238533351150e+01
1.141548400099478044e+01
1.139001198660221092e+01
1.136761342278846598e+01
1.134376389410338426e+01
1.132240670303176167e+01
1.129853449121821463e+01
1.127789413158251364e+01
1.125504149824206479e+01
1.123446599898019826e+01
1.121278723798152299e+01
1.119159470228419373e+01
1.117231848483034184e+01
1.115324444849584040e+01
1.113225545798075444e+01
1.111098750561626680e+01
1.109425804046747999e+01
1.107602118400656366e+01
1.105621469357388342e+01
1.104009579920378847e+01
1.102133170608974666e+01
1.100391041118557389e+01
1.098402598874788616e+01
1.096729276183793722e+01
1.094932426367484624e+01
1.093197866366578275e+01
1.091444524042377573e+01
1.089599370401209733e+01
1.087932393661873398e+01
1.086230456702594616e+01
1.084652696729135357e+01
1.082939722167155061e+01
1.081392775427048214e+01
1.079854953832672315e+01
1.078252009739654760e+01
1.076648002673869087e+01
1.075200205936833520e+01
1.073816362082115639e+01
1.072353616790095110e+01
1.070919203946517229e+01
1.069342650792507321e+01
1.067668599282806419e+01
1.066202323615526382e+01
1.064753089030257449e+01
1.063451039000145570e+01
1.061978300998975477e+01
1.060727798825183932e+01
1.059381932221738865e+01
1.058201518068141134e+01
1.056878481909614820e+01
1.055553978677206395e+01
1.054339294581003728e+01
1.053063711025524363e+01
1.051832945654864382e+01
1.050558561874620800e+01
1.049211431019522323e+01
1.047918806236997646e+01
1.046719422141486255e+01
1.045526938660389682e+01
1.044372591815287343e+01
1.043159341687293207e+01
1.042032936445529501e+01
1.040777890080264179e+01
1.039518080747928330e+01
1.038470185111456345e+01
1.037349899228561689e+01
1.036170677615266023e+01
1.034977438544538053e+01
1.033994860809308847e+01
1.032814689727492841e+01
1.031856807825547939e+01
1.030953371862040946e+01
1.029809300097113400e+01
1.028638465345899533e+01
1.027823630836039293e+01
1.026532937352750885e+01
1.025485408967049672e+01
1.024485576746411475e+01
1.023519056700099306e+01
1.022428056224698345e+01
1.021650478042333710e+01
1.020711338494500175e+01
1.019720732226580928e+01
1.018936121347313595e+01
1.017906390332515620e+01
1.017197943133291638e+01
1.016276948090315457e+01
1.015431656451736764e+01
1.014768925296157853e+01
1.013794310589422842e+01
1.013031096054398716e+01
1.012382416721802159e+01
1.011537941269222607e+01
1.010858225421874756e+01
1.009970655789052429e+01
1.009296828958975034e+01
1.008557148516743496e+01
1.007810385813936804e+01
1.007033647738956894e+01
1.006310250108411708e+01
1.005531941197082979e+01
1.004988840043155918e+01
1.004202063272458822e+01
1.003585863390762967e+01
1.002796021931017911e+01
1.002116805256220644e+01
1.001363221545694948e+01
1.000776299476372522e+01
1.000226844469988130e+01
9.994443323754595099e+00
9.989098021357706969e+00
9.981687156936054350e+00
9.974811160765844065e+00
9.969383461342895103e+00
9.962465960809124610e+00
9.956233688535313320e+00
9.950762559168760291e+00
9.943404814219141130e+00
9.937885144747356847e+00
9.932674329908143918e+00
9.927125238940140761e+00
9.922964651785591172e+00
9.915824648912726857e+00
9.911280960878906754e+00
9.904981057522613597e+00
9.898222640561415986e+00
9.894186876510742579e+00
9.886735091344510451e+00
9.879959506103437761e+00
9.874820162609328378e+00
9.868277193743367093e+00
9.863489612265581741e+00
9.858326537356827401e+00
9.853345904942292677e+00
9.848181000381327266e+00
9.843391804632549480e+00
9.837926214373752032e+00
9.831772043063361721e+00
9.826353914487850005e+00
9.822816501388594190e+00
9.816533741888433084e+00
9.810591668268658694e+00
9.802016798490770455e+00
9.798139487642350431e+00
9.792452558712687605e+00
9.786613108290657337e+00
9.780731880916864185e+00
9.776220376269796120e+00
9.769650796343890775e+00
9.763632830827065234e+00
9.759335344110866117e+00
9.754388165767132080e+00
9.746056693506114144e+00
9.741374496717076781e+00
9.734886214433002394e+00
9.728323087793340207e+00
9.724552509419131852e+00
9.718962450805825881e+00
9.713821443425699087e+00
9.708038153906082712e+00
9.702869181154847311e+00
9.696402679789196455e+00
9.692913024009516931e+00
9.684647555010426956e+00
9.680263709850931875e+00
9.675654868365892725e+00
9.672181632649282434e+00
9.664980861669567602e+00
9.659377358236600486e+00
9.654977971376466073e+00
9.649260052208616045e+00
9.644700162823477640e+00
9.639354149463263965e+00
9.635736122819755778e+00
9.628226572856192433e+00
9.622318501617479924e+00
9.621127705865154311e+00
9.613869002233739636e+00
9.606739754740619475e+00
9.603254207921326113e+00
9.598610657045076877e+00
9.592619422210271196e+00
9.587084604206845384e+00
9.581247379514193696e+00
9.576499103561136650e+00
9.571024881845351828e+00
9.566216035316719157e+00
9.559831628920006708e+00
9.554535281595949670e+00
9.550831291051373739e+00
9.546428720919069022e+00
9.539763713692531510e+00
9.534156899230286086e+00
9.528992215511765451e+00
9.523666544751433705e+00
9.516780476228296592e+00
9.509709066902852115e+00
9.504571678022935899e+00
9.499334723023828531e+00
9.494904681335965435e+00
9.487624399035738065e+00
9.483480610288259172e+00
9.478865033386661310e+00
9.472738463123024033e+00
9.467588734061928690e+00
9.462247356908124019e+00
9.454787400102205197e+00
9.450587287876098586e+00
9.444523914441642631e+00
9.440977606109941078e+00
9.434089522448003251e+00
9.429488487852783152e+00
9.422799548944444936e+00
9.419874683879699617e+00
9.414961315984422541e+00
9.407419707626379690e+00
9.403560657851180338e+00
9.397433959637263357e+00
9.389769813629689210e+00
9.387234602604072720e+00
9.381376498478489978e+00
9.375326127328230896e+00
9.373301591973580926e+00
9.366495840082704305e+00
9.361767514914038912e+00
9.353904321612620976e+00
9.351644499086921414e+00
9.343974895252403101e+00
9.341256757467963467e+00
9.332865987882355441e+00
9.329200357302427804e+00
9.322948238559822798e+00
9.316265817218750911e+00
9.308572484128260882e+00
9.305755355404880191e+00
9.298203406231342782e+00
9.291083346867059944e+00
9.287608688654220401e+00
9.277691412927211445e+00
9.274349015023076959e+00
9.268557249127090003e+00
9.260772950628211930e+00
9.257140034201503553e+00
9.250390146756801713e+00
9.242117534101661036e+00
9.236810169658399516e+00
9.231075292446055514e+00
9.224805960580299669e+00
9.219792493739500827e+00
9.213443889048383184e+00
9.207683024175333131e+00
9.200540853280861242e+00
9.196026687374997621e+00
9.189824525099227870e+00
9.185029081398294437e+00
9.177844382093008235e+00
9.174027542965170312e+00
9.166574170500254581e+00
9.163033132646729584e+00
9.156051721957885192e+00
9.148246481193579527e+00
9.144357258289074863e+00
9.134299850689480138e+00
9.131608009640300949e+00
9.124915520157840021e+00
9.118750125842298715e+00
9.113956087962149510e+00
9.108173661543714772e+00
9.102705209226725103e+00
9.094279502061304754e+00
9.087890865768901705e+00
9.083485504409969380e+00
9.079167685135811183e+00
9.072107681597644913e+00
9.068228423502910474e+00
9.060944759923270198e+00
9.057502294981809143e+00
9.050206097701407160e+00
9.042133907335712095e+00
9.035872247983773420e+00
9.030546738029046949e+00
9.025450858412630950e+00
9.017588486207145593e+00
9.011896709098525804e+00
9.005991857127463973e+00
9.000794454745015827e+00
8.995815291274711356e+00
8.991151699730407287e+00
8.984221543807207055e+00
8.977648249435832284e+00
8.975633581473372757e+00
8.969031085271774728e+00
8.964959280378009154e+00
8.957869824033432238e+00
8.953234951954103238e+00
8.948425421784731881e+00
8.941408395872512571e+00
8.936266826416268572e+00
8.930108652468456754e+00
8.924508207084853595e+00
8.918928056058232912e+00
8.913498568372496322e+00
8.907200050272962244e+00
8.901197812438590873e+00
8.896468790080835021e+00
8.890567927427403205e+00
8.886397131776327285e+00
8.881663968593025871e+00
8.876015424181703750e+00
8.872258692752895470e+00
8.865595114047041037e+00
8.859964888339469269e+00
8.855549445228760419e+00
8.850008442137331954e+00
8.846578863525392578e+00
8.839616760298708797e+00
8.835065823113923855e+00
8.831248543724507627e+00
8.823812346145025742e+00
8.819890015158641461e+00
8.816983599809542937e+00
8.811767829225875204e+00
8.807371708741166927e+00
8.802769851549498981e+00
8.798924618678750420e+00
8.794864317532629983e+00
8.788852234497372962e+00
8.785410327294327359e+00
8.781319594321653099e+00
8.776332448328819424e+00
8.772884559301738605e+00
8.768203101346680128e+00
8.764427495958502234e+00
8.760618203871706200e+00
8.756285452143815817e+00
8.749481917045374146e+00
8.744611432385328342e+00
8.741087321021051793e+00
8.736872590622590806e+00
8.730973521092469269e+00
8.726737069847581907e+00
8.724215882127612787e+00
8.717575285233337468e+00
8.714837091220209331e+00
8.709347974092665368e+00
8.706413393433946268e+00
8.701361809764440736e+00
8.696362908883974896e+00
8.692628131583832740e+00
8.688136437214227570e+00
8.684467325656720860e+00
8.678961108133295355e+00
8.675901973881762430e+00
8.670853447770847211e+00
8.668166983980023943e+00
8.661283923822637121e+00
8.658286336500198743e+00
8.653785858719926338e+00
8.650970906496645796e+00
8.645161553367422869e+00
8.641818600594463717e+00
8.637673128902797259e+00
8.634885544067083529e+00
8.630467980607274825e+00
8.626816763462114679e+00
8.622748721578043174e+00
8.617702585619165134e+00
8.614856912630274977e+00
8.612599033742117882e+00
8.609031280712665435e+00
8.603890192297960482e+00
8.601819994447135187e+00
8.599346374550703942e+00
8.595993264780888765e+00
8.590789322653330728e+00
8.589918940226256794e+00
8.585072679418223274e+00
8.580837220023807888e+00
8.581686140053028211e+00
8.575722044734517269e+00
8.572490230930114308e+00
8.570296200420886024e+00
8.566866901899686582e+00
8.563492384850356132e+00
8.561627387734047190e+00
8.558726981170456938e+00
8.553671423035792643e+00
8.551693237915134915e+00
8.548712334160411430e+00
8.544604664728439047e+00
8.542200872814021295e+00
8.536813893547060772e+00
8.535123367203899747e+00
8.531603324305706337e+00
8.528337257938888527e+00
8.525612457038336700e+00
8.523521293742870597e+00
8.518331761663606727e+00
8.516843150273301077e+00
8.510350254291802585e+00
8.506317675730416639e+00
8.504489209364590963e+00
8.498548196400751209e+00
8.495587409028352965e+00
8.492824794225404261e+00
8.491649373574087889e+00
8.487795039552953114e+00
8.483908325223405100e+00
8.480657109043908903e+00
8.479028002243301998e+00
8.476120582164808681e+00
8.472804729552942504e+00
8.468584818770098721e+00
8.467103612760395137e+00
8.465500707115575452e+00
8.459859003154024393e+00
8.458328706282276954e+00
8.456003535838719998e+00
8.452532932452081482e+00
8.449330392655715727e+00
8.443993313966105418e+00
8.442011045158475113e+00
8.437323924786822360e+00
8.432742895187551824e+00
8.429891188521207113e+00
8.425821773225367295e+00
8.422089439299014657e+00
8.419138958189142485e+00
8.416558017003611170e+00
8.410830580143194624e+00
8.409312581990716851e+00
8.405516770363776757e+00
8.400903774143611003e+00
8.399607271136680708e+00
8.395892703538960333e+00
8.391499376423483980e+00
8.389757751761752758e+00
8.387210902074775376e+00
8.382825408917939924e+00
8.380103987801506449e+00
8.375348616241081956e+00
8.371881082031448429e+00
8.370667724711886137e+00
8.365030702882103597e+00
8.366935752246460467e+00
8.364289301628184958e+00
8.359218240063844618e+00
8.357531723226420795e+00
8.354699023258680413e+00
8.350684159236521964e+00
8.348631311718779813e+00
8.342309674865923341e+00
8.338549818777666545e+00
8.333762021684496091e+00
8.333980352593590268e+00
8.328872483352787626e+00
8.322663462861465078e+00
8.318341158663619339e+00
8.314567012193601059e+00
8.307817868880073675e+00
8.305283820483003510e+00
8.301009283164690444e+00
8.295725303301116682e+00
8.290907058484501491e+00
8.282841005303232862e+00
8.277897646928702002e+00
8.268960757507121784e+00
8.264629323971629304e+00
8.259981259176688795e+00
8.254145282666444317e+00
8.247931626427201124e+00
8.243120207619798023e+00
8.236570784229344966e+00
8.231709133662723943e+00
8.227388637091774370e+00
8.223340571602065552e+00
8.218363085681625435e+00
8.207127011224454094e+00
8.198578428348247016e+00
8.191930255086740331e+00
8.182440237010805362e+00
8.175987186529864559e+00
8.166698202830753317e+00
8.161891211880851316e+00
8.153495350340412173e+00
8.147485164146717196e+00
8.142142536793555152e+00
8.133284798929748760e+00
8.128179971958502392e+00
8.121119348637074964e+00
8.116379605719020063e+00
8.109701508700142725e+00
8.106428908495660224e+00
8.099192424085131847e+00
8.093585888564961195e+00
8.086102462308275562e+00
8.083574940924529884e+00
8.074818140958527124e+00
8.069482341604652831e+00
8.064373651332674697e+00
8.057683360903910241e+00
8.053407630593653721e+00
8.041271177084814425e+00
8.034599838431942587e+00
8.030911327208313466e+00
8.022041060061296136e+00
8.017651724397712343e+00
8.016899887112339584e+00
8.007268900613473406e+00
8.003324216975817862e+00
8.000265563403191393e+00
7.996056125380960999e+00
7.992604698316854162e+00
7.985976768102974965e+00
7.982920898513948593e+00
7.977581072288099762e+00
7.976274761478989284e+00
7.969604944051012829e+00
7.966184333086730796e+00
7.962285632292545046e+00
7.956208709869811990e+00
7.952300386187992842e+00
7.950846062547918258e+00
7.947967517081330868e+00
7.943264517329645891e+00
7.940621231605054398e+00
7.938388001495778390e+00
7.934473672071665540e+00
7.935761471253317545e+00
7.930431594317396637e+00
7.931080585664911808e+00
7.926198120050710116e+00
7.923382159810255843e+00
7.920414750760603972e+00
7.920261885170958749e+00
7.916353137647836213e+00
7.913881564379980915e+00
7.912373060867527563e+00
7.909666539575305855e+00
7.908788279616808303e+00
7.902016716207477920e+00
7.901774482530369959e+00
7.899936444699929616e+00
7.895890015102747128e+00
7.892856629207954278e+00
7.889864615702282258e+00
7.890215459963118683e+00
7.886438300048915551e+00
7.885839702038404120e+00
7.885008929551868384e+00
7.880634175816698672e+00
7.877884386998064592e+00
7.882311309008134259e+00
7.871281058308901457e+00
7.870862386932532040e+00
7.869748979183409432e+00
7.864387180054141169e+00
7.863338169859711790e+00
7.868199348997273468e+00
7.859467557496153667e+00
7.859229410511524350e+00
7.856719768283284111e+00
7.856606191978424469e+00
7.852534628116565329e+00
7.851557937674257026e+00
7.846071349624840430e+00
7.852494371490441161e+00
7.845586559911236435e+00
7.843891220508001361e+00
7.845584683459126296e+00
7.841556845024022060e+00
7.838858025740879754e+00
7.835944727547701660e+00
7.831711318810808287e+00
7.832553942932591440e+00
7.828543150163316255e+00
7.830198863943684806e+00
7.824471189901825774e+00
7.822220683975250388e+00
7.820396420385228531e+00
7.818956627179431962e+00
7.820038347818576874e+00
7.815453763113469954e+00
7.815868224364222350e+00
7.811198224530541800e+00
7.809258499028287837e+00
7.808054761048576431e+00
7.818235318786144639e+00
7.799270457468757023e+00
7.810780822991108430e+00
7.805660639552880475e+00
7.804563025239513507e+00
7.802828285506286932e+00
7.795983619240015372e+00
7.798104202953386022e+00
7.797051883191950417e+00
7.791203021117176775e+00
7.792080427683397481e+00
7.790767207319269083e+00
7.789637582857046993e+00
7.786284817940761549e+00
7.784574632673788130e+00
7.780137346636877282e+00
7.777342720065528958e+00
7.771721936365948658e+00
7.774559147181007823e+00
7.773032435619377623e+00
7.769169657626791015e+00
7.771271307291841346e+00
7.767654127770572181e+00
7.764962112064292654e+00
7.766043570968057530e+00
7.761737474137468951e+00
7.763083268199459042e+00
7.761687395221211538e+00
7.762001359049566673e+00
7.758916777886956773e+00
7.755233803362533429e+00
7.756969396195882105e+00
7.752514001723819881e+00
7.750785808850975123e+00
7.743391563126214017e+00
7.746179811708370444e+00
7.743706464130815981e+00
7.739976916173230137e+00
7.740606836799456936e+00
7.740690952914413892e+00
7.741831098005409473e+00
7.738209400673215832e+00
7.733449307112884696e+00
7.731355902374908773e+00
7.734959985222976009e+00
7.731008872315576319e+00
7.723646961074897455e+00
7.727310502401273595e+00
7.723450359833326395e+00
7.719199413136173860e+00
7.726178911442345587e+00
7.719332335295747249e+00
7.715201352734614382e+00
7.721381727742897105e+00
7.712050456187664160e+00
7.713577010300061154e+00
7.711827373803817665e+00
7.712545863104863564e+00
7.711290824250853326e+00
7.704331606040002889e+00
7.706170609499083390e+00
7.705352163806433730e+00
7.703313650460991369e+00
7.703018770158304385e+00
7.697940732416835630e+00
7.703521102192488534e+00
7.692887563314610766e+00
7.695847225081736021e+00
7.693832950498836531e+00
7.693276710563401899e+00
7.690079507554407279e+00
7.692719944353229700e+00
7.687300590013535384e+00
7.687561386154317944e+00
7.687293350497635736e+00
7.684103374091336924e+00
7.681112806602748755e+00
7.681522315496564168e+00
7.678246575267209550e+00
7.679454868889700414e+00
7.675733684613596175e+00
7.676506653293507121e+00
7.674805468932128782e+00
7.672427438849552139e+00
7.671225996743319619e+00
7.671873207129936922e+00
7.668987261132440558e+00
7.668703626085697778e+00
7.666297277918123321e+00
7.666549612632015176e+00
7.663380118265261665e+00
7.663039334194801988e+00
7.656873853611529057e+00
7.659504263524723022e+00
7.657780129566515548e+00
7.655640919812846334e+00
7.654453250527936348e+00
7.654098158507905758e+00
7.651677789967791909e+00
7.650880525890084272e+00
7.649311446875144860e+00
7.646379997766462822e+00
7.645586035432796024e+00
7.642834796076542148e+00
7.643971909652425900e+00
7.646906072559670697e+00
7.644571520455483160e+00
7.640257680076199875e+00
7.644531360829973643e+00
7.639392991160442570e+00
7.639329469400725436e+00
7.635797942120484016e+00
7.633931626249570002e+00
7.634330999185077182e+00
7.631918132702334212e+00
7.627313613157371996e+00
7.629510865928568641e+00
7.625072810630558529e+00
7.623903213658048905e+00
7.627265372603844185e+00
7.618791959654252821e+00
7.621658355058110068e+00
7.620815605681936944e+00
7.616240520520482171e+00
7.621398063430329550e+00
7.615577598727525377e+00
7.616225216463756276e+00
7.614123058680469569e+00
7.609487812431269482e+00
7.609836003395488824e+00
7.609128146799342574e+00
7.609139704631227907e+00
7.605885738550409059e+00
7.607568432916228751e+00
7.601227679766406453e+00
7.602195100024786711e+00
7.602833049017765354e+00
7.598413218289660875e+00
7.601043671917810940e+00
7.601914595468563185e+00
7.600074486266513496e+00
7.591914513936708353e+00
7.596043698418541545e+00
7.593726467699887017e+00
7.590805920529670736e+00
7.589695006890739393e+00
7.590940027714951022e+00
7.591094608948306899e+00
7.587848380500763490e+00
7.588471537326344496e+00
7.584380566112122857e+00
7.586490752250419689e+00
7.582498572698864514e+00
7.582516244062482258e+00
7.581764070675841793e+00
7.575013062220367743e+00
7.577313896846320063e+00
7.579110416570432385e+00
7.577779207619062873e+00
7.574483852403158579e+00
7.574129803293829788e+00
7.574330574861914300e+00
7.573265347822498050e+00
7.569820469865732093e+00
7.569787078790014334e+00
7.569558633302686523e+00
7.567136553208068328e+00
7.564033125665644341e+00
7.563966495752619146e+00
7.563461639876549292e+00
7.565240583812894215e+00
7.559772518060778879e+00
7.562431077377303801e+00
7.556266720641741763e+00
7.558563642613242983e+00
7.557882144172494598e+00
7.557765372636199963e+00
7.553871711416772605e+00
7.550569644825229965e+00
7.550855154429432226e+00
7.551501126958828358e+00
7.546667337388729635e+00
7.548079739528497534e+00
7.547480350500400448e+00
7.544814681680855450e+00
7.547106801225075934e+00
7.543947185430655900e+00
7.541598777095373407e+00
7.543503526658791536e+00
7.540345139926533768e+00
7.541168626927484020e+00
7.537804990847162934e+00
7.538025319318053086e+00
7.536398154650876258e+00
7.533939177876768589e+00
7.536831742071304241e+00
7.533823806719979643e+00
7.529765399102630319e+00
7.532427502932523389e+00
7.532465500716458706e+00
7.527312369181081486e+00
7.528399627860751231e+00
7.526958386180051086e+00
7.525161975077931054e+00
7.525122115847044491e+00
7.520474690014069985e+00
7.523854321996465977e+00
7.520794084157955695e+00
7.521760511331212484e+00
7.521295215935677625e+00
7.518534859137486315e+00
7.516899589575825935e+00
7.516702003138859389e+00
7.515327263006240877e+00
7.514958768226489561e+00
7.514753695924124344e+00
7.512603026070582501e+00
7.509936676459248339e+00
7.510891685835408005e+00
7.508332797681425141e+00
7.507745173974659458e+00
7.511547836508416509e+00
7.504786640240673989e+00
7.506766492113007949e+00
7.506022788224096409e+00
7.503040696762525386e+00
7.505058315500162003e+00
7.502838866553653396e+00
7.500988309595755688e+00
7.501615782580807412e+00
7.497650132933078915e+00
7.499968028682889809e+00
7.495701977590091047e+00
7.498111193205421188e+00
7.495159455932935089e+00
7.492365227337844935e+00
7.492276157319835761e+00
7.492064108709477921e+00
7.487897126886881694e+00
7.488814023919634799e+00
7.487262473818876884e+00
7.486871940122743041e+00
7.486758790607521696e+00
7.485108860293833821e+00
7.484230952361504485e+00
7.481967673126434626e+00
7.481712863326047902e+00
7.482019482763687002e+00
7.479000604222473036e+00
7.479521256829596787e+00
7.477300319889749858e+00
7.478412734229078040e+00
7.474435815554780760e+00
7.475935193265164536e+00
7.471556334155841306e+00
7.474274591333379902e+00
7.472442352982131553e+00
7.470153921166790667e+00
7.469633773924815756e+00
7.469196296862332218e+00
7.469623922137600402e+00
7.468251455968321295e+00
7.463300984449296571e+00
7.466939071423421836e+00
7.461327756611630946e+00
7.465369698024417744e+00
7.461425613430630932e+00
7.461790447112323754e+00
7.460110081566248219e+00
7.460320023329774841e+00
7.459653611713118693e+00
7.459034590994007452e+00
7.455091536575674915e+00
7.457458280178697940e+00
7.455095043661304821e+00
7.456784210859662032e+00
7.455138945275501250e+00
7.453578300181088245e+00
7.452024775180550620e+00
7.452269511226618626e+00
7.449614549299298005e+00
7.452687274803161621e+00
7.448329638460699620e+00
7.450498002998198643e+00
7.445483679199527138e+00
7.450092953099891169e+00
7.444716688591970666e+00
7.445098761742619864e+00
7.441811784163919974e+00
7.444003661517004211e+00
7.440095887705869160e+00
7.438937485582332698e+00
7.439175689794200963e+00
7.437009541810489566e+00
7.440887921675198413e+00
7.433448868772887685e+00
7.436158765871788034e+00
7.431637764920565381e+00
7.436358750808094165e+00
7.433472123404832210e+00
7.431840466235982490e+00
7.430521407890892327e+00
7.430918131866437903e+00
7.427533817155662632e+00
7.428568976235614407e+00
7.427488334864697173e+00
7.423573487132944848e+00
7.424810331699556620e+00
7.425636947331972770e+00
7.423412748983923670e+00
7.419925076915571793e+00
7.423412893395127554e+00
7.418318758834357318e+00
7.420651106528105778e+00
7.417198522081001499e+00
7.420128723285244199e+00
7.416562648091448828e+00
7.415496120331197538e+00
7.417856753446901763e+00
7.413622363830387307e+00
7.412883308382113512e+00
7.408985885101028401e+00
7.413285923267296518e+00
7.408952852311145421e+00
7.410792736577145767e+00
7.401805317320909516e+00
7.401016355555014137e+00
7.404209734030172463e+00
7.406551422522912098e+00
7.402901310406758917e+00
7.397796777945313984e+00
7.402699127297233339e+00
7.402617653400267450e+00
7.394340320688013612e+00
7.398186433528246120e+00
7.396752426045118511e+00
7.397276639742595528e+00
7.396570062516691912e+00
7.390374563930226515e+00
7.393228548074400663e+00
7.390722849159801378e+00
7.390361468236978482e+00
7.392771633645488727e+00
7.389645243759878745e+00
7.386486656359505076e+00
7.388467848508709857e+00
7.386596739068289175e+00
7.382588335254371081e+00
7.384752929603311422e+00
7.384202348102244962e+00
7.379132698943372759e+00
7.377554768650263384e+00
7.382465722210363346e+00
7.378510790175158540e+00
7.379699149539220571e+00
7.377710614994929195e+00
7.374477581097720780e+00
7.376795097413054059e+00
7.374519629373138763e+00
7.373791536209830078e+00
7.375384354755816219e+00
7.370900866598524281e+00
7.366943969928821723e+00
7.370116425379497294e+00
7.368114427793876153e+00
7.368672007217695885e+00
7.365304213377629416e+00
7.367978585150804172e+00
7.366477319381235844e+00
7.362736678861385720e+00
7.366403365289365013e+00
7.361225787878448834e+00
7.362172114202860662e+00
7.363804545692953063e+00
7.359435706691777490e+00
7.357722959603503199e+00
7.361122426981165923e+00
7.358299581140532730e+00
7.355162335672908114e+00
7.357048439765950576e+00
7.356488684442442860e+00
7.355087385718103832e+00
7.353875478363868901e+00
7.353728799707865527e+00
7.351554786739377789e+00
7.354464144372450995e+00
7.350338115162393215e+00
7.348727520413081749e+00
7.352171104871334961e+00
7.350380034542322250e+00
7.347794892074371198e+00
7.347864653049954065e+00
7.344790567141050275e+00
7.348132793886157366e+00
7.344395596266591220e+00
7.345697326823362516e+00
7.342750153601403262e+00
7.340513112082915903e+00
7.340801636240141370e+00
7.341305362804141588e+00
7.340279467621193099e+00
7.339673927252504448e+00
7.339019603097765021e+00
7.334608437974867279e+00
7.334233593820219888e+00
7.333686260424367553e+00
7.336208886656279127e+00
7.334390238793313976e+00
7.333089718233445353e+00
7.333761389814962506e+00
7.331656680593881426e+00
7.330161097683965288e+00
7.332399367113839439e+00
7.331777251156101016e+00
7.330557678505261521e+00
7.326496928048945811e+00
7.328923853057819571e+00
7.328191269801583196e+00
7.327682478358884310e+00
7.326161863670724195e+00
7.324223588450198719e+00
7.327689697048072048e+00
7.322884170947265403e+00
7.322790012212958999e+00
7.321152645602466258e+00
7.320643262312473531e+00
7.320918649962202984e+00
7.320978803228963550e+00
7.322268199267518263e+00
7.318342063399595254e+00
7.318044496975439017e+00
7.317643714439039826e+00
7.316081300137227572e+00
7.316179314041320936e+00
7.316973381118810238e+00
7.315516055000216511e+00
7.315050722398364513e+00
7.311991285857605938e+00
7.312144076339994747e+00
7.312250621334648315e+00
7.311957018926752205e+00
7.310082903389531594e+00
7.312498592741772718e+00
7.311750429525058159e+00
7.307219957139160726e+00
7.310342550303604803e+00
7.310743324443847335e+00
7.308417607115015535e+00
7.307505570711753329e+00
7.308155355381803275e+00
7.307983921786633807e+00
7.306738814332003784e+00
7.305890027511897422e+00
7.304824890549128646e+00
7.307126443069389410e+00
7.301978354872386667e+00
7.303577610563952049e+00
7.303555985910573867e+00
7.302293606705968720e+00
7.302577210012753284e+00
7.303472634377357942e+00
7.301255211862412331e+00
7.302194450309380080e+00
7.298947679007160794e+00
7.298900406678130004e+00
7.299069668002537092e+00
7.300891148338908287e+00
7.297604764055980020e+00
7.295768076288372761e+00
7.296025167813975365e+00
7.293456330910022878e+00
7.293108398415469651e+00
7.297372101122604704e+00
7.295112413163900023e+00
7.291618125952520124e+00
7.290207935487603486e+00
7.291914970571763632e+00
7.289672257052885129e+00
7.289424839760131114e+00
7.291290785109887373e+00
7.289625922532013469e+00
7.288958232118427638e+00
7.286859515530504261e+00
7.287252568265191854e+00
7.287912629074413395e+00
7.286022725465112870e+00
7.286194605401557389e+00
7.287849032216580092e+00
7.284615622998746431e+00
7.285334655475614873e+00
7.282661615091331697e+00
7.283805137128975815e+00
7.285982162556855712e+00
7.283728157010346926e+00
7.284499295754273795e+00
7.281000592695733076e+00
7.283631604560805606e+00
7.279829627132580860e+00
7.280478032325137683e+00
7.283726051375590593e+00
7.278741066802763449e+00
7.277691322894320081e+00
7.276227058347180865e+00
7.277153323412387742e+00
7.276388773234782725e+00
7.276335728734305341e+00
7.275123968996642709e+00
7.272504663589447915e+00
7.275362746763129884e+00
7.274271838383119082e+00
7.272230077351551358e+00
7.274016180053720859e+00
7.270605864423324682e+00
7.272964193734325455e+00
7.269498419774458320e+00
7.270953270736364438e+00
7.269385192745871471e+00
7.266445785904694254e+00
7.269764391704890194e+00
7.268270773341541258e+00
7.267918498202942779e+00
7.268260528288345235e+00
7.264438125200206819e+00
7.267468207322937523e+00
7.266769837915799002e+00
7.264810682539686759e+00
7.264949195192926368e+00
7.264415547959853114e+00
7.263903924329117245e+00
7.265383511230744773e+00
7.263041241652377522e+00
7.262225401692655957e+00
7.262496597783737684e+00
7.262125704973435347e+00
7.263263336625011668e+00
7.260419389760720321e+00
7.260257371156257911e+00
7.261548339285471165e+00
7.261138950384310675e+00
7.258184595768980785e+00
7.256280718270518015e+00
7.256636958002880000e+00
7.255460412024657302e+00
7.255614179282152243e+00
7.256544362978835316e+00
7.254790487362334339e+00
7.253843197965415435e+00
7.257441368589010011e+00
7.251835392983380757e+00
7.252560071837471867e+00
7.251536641291771446e+00
7.253545307611013904e+00
7.252626793138045258e+00
7.251662751343588731e+00
7.250394912112921197e+00
7.251084293739562092e+00
7.251073259375050206e+00
7.245392023776074275e+00
7.249137353335652456e+00
7.250010506289433998e+00
7.251162323392587261e+00
7.248417775546293740e+00
7.247700732208110175e+00
7.242925569225434401e+00
7.245587251643246240e+00
7.248326654197730257e+00
7.244045044442176895e+00
7.238864526437154723e+00
7.244522626795326659e+00
7.244731519191195623e+00
7.237238338981659247e+00
7.243410352641352468e+00
7.238029970821169279e+00
7.240742052670697149e+00
7.242375492906841572e+00
7.239508447244816125e+00
7.239644375745956317e+00
7.234668808436581777e+00
7.239955169148103664e+00
7.235945789140141748e+00
7.241588869729120859e+00
7.233293526979057475e+00
7.231562296653284427e+00
7.230030503189991187e+00
7.233975362617155902e+00
7.231390428532670889e+00
7.225957496608466535e+00
7.230421471242514997e+00
7.227609436593911418e+00
7.228878116944785326e+00
7.227252487644540757e+00
7.224596450433721451e+00
7.228989726539635008e+00
7.223220578803751124e+00
7.226469641219388507e+00
7.221638121082912143e+00
7.225949841801633688e+00
7.226457396703398040e+00
7.226109349971921780e+00
7.224873596399532083e+00
7.223553856238477344e+00
7.223119396776414014e+00
7.223838484912771030e+00
7.223256085511523317e+00
7.223612644199797650e+00
7.223119588632535226e+00
7.220662050047859992e+00
7.217369857856723137e+00
7.222828967313380311e+00
7.219096243410757729e+00
7.219887901439086875e+00
7.220341431612630423e+00
7.218704438558950720e+00
7.216943905705310414e+00
7.218015547433116019e+00
7.214791731838712252e+00
7.214783568081029053e+00
7.216372248643591725e+00
7.217846012746026219e+00
7.213944130902333995e+00
7.211512532480928606e+00
7.212460166329297095e+00
7.213683614009412715e+00
7.212332350956207172e+00
7.213203128697958100e+00
7.210597776355665900e+00
7.210100686366476275e+00
7.212157911332901961e+00
7.210823708753185457e+00
7.211090218100370208e+00
7.211416303698494623e+00
7.210569178115425082e+00
7.209600217877036421e+00
7.210135119653404701e+00
7.207805289721483710e+00
7.209070580101363923e+00
7.210023867399534048e+00
7.208030833457759634e+00
7.207391950461314423e+00
7.207202960171591677e+00
7.207804615155159134e+00
7.205262038568775118e+00
7.204982339501743382e+00
7.204547320306763147e+00
7.204690904101538784e+00
7.201613511389878930e+00
7.203189376557234347e+00
7.203591908901993968e+00
7.203485797372906063e+00
7.202982539780048654e+00
7.200192685664991821e+00
7.202142709978889279e+00
7.201049495185675831e+00
7.201654842399878298e+00
7.200092338199862496e+00
7.197347323468913594e+00
7.201600203707712033e+00
7.201449325682689029e+00
7.201638788629722399e+00
7.200752446823972974e+00
7.199085272990959794e+00
7.198854269613488732e+00
7.197764227142602778e+00
7.196954575317491276e+00
7.200476067390186863e+00
7.196563572177635315e+00
7.197517108764656335e+00
7.196660474429777743e+00
7.195177469040415552e+00
7.197619650693773963e+00
7.194736422718221114e+00
7.194381669280609515e+00
7.195307121198706746e+00
7.194344760350066537e+00
7.188928326199927277e+00
7.192651313500491028e+00
7.194547538726205005e+00
7.191456285148667860e+00
7.190750739677805647e+00
7.192587491808375866e+00
7.191599706624439925e+00
7.187143907430423972e+00
7.189852361259880809e+00
7.192118820133793555e+00
7.190839123691032064e+00
7.189401790872612885e+00
7.188498574868080304e+00
7.185420639772083007e+00
7.188906670128097254e+00
7.187819819789244669e+00
7.187384758501014659e+00
7.186015259668486088e+00
7.188355606472325299e+00
7.185685323066073771e+00
7.185553992932695699e+00
7.182565533578082473e+00
7.184180523841887656e+00
7.184926080235478629e+00
7.186364721262425093e+00
7.182665468404285214e+00
7.178226423191842009e+00
7.182970848359414795e+00
7.183686647382945267e+00
7.180097494548100201e+00
7.181375324639496682e+00
7.181987407045117067e+00
7.182208973492465454e+00
7.176278204294558982e+00
7.179743204671052759e+00
7.181348929289488758e+00
7.178195689685620273e+00
7.177435989024697705e+00
7.179951008935897327e+00
7.180298209507864016e+00
7.177498566804189295e+00
7.173037651419579497e+00
7.177273747207711274e+00
7.175660093552214569e+00
7.176903048378547645e+00
7.175931712954384700e+00
7.174328998477029984e+00
7.170773317051964746e+00
7.173886073560055365e+00
7.174372463600371397e+00
7.170008460620515223e+00
7.169528224932627758e+00
7.172004562015968254e+00
7.173976085889957055e+00
7.171832887868316853e+00
7.171068041631385448e+00
7.166043891189371351e+00
7.170113843126940445e+00
7.169846816464239048e+00
7.170579098536861373e+00
7.171305551601700579e+00
7.161571240341235267e+00
7.170468013054098755e+00
7.168211438072184194e+00
7.165046056173182798e+00
7.167146022566069696e+00
7.164725831876428863e+00
7.163317589862299606e+00
7.162682236309525940e+00
7.168768600243596190e+00
7.165403604330280452e+00
7.161807867574268016e+00
7.162072534115510258e+00
7.161603469666665056e+00
7.163489084442926647e+00
7.165078768094553574e+00
7.159025861311687500e+00
7.155697784729436073e+00
7.159997683509114808e+00
7.161075848023802592e+00
7.160431475857053307e+00
7.153678795399216028e+00
7.157824267883900582e+00
7.157906410902541872e+00
7.157916511817769667e+00
7.155213848300648216e+00
7.157594437387952979e+00
7.157266952320689768e+00
7.155398832445789559e+00
7.153660002519532490e+00
7.156184070192961322e+00
7.151502908643712964e+00
7.155790147044203131e+00
7.155318625580901148e+00
7.155681069917292803e+00
7.150435203850001642e+00
7.152270333977601702e+00
7.155358372170038450e+00
7.152783068972158098e+00
7.153673017357866648e+00
7.151815979462555539e+00
7.149958149568791832e+00
7.152177337880728736e+00
7.150557229199155707e+00
7.152708703296231540e+00
7.150598326431481411e+00
7.148980430846584078e+00
7.146582088655704545e+00
7.150779609167354778e+00
7.151526006146807113e+00
7.148191468092313983e+00
7.150170459362772846e+00
7.151457891227071428e+00
7.147660828179165371e+00
7.144276009286728346e+00
7.151481061468627054e+00
7.150084287428248864e+00
7.145704571618723300e+00
7.145785030013093397e+00
7.145677686893243674e+00
7.144617379861558426e+00
7.142700275869267479e+00
7.141302774889072502e+00
7.143631629147436435e+00
7.145227283360823911e+00
7.143489121863506597e+00
7.143538262065404432e+00
7.143940235818928564e+00
7.142886346316693391e+00
7.142205103695693502e+00
7.141994207853042731e+00
7.143253769742603509e+00
7.140840491193805484e+00
7.139196958717062280e+00
7.141920573544243034e+00
7.136615481848131992e+00
7.141477442863518377e+00
7.138727265054044757e+00
7.139504697207243566e+00
7.137093112162182784e+00
7.137677747777114057e+00
7.137596557579663603e+00
7.138132233957489525e+00
7.134946538837617425e+00
7.134273405726086814e+00
7.135159815860468768e+00
7.132721745414271730e+00
7.133832968861182344e+00
7.135763318707891045e+00
7.134737909653636301e+00
7.135256487711248319e+00
7.132640823084835269e+00
7.132361155850006185e+00
7.135439818965529035e+00
7.133299138324756150e+00
7.130273323327877222e+00
7.131380839540202743e+00
7.132609794945939719e+00
7.131788347922396021e+00
7.131153747688813382e+00
7.131029087145567047e+00
7.126276602042946884e+00
7.129566964893677472e+00
7.128267064256995411e+00
7.127924070497797970e+00
7.126926756096628957e+00
7.129124657343613336e+00
7.129523504589402982e+00
7.128717216415362934e+00
7.128673221433849960e+00
7.123595239153952541e+00
7.125164545800778626e+00
7.122815979862317626e+00
7.124928618253030699e+00
7.127273150382446687e+00
7.122052293275228152e+00
7.123912089526553082e+00
7.125360949804306010e+00
7.124595716921843014e+00
7.120693883569948923e+00
7.124970191768627892e+00
7.121010012836115344e+00
7.124691419024476779e+00
7.121793219659539709e+00
7.122744214373679661e+00
7.121973894964217955e+00
7.117504891515388898e+00
7.122692294044143502e+00
7.121920027944525167e+00
7.117533640677533135e+00
7.118955608069764907e+00
7.117624261263363117e+00
7.118489572868899273e+00
7.117561022419422123e+00
7.121882786726036585e+00
7.111730589387181389e+00
7.116297834543476419e+00
7.116222135008482219e+00
7.115483918753843007e+00
7.119322752650568908e+00
7.120843288324699039e+00
7.127523572436577304e+00
7.121391660254812628e+00
7.118615663963804963e+00
7.119010531926140750e+00
7.119249704935129763e+00
7.125259165295691588e+00
7.119345565952222010e+00
7.118887441702388408e+00
7.118446458014726197e+00
7.120992780145712686e+00
7.120629516118687441e+00
7.116500714075766787e+00
7.117724719130710476e+00
7.120189241028840321e+00
7.114855716520676943e+00
7.117497242297068816e+00
7.115034569514360641e+00
7.110321228484681733e+00
7.111791483535533587e+00
7.118326201979249923e+00
7.112233389355687052e+00
7.116451158621798889e+00
7.114331610735895595e+00
7.114407785844391263e+00
7.117725150592622896e+00
7.109803267076839184e+00
7.114429978119624742e+00
7.111419213928023453e+00
7.114204559377097503e+00
7.107909956967547238e+00
7.112114964135112238e+00
7.110048943343048933e+00
7.111900472430434661e+00
7.105891128225991338e+00
7.109983755078051360e+00
7.112508894267079995e+00
7.105689871538239721e+00
7.109776177149679022e+00
7.107432626964645728e+00
7.108187327400885103e+00
7.108308339610817761e+00
7.106336065256171786e+00
7.108575731558339328e+00
7.104297283345188951e+00
7.106392470017723895e+00
7.107926743464806130e+00
7.107143248509906641e+00
7.107352623851631357e+00
7.106469535332984755e+00
7.103666909481357372e+00
7.103162508938559050e+00
7.102748678087338341e+00
7.101132024968343615e+00
7.100887440186504307e+00
7.102596802285165545e+00
7.104569311489263406e+00
7.102438531910660657e+00
7.100140625185615839e+00
7.102227173492604351e+00
7.102825052691309260e+00
7.100356730424231877e+00
7.100017061797392337e+00
7.097941390308304399e+00
7.098299670713237752e+00
7.099592247531915312e+00
7.099356504043227822e+00
7.098034685981811975e+00
7.096078861785973579e+00
7.098305180130775938e+00
7.098290326521174087e+00
7.093590457877578359e+00
7.095716185277381349e+00
7.094735792929852458e+00
7.094057517695216752e+00
7.094283831910302318e+00
7.093870560533290792e+00
7.093204515673943611e+00
7.093902324905198675e+00
7.093416196482789537e+00
7.094622605776564228e+00
7.094947977709828990e+00
7.092828087002666315e+00
7.091713415421735611e+00
7.091301956709572529e+00
7.089905414775795833e+00
7.088741518914694950e+00
7.090867701087194774e+00
7.091397630764450177e+00
7.092669494937123176e+00
7.093585026913167724e+00
7.087779376067985915e+00
7.090506698748060721e+00
7.088976709344557037e+00
7.087626795070701924e+00
7.088967944065472260e+00
7.089227921987234282e+00
7.088189764937562920e+00
7.088076020239310715e+00
7.085736356998880048e+00
7.085919889472460653e+00
7.084199737604721214e+00
7.088322933716630025e+00
7.086542852639099443e+00
7.084367894600286597e+00
7.087353679524889039e+00
7.087133795028466743e+00
7.085980925718196488e+00
7.086812528933939426e+00
7.086714322499275909e+00
7.086443172519769185e+00
7.084019970052019666e+00
7.082648097097556494e+00
7.087781296664510400e+00
7.083818643085312061e+00
7.084432096445656413e+00
7.082253575203124818e+00
7.085777974929082568e+00
7.081113123496820982e+00
7.082076003614495185e+00
7.084833391079810916e+00
7.080063361491326646e+00
7.082128137994221362e+00
7.079254553215225343e+00
7.082728462170280181e+00
7.080467630230757869e+00
7.081069999771020917e+00
7.078168590610306232e+00
7.081164964331556178e+00
7.080252022230176578e+00
7.080522945151771275e+00
7.079978492459011896e+00
7.080286544090388823e+00
7.079118151576342832e+00
7.077884614358271875e+00
7.077615644775967496e+00
7.079758961664610162e+00
7.078930105785061322e+00
7.073725931782504084e+00
7.078501297418772431e+00
7.074722845212606082e+00
7.079020600335520719e+00
7.077847306857521836e+00
7.074684574024378669e+00
7.074615446830745391e+00
7.075467970626012182e+00
7.075103991347861943e+00
7.074994419758276365e+00
7.074885197042445562e+00
7.075182492201922635e+00
7.071945281297934649e+00
7.071870157029422010e+00
7.075197965423622115e+00
7.073188157947298826e+00
7.070854284420623692e+00
7.075833096542663014e+00
7.071257720440570438e+00
7.070154346384943445e+00
7.071359172382186919e+00
7.070543736035929783e+00
7.073967328685154321e+00
7.067897401493637766e+00
7.068013272347287490e+00
7.069378033753604740e+00
7.072446521119258200e+00
7.066169212379318942e+00
7.069003964259287009e+00
7.067477708733250985e+00
7.069281577958136609e+00
7.067376376996265641e+00
7.066047049976758920e+00
7.065672659148187762e+00
7.067258919282751073e+00
7.064699770828839043e+00
7.067278066676750292e+00
7.064558555726609512e+00
7.065554926532435331e+00
7.065227821604815439e+00
7.063628383368787844e+00
7.066103695588026312e+00
7.060381813364071668e+00
7.066307810894858932e+00
7.063584321945032940e+00
7.063121727170172726e+00
7.062950012941253242e+00
7.063506488297266905e+00
7.060699235479641622e+00
7.062897217371300940e+00
7.061213447146479361e+00
7.061497263632475985e+00
7.062289185757324894e+00
7.058599237270876792e+00
7.061854702490492741e+00
7.061087832985291080e+00
7.058606471058695320e+00
7.061377546745174705e+00
7.058575990983076309e+00
7.061673900855597985e+00
7.059874357008722789e+00
7.061370203949892677e+00
7.058608380512997549e+00
7.058697948128354938e+00
7.059062670707676013e+00
7.056219027623609641e+00
7.058969264895826434e+00
7.058373337344331588e+00
7.056941550238332361e+00
7.057628075772985454e+00
7.057458818007592782e+00
7.056328843426073583e+00
7.057729569382378720e+00
7.057636936343975265e+00
7.057954901177826201e+00
7.054256112234131848e+00
7.055722272743469858e+00
7.054896568671646939e+00
7.054903786904630714e+00
7.055640958645056138e+00
7.054331125123371571e+00
7.055114844064326540e+00
7.054427782597823438e+00
7.052507558900308560e+00
7.056289104325301764e+00
7.054792329396203598e+00
7.053449509293649555e+00
7.051072865369466314e+00
7.052275703341262414e+00
7.054204664142134540e+00
7.052235226626983433e+00
7.054959284057788160e+00
7.052266465022698050e+00
7.053942377324406543e+00
7.049495367175844684e+00
7.054142177536726344e+00
7.051727822897039921e+00
7.048308168182686906e+00
7.051322782483950391e+00
7.051748863450110427e+00
7.051933989590062346e+00
7.050643851871368106e+00
7.051266111293059247e+00
7.053201450351175517e+00
7.049086817863017274e+00
7.050385917397036906e+00
7.049221306577739377e+00
7.049857424565011854e+00
7.049875632990040941e+00
7.051793525154191222e+00
7.047236567959117792e+00
7.049613893480587201e+00
7.045396993544226660e+00
7.049463998082861060e+00
7.046315835996392885e+00
7.049645870192382979e+00
7.047879237744548497e+00
7.048888693588597931e+00
7.047984743288019160e+00
7.047199053601872265e+00
7.045841538086146549e+00
7.047245658262125012e+00
7.047121095199950780e+00
7.047074113843801335e+00
7.047056252974754464e+00
7.047506269576662596e+00
7.045023467031565900e+00
7.045417216834401586e+00
7.044825384402617630e+00
7.047363360561334389e+00
7.043496892313458879e+00
7.044483429631466898e+00
7.044631380048188340e+00
7.044354665716633157e+00
7.043830422060557872e+00
7.041422154788604892e+00
7.044625131933574202e+00
7.042940000327159389e+00
7.042266101560439751e+00
7.041270120086196904e+00
7.042415749378765355e+00
7.043063243728088452e+00
7.040127704943151876e+00
7.040268051319189091e+00
7.041174349625882734e+00
7.039730334698609759e+00
7.040378916019764510e+00
7.039712013066563578e+00
7.039831874943491385e+00
7.040433806118919335e+00
7.039459018713827732e+00
7.038389079940834847e+00
7.037818138033858695e+00
7.040235590149237943e+00
7.036926361916592043e+00
7.038261034324498233e+00
7.035683210189183079e+00
7.037585202918045901e+00
7.038175362899153242e+00
7.038027660100248717e+00
7.036181775997051524e+00
7.034302930698001610e+00
7.037908563391073180e+00
7.034254998916943613e+00
7.035969260565733130e+00
7.035452543699924455e+00
7.035319023815390871e+00
7.033052133805238526e+00
7.038167177532901775e+00
7.034072474592938384e+00
7.034339400266564901e+00
7.034424171159943562e+00
7.032434759701897242e+00
7.034495744621062308e+00
7.034855405005139062e+00
7.033740140521229200e+00
7.035043484770672428e+00
7.034489731343856356e+00
7.032976077163326956e+00
7.031335379743498315e+00
7.034278741186167139e+00
7.033249634261273364e+00
7.032497155908103537e+00
7.029610921754237296e+00
7.032906295234700345e+00
7.031263787144180988e+00
7.031627808717779260e+00
7.031302792991792394e+00
7.030608160973581988e+00
7.030673695035563497e+00
7.031467200083041824e+00
7.031052827381863324e+00
7.030263003282311907e+00
7.033814087869508569e+00
7.028750449911146170e+00
7.030778776444531530e+00
7.032993586338175618e+00
7.027535461970059849e+00
7.031887728304806906e+00
7.030390096010787460e+00
7.028908754425035710e+00
7.028716382062778933e+00
7.030028280993288803e+00
7.029379464928655175e+00
7.030099519713580491e+00
7.027905035307527193e+00
7.028701520664579760e+00
7.026625957117961008e+00
7.030242494191115021e+00
7.026554789070929452e+00
7.028230484329188066e+00
7.027779650346778872e+00
7.029047727356559250e+00
7.024494590432930785e+00
7.028172385222518415e+00
7.028034412410125498e+00
7.025258533207860978e+00
7.029599369019194022e+00
7.025055021811920319e+00
7.024885416523975579e+00
7.025701270648038843e+00
7.025833241531803885e+00
7.026025871955556390e+00
7.025388213939529614e+00
7.024968162657077464e+00
7.023134903967285680e+00
7.027010555257697355e+00
7.022489517134296477e+00
7.024043921635894527e+00
7.022405853832711209e+00
7.023261108390832952e+00
7.024942115550556032e+00
7.019721449852998951e+00
7.025670875454571807e+00
7.022507225436148026e+00
7.021801345617993739e+00
7.020407766463011789e+00
7.022488908495295057e+00
7.022304747106885792e+00
7.015923482959537161e+00
7.021360487489517688e+00
7.020075573484060527e+00
7.021026784817778754e+00
7.021025767319137856e+00
7.020218006404044253e+00
7.019219565328570276e+00
7.018892485568226647e+00
7.019203279840191989e+00
7.021265128692057544e+00
7.019005035468869558e+00
7.018708140041005628e+00
7.018116254965615752e+00
7.018426957171450375e+00
7.015455232313656531e+00
7.017497369499700710e+00
7.018229916065106266e+00
7.015962952194496616e+00
7.017225277590125820e+00
7.015376610505511756e+00
7.017450416761487730e+00
7.012240295173995719e+00
7.016153226019095968e+00
7.015573438061392331e+00
7.014409865652513787e+00
7.017698533638339065e+00
7.013458112000107825e+00
7.014113123689393881e+00
7.014169917163854961e+00
7.013940900462826811e+00
7.016412798381231219e+00
7.013579611610648357e+00
7.012195329147636436e+00
7.013764549072267762e+00
7.012457878582226023e+00
7.012282347021280948e+00
7.012016234565055406e+00
7.012415467700276572e+00
7.011887718010084036e+00
7.012787479980404193e+00
7.013253170655489477e+00
7.010081087757125573e+00
7.009624207071251334e+00
7.010819248557478289e+00
7.011816128360407241e+00
7.009534789094451490e+00
7.011825510603901357e+00
7.009460494325582935e+00
7.008978520649987054e+00
7.009986992854812193e+00
7.009890465911450264e+00
7.008776900593403525e+00
7.008822918083253306e+00
7.008634392030039351e+00
7.007091938232613337e+00
7.008050653966428456e+00
7.007314594772427796e+00
7.008797346186708133e+00
7.005980376231895512e+00
7.007917892488141121e+00
7.007463155624681583e+00
7.008514230808192025e+00
7.006766143893046639e+00
7.005880695650517964e+00
7.006189221682510571e+00
7.004930015160339529e+00
7.003730143798112984e+00
7.004965836144521951e+00
7.008726698340086436e+00
