1.258193929675587469e+03
3.925293940080346147e+02
2.627343206638321931e+02
2.062900593160197786e+02
1.801267541410573187e+02
1.671837766525529503e+02
1.579436070650569093e+02
1.499234124825879633e+02
1.423077447315641848e+02
1.347442998632880915e+02
1.270976795545177538e+02
1.191492383797577190e+02
1.107728118085035476e+02
1.019185345619114429e+02
9.250380287241728183e+01
8.236780263665063728e+01
7.188322093962570136e+01
6.191135392508999757e+01
5.316652471144229253e+01
4.615176429638597710e+01
4.097159726474213670e+01
3.720375280196856238e+01
3.434165786778010698e+01
3.206410038633745074e+01
3.018929236000893823e+01
2.862593659823705039e+01
2.728356779467918614e+01
2.609566205452637178e+01
2.503967446446140954e+01
2.409102264411524530e+01
2.322321814197582412e+01
2.243083596461554308e+01
2.170515027952231790e+01
2.103702761318405834e+01
2.042484132265369823e+01
1.986283288264035463e+01
1.935080541619618089e+01
1.888150436182704439e+01
1.845749666675841638e+01
1.807454938883893902e+01
1.773016145323182613e+01
1.741951930319630648e+01
1.713286926052362702e+01
1.686940372028540125e+01
1.662711005537493492e+01
1.640113395791854245e+01
1.619519406400577921e+01
1.599982899178876217e+01
1.581645286877090761e+01
1.564773342311077364e+01
1.548604212160150695e+01
1.533585311553650321e+01
1.519093150267659631e+01
1.505282829671023848e+01
1.492032944345576340e+01
1.479529430889749619e+01
1.467777072558974716e+01
1.456330132801239863e+01
1.445217085041639393e+01
1.434810773855645749e+01
1.424866682095913539e+01
1.415113999319647320e+01
1.405705118225775152e+01
1.396600183545317009e+01
1.387848400901029144e+01
1.379323123188028966e+01
1.371379160208958048e+01
1.363745043474617979e+01
1.356274417227537121e+01
1.348962551722418368e+01
1.341828554790200201e+01
1.335207496548057726e+01
1.328591834031996655e+01
1.321977697326360790e+01
1.315325134083802716e+01
1.309251712027766068e+01
1.303237179446543514e+01
1.297630442113568527e+01
1.292122481366028630e+01
1.286959544756872198e+01
1.281789024396613286e+01
1.276557620621636069e+01
1.271737071264780106e+01
1.266761330425451426e+01
1.262198115482541994e+01
1.257847261590974774e+01
1.253497744005784220e+01
1.249366940523839453e+01
1.245468848933830230e+01
1.241541203879552846e+01
1.237572676140050909e+01
1.233973737169738705e+01
1.230091732116191139e+01
1.226310523600849400e+01
1.222570089010765138e+01
1.219008013171232641e+01
1.215396453709443847e+01
1.211599084179400343e+01
1.208006150192881556e+01
1.204765751648485406e+01
1.201569195663767431e+01
1.198102637545517268e+01
1.194897710741082086e+01
1.191784269227081872e+01
1.188787084941731109e+01
1.185772363347443736e+01
1.183036532666403140e+01
1.180472248041299288e+01
1.177763887248247876e+01
1.175090981540449775e+01
1.172613757580348626e+01
1.170240256778303412e+01
1.167920055154649894e+01
1.165588137431242366e+01
1.163239220955185438e+01
1.160899060539112249e+01
1.158694929873936097e+01
1.156275598595293452e+01
1.154004444464413837e+01
1.151892455787429270e+01
1.149582270187807431e+01
1.147550040624769530e+01
1.145276699855446623e+01
1.143273321054211955e+01
1.141444898997396962e+01
1.139498517645357545e+01
1.137607916503012540e+01
1.135868120504547107e+01
1.134000605305647014e+01
1.132127813946860506e+01
1.130483708629414430e+01
1.128679146378496334e+01
1.126998776460892593e+01
1.125362737403951030e+01
1.123449897677111231e+01
1.121891711616048859e+01
1.120295963844830034e+01
1.118662985345880578e+01
1.117028161643746564e+01
1.115619892793734635e+01
1.114025669435148735e+01
1.112623844103908510e+01
1.111408947075656073e+01
1.109983162228066966e+01
1.108715633757997843e+01
1.107255122406691328e+01
1.105774432030414545e+01
1.104532914843733238e+01
1.103002928664933968e+01
1.101891244550335536e+01
1.100617603357192564e+01
1.099317609857256350e+01
1.098049984604432261e+01
1.096747258699007865e+01
1.095549463818823455e+01
1.094203708351155235e+01
1.093148055185189094e+01
1.091630191793720961e+01
1.090598505678402041e+01
1.089224701361983705e+01
1.088050703576211475e+01
1.086727429998514260e+01
1.085831207276609689e+01
1.084581747704073784e+01
1.083327581836916664e+01
1.082360777697084764e+01
1.081019613880325458e+01
1.079926402910598604e+01
1.078786207954420640e+01
1.077561123136568533e+01
1.076596136696788619e+01
1.075476708682207594e+01
1.074511064332456378e+01
1.073274304279570579e+01
1.072195937953009270e+01
1.071065735679755448e+01
1.069979539640380928e+01
1.068722528468899746e+01
1.067813121305611190e+01
1.066681381921468841e+01
1.065633849969847624e+01
1.064439482995628339e+01
1.063614045160814392e+01
1.062506908121998883e+01
1.061567600291430757e+01
1.060607414448853980e+01
1.059618605743346009e+01
1.058886920403730336e+01
1.057903336616588241e+01
1.057132090723044904e+01
1.056239508120414072e+01
1.055197878205687978e+01
1.054453671183426522e+01
1.053410194333259220e+01
1.052600169602383140e+01
1.051971748547863861e+01
1.050932917468099070e+01
1.050043189090592755e+01
1.049056607788261708e+01
1.048111584953215747e+01
1.047058982687178563e+01
1.046086253334429372e+01
1.045177101380531859e+01
1.044224728062465068e+01
1.043503211153457677e+01
1.042722799018121016e+01
1.041765095034410393e+01
1.041043880224544793e+01
1.039996880443489857e+01
1.039333433413472108e+01
1.038427917027240177e+01
1.037660487251253549e+01
1.036835589458807938e+01
1.036085877675029998e+01
1.035377372060811929e+01
1.034517973857055573e+01
1.033844120890353224e+01
1.033057856557996246e+01
1.032372338815942392e+01
1.031446166206320747e+01
1.030752698682665525e+01
1.029778323467080803e+01
1.029100523328657069e+01
1.028545520943141334e+01
1.027764279477034570e+01
1.027215020538643131e+01
1.026448116771642383e+01
1.025889051570119292e+01
1.025113175423560286e+01
1.024496292498450778e+01
1.023818998595347018e+01
1.023262813668246984e+01
1.022561718683835075e+01
1.021927288174690496e+01
1.021247384083418375e+01
1.020646337847951735e+01
1.019975133404776280e+01
1.019465720048524560e+01
1.018892526592417802e+01
1.018278693864114892e+01
1.017488054813206411e+01
1.017059116232588245e+01
1.016251775896401632e+01
1.015728243303526135e+01
1.015093926223572574e+01
1.014472491039070157e+01
1.013944811747078312e+01
1.013309669577600935e+01
1.012814523646263787e+01
1.012291903713074781e+01
1.011766916961487972e+01
1.011190335611422242e+01
1.010653284083115011e+01
1.010037920815419632e+01
1.009410621631773530e+01
1.009045622413764143e+01
1.008431368338121636e+01
1.008075465102467128e+01
1.007546549373971700e+01
1.006974398923829384e+01
1.006480060233153395e+01
1.005921411945988098e+01
1.005440370101140068e+01
1.004812681117543072e+01
1.004201534549534358e+01
1.003863604495884054e+01
1.003303213241982483e+01
1.003099194754909185e+01
1.002426929604513894e+01
1.001958337536851751e+01
1.001428984706277170e+01
1.001072891771885587e+01
1.000537310855747286e+01
1.000084665448645005e+01
9.995330583575332994e+00
9.991149988222769451e+00
9.986600909078212851e+00
9.980695959629569458e+00
9.977730517520321030e+00
9.972498637613531614e+00
9.966301596198485768e+00
9.963121870029601368e+00
9.958658962962017469e+00
9.954682477476666236e+00
9.948055550998171626e+00
9.944052273161089417e+00
9.939792729733666121e+00
9.934939252903303597e+00
9.930019882157944622e+00
9.923896291990368823e+00
9.920347330821394749e+00
9.915944348051409563e+00
9.911379111609306847e+00
9.906118465967727715e+00
9.902560516259784507e+00
9.897569907636091457e+00
9.893182420916312836e+00
9.888307267477822293e+00
9.884539136319377306e+00
9.881545080977458539e+00
9.876948442764454938e+00
9.873540951147614209e+00
9.868666758023666219e+00
9.864453089515151873e+00
9.859875477527930698e+00
9.857282104688538382e+00
9.851609102420704644e+00
9.847323412199637360e+00
9.843919975022602742e+00
9.839741762401949643e+00
9.834517238328317035e+00
9.832088271586277628e+00
9.827234301396277516e+00
9.822587503758231975e+00
9.820107671952753137e+00
9.815222981758008558e+00
9.811582865930715158e+00
9.808743673637572158e+00
9.804049070013654443e+00
9.800282006282568403e+00
9.796747701053586610e+00
9.792717700800848135e+00
9.788933123780610757e+00
9.784914874770818116e+00
9.781843917168874469e+00
9.778058337433060743e+00
9.773698371211901659e+00
9.770602056103113497e+00
9.767484118075701716e+00
9.762925159839138445e+00
9.758754785745141547e+00
9.754795864019028429e+00
9.750273521190921500e+00
9.746279848782522848e+00
9.742886274955948167e+00
9.736446948493492570e+00
9.733939055960812325e+00
9.729894811352297168e+00
9.725299440361110825e+00
9.720882274025090197e+00
9.715892562514307329e+00
9.712656544515533952e+00
9.708333732120761894e+00
9.704470398801712250e+00
9.700425306911411027e+00
9.696490682347297607e+00
9.692714752266493150e+00
9.687896600167698935e+00
9.683908633119164833e+00
9.678832998115348474e+00
9.675101734098085160e+00
9.669900088496016011e+00
9.666813430556237208e+00
9.661326935171913988e+00
9.656272911497184808e+00
9.653573241020591666e+00
9.649010442617820260e+00
9.644868749730752810e+00
9.640040217876363116e+00
9.635848636100105225e+00
9.631544645590137677e+00
9.625494457835788609e+00
9.620477029345593678e+00
9.614929853373721969e+00
9.610809190412256342e+00
9.607140475928915180e+00
9.602501698062614111e+00
9.597794980941147358e+00
9.593169238338719040e+00
9.587842981457855629e+00
9.582861066352156953e+00
9.578541507993760362e+00
9.572676770657102097e+00
9.568602716981326139e+00
9.562541691428465995e+00
9.559001243148209426e+00
9.555045541988773650e+00
9.551013898395199320e+00
9.546615032649144794e+00
9.542881211952257914e+00
9.538569816431598625e+00
9.534075439679490671e+00
9.529819723278711407e+00
9.526373558531830099e+00
9.523132275868185559e+00
9.517960305054451453e+00
9.515505982363123394e+00
9.510517182100878486e+00
9.508787147425044495e+00
9.504468151542036836e+00
9.500124455700863280e+00
9.497337945397491765e+00
9.492378216880480224e+00
9.489142596105708094e+00
9.485438871338345734e+00
9.481868065083800090e+00
9.477410009269320312e+00
9.474055821790152265e+00
9.468895266043212189e+00
9.467107672595018286e+00
9.462955419911022403e+00
9.458217965544683636e+00
9.453384385576512727e+00
9.450012013327722116e+00
9.445841590922414710e+00
9.441830119176676916e+00
9.436871826493856474e+00
9.434232169004411972e+00
9.431783684552241809e+00
9.427687627646987423e+00
9.423753941605349738e+00
9.421140486381862189e+00
9.416623846817143928e+00
9.412655890926872715e+00
9.410871329969374699e+00
9.406436727372526008e+00
9.404596355521929851e+00
9.398675932983818981e+00
9.396495039427300355e+00
9.391515470458800863e+00
9.388546568862883746e+00
9.385038409361486700e+00
9.382082868352830118e+00
9.379225166349684173e+00
9.373997300234121255e+00
9.372833233326202773e+00
9.368926964459117102e+00
9.365949404089812802e+00
9.361530192078264534e+00
9.358952374400329788e+00
9.354872991276243610e+00
9.353312111517812610e+00
9.349201263996420153e+00
9.347245201018681726e+00
9.342886355552536770e+00
9.339255388121495471e+00
9.338979437250779725e+00
9.332406158873519431e+00
9.330815161345267228e+00
9.326569260290748176e+00
9.325222147089263558e+00
9.319698101213257146e+00
9.317620643219841625e+00
9.313909366140871171e+00
9.313131987936438705e+00
9.308583673555842708e+00
9.305285198291011639e+00
9.302063558489997774e+00
9.299097654174980576e+00
9.295876907018213231e+00
9.292935874299319110e+00
9.290644153138286399e+00
9.287617765310455908e+00
9.283602888506766959e+00
9.281174191068233270e+00
9.277722272271708093e+00
9.274209352076860924e+00
9.269840415079501739e+00
9.267854258451285077e+00
9.263056856466340250e+00
9.260682473979489515e+00
9.258279124318248066e+00
9.254850826669061448e+00
9.252727625086885510e+00
9.248901769035995812e+00
9.246498384733074616e+00
9.243496718821454294e+00
9.241482794124779687e+00
9.237769164879935602e+00
9.236758686383845784e+00
9.232141850508041259e+00
9.231065420042481762e+00
9.228316449619638817e+00
9.226377738471200018e+00
9.221846024097700933e+00
9.219210386718051708e+00
9.217473600933439926e+00
9.213652719422096737e+00
9.212534349967350877e+00
9.209135803928685249e+00
9.207170294052117399e+00
9.203175415682542493e+00
9.200111086338477406e+00
9.197998059433773577e+00
9.196877458571679043e+00
9.193075088986550014e+00
9.191154604365213032e+00
9.188327901060537428e+00
9.185644354179718363e+00
9.183923619792080828e+00
9.179489671702068421e+00
9.178873261644451276e+00
9.175663940797182505e+00
9.174826451734757526e+00
9.170756337767686617e+00
9.168830595400786265e+00
9.167997264534349711e+00
9.163918344858172915e+00
9.163040365089207384e+00
9.159329506198407245e+00
9.158480208210210805e+00
9.155754985307472893e+00
9.152709981849570298e+00
9.151713416088933073e+00
9.148329506316743576e+00
9.147006642870652016e+00
9.144348586720164818e+00
9.141762163536004238e+00
9.139118104981827528e+00
9.136401748943326240e+00
9.135259510420752349e+00
9.132096070885230787e+00
9.129704369122611851e+00
9.128275044639359237e+00
9.125253805037008448e+00
9.122674467811771493e+00
9.121642327149015017e+00
9.119211021021405017e+00
9.116527868113507793e+00
9.115460354619751016e+00
9.112043571943486242e+00
9.110715445527423739e+00
9.109039044273048447e+00
9.105994081293010467e+00
9.103350376036864589e+00
9.100154514893160851e+00
9.098971266178551787e+00
9.096230211113345732e+00
9.093324516805637359e+00
9.091615734694380890e+00
9.088333599054349676e+00
9.085754681683473777e+00
9.083590735155164353e+00
9.081366673690558500e+00
9.078789654784001684e+00
9.077301492133008409e+00
9.074147588621137572e+00
9.071693479495358758e+00
9.069363247342611345e+00
9.065541352123503316e+00
9.063937750177622377e+00
9.062321626568172306e+00
9.060183105139188342e+00
9.057669755979786075e+00
9.055646238370277601e+00
9.053648759926879563e+00
9.051649061437354149e+00
9.047906137983073194e+00
9.046519663025250679e+00
9.043878996874665788e+00
9.041726688209436702e+00
9.039396844214747873e+00
9.035232943888535928e+00
9.034968491509474120e+00
9.032051445397497602e+00
9.030887995456705397e+00
9.027234928405462711e+00
9.026050727216412994e+00
9.023503287919899307e+00
9.021266091067762005e+00
9.018208695987249612e+00
9.017446063667895473e+00
9.013090090170893021e+00
9.012594036032766098e+00
9.009667846215963394e+00
9.008337455568943497e+00
9.005267479641888784e+00
9.002725552890716187e+00
9.000765789241816250e+00
8.999994990533968675e+00
8.996387707785054033e+00
8.994960113912258137e+00
8.992491217750307797e+00
8.991783579689359485e+00
8.988683336461830820e+00
8.987786987562815355e+00
8.984376182055385129e+00
8.983057864485704869e+00
8.980965179887702377e+00
8.979554359721676704e+00
8.976637233299927132e+00
8.975577288839714285e+00
8.973089792365707140e+00
8.972123142605861190e+00
8.969135592519949185e+00
8.967136740050607457e+00
8.965958846235851709e+00
8.963615994173599333e+00
8.963115912317901390e+00
8.960272362022831061e+00
8.958127784402799776e+00
8.957764248396621554e+00
8.956556527128475054e+00
8.953847871575344897e+00
8.951867056705259174e+00
8.949379374833041467e+00
8.949066959623138473e+00
8.947574920471032200e+00
8.945218391566891469e+00
8.944257930146770619e+00
8.943809244486919496e+00
8.940957811404278033e+00
8.937395487942888295e+00
8.936139088352039295e+00
8.933321689504234442e+00
8.931591864598447117e+00
8.930214980545237324e+00
8.928634702769814524e+00
8.927077917854450817e+00
8.925816976799195501e+00
8.923940559234008418e+00
8.922906131052329215e+00
8.921319565995199596e+00
8.920401355584857583e+00
8.917105212637991940e+00
8.916533606208924212e+00
8.914897120439352562e+00
8.912108074782821632e+00
8.911435117779463511e+00
8.910890547550435414e+00
8.908668528274125364e+00
8.907132637592797053e+00
8.904856588096745185e+00
8.903524566736463086e+00
8.901271662428412057e+00
8.899726645639548295e+00
8.897279447585631829e+00
8.897118290015537667e+00
8.894431568301511604e+00
8.893462794010380534e+00
8.890599842379462103e+00
8.890718948278435008e+00
8.887736633590479940e+00
8.886267118718398805e+00
8.883734856906240651e+00
8.881774794983657628e+00
8.880868228431632261e+00
8.879925432564155230e+00
8.877774976312311495e+00
8.875585027595557008e+00
8.874541771684112845e+00
8.873040647337187892e+00
8.871019014847762563e+00
8.870601987493850871e+00
8.867404753937115913e+00
8.865559173679384841e+00
8.864210093017637959e+00
8.862673856726850374e+00
8.861871723301765869e+00
8.859665628421200978e+00
8.857731962339423504e+00
8.856067205837824474e+00
8.856650832813626195e+00
8.853015174868655635e+00
8.852034704320498548e+00
8.850702298821060410e+00
8.849092491183265352e+00
8.848017088464743551e+00
8.846027784236687452e+00
8.845649079089126232e+00
8.843157043273686568e+00
8.842294491580966920e+00
8.839717883130505882e+00
8.840173445775166172e+00
8.837790737554438891e+00
8.836324258675468002e+00
8.833724105238891511e+00
8.833637464718139043e+00
8.831734656981190312e+00
8.830702610748849324e+00
8.828545676515650698e+00
8.826792667735823272e+00
8.824720833644668971e+00
8.823831509188998723e+00
8.820899992625554020e+00
8.820688853714797162e+00
8.818636348671395453e+00
8.817224657873520499e+00
8.814418200470219844e+00
8.813393340967472511e+00
8.810919919092977892e+00
8.809557596085470621e+00
8.808259900176514279e+00
8.806909117814857524e+00
8.804832369150277671e+00
8.802478942762940406e+00
8.800272017615446529e+00
8.798476446755516989e+00
8.796369444237733148e+00
8.795300111298432810e+00
8.794410068797006375e+00
8.791967961687198851e+00
8.790670436949428179e+00
8.788964618828844166e+00
8.786325119746324575e+00
8.784915075638174642e+00
8.783160212807525014e+00
8.780213208761525223e+00
8.779836961467930578e+00
8.777207297123613472e+00
8.775657918014031722e+00
8.774374806714991593e+00
8.771608217151442233e+00
8.770971146781464611e+00
8.769252996464489414e+00
8.767799165832697028e+00
8.765830459807576247e+00
8.764466743286169148e+00
8.763086794382742184e+00
8.761772789626304458e+00
8.759512894316083376e+00
8.757734582881690599e+00
8.757415472887013053e+00
8.756588235123627939e+00
8.754848351580141852e+00
8.752691087004237147e+00
8.751552117950074816e+00
8.749081512067785837e+00
8.749580470044044489e+00
8.746689630512339164e+00
8.745400285646221406e+00
8.743732585492010045e+00
8.742299307198640790e+00
8.740202876967202883e+00
8.738976373799852482e+00
8.736341214428838597e+00
8.735632767720872494e+00
8.734749437806966554e+00
8.733888752272905620e+00
8.731197784214298707e+00
8.730208488284471713e+00
8.728645174012520158e+00
8.727736895556583718e+00
8.725811205767799450e+00
8.723701651163194626e+00
8.722883168265637366e+00
8.721333291888985428e+00
8.719511374583847285e+00
8.718674558730802104e+00
8.717088265255313217e+00
8.716057963098117867e+00
8.714912144919130910e+00
8.712980977153092610e+00
8.710534067812130132e+00
8.709564606894138805e+00
8.707943015222690875e+00
8.706510491214448422e+00
8.706675458031842396e+00
8.702479438413789126e+00
8.702991690193023544e+00
8.701284477168195863e+00
8.700144302535472107e+00
8.698379681964398813e+00
8.697873203821844257e+00
8.696182117942200307e+00
8.694843119458790071e+00
8.693222698293210371e+00
8.691524711780150625e+00
8.690585692543848495e+00
8.689352702976497866e+00
8.687323139438118957e+00
8.685751269101423588e+00
8.684987139336714179e+00
8.683646012130518343e+00
8.681314254937882779e+00
8.678384225094911031e+00
8.678029823398611953e+00
8.676324117477173914e+00
8.674414467569528497e+00
8.672085785228281551e+00
8.670827602188230898e+00
8.671099251103917993e+00
8.668519410855923368e+00
8.667102714905473348e+00
8.665407932299540761e+00
8.663520352107518363e+00
8.662577539709152674e+00
8.661307457179187708e+00
8.658363742129221663e+00
8.657566280140109427e+00
8.656109387573563296e+00
8.654128196524164096e+00
8.652755267820463558e+00
8.650653301381259652e+00
8.649664504083633076e+00
8.647987479328184790e+00
8.646284164954497697e+00
8.644424683627500272e+00
8.643704501317035493e+00
8.641519487173024316e+00
8.640840067896229826e+00
8.639802367840916375e+00
8.638724558107755414e+00
8.637286063449554518e+00
8.636025032131913193e+00
8.633829605969243204e+00
8.632629767848078117e+00
8.630328503535851681e+00
8.628410924587559094e+00
8.627323192896101389e+00
8.626105870379811691e+00
8.624736655304216626e+00
8.621687880256590830e+00
8.621432913383495489e+00
8.619733612010248791e+00
8.617063083371851562e+00
8.616410055654291966e+00
8.614510086739214145e+00
8.612486274749869608e+00
8.611000606454433992e+00
8.609470013567577240e+00
8.608709576147653308e+00
8.606758537448502722e+00
8.604152613956122408e+00
8.601945310973393433e+00
8.601274908923532081e+00
8.598560853198318199e+00
8.597901164744220281e+00
8.595070111671176960e+00
8.594357044018256175e+00
8.589961561733041151e+00
8.590240182014206027e+00
8.590036381385809605e+00
8.587662902728714798e+00
8.585788054535482772e+00
8.583839907729979402e+00
8.582277304071309842e+00
8.579364867288171936e+00
8.579620047052072707e+00
8.577680725913085169e+00
8.575153741209978975e+00
8.575179696950803176e+00
8.573232852749578470e+00
8.571897235821809957e+00
8.569266410661029454e+00
8.569759061418894319e+00
8.566633658632813564e+00
8.567583767612655166e+00
8.564972026973963537e+00
8.563711880354523132e+00
8.563085538506642891e+00
8.560427249025293506e+00
8.560748839405174948e+00
8.558449866469134193e+00
8.555546216092666967e+00
8.557050056935652904e+00
8.552665055048258580e+00
8.554533730034430405e+00
8.551293081025326259e+00
8.550680513901054880e+00
8.547411704470624372e+00
8.547430399448993299e+00
8.546354530559952423e+00
8.545019690458330430e+00
8.545424172619492609e+00
8.542836311873035271e+00
8.539595797848651415e+00
8.540416119410801699e+00
8.537977315982248072e+00
8.537266184688506954e+00
8.535853711106300423e+00
8.533453518216786549e+00
8.532510413948745764e+00
8.531013733677655253e+00
8.528625670954850690e+00
8.528312224717549128e+00
8.526106620656619839e+00
8.526343230044396648e+00
8.523073389720572379e+00
8.524396597008966125e+00
8.521312121757715019e+00
8.518997237493488583e+00
8.518289644923617843e+00
8.516028528336676118e+00
8.514933449535767807e+00
8.514230167096750179e+00
8.512839966023996396e+00
8.512295222386962124e+00
8.510613818916345608e+00
8.508078582370389498e+00
8.508261279301320812e+00
8.505341295847943073e+00
8.504401798891727537e+00
8.502988162324855992e+00
8.502302720864205909e+00
8.500516574359895827e+00
8.498920788489799705e+00
8.497615885265838997e+00
8.494661128858050247e+00
8.496846465907955448e+00
8.493646130119566706e+00
8.490354039253688256e+00
8.488817950880978458e+00
8.488498538694626561e+00
8.487084490322851948e+00
8.484760007412122107e+00
8.482938939148892743e+00
8.483743983960669865e+00
8.481314540318242834e+00
8.477477301086574712e+00
8.478326472765266075e+00
8.475822514149090381e+00
8.474767123914459077e+00
8.472641441490591063e+00
8.471779236472320562e+00
8.469334247613227618e+00
8.470791427456898504e+00
8.467640800336972973e+00
8.466001790172152042e+00
8.465026647236291168e+00
8.463843558083381069e+00
8.464042909738530795e+00
8.461484030113458843e+00
8.460778729571547530e+00
8.458582797455422408e+00
8.459145644511652407e+00
8.454212549280510913e+00
8.454296363613233112e+00
8.451869223759199912e+00
8.450405364821442333e+00
8.449151451305503713e+00
8.449359804705732557e+00
8.446346944897738851e+00
8.443077191655637748e+00
8.444178108816986494e+00
8.442336203618694412e+00
8.440849427226810420e+00
8.438585356452586339e+00
8.437820810724820930e+00
8.435195675670183135e+00
8.433174363178832067e+00
8.431557287785400590e+00
8.431366622429974811e+00
8.428923168216767792e+00
8.428383046327173389e+00
8.428288534335761639e+00
8.425809843220621431e+00
8.424550713628358167e+00
8.423497306241136684e+00
8.420527202611124196e+00
8.421578440891829942e+00
8.419425927360292050e+00
8.416642024732693628e+00
8.416569396850217544e+00
8.414741138185352298e+00
8.414331652973933373e+00
8.411752858378106268e+00
8.410745953572572375e+00
8.410763428585775969e+00
8.407475595303205651e+00
8.409041292583916416e+00
8.405496116996461708e+00
8.405922343261780227e+00
8.403620831116862533e+00
8.402710718497827358e+00
8.400087403811379971e+00
8.400159576870411371e+00
8.398434203948673016e+00
8.397716504071325971e+00
8.394274355832765266e+00
8.395775633715674147e+00
8.393482684380149550e+00
8.392094865874382137e+00
8.390024054142138255e+00
8.389431799875628926e+00
8.387137437269785778e+00
8.386283224252954582e+00
8.383818584779154648e+00
8.384117943874262124e+00
8.380810622561272183e+00
8.381119384208728817e+00
8.376980427325179335e+00
8.378261130942373569e+00
8.376324570663184588e+00
8.374563287515583099e+00
8.373111316180322561e+00
8.372767974604862218e+00
8.370241682713514209e+00
8.368628921556274136e+00
8.365841736682208207e+00
8.366955379411534111e+00
8.362732215887442422e+00
8.362431368170781809e+00
8.358634499078894109e+00
8.360191391483931866e+00
8.357146182399771916e+00
8.356305391410776551e+00
8.353191630561688896e+00
8.352724085059216819e+00
8.352736131446194534e+00
8.349550802671771521e+00
8.350592904702894614e+00
8.346777451397111136e+00
8.346291782169599216e+00
8.344991513806169436e+00
8.343502922960341905e+00
8.342994077982771373e+00
8.340653943703308926e+00
8.338683148356357933e+00
8.338621037652199419e+00
8.336349953163869841e+00
8.335793543777915815e+00
8.333924729839337076e+00
8.333230490626801767e+00
8.331465481345443180e+00
8.332179385921900661e+00
8.328992466372252323e+00
8.326460519665376481e+00
8.327097015151933235e+00
8.324599717191615511e+00
8.322596896458746230e+00
8.323032713434285412e+00
8.320172383740080946e+00
8.318438998364802828e+00
8.318191397715901658e+00
8.314851067977073740e+00
8.313521339165694357e+00
8.314726503368229160e+00
8.310881851405317988e+00
8.309652587734523976e+00
8.309310883184050311e+00
8.307241231817053873e+00
8.304951570364243807e+00
8.305256276478557353e+00
8.301148224879161930e+00
8.301202639724454713e+00
8.300291093430482547e+00
8.297036969513245097e+00
8.297128717985589930e+00
8.293913796180401476e+00
8.294149051099962477e+00
8.290350180989271678e+00
8.289331199270792538e+00
8.288503634719646129e+00
8.289480830280313128e+00
8.287965514490361230e+00
8.285983006215063895e+00
8.284160665100690935e+00
8.282832202605520777e+00
8.280309399973090123e+00
8.279111472772214597e+00
8.277373843744593174e+00
8.275493603246953711e+00
8.274501653728066231e+00
8.272160597655433989e+00
8.271895169389322788e+00
8.268168819710217221e+00
8.268511020038792125e+00
8.266117427373211868e+00
8.264297482113009963e+00
8.263876970048768200e+00
8.259792277655973791e+00
8.257949481245884016e+00
8.256793946061451450e+00
8.255435235060797794e+00
8.253148335076547326e+00
8.251967698117082861e+00
8.250267828564453509e+00
8.248631676851603700e+00
8.248706976233963317e+00
8.244195215118073961e+00
8.244160393313574531e+00
8.244539235236546304e+00
8.240359946751393494e+00
8.241698162116035675e+00
8.238035569933744640e+00
8.234479971916972119e+00
8.236311868855784368e+00
8.231641795313503707e+00
8.233241184380728939e+00
8.231520763734566870e+00
8.226912492408830602e+00
8.227760111929136144e+00
8.224808757263065928e+00
8.222040118340380843e+00
8.219803857076914966e+00
8.217633522099275112e+00
8.214545816262480926e+00
8.213375715323614656e+00
8.209125745127400009e+00
8.207959053709917185e+00
8.206615641940729233e+00
8.202368232228431921e+00
8.201614532712193650e+00
8.200628722505992840e+00
8.199242876564595051e+00
8.195641278436367472e+00
8.196833865018858134e+00
8.194040541062179273e+00
8.189468553134657824e+00
8.190069899296329226e+00
8.187124810670956876e+00
8.187492669698393399e+00
8.185092527350247948e+00
8.182565196120821227e+00
8.179301400092597873e+00
8.180170067490768915e+00
8.178080250958116082e+00
8.173238413622042842e+00
8.176327495218115970e+00
8.171180804869921488e+00
8.167772027381046129e+00
8.171225626808308107e+00
8.165131395976027662e+00
8.163087168461149901e+00
8.162364039512512548e+00
8.158069094024751777e+00
8.161588174448723976e+00
8.155985746885532350e+00
8.153840421081314460e+00
8.155819572558030472e+00
8.152113453480678729e+00
8.150309654525580427e+00
8.150266007573609528e+00
8.148455268812879737e+00
8.143822404111789481e+00
8.144261639881799297e+00
8.143717354882772597e+00
8.137752565541925165e+00
8.139658886033785734e+00
8.134873449159877978e+00
8.138375471451707810e+00
8.132301749191521267e+00
8.132565069570212302e+00
8.129489232668390741e+00
8.129793586973923070e+00
8.125442875231078332e+00
8.125480898913950867e+00
8.121638529242174442e+00
8.122532267225816227e+00
8.120549274780325177e+00
8.119824951107199595e+00
8.118069440071121079e+00
8.113997130524696288e+00
8.113745467313048465e+00
8.111484459448321971e+00
8.111462547430726033e+00
8.107783441667896440e+00
8.109852098986140234e+00
8.107079033012423608e+00
8.104129756717464161e+00
8.102851010922080377e+00
8.102785839022683234e+00
8.099279298867765320e+00
8.099021654134960002e+00
8.095461158378656208e+00
8.096641413451731495e+00
8.095800336563881316e+00
8.091962919356037176e+00
8.093034151858892855e+00
8.090720572428990565e+00
8.089765051006933660e+00
8.085210102702587776e+00
8.088465234005369098e+00
8.082638281999875218e+00
8.083162113464412712e+00
8.080272120386643664e+00
8.081140278861706605e+00
8.077828003578881422e+00
8.077241362215579201e+00
8.074809365713141673e+00
8.075095565415351118e+00
8.075179231546329106e+00
8.069887202320325414e+00
8.069994966167458372e+00
8.067370968146153842e+00
8.069483162249602159e+00
8.066851795388989999e+00
8.062678839601579384e+00
8.062712724118858532e+00
8.062812401011131058e+00
8.060314877225492225e+00
8.057552855358059318e+00
8.057220745154246799e+00
8.053700720053225126e+00
8.056890196325495523e+00
8.054974855360230279e+00
8.050116771913094382e+00
8.050814780910036106e+00
8.047918220542722878e+00
8.049189207197256835e+00
8.047220723234534745e+00
8.043967749535843481e+00
8.044561291597402075e+00
8.042255523109352211e+00
8.040657370638891521e+00
8.042666462275116501e+00
8.035150342749155072e+00
8.040070809448314648e+00
8.035976051439366330e+00
8.032535002556167925e+00
8.032571122628686666e+00
8.029848781964499693e+00
8.030586299882399359e+00
8.029684538106906189e+00
8.025886930314110046e+00
8.027004205812380278e+00
8.025125444240655881e+00
8.021894174842657321e+00
8.023391139740231992e+00
8.021827675075554609e+00
8.015817734502643788e+00
8.020341988640703690e+00
8.012672536508741672e+00
8.015462582443516837e+00
8.014951440476648870e+00
8.009183810334786102e+00
8.009010123916374013e+00
8.007991393641669120e+00
8.007329526443838219e+00
8.002700894830727663e+00
8.004775121603008969e+00
8.002833093564195366e+00
7.998063679085088751e+00
8.000101882791208041e+00
7.996011826683329993e+00
7.991234829382764637e+00
7.995800514296639960e+00
7.992722322014597758e+00
7.988685327018011151e+00
7.989942754739598030e+00
7.989300983820221802e+00
7.984001646671739394e+00
7.987151739390598415e+00
7.984655961243309008e+00
7.983675023757327516e+00
7.980697887770982213e+00
7.981214680643372361e+00
7.978751732752459525e+00
7.978800798535176320e+00
7.974169181470307954e+00
7.977162976331592326e+00
7.974966666327598652e+00
7.973133644249639218e+00
7.969147593978881616e+00
7.971468197186349691e+00
7.969925815963120108e+00
7.967201388404358653e+00
7.966596774178213103e+00
7.965155358884305592e+00
7.960217667367082583e+00
7.963198691943856211e+00
7.960527468634340131e+00
7.957776591942910649e+00
7.954066155799332627e+00
7.957361116044701532e+00
7.953314798122494977e+00
7.954034170326417019e+00
7.951157952661034756e+00
7.948349644594770780e+00
7.943734398710087241e+00
7.945929918793091851e+00
7.944910408864129359e+00
7.942618909955808881e+00
7.937581151400087798e+00
7.941038777493319323e+00
7.937576104823944156e+00
7.936936786931897636e+00
7.930560047787648337e+00
7.935600677003677106e+00
7.928650250895159957e+00
7.924709632062931774e+00
7.920188613268728695e+00
7.923876011934830821e+00
7.918711925223341552e+00
7.919143668065284025e+00
7.917408997033202667e+00
7.913585920225469472e+00
7.914269187785760273e+00
7.911132010339863463e+00
7.912266085704274587e+00
7.906216765287308768e+00
7.909139173156780167e+00
7.904830212406523060e+00
7.906547648918411220e+00
7.899974173673611766e+00
7.901070786128921775e+00
7.896750239056729015e+00
7.897981678116392068e+00
7.897368922816293768e+00
7.891077902313388570e+00
7.891117439401188705e+00
7.890627831226019850e+00
7.886050853959086560e+00
7.888266234071827476e+00
7.885002781436207364e+00
7.883584542657813721e+00
7.882429368142212844e+00
7.878991157685405256e+00
7.879877357205416821e+00
7.878138356455632874e+00
7.873480569039944754e+00
7.875160139033398288e+00
7.872354408150736838e+00
7.873548989466727654e+00
7.868574658801921196e+00
7.868722314039701793e+00
7.864374206008439394e+00
7.866876432572741606e+00
7.863228452555854453e+00
7.859050806870343742e+00
7.860134191119513503e+00
7.857044464442281217e+00
7.857550943217487038e+00
7.851950872204183973e+00
7.852522793807530377e+00
7.848645604180727098e+00
7.851877407074542070e+00
7.846565020699203252e+00
7.846845573542652552e+00
7.843069757968937239e+00
7.843424932230694147e+00
7.839119668305021271e+00
7.839610205925005459e+00
7.835771861444516873e+00
7.836072749509766844e+00
7.835441300985990232e+00
7.830231926724525060e+00
7.831207222221867603e+00
7.827586824409896060e+00
7.827826167433779680e+00
7.825230545331073984e+00
7.825245624669171285e+00
7.824432628471182483e+00
7.820452885670803767e+00
7.822152290945606268e+00
7.819930650300009667e+00
7.814745944081717077e+00
7.816727729339386421e+00
7.812956749700460612e+00
7.814155450317401552e+00
7.811962354217915738e+00
7.807676982570074919e+00
7.809009163761989392e+00
7.806565165574231635e+00
7.803519186667596585e+00
7.803671239348401123e+00
7.801761275121996242e+00
7.797187134906613970e+00
7.795816377066913105e+00
7.797583104214219851e+00
7.796957129674129128e+00
7.794467143180088264e+00
7.792202836875887328e+00
7.791542089716894992e+00
7.787637837610063229e+00
7.788977161988963616e+00
7.786485676671603962e+00
7.783092221139711775e+00
7.785201143129238943e+00
7.782815742376883783e+00
7.778934183997996854e+00
7.781121255904250411e+00
7.778640715119859550e+00
7.775632946922783617e+00
7.776538421415920332e+00
7.774117892777744565e+00
7.771442719702267965e+00
7.772045088923376532e+00
7.769738304678502239e+00
7.766134450271626299e+00
7.768551059868815223e+00
7.765458314524811279e+00
7.763095953333738919e+00
7.762600018130686230e+00
7.762437902375874721e+00
7.760075136259596995e+00
7.760352619362474336e+00
7.759014480643251943e+00
7.753478112291637636e+00
7.755881949187291013e+00
7.752417998198861682e+00
7.752991693374624127e+00
7.752500889696169573e+00
7.746643412442715260e+00
7.749675596846717696e+00
7.744066854534968236e+00
7.747748770603535284e+00
7.743822245808995142e+00
7.741147495214042884e+00
7.740771074153600217e+00
7.737540056389200060e+00
7.739644361970484887e+00
7.734998759746460451e+00
7.737132860534424061e+00
7.731002668859999538e+00
7.733722525152149530e+00
7.728118113620188190e+00
7.731725775313033289e+00
7.728471720753378627e+00
7.726648812763514229e+00
7.728992649586214014e+00
7.722782916443480694e+00
7.725852641609300520e+00
7.719397670890639773e+00
7.724001018166156030e+00
7.716220086986417925e+00
7.719299967941985585e+00
7.717368977841382538e+00
7.713704097911914914e+00
7.714686635975334106e+00
7.710754876882357500e+00
7.707152146263468673e+00
7.711149351734093216e+00
7.704229597663250217e+00
7.706980884897895123e+00
7.700713053084597526e+00
7.702598622939028417e+00
7.701938231082011477e+00
7.697062264541060017e+00
7.698550530941773218e+00
7.693936818467947525e+00
7.695102444545566023e+00
7.694575528904135986e+00
7.689846962561314392e+00
7.687141450623978578e+00
7.688726970151019025e+00
7.687318154141071780e+00
7.683805615354565077e+00
7.682703625201394715e+00
7.681472998114905693e+00
7.681813048774245978e+00
7.677356774779375392e+00
7.678195957667362848e+00
7.676678283477176734e+00
7.675702679790554761e+00
7.670604837408713017e+00
7.670130519375820910e+00
7.671770417446051482e+00
7.669811253185025102e+00
7.670667280844484459e+00
7.664511754980355640e+00
7.665988515106866963e+00
7.665946335152413305e+00
7.659981406313129959e+00
7.660537799613110543e+00
7.663246605734631345e+00
7.661104602300203403e+00
7.658763876303236628e+00
7.654698003460307376e+00
7.657227986424611110e+00
7.655321547827978357e+00
7.649352675420588277e+00
7.652756623155776872e+00
7.650052135696490119e+00
7.645825206313408451e+00
7.648919212036720872e+00
7.647092279226774814e+00
7.643004912127189243e+00
7.644436705636412199e+00
7.637837978548204454e+00
7.639111666098286513e+00
7.637305686602352317e+00
7.638334453128990731e+00
7.636928734098230365e+00
7.631913045784574301e+00
7.635109078205858602e+00
7.629133678727992418e+00
7.631313258081672934e+00
7.631370621864200565e+00
7.630286245218968588e+00
7.626622782692186853e+00
7.622241611451344490e+00
7.624720312107215570e+00
7.621103760301566332e+00
7.623132491204892780e+00
7.621442205884232379e+00
7.622669876727685256e+00
7.618723996334903603e+00
7.616207037589931339e+00
7.613634952703102421e+00
7.616644769906442569e+00
7.614017607260507248e+00
7.612811246617766869e+00
7.604935147555338837e+00
7.611175130410856582e+00
7.604443159218546633e+00
7.610326881064408688e+00
7.606748758780973674e+00
7.605700913976417787e+00
7.600080758445773910e+00
7.602391376137814127e+00
7.597648675827016085e+00
7.602023708592003715e+00
7.599160451508832459e+00
7.595474840794184779e+00
7.595743570904917696e+00
7.593117428312687878e+00
7.593854345618051838e+00
7.589809052001895928e+00
7.589625225233277206e+00
7.586998086502887872e+00
7.585405111301157355e+00
7.587206905983232552e+00
7.583522179765846971e+00
7.584198215401222853e+00
7.582306404828127455e+00
7.580106042153736290e+00
7.578930117772332942e+00
7.579573426761704091e+00
7.576061534497334549e+00
7.578067524814539269e+00
7.575951840110797697e+00
7.574209377748818639e+00
7.571807785403795066e+00
7.574836027667466887e+00
7.571015272760582171e+00
7.567272149320694474e+00
7.571003017549741365e+00
7.565902893349384151e+00
7.567012339827942746e+00
7.563942794725846852e+00
7.564672295937625357e+00
7.561564160728501349e+00
7.559835160263141951e+00
7.559717351359547699e+00
7.558054720299046458e+00
7.554654494636420914e+00
7.555219431144815978e+00
7.556026311283005725e+00
7.552245001469988672e+00
7.551572474077556052e+00
7.548210204541852875e+00
7.549345185710819806e+00
7.547866050836627316e+00
7.546133236083093720e+00
7.544085703503280449e+00
7.544267868993805415e+00
7.541861603829335792e+00
7.543132177770725200e+00
7.540221487745572659e+00
7.541549957897735190e+00
7.538112367428985827e+00
7.536186706439612415e+00
7.537817007993550256e+00
7.533501190391134195e+00
7.534358410888235547e+00
7.531751035432848518e+00
7.532265129862150133e+00
7.530936176012158256e+00
7.532330467577602384e+00
7.529886112387122132e+00
7.530948480610596185e+00
7.527734575936738004e+00
7.525871820487538777e+00
7.528059087743490529e+00
7.524968745831880135e+00
7.525280236346691076e+00
7.522790645167513723e+00
7.522864907384106736e+00
7.521806538584949742e+00
7.517581378401832382e+00
7.519072731608523519e+00
7.517171510872742601e+00
7.514630137159213241e+00
7.516519109430054080e+00
7.513462118521410993e+00
7.514380002803245695e+00
7.512763743866181620e+00
7.509604704022639687e+00
7.511637578778149305e+00
7.507639046345716771e+00
7.508154526656014127e+00
7.507008224016300524e+00
7.507344421029650938e+00
7.504291544188116170e+00
7.505075221592531598e+00
7.500881762710251088e+00
7.500769672545985145e+00
7.501519301141045482e+00
7.500352638015100659e+00
7.498920972543448471e+00
7.498476994525482553e+00
7.496580464486142681e+00
7.496713943090234977e+00
7.495888679054306891e+00
7.495109993391200653e+00
7.493100642060949390e+00
7.495199758872378659e+00
7.492624580360863540e+00
7.490865425812104128e+00
7.489416215895817963e+00
7.490604181803253603e+00
7.487241562573673015e+00
7.486819146458280727e+00
7.487441688919678207e+00
7.485911208488357005e+00
7.483588875682902319e+00
7.485647928256200068e+00
7.482444463766962706e+00
7.482373356990824398e+00
7.481359394440910471e+00
7.480976922971474430e+00
7.479636206835201584e+00
7.478939748938489451e+00
7.475991381794469426e+00
7.479560467139642732e+00
7.475556864518711819e+00
7.475688658921380458e+00
7.472351261396092958e+00
7.474598350122296786e+00
7.472459680335455268e+00
7.470286135159998508e+00
7.471860714991014341e+00
7.469379132345011385e+00
7.467380531125622944e+00
7.469287454021870332e+00
7.465779622775123414e+00
7.466863494239252219e+00
7.464666945782486351e+00
7.464568874738183091e+00
7.462593405109569034e+00
7.463906320419322782e+00
7.460376183026938612e+00
7.458658934190058432e+00
7.458043781693727503e+00
7.458973768711783414e+00
7.456457830902428974e+00
7.456530854626302052e+00
7.453865070231418422e+00
7.454578310790901163e+00
7.451515594354359173e+00
7.450289269173734574e+00
7.452750114497406209e+00
7.449373533333872643e+00
7.450448394819866316e+00
7.446520221666079742e+00
7.449416851527215222e+00
7.444545360144108059e+00
7.444094694030873427e+00
7.446074137926204095e+00
7.442100240318697324e+00
7.442010225495123699e+00
7.442293261839150631e+00
7.439775894250968413e+00
7.438441212894929322e+00
7.439551229178579916e+00
7.437687957901501612e+00
7.436462114599174278e+00
7.438113961741493974e+00
7.433856926122239805e+00
7.436523272920003258e+00
7.434169104997532251e+00
7.434093923934696591e+00
7.433190164058584237e+00
7.431647772035506527e+00
7.431957962752548497e+00
7.430859008269190547e+00
7.429385347361471936e+00
7.427669808680557928e+00
7.429797561730978828e+00
7.426478174099944596e+00
7.428826111994414561e+00
7.425057962766765662e+00
7.425286150416529729e+00
7.423379462659472239e+00
7.425308664065032538e+00
7.422367547768767615e+00
7.423999212258151736e+00
7.420426032579623410e+00
7.421103395397971703e+00
7.419527988596509083e+00
7.421420494735902373e+00
7.418607369316866595e+00
7.419439387820681020e+00
7.416722643370708745e+00
7.417126878353101915e+00
7.416039670033825359e+00
7.414967911969344350e+00
7.416273486285132499e+00
7.414354979213200636e+00
7.413433673636949273e+00
7.413369398916454855e+00
7.412491358653462648e+00
7.412076287422574516e+00
7.411758345693787220e+00
7.409976355365206047e+00
7.411471637334140716e+00
7.407517829675493992e+00
7.409586856225895524e+00
7.406921041125819727e+00
7.406130448771441444e+00
7.407779095444635864e+00
7.404955402662444008e+00
7.406181391440695982e+00
7.403256584764871029e+00
7.403816152082721480e+00
7.404281387680407001e+00
7.401974460143633472e+00
7.400393817946619102e+00
7.400804290427192456e+00
7.400296791362449333e+00
7.399419705402807246e+00
7.397241110405907705e+00
7.399189559434994123e+00
7.396619949493723034e+00
7.397752743257711039e+00
7.395963455166125300e+00
7.393428578533042916e+00
7.397104997670194138e+00
7.393684251099084115e+00
7.393092157928433217e+00
7.392432873870673937e+00
7.393983523801142432e+00
7.390750960799976177e+00
7.391854995157927100e+00
7.390486701975262029e+00
7.389795469819663509e+00
7.388809049096166426e+00
7.388835123053660858e+00
7.387278481350946002e+00
7.389250873559372046e+00
7.386027751881587555e+00
7.385071535166580325e+00
7.386462663593306388e+00
7.384561729005793218e+00
7.384403127491752095e+00
7.384098753153415906e+00
7.381086652221416244e+00
7.383477564602629606e+00
7.380597553068636074e+00
7.382248631069540323e+00
7.379865784898289149e+00
7.379969501531049580e+00
7.378085113046406462e+00
7.378468043062238912e+00
7.377741863311890747e+00
7.376497828804544632e+00
7.377195836488215974e+00
7.374248206258145366e+00
7.373643961732100571e+00
7.374186222378360078e+00
7.373318365109580164e+00
7.374441125678855791e+00
7.370568169081635368e+00
7.373239798531272982e+00
7.371488560803626022e+00
7.371065787839575556e+00
7.368869170213479869e+00
7.369682271250049155e+00
7.369010431022014807e+00
7.368975786026227048e+00
7.369097419899655499e+00
7.367183681274101836e+00
7.366386988833977689e+00
7.367520826405242751e+00
7.364859970923007815e+00
7.366792703991365876e+00
7.363682402590168152e+00
7.366296843974357245e+00
7.363610329505212881e+00
7.362453826364241394e+00
7.361852036292078516e+00
7.361360428736960948e+00
7.361657412135213185e+00
7.359528175964547891e+00
7.359860898479102076e+00
7.358016370480934931e+00
7.359467075660980129e+00
7.360349883231561030e+00
7.356249865810177369e+00
7.358643036457156228e+00
7.356151476461984196e+00
7.353743952537279860e+00
7.358046455797349061e+00
7.354358194740247434e+00
7.355594098931067748e+00
7.353713873358766584e+00
7.354678405395097762e+00
7.351769124548336976e+00
7.352828367881179439e+00
7.350487657832686317e+00
7.349119383584810095e+00
7.352658195489389925e+00
7.348238300014949154e+00
7.350140114862198537e+00
7.348043202054537204e+00
7.348976065923062073e+00
7.346162307317229079e+00
7.348625893599095349e+00
7.346995045974899163e+00
7.345907455210531900e+00
7.345288245068846145e+00
7.345093590953934104e+00
7.345331461000884410e+00
7.342489711165693045e+00
7.345075605148299047e+00
7.341493669592743743e+00
7.343457444417269109e+00
7.342233192007685538e+00
7.342290653617933316e+00
7.340478585343263696e+00
7.340445301730895267e+00
7.341776516478522474e+00
7.338457031556161247e+00
7.338725272953507961e+00
7.339392525849895321e+00
7.337050661587837475e+00
7.339842912386107088e+00
7.335899428205425288e+00
7.338108509161386017e+00
7.333490315916556312e+00
7.336213183591527631e+00
7.333554621806058549e+00
7.336635625598856514e+00
7.331738279927793478e+00
7.331446660168758456e+00
7.335094599476501109e+00
7.331804472553238305e+00
7.332334223256250283e+00
7.330902051276438236e+00
7.331784477191658489e+00
7.330619452253593238e+00
7.329405809104284408e+00
7.328327342894776386e+00
7.330243625421805298e+00
7.327408833187159409e+00
7.326575597320906574e+00
7.329274737528979955e+00
7.323912732193732289e+00
7.326528356786351281e+00
7.326336897938182879e+00
7.325941383296580511e+00
7.324481648467608075e+00
7.325414360550243309e+00
7.323757240458964368e+00
7.321559979007208341e+00
7.323671993163102911e+00
7.323007917011350010e+00
7.321929806978787703e+00
7.321129331656304196e+00
7.323240295821148216e+00
7.317814123919121450e+00
7.320437589914963183e+00
7.320076265788223679e+00
7.319584606426492890e+00
7.318658264643296718e+00
7.317611490117215567e+00
7.318583395654030710e+00
7.317650994060669767e+00
7.316745222211781474e+00
7.314795894566430867e+00
7.318790549175703042e+00
7.311960877903964651e+00
7.315462419723497867e+00
7.312716435894404121e+00
7.313742367056708993e+00
7.309932640246671554e+00
7.312554139607944315e+00
7.310187147487773096e+00
7.310795712803012769e+00
7.307946732461544137e+00
7.309008853380237092e+00
7.309859829229729655e+00
7.306003328802302299e+00
7.309124708048186925e+00
7.306230630659745096e+00
7.306056658042082042e+00
7.304185742172563778e+00
7.302980161372403245e+00
7.305440213485508316e+00
7.304056344397849898e+00
7.303200780014212690e+00
7.300231838002281926e+00
7.304599618090427349e+00
7.299755514389324240e+00
7.303606467566897464e+00
7.301122661686321180e+00
7.300011548265534778e+00
7.298602313208365722e+00
7.301006899577218157e+00
7.297804815282030511e+00
7.299639394266463022e+00
7.295710214718487130e+00
7.296825163702461481e+00
7.296854645168608933e+00
7.296208381081780381e+00
7.294557277237810666e+00
7.294232062695994223e+00
7.296095882312864767e+00
7.291223504801191524e+00
7.293534506687073815e+00
7.291139899196793728e+00
7.293738919661058695e+00
7.288207794694344877e+00
7.291668345100579707e+00
7.288458523262424826e+00
7.291023377274385098e+00
7.285703448821519324e+00
7.288598730002000536e+00
7.287359629570151931e+00
7.289898356987937866e+00
7.284098665593996991e+00
7.286253817954169598e+00
7.284350248902279112e+00
7.283246388229297708e+00
7.282659151394658359e+00
7.285355278287037883e+00
7.281029759763103293e+00
7.281348710968689630e+00
7.280389689065169811e+00
7.278360788003723769e+00
7.278352358275146372e+00
7.280515007020891716e+00
7.276221223424347961e+00
7.277051521667346812e+00
7.276725607440106991e+00
7.272764253221115638e+00
7.272885560590434118e+00
7.275452293169110796e+00
7.274163619451773144e+00
7.273561061202315159e+00
7.271169282855963978e+00
7.271724003926728130e+00
7.271563903399116846e+00
7.272118700663720681e+00
7.268374487849908583e+00
7.269941564166059855e+00
7.269401639550827632e+00
7.269966648958186006e+00
7.268439031404525075e+00
7.269945175257575443e+00
7.269781772551120014e+00
7.264223003443916582e+00
7.266413003540344029e+00
7.264110343266016123e+00
7.266212644626338424e+00
7.263482340780215374e+00
7.263809314899339675e+00
7.261199244209458392e+00
7.264288593550019435e+00
7.261185241574708016e+00
7.261724147833793275e+00
7.259227720513288240e+00
7.262208592933782292e+00
7.256861138593328597e+00
7.259136546742581686e+00
7.256965316734549809e+00
7.259441305767656338e+00
7.258221924060578978e+00
7.254975251512660428e+00
7.256125704722252046e+00
7.256683471815393638e+00
7.254784317775860636e+00
7.254416439518503346e+00
7.252749845486704316e+00
7.253836664504491161e+00
7.249952994367088621e+00
7.254448809008511745e+00
7.250950555072910753e+00
7.252825655387241888e+00
7.250154221807737720e+00
7.251496191895252075e+00
7.247063278352711357e+00
7.249638308987273128e+00
7.247998383191347038e+00
7.250275688599877810e+00
7.245414639381697164e+00
7.247546709698478473e+00
7.246078429576592761e+00
7.244659952068658981e+00
7.245966687008013274e+00
7.246452149494199801e+00
7.243814294494332451e+00
7.243032293915454112e+00
7.244366552375971047e+00
7.244043500910334110e+00
7.240402924872838319e+00
7.241526947725778207e+00
7.240986566411915071e+00
7.242406360164657997e+00
7.240499561860143984e+00
7.239337200726180477e+00
7.240157674220854211e+00
7.236723111474357317e+00
7.241666867231813853e+00
7.240998337178459643e+00
7.238287139037637985e+00
7.236491771257031580e+00
7.238704689738363562e+00
7.236120428527286208e+00
7.237964138052547902e+00
7.236663940977674514e+00
7.233426304721600530e+00
7.233408567701030023e+00
7.234476013627144653e+00
7.234361807055567084e+00
7.233045297194180101e+00
7.231071026387308365e+00
7.236170830388914510e+00
7.231069289420337221e+00
7.234040342489609365e+00
7.230656307998482468e+00
7.233053926801960465e+00
7.228264819918969408e+00
7.234213273428267144e+00
7.228955139641393579e+00
7.229773156397254930e+00
7.230326376159887936e+00
7.228816208955741729e+00
7.227502734358174585e+00
7.225231557270210381e+00
7.224706414705631907e+00
7.227838440856500846e+00
7.223117591798438930e+00
7.225246661962312800e+00
7.220732155801589336e+00
7.223215822640472794e+00
7.223489575943919938e+00
7.218229171312117387e+00
7.222273401068853182e+00
7.220069098472545299e+00
7.220605438911943175e+00
7.217490639258920204e+00
7.217033223263360497e+00
7.219217721556233869e+00
7.214721803439058334e+00
7.214027865849494958e+00
7.215590495571436946e+00
7.212524214734412631e+00
7.213801191536636459e+00
7.211843754663152417e+00
7.209299365117708192e+00
7.211862776271916964e+00
7.209059006294008753e+00
7.208797268259858448e+00
7.207725377471137840e+00
7.207752655909472672e+00
7.205854623087233790e+00
7.205260924540947798e+00
7.205134535977637533e+00
7.202901563407401397e+00
7.202016131124647558e+00
7.201183825606961797e+00
7.201798748394256044e+00
7.201808140464389218e+00
7.200209737513639574e+00
7.200754688110944990e+00
7.197461323269998879e+00
7.200479189759446008e+00
7.195886535348005708e+00
7.199777295355470841e+00
7.194180229060829213e+00
7.196147321342036385e+00
7.194888037232126443e+00
7.195380763693818515e+00
7.192572758925696697e+00
7.194520752377406403e+00
