2.499344610697739597e+02
6.418103356117939029e+01
5.073048313831392164e+01
4.326905976455501701e+01
3.760410396899876417e+01
3.289653803296056367e+01
2.788479473559762312e+01
2.145751249468865396e+01
1.459643724174998347e+01
8.840075776056929513e+00
5.591901574062827507e+00
4.411991074368329713e+00
3.995514275678619498e+00
3.751235407558041413e+00
3.571833139457058603e+00
3.424308696132227769e+00
3.301937533518941148e+00
3.198510343147427992e+00
3.107564401880102078e+00
3.030080970544829722e+00
2.962798398460184668e+00
2.900333203717321950e+00
2.845654855358710211e+00
2.796025929791458253e+00
2.749099455910457124e+00
2.706846541471134682e+00
2.668584375654041718e+00
2.633429300387524652e+00
2.601930322906416571e+00
2.572418846875950571e+00
2.544996221126374358e+00
2.518794037041109046e+00
2.494472377617631853e+00
2.471091252360828161e+00
2.449385983436866532e+00
2.428942983875632233e+00
2.408957714710979747e+00
2.388999968938616991e+00
2.369542113467588695e+00
2.350683105710228205e+00
2.332563947288396999e+00
2.314668366925909826e+00
2.297639399536654192e+00
2.280212382503334467e+00
2.263605368710997379e+00
2.247223847322199042e+00
2.230698747238370139e+00
2.214459228327065432e+00
2.198818341336844728e+00
2.183818113266215999e+00
2.169050053571962344e+00
2.154482025551281321e+00
2.140137197843750005e+00
2.126337179190651572e+00
2.112319081488789774e+00
2.099195202390129023e+00
2.086084229156027536e+00
2.072940514288047709e+00
2.060228669253012068e+00
2.047464676269802997e+00
2.035253433996507155e+00
2.023483355957567120e+00
2.011995615470763887e+00
2.000483100659688596e+00
1.989433645821586660e+00
1.979211690049678785e+00
1.969276189711922198e+00
1.959546434499243039e+00
1.949849741186721497e+00
1.940711535813160582e+00
1.931730557371147627e+00
1.922454813596801815e+00
1.913521889263999798e+00
1.904922297397030562e+00
1.896566257423458302e+00
1.887662633390949862e+00
1.880815595362268278e+00
1.872493711412368533e+00
1.864725072660420535e+00
1.857295479467879096e+00
1.849296690268129595e+00
1.841619842011949615e+00
1.833934499534016327e+00
1.826657015576935050e+00
1.819497604021030668e+00
1.812319530444706173e+00
1.805375056991275207e+00
1.798831595686740448e+00
1.792184412857563247e+00
1.785847196989301944e+00
1.779540538892188328e+00
1.773740303534140805e+00
1.767814368572917516e+00
1.762310787848559102e+00
1.756977489395477710e+00
1.751602582055008739e+00
1.746542351742854882e+00
1.741096413144831878e+00
1.736117769414356360e+00
1.731685531543640799e+00
1.726801429358214124e+00
1.722282325185394258e+00
1.717667628090823628e+00
1.713140806806308980e+00
1.708444419601309328e+00
1.703821950064566160e+00
1.699585793522363275e+00
1.695297256668424124e+00
1.690950178141119364e+00
1.686622583743079273e+00
1.682569253365380213e+00
1.678544579673140857e+00
1.674648214555243042e+00
1.670710635272831590e+00
1.666754542735965350e+00
1.662855745719721723e+00
1.658933232925691170e+00
1.655173634505925584e+00
1.651470891156044507e+00
1.647899610910712687e+00
1.644471055251122804e+00
1.640915190546753832e+00
1.637689813383057968e+00
1.634155447363824010e+00
1.630878269847516604e+00
1.627345629425760221e+00
1.624131297056965684e+00
1.620518961320803752e+00
1.617209586902127683e+00
1.613966085152339636e+00
1.610663477386302889e+00
1.607285591321166107e+00
1.604350718171939194e+00
1.601070968393754734e+00
1.598116109740761459e+00
1.594818800102953960e+00
1.591787920851626348e+00
1.588628315630875809e+00
1.585329278417282772e+00
1.581958444163401589e+00
1.578861348443558077e+00
1.575737158849870978e+00
1.572640445295433453e+00
1.569400341581059122e+00
1.566426436634202446e+00
1.563343480045471301e+00
1.560111387181562170e+00
1.557583665504369108e+00
1.554393535698407547e+00
1.551503970069460836e+00
1.548809739054659351e+00
1.545922221743117442e+00
1.543544586285216846e+00
1.541024656144817984e+00
1.538283316952845814e+00
1.535728846332124808e+00
1.533158098076132125e+00
1.530937783582289713e+00
1.528821625614920299e+00
1.526809202759195294e+00
1.524660006517912114e+00
1.522600166664038523e+00
1.520447507269297338e+00
1.518240306763999570e+00
1.516003860865756225e+00
1.513951202398079898e+00
1.511980299302238429e+00
1.509863718319057080e+00
1.507822379513116706e+00
1.506074382028655512e+00
1.504339949991159164e+00
1.502440853594658288e+00
1.501131050218062590e+00
1.499632782472917869e+00
1.497707916058766520e+00
1.496395985923760330e+00
1.494302755556780715e+00
1.492589798872052009e+00
1.490703843139622675e+00
1.488905066589665260e+00
1.487445929872564188e+00
1.485163519362757478e+00
1.483467775948550171e+00
1.482066721353860972e+00
1.480054517139858694e+00
1.478262077628158977e+00
1.476629405275520002e+00
1.474991749862089252e+00
1.473224531694511397e+00
1.471333570003385161e+00
1.469556999132744179e+00
1.468026647567691967e+00
1.466392175471051607e+00
1.464924549797029130e+00
1.463524256901886700e+00
1.462015276881352577e+00
1.460351090461373680e+00
1.458785261165282288e+00
1.457110400335770883e+00
1.455638462521735121e+00
1.453966853607644660e+00
1.452266722331279070e+00
1.450758522050778820e+00
1.449366843897221813e+00
1.447661471665251609e+00
1.446333795569894720e+00
1.444791873985651565e+00
1.443164238592551607e+00
1.441643593793617173e+00
1.440178899920530275e+00
1.439121550988221143e+00
1.437584478341708438e+00
1.436287748272759623e+00
1.435262359996823500e+00
1.434031549142271933e+00
1.432969133093124903e+00
1.432064005580515165e+00
1.430897226654439303e+00
1.429902485836581638e+00
1.428868240716307580e+00
1.427811115245109841e+00
1.426846417027240355e+00
1.425774712406459033e+00
1.424903706258542568e+00
1.423749174055484845e+00
1.422666788918768077e+00
1.421567194470419571e+00
1.420501558514492002e+00
1.419460639674783531e+00
1.418512671432451633e+00
1.417621783262174029e+00
1.416842336666803703e+00
1.415919765535049502e+00
1.415044565622493700e+00
1.414176784353333494e+00
1.413442886744944671e+00
1.412568983915450493e+00
1.411649153568487414e+00
1.410832044132681817e+00
1.409907011135311139e+00
1.409044881032669894e+00
1.408298781371690511e+00
1.407513507638528560e+00
1.406660768367225423e+00
1.405742245910373223e+00
1.404906166510616394e+00
1.404086246297933549e+00
1.403105515186495289e+00
1.402370182808593491e+00
1.401463142218863922e+00
1.400617943486951456e+00
1.399734768709757660e+00
1.398864936803555281e+00
1.398347267106270886e+00
1.397653402393548516e+00
1.396896648765139526e+00
1.396129005616085328e+00
1.395569992690139038e+00
1.394803236529342572e+00
1.394005405113195595e+00
1.393272825040273943e+00
1.392553837835042829e+00
1.391966091204359879e+00
1.391170521059177156e+00
1.390556179730997544e+00
1.389825349803454957e+00
1.389124766720948090e+00
1.388391245587841771e+00
1.387811576087914389e+00
1.387230952077795676e+00
1.386559086066902369e+00
1.385913932019780637e+00
1.385262301297543353e+00
1.384651666175960472e+00
1.383958524754614672e+00
1.383436870176528499e+00
1.382908557810907935e+00
1.382140946729826680e+00
1.381514554271691786e+00
1.380922477841154405e+00
1.380202235057952587e+00
1.379554342499605069e+00
1.379035746201785706e+00
1.378315325983240136e+00
1.377790575029804288e+00
1.377205835275590262e+00
1.376595387001009918e+00
1.375944943445334800e+00
1.375403158313688978e+00
1.374847240643959800e+00
1.374318249047486118e+00
1.373698764131170869e+00
1.372972658658295542e+00
1.372466599364740913e+00
1.371885286516532743e+00
1.371248150710019376e+00
1.370712627637789005e+00
1.370094073969331916e+00
1.369598867370182882e+00
1.369048694496141083e+00
1.368359429115599823e+00
1.367796046814751199e+00
1.367239375532851353e+00
1.366618594132906095e+00
1.366014054266122990e+00
1.365320468266441933e+00
1.364751052135469322e+00
1.364193837775404594e+00
1.363671391939719646e+00
1.363163642827662114e+00
1.362538423894244621e+00
1.361842715656804481e+00
1.361167613789430852e+00
1.360626580421611997e+00
1.359866858912499366e+00
1.359416911208585432e+00
1.358667009640041501e+00
1.358222274505887173e+00
1.357545109048848841e+00
1.356950644875741796e+00
1.356394298866963055e+00
1.355802299476100758e+00
1.355270131508092613e+00
1.354728026787751061e+00
1.354058523124501479e+00
1.353628079488261138e+00
1.353019914240098709e+00
1.352496690895346410e+00
1.351884977628535767e+00
1.351273112837225510e+00
1.350600240998726553e+00
1.350109454225947081e+00
1.349511509635296980e+00
1.348641883108008699e+00
1.348079597609456615e+00
1.347459687461541877e+00
1.346864630933631846e+00
1.346188734225271411e+00
1.345713300964111125e+00
1.345045747979535244e+00
1.344433661067266028e+00
1.343922374477364512e+00
1.343370873788076070e+00
1.342955417507422977e+00
1.342236895221772031e+00
1.341798273782359496e+00
1.341173955883953717e+00
1.340727262426060662e+00
1.340116817499450441e+00
1.339561976633811824e+00
1.338864838923096157e+00
1.338451113592713737e+00
1.337782258432042459e+00
1.337199999231404091e+00
1.336680003243901460e+00
1.336121999272046557e+00
1.335585197627844556e+00
1.335164551444887104e+00
1.334562568930370396e+00
1.334025635260261966e+00
1.333581945161069982e+00
1.333055023505394621e+00
1.332744109558226642e+00
1.332380342267126316e+00
1.331937883909615206e+00
1.331403927747551785e+00
1.330966004853040507e+00
1.330276665136388869e+00
1.329813031489983421e+00
1.329429117262764803e+00
1.328943452574532724e+00
1.328610733886191886e+00
1.328177735796821413e+00
1.327872839838116992e+00
1.327471821561738485e+00
1.327037163768393091e+00
1.326616516620602093e+00
1.326207378004765181e+00
1.325714985507943977e+00
1.325271985398625230e+00
1.324702561561759584e+00
1.324079717530415312e+00
1.323661921977821176e+00
1.323091715097062915e+00
1.322744393305951505e+00
1.322268749613266126e+00
1.321848383923150516e+00
1.321537561538355776e+00
1.321056691287235241e+00
1.320646672255970655e+00
1.320367542193349397e+00
1.319984066136101530e+00
1.319651411231683058e+00
1.319436017098682301e+00
1.319094517344346684e+00
1.318773422388901606e+00
1.318535043734734957e+00
1.318168786999075914e+00
1.317992427860884552e+00
1.317577764835133003e+00
1.317290529107447483e+00
1.316977249966048591e+00
1.316681783610916145e+00
1.316316695365674638e+00
1.316013923874288949e+00
1.315686950329751914e+00
1.315357489556109760e+00
1.314997021449909820e+00
1.314845096065797136e+00
1.314404944728625457e+00
1.314061052130955698e+00
1.313841269780563925e+00
1.313536025862938939e+00
1.313275174573875548e+00
1.312963312600152532e+00
1.312685872031956746e+00
1.312383857321897329e+00
1.311814921195488814e+00
1.311586175410450750e+00
1.311338915965936769e+00
1.311127858272696400e+00
1.310824349096304520e+00
1.310592158693407727e+00
1.310355823643872819e+00
1.310091727587223032e+00
1.309867638996420336e+00
1.309625090804626968e+00
1.309384656748304954e+00
1.309270313830735333e+00
1.309068302187456068e+00
1.308790519366112237e+00
1.308431004267341269e+00
1.308127231117207634e+00
1.307823535664886849e+00
1.307737344057473550e+00
1.307441270584947413e+00
1.307200995058845683e+00
1.306943914874247437e+00
1.306775215400381551e+00
1.306441104478172077e+00
1.306190679339699345e+00
1.306010980445185377e+00
1.305704025023321391e+00
1.305515200588897917e+00
1.305269577876055020e+00
1.305021376624699192e+00
1.304802883460272733e+00
1.304600533382650474e+00
1.304433097033756539e+00
1.304196545604114466e+00
1.304012558662092314e+00
1.303814773901750046e+00
1.303689278993658052e+00
1.303504405446907599e+00
1.303247041090303204e+00
1.303059929861005717e+00
1.302820072414335950e+00
1.302560838938539467e+00
1.302423020778497476e+00
1.302137168592098382e+00
1.301987996772913325e+00
1.301734477189600669e+00
1.301542940001144233e+00
1.301293493998375350e+00
1.301105497834750269e+00
1.300827667962549894e+00
1.300641558731315595e+00
1.300395819160468536e+00
1.300194138094956209e+00
1.299858806805509914e+00
1.299579188346799974e+00
1.299526090426702529e+00
1.299535334667213604e+00
1.299273071091924470e+00
1.298927136378416725e+00
1.298681233443481409e+00
1.298516925576006065e+00
1.298460240173284763e+00
1.298199831038477248e+00
1.298063566772251098e+00
1.297819612342825835e+00
1.297737649624183032e+00
1.297501962758073502e+00
1.297337718275281881e+00
1.297107389578066039e+00
1.297044764860651123e+00
1.296806881396396216e+00
1.296616470601293702e+00
1.296471316178493760e+00
1.296274773529888069e+00
1.296141165530912520e+00
1.296071306179114480e+00
1.295752866961503491e+00
1.295597742826565701e+00
1.295393235816502786e+00
1.295341773761743864e+00
1.295169181213035703e+00
1.294929933186523829e+00
1.294794897618256391e+00
1.294593647055479080e+00
1.294392869752633013e+00
1.294256143812718030e+00
1.293806773191993331e+00
1.293699662153141805e+00
1.293502617145102507e+00
1.293304152079532754e+00
1.293035969575103694e+00
1.292900814105363727e+00
1.292725360535296630e+00
1.292563686827540748e+00
1.292499790860883957e+00
1.292314354321338898e+00
1.292128133305053383e+00
1.291861855473458442e+00
1.291777735498964130e+00
1.291618458204006670e+00
1.291383769940676940e+00
1.291307533277812114e+00
1.291142114965603049e+00
1.290981413883524498e+00
1.290844534068328997e+00
1.290657700668925711e+00
1.290408517668637733e+00
1.290337410128444384e+00
1.290184589891475442e+00
1.290036755379741829e+00
1.289862828855816712e+00
1.289707658438677518e+00
1.289636872425915515e+00
1.289434225506482345e+00
1.289355340538595351e+00
1.289188713310194023e+00
1.289066493672265112e+00
1.288885808965905211e+00
1.288743936928458123e+00
1.288675580196170900e+00
1.288471680329307700e+00
1.288376249601423051e+00
1.288286004779559235e+00
1.288131537147315431e+00
1.287937090245610205e+00
1.287900614133030031e+00
1.287779654023371689e+00
1.287609398808445382e+00
1.287483018770269050e+00
1.287321688506559259e+00
1.287230018860056502e+00
1.287143227604297335e+00
1.286985708363330927e+00
1.286848751401094892e+00
1.286699067499603055e+00
1.286575151890196889e+00
1.286491636286928086e+00
1.286299379868337978e+00
1.286236570742916419e+00
1.286007834516530668e+00
1.285970690669116401e+00
1.285698162175700432e+00
1.285614165843597334e+00
1.285513828623309207e+00
1.285425680685980732e+00
1.285238755577708281e+00
1.285083150463913748e+00
1.284923551262117991e+00
1.284899024341973783e+00
1.284574246789741858e+00
1.284541574033894351e+00
1.284647042299258635e+00
1.284421488934463840e+00
1.284209271316811840e+00
1.283956700058576761e+00
1.284030299882861881e+00
1.283799408614805238e+00
1.283666415036512243e+00
1.283736011714953884e+00
1.283538428542586152e+00
1.283266230982386569e+00
1.283211674687598114e+00
1.283164807807574359e+00
1.283077175930303238e+00
1.282831578690450280e+00
1.282760574290801259e+00
1.282568295881840958e+00
1.282493179345624013e+00
1.282349985199620290e+00
1.282288396133564490e+00
1.282185473709630541e+00
1.282085706922680313e+00
1.281891195555235230e+00
1.281730366341965244e+00
1.281688376979795319e+00
1.281673185332905085e+00
1.281618499046539350e+00
1.281380568212277860e+00
1.281348157297170998e+00
1.281051319443367253e+00
1.281180460149688338e+00
1.280906666011524253e+00
1.280838157965709101e+00
1.280701161875540173e+00
1.280614106797547835e+00
1.280556610642277438e+00
1.280496727604388374e+00
1.280423319932979753e+00
1.280240010707534015e+00
1.280065271006749716e+00
1.280060530936472762e+00
1.279928161559084732e+00
1.279833031416777844e+00
1.279780040879889613e+00
1.279580739517771848e+00
1.279553044720440402e+00
1.279482788944400040e+00
1.279225133127001923e+00
1.279278875045829711e+00
1.279070973468711570e+00
1.279076509907168591e+00
1.279034486020638850e+00
1.278877232337716885e+00
1.278729913960910736e+00
1.278749094065594338e+00
1.278589566992588411e+00
1.278531039294404037e+00
1.278397911109120821e+00
1.278343530323339916e+00
1.278310608308865781e+00
1.278247189278951312e+00
1.278051507691122524e+00
1.277997661036714305e+00
1.278039801361417149e+00
1.277742629655226780e+00
1.277776193127582616e+00
1.277738879093161861e+00
1.277639761481736969e+00
1.277634789627484446e+00
1.277549262493943960e+00
1.277418802687136479e+00
1.277385773752192533e+00
1.277277427912599350e+00
1.277287009596555167e+00
1.277153532690042725e+00
1.277059553380755164e+00
1.276939960356537673e+00
1.276905532987329339e+00
1.276803097511556961e+00
1.276649415957901157e+00
1.276612983539810786e+00
1.276479689175891385e+00
1.276462876428674731e+00
1.276253631486549134e+00
1.276324580259559527e+00
1.276170121206638308e+00
1.276068252184576757e+00
1.276046849703693420e+00
1.275832145431964104e+00
1.275664579276927446e+00
1.275752654965178978e+00
1.275624786107075748e+00
1.275399214323154728e+00
1.275480899789619427e+00
1.275286057101580273e+00
1.275261974652841968e+00
1.275203212754522530e+00
1.274969238449322306e+00
1.274981506256430253e+00
1.274982661691211439e+00
1.274691007046950597e+00
1.274805253264303051e+00
1.274551663047138517e+00
1.274393275008452786e+00
1.274555418427215647e+00
1.274392761519967943e+00
1.274293796042235138e+00
1.274220673074873522e+00
1.274239181307838420e+00
1.273957000565583142e+00
1.274041993927895966e+00
1.273917116842889774e+00
1.273918424953400352e+00
1.273778983964256595e+00
1.273710011683847343e+00
1.273473814302596763e+00
1.273514857594094440e+00
1.273337223408916197e+00
1.273361078110971434e+00
1.273244119119984141e+00
1.273083018243661213e+00
1.273098364484907874e+00
1.272894112062121552e+00
1.272897816334077170e+00
1.272819141969795842e+00
1.272819255649733750e+00
1.272596558347884876e+00
1.272682599722716024e+00
1.272483986301228276e+00
1.272359962282840984e+00
1.272309146184028572e+00
1.272092270986125317e+00
1.272079877667836145e+00
1.272056900637066557e+00
1.271883612613034398e+00
1.271864176731270391e+00
1.271829470708303989e+00
1.271610350335965034e+00
1.271606470088322061e+00
1.271609002418593537e+00
1.271634945919011050e+00
1.271517757189640552e+00
1.271377451425068639e+00
1.271364534806398661e+00
1.271128413575878691e+00
1.271019329366574135e+00
1.270752381662602959e+00
1.270641010645963132e+00
1.270442622166149560e+00
1.270252713471155426e+00
1.269917796670235077e+00
1.269910854182807913e+00
1.269833130644572927e+00
1.269590778899641004e+00
1.269503465169612655e+00
1.269337351653802237e+00
1.269282879465605918e+00
1.269269621347035804e+00
1.269038785837921290e+00
1.268953506074669724e+00
1.268837428936330003e+00
1.268721656865031688e+00
1.268495306066905526e+00
1.268487441915701064e+00
1.268341938623293474e+00
1.268218394588145115e+00
1.268132689391010981e+00
1.268072242709765929e+00
1.267891625279485845e+00
1.267803541714403792e+00
1.267721107486734278e+00
1.267635241160315784e+00
1.267493578888698957e+00
1.267403703897301837e+00
1.267300366006739454e+00
1.267202740138799966e+00
1.267135540380279757e+00
1.266983070369082975e+00
1.266966471990417453e+00
1.266883134334965355e+00
1.266754098609148338e+00
1.266685602650894360e+00
1.266634370423622480e+00
1.266443520618789842e+00
1.266283409018668094e+00
1.266476858156684537e+00
1.266313066656441277e+00
1.266317474601113657e+00
1.266144551525105300e+00
1.265895034492358073e+00
1.265930580087485380e+00
1.265689352600171569e+00
1.265798585938213705e+00
1.265521586154798150e+00
1.265568871287676034e+00
1.265421560488682706e+00
1.265273157523131298e+00
1.265123549590664975e+00
1.265084365345215289e+00
1.264948814684358602e+00
1.264789891301036251e+00
1.264686484489993878e+00
1.264607144346856948e+00
1.264604352224697470e+00
1.264541640594888161e+00
1.264295531645554638e+00
1.264314596123641055e+00
1.264208888883501469e+00
1.264109013970367901e+00
1.263992922148257536e+00
1.263914355298642489e+00
1.263809653019718704e+00
1.263760855324693511e+00
1.263734826687261004e+00
1.263611086514179194e+00
1.263526941417705940e+00
1.263430381942961089e+00
1.263268331928162347e+00
1.263316529207094030e+00
1.263110279918934209e+00
1.263016949455064486e+00
1.262991855058692936e+00
1.262898328335607223e+00
1.262869523101631808e+00
1.262611430856268813e+00
1.262574866086155767e+00
1.262619291312168768e+00
1.262369180314326433e+00
1.262283430041914345e+00
1.262071804070956871e+00
1.262005844922421405e+00
1.261806493895028192e+00
1.261730874844643191e+00
1.261627832795895854e+00
1.261652261560453292e+00
1.261523174754687338e+00
1.261508380054276124e+00
1.261343983972544658e+00
1.261325232396652840e+00
1.261183416603646856e+00
1.261130531819181444e+00
1.260923428647453326e+00
1.260966051662241627e+00
1.260900393237488037e+00
1.260716237968564801e+00
1.260666435067712587e+00
1.260657654895450674e+00
1.260515530124646899e+00
1.260608918085602381e+00
1.260692621015512938e+00
1.260331379374726835e+00
1.260245444805259796e+00
1.260207983405191579e+00
1.260189631653485298e+00
1.260014013141768752e+00
1.259909587712852108e+00
1.259942736310049494e+00
1.259805234229329107e+00
1.259693964069910965e+00
1.259605124269259191e+00
1.259486906209576595e+00
1.259528167567600665e+00
1.259303532221091482e+00
1.259324232928929144e+00
1.259183307054498213e+00
1.258907414868901453e+00
1.258852896275701072e+00
1.258828084034653072e+00
1.258640222806687747e+00
1.258620604098428464e+00
1.258575340991929803e+00
1.258396906049661812e+00
1.258279792501015626e+00
1.258256907694546456e+00
1.258132873332806989e+00
1.258159946954855002e+00
1.258011585919095898e+00
1.257887185912722749e+00
1.257878134505640233e+00
1.257778004973941766e+00
1.257618251351212413e+00
1.257555801876966362e+00
1.257447413952266224e+00
1.257357364715698811e+00
1.257326895127408140e+00
1.257179462371848189e+00
1.257143457718594926e+00
1.257045286215574320e+00
1.257096221748133180e+00
1.256975802374028728e+00
1.256860832042763887e+00
1.256899688190434849e+00
1.256674378211376064e+00
1.256741219765086237e+00
1.256786054946854803e+00
1.256567376353202370e+00
1.256569525978555868e+00
1.256504959755254225e+00
1.256296654165035998e+00
1.256362779492199433e+00
1.256297339597554741e+00
1.256233583825400180e+00
1.256167435148232148e+00
1.256002715467132047e+00
1.255971478597603053e+00
1.255787407339178818e+00
1.255810717131583543e+00
1.255653818097881347e+00
1.255590376747091286e+00
1.255508211120769158e+00
1.255409014830035863e+00
1.255297215183209136e+00
1.255318980076268742e+00
1.255120649445986558e+00
1.255118485205521273e+00
1.254770725264070519e+00
1.254870079894716994e+00
1.254889134103467363e+00
1.254863697434608127e+00
1.254623348818918460e+00
1.254529729107523695e+00
1.254579930333803439e+00
1.254449879385694411e+00
1.254392840923601371e+00
1.254406492437926568e+00
1.254250702297071252e+00
1.254260430263141268e+00
1.254168328772717445e+00
1.254100934597460526e+00
1.253828475093558881e+00
1.253887191900531439e+00
1.253860409869673509e+00
1.253721765124797161e+00
1.253781592212300788e+00
1.253723824311498536e+00
1.253578919906760625e+00
1.253590776960101127e+00
1.253437868429789992e+00
1.253460748229459965e+00
1.253407499932566393e+00
1.253425220754918357e+00
1.253305286966451382e+00
1.253241449205963809e+00
1.253250090076609924e+00
1.253129801511558394e+00
1.253113758170570025e+00
1.253118164409365187e+00
1.253011398000429599e+00
1.252888655363587400e+00
1.252797542325373659e+00
1.252704044776415948e+00
1.252692997269375885e+00
1.252827699395575145e+00
1.252672820727508629e+00
1.252586469200714925e+00
1.252595876500923522e+00
1.252604222899935005e+00
1.252466649878875460e+00
1.252462159798294561e+00
1.252311365801942245e+00
1.252347618870267576e+00
1.252150119944399176e+00
1.252189411834731425e+00
1.252054315572502352e+00
1.252092269398018320e+00
1.251971566717364981e+00
1.251947208923340771e+00
1.251957621638736917e+00
1.251807203984535599e+00
1.251846012029817823e+00
1.251585529556321630e+00
1.251538665781916082e+00
1.251738725838698718e+00
1.251510029896308884e+00
1.251391672503194163e+00
1.251384971448510575e+00
1.251386032917016555e+00
1.251248965477563813e+00
1.251367602898294740e+00
1.251052778922399300e+00
1.251148935674968765e+00
1.251105487713835229e+00
1.251188734008901626e+00
1.250911414813449030e+00
1.250879980753304421e+00
1.250794757672124335e+00
1.250872681436989708e+00
1.250862546302311751e+00
1.250714628724985289e+00
1.250792810607140426e+00
1.250636314045334707e+00
1.250681266404428893e+00
1.250575365387476934e+00
1.250527648089313049e+00
1.250587450168728632e+00
1.250316581637833879e+00
1.250459250250660626e+00
1.250263632187645246e+00
1.250328861776013545e+00
1.250306912049677921e+00
1.250180667509405597e+00
1.250198495284338795e+00
1.250103094410108584e+00
1.250113035565791675e+00
1.249935970666969931e+00
1.249901652018138742e+00
1.249903038904740082e+00
1.249835992644270810e+00
1.249652835084959168e+00
1.249788316786204945e+00
1.249525980276751547e+00
1.249622767279029434e+00
1.249494753068919328e+00
1.249432897410599264e+00
1.249416710983007439e+00
1.249365926916520930e+00
1.249211481008813296e+00
1.249350750034134316e+00
1.249238263310978425e+00
1.248992946437706086e+00
1.248874868128705851e+00
1.249061437747214010e+00
1.248825485479534203e+00
1.248823149932383192e+00
1.248712656085114947e+00
1.248708605289917895e+00
1.248526676402104130e+00
1.248579305805077810e+00
1.248419764865422055e+00
1.248422876189399622e+00
1.248352407134810216e+00
1.248296964096070605e+00
1.248294557386667059e+00
1.248110284563599182e+00
1.248181566522793995e+00
1.248110823713267203e+00
1.248035898969124480e+00
1.248042178063343721e+00
1.247982434331977863e+00
1.247893191195949214e+00
1.247863738233302433e+00
1.247766361697849602e+00
1.247839985194354240e+00
1.247661160292685256e+00
1.247703774331958781e+00
1.247700311207547097e+00
1.247561230800040333e+00
1.247554201433113796e+00
1.247526963183118065e+00
1.247480627005244980e+00
1.247519904070209407e+00
1.247174512858305606e+00
1.247246684363264579e+00
1.247234803519706725e+00
1.247225670238587325e+00
1.247226541313956938e+00
1.247213968779790294e+00
1.247119156065887413e+00
1.246974797403116009e+00
1.247059247266092408e+00
1.246801328541062182e+00
1.246913817361277710e+00
1.246726136134314933e+00
1.246791447982302792e+00
1.246434589262962023e+00
1.246657067986006284e+00
1.246448719240168534e+00
1.246377141971382718e+00
1.246438846294251723e+00
1.246150874948831699e+00
1.246302692086738606e+00
1.246153932942084097e+00
1.246016780181376404e+00
1.246057899824329684e+00
1.246015209773910781e+00
1.246037065645107855e+00
1.245840595242605486e+00
1.245993133078400206e+00
1.245852132123626221e+00
1.245621905815558428e+00
1.245806361777287874e+00
1.245655065183298049e+00
1.245819252809132083e+00
1.245649239430500099e+00
1.245568478316888328e+00
1.245698864886320756e+00
1.245566583222321499e+00
1.245456764620309187e+00
1.245306833202862284e+00
1.245449365789011331e+00
1.245391381447740864e+00
1.245334640479089705e+00
1.245270476475195176e+00
1.245129548222270843e+00
1.245170794159425220e+00
1.244989936575370715e+00
1.244914904488461760e+00
1.244876698506814927e+00
1.244935393782174105e+00
1.244759606660662099e+00
1.244980303071091532e+00
1.244758092488441159e+00
1.244492898851858209e+00
1.244639883107114819e+00
1.244521804025247258e+00
1.244473116196980866e+00
1.244410179954323681e+00
1.244441135571212831e+00
1.244365512791465012e+00
1.244321568700191616e+00
1.244263331830293584e+00
1.244223976351388483e+00
1.244172375792812035e+00
1.244287951583845198e+00
1.244118487640262893e+00
1.244080924593995441e+00
1.243938584090485744e+00
1.243853097306981459e+00
1.243995839789766578e+00
1.243881837927595102e+00
1.243944288973844126e+00
1.243854809570693165e+00
1.243829926082868464e+00
1.243966411248094817e+00
1.243624479122779070e+00
1.243608514937721621e+00
1.243702028252696046e+00
1.243707319134235822e+00
1.243727487548936361e+00
1.243533512154000986e+00
1.243367355811914488e+00
1.243634258548063531e+00
1.243502711813876394e+00
1.243460965196845347e+00
1.243248709716662015e+00
1.243460283505619879e+00
1.243277842190726235e+00
1.243325552306103310e+00
1.243268492953771620e+00
1.243052208092002120e+00
1.243095859939658876e+00
1.243123042512585430e+00
1.242987630897502305e+00
1.242823967581381472e+00
1.243019763685299317e+00
1.242876684065873816e+00
1.243000354186589052e+00
1.242683180506357621e+00
1.242752478617521250e+00
1.242475431148615472e+00
1.242645394400751169e+00
1.242391741966433871e+00
1.242459775584108028e+00
1.242602529742668827e+00
1.242249031407101745e+00
1.242432057159728265e+00
1.242265146099170048e+00
1.242490394412010035e+00
1.242073783171396828e+00
1.242261042721562569e+00
1.242053960583967998e+00
1.242229206187446477e+00
1.242099498748029829e+00
1.242112271603502238e+00
1.242189649346444158e+00
1.241998108361553887e+00
1.241981496820333986e+00
1.241923072951328422e+00
1.241927760708748218e+00
1.241900941796432400e+00
1.241752070539558828e+00
1.241687391433899945e+00
1.241794484849087166e+00
1.241539997875779511e+00
1.241660812775659650e+00
1.241662221056568649e+00
1.241385698902010448e+00
1.241584919295768419e+00
1.241569432794350947e+00
1.241425841380742634e+00
1.241458049568424205e+00
1.241353174548349036e+00
1.241329809097689418e+00
1.241285037557665172e+00
1.241187392794040889e+00
1.240970199240633010e+00
1.241052103950144536e+00
1.241126055367321346e+00
1.241052978467844792e+00
1.240989297391203561e+00
1.240939155951968464e+00
1.240888091162860585e+00
1.240889857958640263e+00
1.240798073401383039e+00
1.240744258330958916e+00
1.240897474707091774e+00
1.240741736582951171e+00
1.240729470930027389e+00
1.240666958878314574e+00
1.240490873019072238e+00
1.240664715921807160e+00
1.240468710648519268e+00
1.240655190844577982e+00
1.240496624825839111e+00
1.240473922447717925e+00
1.240427621819627069e+00
1.240361962723512956e+00
1.240407388290522883e+00
1.240222307721146278e+00
1.240308869193857522e+00
1.240245327591865898e+00
1.240211592386043948e+00
1.240160472208678089e+00
1.240123735413163564e+00
1.240133793972011622e+00
1.239932689801631405e+00
1.239911491973253677e+00
1.239893693473390401e+00
1.239852829180934757e+00
1.239866887264715833e+00
1.239839144744477872e+00
1.239752903946024887e+00
1.239894720733345723e+00
1.239761126940940983e+00
1.239872931485235030e+00
1.239651473237938450e+00
1.239805544521692005e+00
1.239517457311604565e+00
1.239423200901709654e+00
1.239512057963428893e+00
1.239595039691938849e+00
1.239482899125724513e+00
1.239357484026816669e+00
1.239345177139134613e+00
1.239285488046987460e+00
1.239057364043692155e+00
1.238836789924783188e+00
1.238762969191224750e+00
1.238565986090668369e+00
1.238560973714161406e+00
1.238513550172819944e+00
1.238388982816884365e+00
1.238427997555468174e+00
1.238155556759535036e+00
1.238164647404484064e+00
1.238033205126082059e+00
1.237750300482963750e+00
1.237821333693644110e+00
1.237610080882582064e+00
1.237569871777997710e+00
1.237326835331562958e+00
1.237222463519341842e+00
1.237133551179874447e+00
1.237184500981352242e+00
1.237048818993291555e+00
1.236991465217498032e+00
1.236969091611538341e+00
1.236828550087430090e+00
1.236753783560513131e+00
1.236729545114185091e+00
1.236727844493434425e+00
1.236427932668222374e+00
1.236421439807738665e+00
1.236229972674879329e+00
1.236225797166746077e+00
1.236044345359023300e+00
1.235954775721348264e+00
1.235930002127663352e+00
1.235755023830290567e+00
1.235832161617850700e+00
1.235610291692434082e+00
1.235603201627161196e+00
1.235487032892305548e+00
1.235424792706076191e+00
1.235335184395715435e+00
1.235369393580506570e+00
1.235183771964148525e+00
1.235113147318096294e+00
1.235065345116193258e+00
1.234893718646705496e+00
1.234937501265628956e+00
1.234848511134966076e+00
1.234780680602536984e+00
1.234755946202660937e+00
1.234655543583657478e+00
1.234536051788598376e+00
1.234524093675006595e+00
1.234354192219550894e+00
1.234308746809227086e+00
1.234318905901250263e+00
1.234170985395647957e+00
1.234088480419463840e+00
1.234113203646837187e+00
1.234007805797609381e+00
1.234028392197303203e+00
1.233982519660907551e+00
1.233822280702163932e+00
1.233848552459337666e+00
1.233822351462421141e+00
1.233626243013088875e+00
1.233693935922427487e+00
1.233448705127937695e+00
1.233547695329902494e+00
1.233413397221989838e+00
1.233315882168575239e+00
1.233208223987407370e+00
1.233211917127929658e+00
1.233084958097645734e+00
1.233216871108584023e+00
1.233048059999045210e+00
1.232967444031390247e+00
1.232957271176008174e+00
1.232783965320157549e+00
1.232883980749263086e+00
1.232722282255433788e+00
1.232699582681233474e+00
1.232638523456932589e+00
1.232610457659641501e+00
1.232624030583502339e+00
1.232477403124650817e+00
1.232591796148423624e+00
1.232443997279550674e+00
1.232415435111209767e+00
1.232313456458957956e+00
1.232315942600554992e+00
1.232200908543733098e+00
1.232256183443458664e+00
1.232167708325176525e+00
1.232176978881583507e+00
1.232092711907503801e+00
1.232051229264986114e+00
1.232051814767064934e+00
1.232011799278938335e+00
1.232009051613221606e+00
1.231909282425120322e+00
1.231876471644906212e+00
1.231699933922004719e+00
1.231775330800733981e+00
1.231649509398222042e+00
1.231698876308561896e+00
1.231576068189693896e+00
1.231508446720081196e+00
1.231438721365352817e+00
1.231144383581083135e+00
1.231375357732804376e+00
1.231198293048898051e+00
1.231372455278499478e+00
1.231250988588572071e+00
1.231355342685712451e+00
1.231088494321201265e+00
1.231143399277066619e+00
1.230971887166712575e+00
1.231057647589694382e+00
1.230971840947658436e+00
1.230928758871363549e+00
1.230822542879545400e+00
1.230704811965706691e+00
1.230599776911547538e+00
1.230646392897947194e+00
1.230515462582000508e+00
1.230465311381114146e+00
1.230357432788431238e+00
1.230511031411965162e+00
1.230266370884393057e+00
1.230362804338977378e+00
1.230263784193604382e+00
1.230201317300319452e+00
1.230142875007845804e+00
1.229943547861107600e+00
1.230155084485640149e+00
1.229869879761455342e+00
1.229878132700440663e+00
1.229864821916301088e+00
1.229919202273632051e+00
1.229863663747760016e+00
1.229828552196483127e+00
1.229772185494568904e+00
1.229641551227622864e+00
1.229675216501740831e+00
1.229614334923901042e+00
1.229449937834303563e+00
1.229461574163469573e+00
1.229523766722803169e+00
1.229391414638878244e+00
1.229319199262056683e+00
1.229405520661471130e+00
1.229285417689861770e+00
1.229197008269419245e+00
1.229135798986347838e+00
1.229164353625357808e+00
1.229033650112457243e+00
1.228978434460765490e+00
1.229049130126606881e+00
1.229014364660914405e+00
1.228956652940361716e+00
1.228818228318527606e+00
1.228946309071245135e+00
1.228834927805234845e+00
1.228830351208557659e+00
1.228713185334966873e+00
1.228744184444178655e+00
1.228713895328469974e+00
1.228651924215157010e+00
1.228685248381575335e+00
1.228677911366817588e+00
1.228449591010540187e+00
1.228605291657914433e+00
1.228694060525126863e+00
1.228441925593503736e+00
1.228460677225672093e+00
1.228441060850382849e+00
1.228385986145443587e+00
1.228266426107054166e+00
1.228284316684593369e+00
1.228259840596645835e+00
1.228082000419185027e+00
1.228197118739129845e+00
1.228081986120929558e+00
1.228044025272792439e+00
1.228109958263649215e+00
1.227956646673761032e+00
1.227930210224487118e+00
1.227818829538619649e+00
1.227766310183077136e+00
1.227819633010070577e+00
1.227794417747410494e+00
1.227707851427336960e+00
1.227689790042318707e+00
1.227665423091866437e+00
1.227777555017349309e+00
1.227594873757902105e+00
1.227574072662990678e+00
1.227404107195621874e+00
1.227511981941747488e+00
1.227428844156105425e+00
1.227518726123316029e+00
1.227508121763958071e+00
1.227348472028182647e+00
1.227328895807272113e+00
1.227356722176135451e+00
1.227305181086283392e+00
1.227368759193258274e+00
1.227242009841322590e+00
1.227267673799088632e+00
1.227222085424842346e+00
1.227220310353553057e+00
1.227155918498214371e+00
1.227178943858042937e+00
1.227006649183949527e+00
1.227027238114932306e+00
1.226961580882848901e+00
1.227048027296718136e+00
1.226916107614368867e+00
1.226921130850118002e+00
1.226989132607993804e+00
1.226911914418993277e+00
1.226799492978931427e+00
1.226675502521177963e+00
1.226859685689876800e+00
1.226825891856362816e+00
1.226467904506582052e+00
1.226454525853811539e+00
1.226531574136162872e+00
1.226420396220823994e+00
1.226359022884077721e+00
1.226308883938882266e+00
1.226399550656212201e+00
1.226257817833982688e+00
1.226252876864726948e+00
1.226087433072925670e+00
1.226103682254945149e+00
1.226168416302835906e+00
1.226150485984339289e+00
1.226055733420639671e+00
1.226145503027786354e+00
1.225949576113581019e+00
1.226031821473880568e+00
1.225925385457916628e+00
1.225731651395038924e+00
1.225826723458123491e+00
1.225816637696538036e+00
1.225879181723461553e+00
1.225872632102206428e+00
1.225775694232676516e+00
1.225723301501247198e+00
1.225725177223050855e+00
1.225814429737138056e+00
1.225603293539140548e+00
1.225717805016209416e+00
1.225580995173903842e+00
1.225590906241494471e+00
1.225533984193973636e+00
1.225615060136229229e+00
1.225565150205488507e+00
1.225457940625517939e+00
1.225395751828442847e+00
1.225407834007749441e+00
1.225304460800298978e+00
1.225530424877569580e+00
1.225327044739876969e+00
1.225162171582217407e+00
1.225351714854876262e+00
1.225325880323021144e+00
1.225164516445519602e+00
1.225215364325529466e+00
1.225154895075229566e+00
1.225117500481107902e+00
1.225021632574613051e+00
1.224905320212487103e+00
1.225003282164583540e+00
1.224934613104513126e+00
1.224969079585832343e+00
1.224869617758933993e+00
1.224826839792505506e+00
1.224783395590028467e+00
1.224880417678968270e+00
1.224688745681588031e+00
1.224820688446845773e+00
1.224674822643426753e+00
1.224867764019358596e+00
1.224499644191348713e+00
1.224686802160629862e+00
1.224725998626093437e+00
1.224724404255890020e+00
1.224531495154435046e+00
1.224372342978284012e+00
1.224475842987030161e+00
1.224574542758598339e+00
1.224457355210871734e+00
1.224436998998017057e+00
1.224499960752708505e+00
1.224336746359091066e+00
1.224381703720820669e+00
1.224322341564883176e+00
1.224535859647970515e+00
1.224246043359024982e+00
1.224170683717906938e+00
1.224381469426507607e+00
1.224410263135247590e+00
1.224106551651382713e+00
1.224247757664258307e+00
1.224444747202030559e+00
1.224159493522790187e+00
1.224069571676504875e+00
1.224246040381453016e+00
1.223985826846609948e+00
1.224196459552248983e+00
1.224273837648988783e+00
1.224080762501064790e+00
1.224037341781619714e+00
1.223958817680104172e+00
1.223773370646482395e+00
1.223787957003855231e+00
1.223855688095418115e+00
1.223681427426471346e+00
1.223764148496240489e+00
1.223568009659645295e+00
1.223668199094057663e+00
1.223920369268829633e+00
1.223659014147497892e+00
1.223612631829601449e+00
1.223679468738428477e+00
1.223496189303127091e+00
1.223452298625554713e+00
1.223432487605709440e+00
1.223555956364664521e+00
1.223440466424551065e+00
1.223386758656313633e+00
1.223378915608011264e+00
1.223449012531107494e+00
1.223358752763950230e+00
1.223282646048885702e+00
1.223389904418042073e+00
1.223307579432364678e+00
1.223301528461811616e+00
1.223173238458267198e+00
1.223155475740357989e+00
1.223260050626984841e+00
1.223038845057589974e+00
1.223127367034330115e+00
1.223043008299523393e+00
1.223150563281211856e+00
1.223027922697633940e+00
1.223064992147892660e+00
1.222989778115984194e+00
1.223149698982275657e+00
1.223055359528831376e+00
1.222940963840592365e+00
1.223021895353585187e+00
1.222684071902722991e+00
1.222764580179517502e+00
1.222632887978781113e+00
1.222668628325905393e+00
1.222567875130481596e+00
1.222585999873834428e+00
1.222665028308443480e+00
1.222617637387399370e+00
1.222577160559818799e+00
1.222510133181082814e+00
1.222501392002433462e+00
1.222535292373614801e+00
1.222461663315905112e+00
1.222451831933512922e+00
1.222519047702774975e+00
1.222377871858255860e+00
1.222478644860388597e+00
1.222462875302343210e+00
1.222496433280306549e+00
1.222438127646860551e+00
1.222452096746318828e+00
1.222376805271605305e+00
1.222438375043181535e+00
1.222344070316530695e+00
1.222407168876604500e+00
1.222295944764613784e+00
1.222314207959195542e+00
1.222276363492259987e+00
1.222314366416261899e+00
1.222151106898920148e+00
1.222283022611529102e+00
1.222204751147435209e+00
1.222226292910042256e+00
1.222118031575051278e+00
1.222042110615110255e+00
1.222138235640434001e+00
1.222220818778393614e+00
1.222000293234628776e+00
1.222125004481927624e+00
1.221893000392932249e+00
1.221919055522204589e+00
1.221851002968404210e+00
1.221934074563163053e+00
1.221990743182036709e+00
1.221817319406885316e+00
1.221891903400787793e+00
1.221659683971112020e+00
1.221819709856412528e+00
1.221755325875246490e+00
1.221580081774158000e+00
1.221557522390100736e+00
1.221403451665067807e+00
1.221491263193200671e+00
1.221447499909677825e+00
1.221303862464427903e+00
1.221276019675954005e+00
1.221187983774770336e+00
1.221203474712817094e+00
1.221214015617275050e+00
1.221261925739842491e+00
1.221115377421581938e+00
1.221091874256992726e+00
1.220875431764893992e+00
1.220944821100591771e+00
1.221070437087702798e+00
1.220949933847585767e+00
1.220900707531771934e+00
1.220810735560950322e+00
1.220765399583214839e+00
1.220720174506842781e+00
1.220793523573841632e+00
1.220751897409663167e+00
1.220948208625870501e+00
1.220791082236994507e+00
1.220705225610123401e+00
1.220734192906666182e+00
1.220548933296905503e+00
1.220514447393824753e+00
1.220516177432455551e+00
1.220470227415161313e+00
1.220498811198547084e+00
1.220323274142862680e+00
1.220477432644782700e+00
1.220445136420054144e+00
1.220219587346636381e+00
1.220271800230750214e+00
1.220165891260553082e+00
1.220261888976130971e+00
1.220184506502804522e+00
1.220092088623963678e+00
1.220027614294539431e+00
1.220251453926294971e+00
1.220000963018329942e+00
1.220034065934904488e+00
1.219867794487066393e+00
1.220000686147743707e+00
1.219903554295518999e+00
1.219774637638572967e+00
1.219786315871379534e+00
1.219688763125680975e+00
1.219694173395993619e+00
1.219653163704857990e+00
1.219625966182873222e+00
1.219564251019415568e+00
1.219585896173905004e+00
1.219607523193495302e+00
1.219610882839716970e+00
1.219482331519842422e+00
1.219522644600615324e+00
1.219474961212037023e+00
1.219372440914678668e+00
1.219264604591295820e+00
1.219216635020011319e+00
1.219256107162004943e+00
1.219148496485150668e+00
1.219106702022052735e+00
1.219023232746369700e+00
1.218842310235447979e+00
1.218806125264301876e+00
1.218878733406026260e+00
1.218598374643338422e+00
1.218825818364742242e+00
1.218738101976434729e+00
1.218696923394160248e+00
1.218656675858031724e+00
1.218577574118434592e+00
1.218608478721255883e+00
1.218663856815579205e+00
1.218349316023646045e+00
1.218426393857789281e+00
1.218333787253993661e+00
1.218352265962541647e+00
1.218247625052980121e+00
1.218299367804904998e+00
1.218240795344521787e+00
1.218137314045160791e+00
1.218073114397400181e+00
1.217963117341996693e+00
1.217775060086524475e+00
1.217716796039916227e+00
1.217663605624569545e+00
1.217568391820319063e+00
1.217326744574116937e+00
1.217221273993204900e+00
1.217314147024029403e+00
1.217001861847309963e+00
1.217181258881269157e+00
1.217013709694690693e+00
1.217070078939595401e+00
1.216855597235267261e+00
1.216793958202111892e+00
1.216840536377711945e+00
1.216806008488548363e+00
1.216684210675327060e+00
1.216691167273164842e+00
1.216523221499678620e+00
1.216537400098038901e+00
1.216411453952190191e+00
1.216456583101467981e+00
1.216384634487372995e+00
1.216254794912060566e+00
1.216194443106905831e+00
1.216217261051680376e+00
1.216267144350477780e+00
1.216202610760598768e+00
1.215999612335488811e+00
1.216151757546027445e+00
1.215819918484255524e+00
1.215843812853167449e+00
1.215708217169022332e+00
1.215926804041553622e+00
1.215634108803319791e+00
1.215570767826958276e+00
1.215721239613787974e+00
1.215619152164846506e+00
1.215599578758514765e+00
1.215647057329664049e+00
1.215375698654628911e+00
1.215396701398594237e+00
1.215242990504617593e+00
1.215543006707216378e+00
1.215243661846539203e+00
1.215357998480820045e+00
1.215048317250430499e+00
1.214963527320235270e+00
1.215084411185919810e+00
1.215154340168687730e+00
1.214755126344282177e+00
1.214953190205318778e+00
1.214871288626223400e+00
1.214949946746154197e+00
1.214802234357059918e+00
1.214777703806929621e+00
1.214783028176207313e+00
1.214698262205840207e+00
1.214721159735129286e+00
1.214713899303446309e+00
1.214787021960779700e+00
1.214602189498087847e+00
1.214524779333155502e+00
1.214612793720307282e+00
1.214493395152655530e+00
1.214607485208754278e+00
1.214379698038086541e+00
1.214496868077616920e+00
1.214468111867043953e+00
1.214430254338696669e+00
1.214300021103193794e+00
1.214162389316682189e+00
1.214379392598893714e+00
1.214235703875379491e+00
1.213969978722045040e+00
1.214276577180062766e+00
1.214141828233884279e+00
1.214045666877477281e+00
1.213954315099069925e+00
1.214024179809083392e+00
1.214066355898633764e+00
1.214002015092417119e+00
1.213952969275971183e+00
1.213715190744390160e+00
1.213933064106882176e+00
1.213777608973418243e+00
1.213740632182887635e+00
1.213924406799856470e+00
1.213557173623019958e+00
1.213819441438247937e+00
1.213560143151811488e+00
1.213552737935422732e+00
1.213513557001458132e+00
1.213390176144510280e+00
1.213555860523791052e+00
1.213386750429020333e+00
1.213523634919650318e+00
1.213313434829113024e+00
1.213379342665873883e+00
1.213349905998120315e+00
1.213400720162744806e+00
1.213454151207747023e+00
1.213212796834472584e+00
1.213080042759567378e+00
1.213126762813522719e+00
1.213040626211933537e+00
1.213009954644848731e+00
1.212980944378664327e+00
1.213019381262465446e+00
1.212946405444789821e+00
1.212859598157543184e+00
1.213105254024117619e+00
1.212722105933399019e+00
1.212807101023003709e+00
1.212866069422793514e+00
1.212660526020734153e+00
1.212615245725404689e+00
1.212716938547584222e+00
1.212529558178825129e+00
1.212537309753029202e+00
1.212502141092363761e+00
1.212526563733040907e+00
1.212265272663384241e+00
1.212633054400581889e+00
1.212288367610153239e+00
1.212247854297304084e+00
1.212194244163177226e+00
1.212337213558281279e+00
1.212336657857070898e+00
1.211941164738725485e+00
1.212081656492236981e+00
1.212011350180908220e+00
1.212012880231573719e+00
1.212003589124017067e+00
1.211925120151218449e+00
1.211724825017153728e+00
1.211703628236354247e+00
1.211760543149185798e+00
1.211968167951914976e+00
1.211804045682818076e+00
1.211668185823511656e+00
1.211633978800257694e+00
1.211632330489802678e+00
1.211674685445154553e+00
1.211480558623033721e+00
1.211390928164227221e+00
1.211481415338484524e+00
1.211317086286746614e+00
1.211248684621170302e+00
1.211400388014864271e+00
1.211163229577704614e+00
1.211260518827742549e+00
1.211083087747532927e+00
1.211216731042630057e+00
1.211281077512547544e+00
1.211043552474407647e+00
1.211040103666193302e+00
1.210970289373050734e+00
1.211026741533732576e+00
1.211192361882434954e+00
1.210904276282200875e+00
1.210868715428399467e+00
1.210805133353490604e+00
1.210774045940154364e+00
1.211145167599033678e+00
1.210837106578821709e+00
1.210908298256632376e+00
1.210767300552332282e+00
1.210718587317491712e+00
1.210715303999772452e+00
1.210796201903340474e+00
1.210865090164363833e+00
1.210493141497432035e+00
1.210595784340904091e+00
1.210685530595448034e+00
1.210466301977104253e+00
1.210631206900476320e+00
1.210542404098542635e+00
1.210501561337719023e+00
1.210539496087204459e+00
1.210426606992985876e+00
1.210487722283086987e+00
1.210448524017338379e+00
1.210378306974374540e+00
1.210424757732806667e+00
1.210319595800916970e+00
1.210383277127822454e+00
1.210391389863310518e+00
1.210181176126047697e+00
1.210322430023812457e+00
1.210284920182032042e+00
1.210169508432692220e+00
1.210219030889771785e+00
1.210087063624520676e+00
1.210100734760000352e+00
1.210053655189884836e+00
1.210124232399830690e+00
1.210080693958857090e+00
1.210115980512450173e+00
1.209806841223524110e+00
1.209936463430285380e+00
1.209936595059264652e+00
1.209886723813931697e+00
1.209976501652983982e+00
1.209762548641158508e+00
1.209798694360124438e+00
1.209835780422413354e+00
1.209692413186385762e+00
1.209737934751634159e+00
1.209718630711769771e+00
1.209637302629032352e+00
1.209593277584128712e+00
1.209601965195381990e+00
1.209483394343212392e+00
1.209423256981398964e+00
1.209549336231994676e+00
1.209633541424089964e+00
1.209425105578656678e+00
1.209499601315335626e+00
1.209511223187202500e+00
1.209572544472486078e+00
1.209419551805998472e+00
1.209359915687379994e+00
1.209351624351445498e+00
1.209151851947883660e+00
1.209226159208164786e+00
1.209242869598799119e+00
1.209550621990396646e+00
1.209003947439629245e+00
1.209314245975996460e+00
1.209140355412737344e+00
1.209255914532959775e+00
1.208952391312236196e+00
1.209084080585691057e+00
1.209025120497852157e+00
1.209099274755947029e+00
1.208674938951073807e+00
1.209091557354270430e+00
1.208755414562020292e+00
1.208827282626314448e+00
1.208790062618875671e+00
1.208605722062669141e+00
1.208553378404835454e+00
1.208893054951287738e+00
1.208667269490833807e+00
1.208526793203971827e+00
1.208408897758282752e+00
1.208349646416341683e+00
1.208460813213419138e+00
1.208594594005229395e+00
1.208208826460142049e+00
1.208499943685154232e+00
1.208155276983032822e+00
1.208358686232664070e+00
1.208189570599687235e+00
1.208164942231048089e+00
1.208162393681472713e+00
1.208198325150168673e+00
1.208108545794749800e+00
1.208197204233429245e+00
1.207880092397012550e+00
1.208142616979676731e+00
1.207906114225531846e+00
1.208202873735764404e+00
1.207934193938615230e+00
1.208161258534224958e+00
1.207820831141156459e+00
1.207956391694665621e+00
1.207899940005109363e+00
1.207653275863519893e+00
1.207629985555393359e+00
1.207715543292166238e+00
1.207642630262384165e+00
1.207901947535292342e+00
1.207631961691173039e+00
1.207588126994827649e+00
1.207352799589311632e+00
1.207410197010480468e+00
1.207492450947215357e+00
1.207506797418050004e+00
1.207385061214535815e+00
1.207268712099418329e+00
1.207272458929229186e+00
1.207611290239949842e+00
1.207284910818373858e+00
1.207222698038382225e+00
1.207320572423121074e+00
1.207369088530138246e+00
1.207233877414195966e+00
1.207081057829421544e+00
1.207133904989654560e+00
1.207031882200458428e+00
1.207110793002427629e+00
1.207224039831624962e+00
1.207175418323547689e+00
1.206946311827876928e+00
1.206859347399098281e+00
1.207019599798459408e+00
1.206786866476936115e+00
1.206986808056470073e+00
1.206908309289464354e+00
1.206663843438300354e+00
1.206791081455325099e+00
1.206656125916077293e+00
1.206746284784367962e+00
1.206384165661547714e+00
1.206613736042406737e+00
1.206280595096781427e+00
1.206378193194237891e+00
1.206388576216377961e+00
1.206292497417128073e+00
1.206573156614303644e+00
1.206213468515978215e+00
1.205915923602986162e+00
1.206179532234966212e+00
1.206255991139743244e+00
1.205965105357005296e+00
1.205995586313334922e+00
1.205880156117602242e+00
1.205940442088847764e+00
1.205834027831738098e+00
1.205947531770954262e+00
1.205830868188401350e+00
1.205730285443807004e+00
1.205665597424359303e+00
1.205692097022831533e+00
1.205855814294942485e+00
1.205367340802066201e+00
1.205640192740993877e+00
1.205258822429631449e+00
1.205279244022183560e+00
1.205262986957648108e+00
1.205379692496602706e+00
1.205112612261719951e+00
1.205339725540219842e+00
1.205268015525348790e+00
1.205027862369542069e+00
1.205268091302958089e+00
1.205131722238415914e+00
1.205256566757494818e+00
1.205079606670021120e+00
1.205108850549923671e+00
1.205129670653138918e+00
1.205204788912948244e+00
1.204841420045372979e+00
1.204996604500864876e+00
1.204975488167786990e+00
1.204922887002960685e+00
1.204798435144682323e+00
1.204808621401190161e+00
1.204724708486774265e+00
1.204597963917219738e+00
1.204503241402231861e+00
1.204743940105746036e+00
1.204677382824857146e+00
1.204492605579826625e+00
