2.991338863320011114e+02
6.730405815433954331e+01
5.001047498921760592e+01
4.347567223770582245e+01
3.900451021759418069e+01
3.459036982125216753e+01
2.949382718924047708e+01
2.298370450746685378e+01
1.586796368834346538e+01
1.027136653619134954e+01
7.042170496050093043e+00
5.532174913413641981e+00
4.732996157546856431e+00
4.234861030008957528e+00
3.912811981821904705e+00
3.678575745494253368e+00
3.493120128657710044e+00
3.342302760054648214e+00
3.216067050201025790e+00
3.107733272982606820e+00
3.013247541971964427e+00
2.928920536659323393e+00
2.852365622503822973e+00
2.783456527953318105e+00
2.720415294226992575e+00
2.663834270771278323e+00
2.612888922617700782e+00
2.565273719195018565e+00
2.518328289734748537e+00
2.472902708036126551e+00
2.430528231789764515e+00
2.390501163535162288e+00
2.353410308596768363e+00
2.318073865118228216e+00
2.283887280231520212e+00
2.251117162020368934e+00
2.219916599356906772e+00
2.191440276870896486e+00
2.165612056673911656e+00
2.141142825563983720e+00
2.118597311835074049e+00
2.097369243227619418e+00
2.077190370426784227e+00
2.058334635890025854e+00
2.039976643833853576e+00
2.022652597870421065e+00
2.005603733794375731e+00
1.989336414216767324e+00
1.974696956446153395e+00
1.959403670107521478e+00
1.944175492096142266e+00
1.928539198089372464e+00
1.913748024977674156e+00
1.900503435198233726e+00
1.887799975312992151e+00
1.875827626238099954e+00
1.864042685963435142e+00
1.852158743582271505e+00
1.840475848554915528e+00
1.828392872712124584e+00
1.814504127937780043e+00
1.799383102718428828e+00
1.785110300414494366e+00
1.771994097188434703e+00
1.759203524613193848e+00
1.747055241166276973e+00
1.735989849968286869e+00
1.725545664144709335e+00
1.715859750476239398e+00
1.706442390877614512e+00
1.697825909844106418e+00
1.689342085806522009e+00
1.681590589300131056e+00
1.674188358743160299e+00
1.667018914450482336e+00
1.659948766114319296e+00
1.653521399766204381e+00
1.647046395116458006e+00
1.640648859414114868e+00
1.633795882888676720e+00
1.626953968148855623e+00
1.620435231432788781e+00
1.614303990771446928e+00
1.608478130740981671e+00
1.602626241985573685e+00
1.597211357996938252e+00
1.592137270095452806e+00
1.587396127239639521e+00
1.582759316404379391e+00
1.578350084266807452e+00
1.574184370238836728e+00
1.570426056870821263e+00
1.566685898616593242e+00
1.563133357521316880e+00
1.559640692166406550e+00
1.556207120444708325e+00
1.552844467978253151e+00
1.549851039333130620e+00
1.547098083822687320e+00
1.544260714849668981e+00
1.541387376611323079e+00
1.538704962553071987e+00
1.536164452044433970e+00
1.533530656715730744e+00
1.530803664605906667e+00
1.528075294950077101e+00
1.525600436377830604e+00
1.523171716179644752e+00
1.520531619188311145e+00
1.518069333066030202e+00
1.515693175571746876e+00
1.513519360661116808e+00
1.511267161640325041e+00
1.509266026040553044e+00
1.507242338422847050e+00
1.505246156925272416e+00
1.503324740093275658e+00
1.501525659151375258e+00
1.499681104654652986e+00
1.498157869225134720e+00
1.496500177894117156e+00
1.494887136330913302e+00
1.493205166634614445e+00
1.491781354842547147e+00
1.490455678778995763e+00
1.489096396042351111e+00
1.487969216412629692e+00
1.486466510913610817e+00
1.485221339624886783e+00
1.484176630656786733e+00
1.482820260293772563e+00
1.481690067917760922e+00
1.480640234899379015e+00
1.479397719831718305e+00
1.478380333408593650e+00
1.477107097402048375e+00
1.475705412326378640e+00
1.474707896723361111e+00
1.473195883303670684e+00
1.471770117255036370e+00
1.470694325609892550e+00
1.469409241568961910e+00
1.468305296024912776e+00
1.467240699890790756e+00
1.466159607802310250e+00
1.465186463209900980e+00
1.464008552162555432e+00
1.462806334424447741e+00
1.461808327939185581e+00
1.460759899026372821e+00
1.459712318267388120e+00
1.458685001644654200e+00
1.457695280435093999e+00
1.456642026732668072e+00
1.455560553266765256e+00
1.454700780421160466e+00
1.453707190160513640e+00
1.452743205003945048e+00
1.451648794706545509e+00
1.450618160310418459e+00
1.449608150525584227e+00
1.448514316889093045e+00
1.447735707735544830e+00
1.446684118044984535e+00
1.445894683632457545e+00
1.445076033867950249e+00
1.444168518107081134e+00
1.443364463622362814e+00
1.442322386145764135e+00
1.441379071985974036e+00
1.440570146163319132e+00
1.439763931199198099e+00
1.439060293352631525e+00
1.438233266224858253e+00
1.437399287869545184e+00
1.436551224628929591e+00
1.435871765593709215e+00
1.435113288679980670e+00
1.434377684518232776e+00
1.433721732012765315e+00
1.432711525466922042e+00
1.431877475484014894e+00
1.431126707039704016e+00
1.430367426484195015e+00
1.429666902857772648e+00
1.429039644304815226e+00
1.428284681713779536e+00
1.427614087832788314e+00
1.426969542253103462e+00
1.426246578745233640e+00
1.425534317891139713e+00
1.424924560932741002e+00
1.424394532496632726e+00
1.423781509649422850e+00
1.423048792261701889e+00
1.422473699705286920e+00
1.422054368867159857e+00
1.421595846925302276e+00
1.420983308311913440e+00
1.420484417516494569e+00
1.419851599413503029e+00
1.419371173068026737e+00
1.418754602476836046e+00
1.418168948558707676e+00
1.417617943648781020e+00
1.417127134196394467e+00
1.416722330638276794e+00
1.416195983395398095e+00
1.415561115495880706e+00
1.415188317432799714e+00
1.414484620365723089e+00
1.414006171446629212e+00
1.413500207723006996e+00
1.412785121504082531e+00
1.412065541671399638e+00
1.411476903556039941e+00
1.411016718052527708e+00
1.410716832977433333e+00
1.410179572058873454e+00
1.409672610505734225e+00
1.409037142438487988e+00
1.408646558905342738e+00
1.408228387802091364e+00
1.407756588016107813e+00
1.407327712702963085e+00
1.406760740471831861e+00
1.406288421618436812e+00
1.405801416505997992e+00
1.405290870635537148e+00
1.404894376111512022e+00
1.404571082635203583e+00
1.404096124640876297e+00
1.403783843297178757e+00
1.403318252738760430e+00
1.402994157136312481e+00
1.402405540911774606e+00
1.401927130505588925e+00
1.401522553001746552e+00
1.401137733607016544e+00
1.400673212906307308e+00
1.400351199193271112e+00
1.399983943835273692e+00
1.399685458255188975e+00
1.399326668109005745e+00
1.399072250115921845e+00
1.398736093111532464e+00
1.398497398359606292e+00
1.398126395763827690e+00
1.397721366550504163e+00
1.397384360441719542e+00
1.397105052638250910e+00
1.396729982566225159e+00
1.396412637130683088e+00
1.395996909007687803e+00
1.395666364115463409e+00
1.395369703644596227e+00
1.395113459668064104e+00
1.394735673809291532e+00
1.394390528933904472e+00
1.394037199731039900e+00
1.393749095183636877e+00
1.393341306913957078e+00
1.393090866704366881e+00
1.392756911729428504e+00
1.392616628616334395e+00
1.392376112380038888e+00
1.391814672600035330e+00
1.391647943584054969e+00
1.391296724162046194e+00
1.390910193148799046e+00
1.390795937886510458e+00
1.390394852219366095e+00
1.390092455854962994e+00
1.389820178092975533e+00
1.389485834170402390e+00
1.389221340452386544e+00
1.389150516212244613e+00
1.388773352201415179e+00
1.388457767438607604e+00
1.388130366703418384e+00
1.387905819369978921e+00
1.387669756661900955e+00
1.387480550101296117e+00
1.387262367809117158e+00
1.386978910139434307e+00
1.386680710231704028e+00
1.386382183280816527e+00
1.386065981256788149e+00
1.385758309057619542e+00
1.385697006181805024e+00
1.385433854782133878e+00
1.385089360635176847e+00
1.384875181170670322e+00
1.384820144045653123e+00
1.384495880277710533e+00
1.384175378761540065e+00
1.383932899502020808e+00
1.383560314350176235e+00
1.383249974020481998e+00
1.383033310198333643e+00
1.382890122575334724e+00
1.382360238578775657e+00
1.381948382240510087e+00
1.381674794960030317e+00
1.381531389612401517e+00
1.381424375092706436e+00
1.381013978334445946e+00
1.380704105188804265e+00
1.380530633273014507e+00
1.380247652690150595e+00
1.379912566164642973e+00
1.379521898206932606e+00
1.379386134209890313e+00
1.379159788060406067e+00
1.378757470697288268e+00
1.378347924225885146e+00
1.378135510707887201e+00
1.377824052856103654e+00
1.377610064296099779e+00
1.377274612157025180e+00
1.376997427408967134e+00
1.376709261605874923e+00
1.376437725842214688e+00
1.376060892752453135e+00
1.375822550891295348e+00
1.375618806839537411e+00
1.375316804883470745e+00
1.375153894087929762e+00
1.374833902233337790e+00
1.374515635153217952e+00
1.374230335788340307e+00
1.373943641854645348e+00
1.373674934773516432e+00
1.373351556982336241e+00
1.373092808318218339e+00
1.372868270804829427e+00
1.372611876384178808e+00
1.372323567151578549e+00
1.372054401197064344e+00
1.371748914671221842e+00
1.371554322742004617e+00
1.371155849272741145e+00
1.370984759957503130e+00
1.370728756872555243e+00
1.370434961428731002e+00
1.370162510291063063e+00
1.369865342859976964e+00
1.369617007816080090e+00
1.369449867115320130e+00
1.369059891662715245e+00
1.368891020662662106e+00
1.368704425476583664e+00
1.368473148454510957e+00
1.368218672825005866e+00
1.367985608249659313e+00
1.367850065846592855e+00
1.367503318545331803e+00
1.367244852373230346e+00
1.367026279038878522e+00
1.366735609989934153e+00
1.366476076747525248e+00
1.366216586600370597e+00
1.365923752404585523e+00
1.365704912327754927e+00
1.365468400007833205e+00
1.365266844773754373e+00
1.364953621664357408e+00
1.364694675467528207e+00
1.364418113048138537e+00
1.364202722328835549e+00
1.363930336360584361e+00
1.363765112725390027e+00
1.363560463666007250e+00
1.363293215209328446e+00
1.363132359135000193e+00
1.362820608949933954e+00
1.362743360758138067e+00
1.362378293303774468e+00
1.362216105821582923e+00
1.361861212663422416e+00
1.361757173508540975e+00
1.361341237336619825e+00
1.361102814305989339e+00
1.360882478831234366e+00
1.360639257677076275e+00
1.360465972967094928e+00
1.360140408203116325e+00
1.359976618365573264e+00
1.359706912064199580e+00
1.359426763374169900e+00
1.359126233791364768e+00
1.358754547923787248e+00
1.358452172444017281e+00
1.358259694503363813e+00
1.357908366664238420e+00
1.357762083894964888e+00
1.357620486348936950e+00
1.357345224255275928e+00
1.357119003324873452e+00
1.356915757363257091e+00
1.356597876820815118e+00
1.356408150232273124e+00
1.356189061923193551e+00
1.355907177502285066e+00
1.355813643141751790e+00
1.355521247834760912e+00
1.355321442929683151e+00
1.355055941245322693e+00
1.354820229107878804e+00
1.354644596616414676e+00
1.354354493894048828e+00
1.354138014423402758e+00
1.353948537267610108e+00
1.353704903221406353e+00
1.353430559858039395e+00
1.353197210021303221e+00
1.352968871651159199e+00
1.352820581533077826e+00
1.352621653240306365e+00
1.352547697988050635e+00
1.352312054263016927e+00
1.352023763085377306e+00
1.351917153801652338e+00
1.351612175903100566e+00
1.351333810267261404e+00
1.351103542647687172e+00
1.350953622708108925e+00
1.350715167212976686e+00
1.350529353386292319e+00
1.350289848938558634e+00
1.350037250430067282e+00
1.349840090428914285e+00
1.349608629426607420e+00
1.349401089059304226e+00
1.349242092620462019e+00
1.348969212583644550e+00
1.348820445112162814e+00
1.348755367305451536e+00
1.348504132527986732e+00
1.348311493579618103e+00
1.348153831568780880e+00
1.347933286516224349e+00
1.347838877420494796e+00
1.347568596640208893e+00
1.347340053535514670e+00
1.347120032543035917e+00
1.346881141706930185e+00
1.346739942210518848e+00
1.346486145346811769e+00
1.346381939299746477e+00
1.346203989423558900e+00
1.346029674812990740e+00
1.345745579078038823e+00
1.345591261294041496e+00
1.345435583261845425e+00
1.345197117829507905e+00
1.345054067327116298e+00
1.344945290391780679e+00
1.344724163544724016e+00
1.344477977109749256e+00
1.344324280848483655e+00
1.344002132803176153e+00
1.343778547693880610e+00
1.343547338095212318e+00
1.343276233350440663e+00
1.342999630237880160e+00
1.342809435776723737e+00
1.342599783651726275e+00
1.342357961494431207e+00
1.342150489103318689e+00
1.341996444244166531e+00
1.341783969878369120e+00
1.341496162338761344e+00
1.341338128933433183e+00
1.341060325957210253e+00
1.340890069130226792e+00
1.340760579183569279e+00
1.340504651528731550e+00
1.340291624070507615e+00
1.340175131204191183e+00
1.339832273625437109e+00
1.339610641990746531e+00
1.339510382113100029e+00
1.339208275325217024e+00
1.338915157177782866e+00
1.338424526460939346e+00
1.337916619931201589e+00
1.337430247811960848e+00
1.337014083622502625e+00
1.336620684927986247e+00
1.336294737983628522e+00
1.336115976768052604e+00
1.335839256274826470e+00
1.335654660164364183e+00
1.335427004023136854e+00
1.335155974734813400e+00
1.334955006970410585e+00
1.334668133066107432e+00
1.334534231741532961e+00
1.334299244544489227e+00
1.334006678665002887e+00
1.333765179249342792e+00
1.333579887223362626e+00
1.333281518261088427e+00
1.333293475584476750e+00
1.332941723664095468e+00
1.332832844288564411e+00
1.332477885772328507e+00
1.332245716357004728e+00
1.332086275300066625e+00
1.331832722343634590e+00
1.331709447906164412e+00
1.331441934090396240e+00
1.331132346679431144e+00
1.330913091874514897e+00
1.330699193645164202e+00
1.330481219429356488e+00
1.330345384247691554e+00
1.330194462432398472e+00
1.329915764274053780e+00
1.329984950398940269e+00
1.329733312003831269e+00
1.329494100378721511e+00
1.329325928562375525e+00
1.329162293957060426e+00
1.328980410042584603e+00
1.328773261484590851e+00
1.328559803699114639e+00
1.328394645778610217e+00
1.328170027194973679e+00
1.327909542229249951e+00
1.327657244952351601e+00
1.327355367752587112e+00
1.327178946922831448e+00
1.326875165994896077e+00
1.326701535452129432e+00
1.326430789962329326e+00
1.326161546390880686e+00
1.325928834745154328e+00
1.325753372974245670e+00
1.325448951022483168e+00
1.325385682730952919e+00
1.325038284633820895e+00
1.324806550313893938e+00
1.324543954070564133e+00
1.324363740554184599e+00
1.324042593693249170e+00
1.323858096841648901e+00
1.323663566856427165e+00
1.323437955050245751e+00
1.323183416881718477e+00
1.323093455440123023e+00
1.322831088737443928e+00
1.322671197383759267e+00
1.322390316204759886e+00
1.322199388172417001e+00
1.321945362723504491e+00
1.321761394771956644e+00
1.321642087124922815e+00
1.321403151466041814e+00
1.321160599665840207e+00
1.320966396372328600e+00
1.320842289004468872e+00
1.320512910400614803e+00
1.320401853583281104e+00
1.320046888212105918e+00
1.320011582219794866e+00
1.319854534930204659e+00
1.319561003344774441e+00
1.319409775338911350e+00
1.319258321335571749e+00
1.318967635242806580e+00
1.318891516260150443e+00
1.318715111401776996e+00
1.318479832518911765e+00
1.318316304155786156e+00
1.318101294802674461e+00
1.317854878512543237e+00
1.317776013675372448e+00
1.317632105649915841e+00
1.317391830992193480e+00
1.317269718817072333e+00
1.317052972962151403e+00
1.316892611949805003e+00
1.316659671018587829e+00
1.316301786915578420e+00
1.316347234299013236e+00
1.315779706753240186e+00
1.315800234323059925e+00
1.315643573606341876e+00
1.315523989367991531e+00
1.315356395813479962e+00
1.314973857447153227e+00
1.315047513554615355e+00
1.315004926085203474e+00
1.314687894182116512e+00
1.314360053223535774e+00
1.314418887023184324e+00
1.314193196024661114e+00
1.313786561233439176e+00
1.313378291693638067e+00
1.313076974162767918e+00
1.312872149614073392e+00
1.312645843866382167e+00
1.312272660377758582e+00
1.312051897828437674e+00
1.311885256899106844e+00
1.311668509065096799e+00
1.311515073737359094e+00
1.311204863469535242e+00
1.310996419680430014e+00
1.310899150015399917e+00
1.310449546953339039e+00
1.310337983996747724e+00
1.310040241011317219e+00
1.309869044818970263e+00
1.309414870557986665e+00
1.309415713625576405e+00
1.309242514047437078e+00
1.309043097566529923e+00
1.308621242114965444e+00
1.308803307144286387e+00
1.308447406215830666e+00
1.308421434464623001e+00
1.308309458002334891e+00
1.308115117187485188e+00
1.307979814892443970e+00
1.307643186427075666e+00
1.307653798889252483e+00
1.307620875015349293e+00
1.307333738272761892e+00
1.307061752392827403e+00
1.306942125968809432e+00
1.306699878358885458e+00
1.306545373613145378e+00
1.306511032948732831e+00
1.306298015246368127e+00
1.306240885372502047e+00
1.305918056122871374e+00
1.305819535576824286e+00
1.305638985463235757e+00
1.305616616549169606e+00
1.305477935965252856e+00
1.305188327287913230e+00
1.305209266700308346e+00
1.305117031760240520e+00
1.304864818315430552e+00
1.304904886638004191e+00
1.304608271615213866e+00
1.304625418505272583e+00
1.304405078326880352e+00
1.304299638790169746e+00
1.304266820516039038e+00
1.304124949885626439e+00
1.304097880024555733e+00
1.303834795488516329e+00
1.303777303951695332e+00
1.303762031159529267e+00
1.303376526500124699e+00
1.303397462652691852e+00
1.303307028252476574e+00
1.302866651928067387e+00
1.302995312168759190e+00
1.302562205793559746e+00
1.302680590697605778e+00
1.302502692159000164e+00
1.302469440570402703e+00
1.302358722902346333e+00
1.302223194847827115e+00
1.302281240192168843e+00
1.302033424804102779e+00
1.302056613426278764e+00
1.301928341734056138e+00
1.301837150127073128e+00
1.301757468382573002e+00
1.301489900724613902e+00
1.301643139731599730e+00
1.301479037559553520e+00
1.301311109376252384e+00
1.301254939171691882e+00
1.301097617513731430e+00
1.301108499828662390e+00
1.300951751156423475e+00
1.300975405203227186e+00
1.300708919569665278e+00
1.300746997947856087e+00
1.300611509971740576e+00
1.300597918510939754e+00
1.300414382163302074e+00
1.300160404366730305e+00
1.300247041426098926e+00
1.300081849277110679e+00
1.299810557830984203e+00
1.299880885050096913e+00
1.299783701450127005e+00
1.299726518909041673e+00
1.299625510600987299e+00
1.299718038483037130e+00
1.299506529561512469e+00
1.299349710357951215e+00
1.299403834406581471e+00
1.299300984232441447e+00
1.299148508523066292e+00
1.299032700061196532e+00
1.298906473367425596e+00
1.298841604901142865e+00
1.298824484653620548e+00
1.298680848786729181e+00
1.298509906379420542e+00
1.298593247010226381e+00
1.298420696364297688e+00
1.298386433360024128e+00
1.298235539128016036e+00
1.298200558635455693e+00
1.297966730734889884e+00
1.297969631633127285e+00
1.297773057171710098e+00
1.297713634759429580e+00
1.297615219810849707e+00
1.297506012563522049e+00
1.297452553641914141e+00
1.297254500938323174e+00
1.297233873792305925e+00
1.297227948442859935e+00
1.297034117493257588e+00
1.297019085284886186e+00
1.296862380243410717e+00
1.296814558500465786e+00
1.296662546390110471e+00
1.296680272177388238e+00
1.296568761116071444e+00
1.296490251516385861e+00
1.296404905490812220e+00
1.296280619626772657e+00
1.296252645180629104e+00
1.296180817682484276e+00
1.296019804215909899e+00
1.295978443411273995e+00
1.295862316744447407e+00
1.295750533470086951e+00
1.295680827671366275e+00
1.295589237570962338e+00
1.295606037148407275e+00
1.295409011267885990e+00
1.295391153335403223e+00
1.295121141209956361e+00
1.295028610915615053e+00
1.294961912970578721e+00
1.294869839787247567e+00
1.294830124395662807e+00
1.294690526937006370e+00
1.294616643252213484e+00
1.294518337931809038e+00
1.294421700390317342e+00
1.294332148342810962e+00
1.294230190005335457e+00
1.294158672768278118e+00
1.294085377257075509e+00
1.293932068309207040e+00
1.293827731520599711e+00
1.293774096967815312e+00
1.293667287379743014e+00
1.293562385719801755e+00
1.293391628607371446e+00
1.293402563405390060e+00
1.293259483262582998e+00
1.293211594082426474e+00
1.293118294318001515e+00
1.293078986813557707e+00
1.292995968314085031e+00
1.292928022978024005e+00
1.292939897030124685e+00
1.292848193599373641e+00
1.292665050955792649e+00
1.292651979809586793e+00
1.292564622010396791e+00
1.292413565929316777e+00
1.292416351090695636e+00
1.292317117342044241e+00
1.292265172385490546e+00
1.292128313623979396e+00
1.292113223660751986e+00
1.291981361295673869e+00
1.291907143534669400e+00
1.291869893103543498e+00
1.291795689127450464e+00
1.291635728290647434e+00
1.291592479552116757e+00
1.291589915717046511e+00
1.291473618354280095e+00
1.291414221783897309e+00
1.291388200672860531e+00
1.291296467198041809e+00
1.291212141915480727e+00
1.291042790499064896e+00
1.290847524113742706e+00
1.290846890674173686e+00
1.290708329569668855e+00
1.290693074595939294e+00
1.290686560270039029e+00
1.290444233095543236e+00
1.290486041004689222e+00
1.290286297272846605e+00
1.290280520048314505e+00
1.290213383126466606e+00
1.290161853234318645e+00
1.290218925018595364e+00
1.290094120429078783e+00
1.290013671247746130e+00
1.289961460473858290e+00
1.289852413397440278e+00
1.289784578099387291e+00
1.289708704136509398e+00
1.289544608734437547e+00
1.289603414294148376e+00
1.289547673948435502e+00
1.289347550912002704e+00
1.289374554393368566e+00
1.289228862284239163e+00
1.289227713230748806e+00
1.289182950726501353e+00
1.289148130784719459e+00
1.288981115508470721e+00
1.289052656726105583e+00
1.288953715363940322e+00
1.288717630005458359e+00
1.288764308976031669e+00
1.288537659393244050e+00
1.288617164010977145e+00
1.288479914438171559e+00
1.288477989523126421e+00
1.288364420838270075e+00
1.288307817490964124e+00
1.288215591404599625e+00
1.288065673194542127e+00
1.288047573116990030e+00
1.287976331037504085e+00
1.287900789357213194e+00
1.287764726275460569e+00
1.287715939245438479e+00
1.287687266020102639e+00
1.287572966582491985e+00
1.287529259514923474e+00
1.287487421870437743e+00
1.287309362635209675e+00
1.287347793550885244e+00
1.287289898862076898e+00
1.287167366397825141e+00
1.287138135138494732e+00
1.287024597263770609e+00
1.286903187001668725e+00
1.286922781396320437e+00
1.286817274337400230e+00
1.286768340457618232e+00
1.286623068030269268e+00
1.286487629670723054e+00
1.286466074418935790e+00
1.286390290939487313e+00
1.286311589834470137e+00
1.286273097696227330e+00
1.286262957424367803e+00
1.286196361575874469e+00
1.286254286085326992e+00
1.285947214565315688e+00
1.285726503833830137e+00
1.285856152031254807e+00
1.285652650956568666e+00
1.285743895152564820e+00
1.285603915263467512e+00
1.285550431924896708e+00
1.285493992260163143e+00
1.285444356568929525e+00
1.285387185241019026e+00
1.285309915232184741e+00
1.285271440428113587e+00
1.285187515345889375e+00
1.285052784246156765e+00
1.285022436137787993e+00
1.284995924409194856e+00
1.285017767180065551e+00
1.284868321522910639e+00
1.284776505367750898e+00
1.284720433908451920e+00
1.284722666123496504e+00
1.284605179206134151e+00
1.284541159285329526e+00
1.284455061029634804e+00
1.284422400900812056e+00
1.284332786636551926e+00
1.284368497932977027e+00
1.284223250109701508e+00
1.284250283590908870e+00
1.284100941547931196e+00
1.284017253567317551e+00
1.284005039529648062e+00
1.283947714312405619e+00
1.283875199032932013e+00
1.283896698236783873e+00
1.283785323138388668e+00
1.283722958870646247e+00
1.283643721111762614e+00
1.283582127873150291e+00
1.283550947149830534e+00
1.283465954655581553e+00
1.283391321892746406e+00
1.283362493458129583e+00
1.283285182995894003e+00
1.283140512798716104e+00
1.283084948549704452e+00
1.283115957007266772e+00
1.282934488981997356e+00
1.282881603664840942e+00
1.282767495919531431e+00
1.282688157678858909e+00
1.282633858994945975e+00
1.282676079351120491e+00
1.282598079620823617e+00
1.282528015937161703e+00
1.282452503606704930e+00
1.282349448862758923e+00
1.282241327481209003e+00
1.282112293440919260e+00
1.281732660388920753e+00
1.281760079147031162e+00
1.281692478756768283e+00
1.281577696430683533e+00
1.281560071727136707e+00
1.281484816382756797e+00
1.281388410564592073e+00
1.281452173194879363e+00
1.281351561111586879e+00
1.281131960051896002e+00
1.281057958934391339e+00
1.280971902402104901e+00
1.280848698749922354e+00
1.280680074349189956e+00
1.280532778610089739e+00
1.280536009512647899e+00
1.280308687316644489e+00
1.280186744558046152e+00
1.280115870270174261e+00
1.280011378918710196e+00
1.279991294623627596e+00
1.279908311097704976e+00
1.279747171612019008e+00
1.279694808019214314e+00
1.279525902372357082e+00
1.279419393177007924e+00
1.279411090076985058e+00
1.279224136521206256e+00
1.279310425795692430e+00
1.279249599081838662e+00
1.279121706216814980e+00
1.279012919862093645e+00
1.278832039176991620e+00
1.278894156317225361e+00
1.278753367659453355e+00
1.278605853132408710e+00
1.278511760086999516e+00
1.278524056218355964e+00
1.277970337889024144e+00
1.278092633480067297e+00
1.277914846511567282e+00
1.277837569795540196e+00
1.277669450172105758e+00
1.277593099089912032e+00
1.277542305213970941e+00
1.277412599582683939e+00
1.277335475409162591e+00
1.277307760183501673e+00
1.277301289702019504e+00
1.277177718378811111e+00
1.277032587206347491e+00
1.277003631423623942e+00
1.276818448278242091e+00
1.276893302445974321e+00
1.276719872808951495e+00
1.276693554596453062e+00
1.276588770091727776e+00
1.276394445985152837e+00
1.276379664844453865e+00
1.276217080625794642e+00
1.276245667029191955e+00
1.276038998442015293e+00
1.276086159027447264e+00
1.275993205428694877e+00
1.275828048319372021e+00
1.275810232335051753e+00
1.275759761121589397e+00
1.275604533445726441e+00
1.275541597258855298e+00
1.275462104174747369e+00
1.275370998535399814e+00
1.275387118795488384e+00
1.275330425950617075e+00
1.275227991968687746e+00
1.275228837567449647e+00
1.275101420203191838e+00
1.274915655998223540e+00
1.275095661199021180e+00
1.274975476301767774e+00
1.274887572567004135e+00
1.274910043989962993e+00
1.274917302739795311e+00
1.274696839165120776e+00
1.274727077887351179e+00
1.274592308618689662e+00
1.274569677281828239e+00
1.274810119802234354e+00
1.274747907467187913e+00
1.274542664422852578e+00
1.274632518648376900e+00
1.274521139501806788e+00
1.274407825341329792e+00
1.274403156204232834e+00
1.274432988565092240e+00
1.274293761334620578e+00
1.274064526665618313e+00
1.274160688119832630e+00
1.274041581719847605e+00
1.274087462310358854e+00
1.273954759112210899e+00
1.273920988362463591e+00
1.273836684272044550e+00
1.273909095115586032e+00
1.273808441324201235e+00
1.273785124974345484e+00
1.273729422275666101e+00
1.273704070378179454e+00
1.273604691811746070e+00
1.273554344406954586e+00
1.273433314394144977e+00
1.273355240099126373e+00
1.273365174741270200e+00
1.273259497951787944e+00
1.273259991882387476e+00
1.273221237954159202e+00
1.273052449996417979e+00
1.272992275021173292e+00
1.273033871871079858e+00
1.273006304730641913e+00
1.272892709543391954e+00
1.272773695217943590e+00
1.272663459050569879e+00
1.272679136936288868e+00
1.272563755824977827e+00
1.272564861847579554e+00
1.272460542160251284e+00
1.272401208945137752e+00
1.272315554090860834e+00
1.272162986696432796e+00
1.272196551150256427e+00
1.272095492139742490e+00
1.272003418098492267e+00
1.271963432003188732e+00
1.271939165696159835e+00
1.271876823731858730e+00
1.271782213145227658e+00
1.271669811362162283e+00
1.271540681328325428e+00
1.271495032113231449e+00
1.271437417760598931e+00
1.271316840873108367e+00
1.271312693943322580e+00
1.271290421474259524e+00
1.271247008620025376e+00
1.271123830440089808e+00
1.271111161215026319e+00
1.271003886515948755e+00
1.271083868233815029e+00
1.271014064685808354e+00
1.270964853675203399e+00
1.270858189132627825e+00
1.270833196772562568e+00
1.270745239088682199e+00
1.270731833357874541e+00
1.270540959113523272e+00
1.270489280088243911e+00
1.270454413639885205e+00
1.270402356415121226e+00
1.270202093661996434e+00
1.270266756257696139e+00
1.270077895624565523e+00
1.270108875916801106e+00
1.270020575196480594e+00
1.269979399665044140e+00
1.269873262058256902e+00
1.269854189674691103e+00
1.269783235955480372e+00
1.269714262585132536e+00
1.269695170767576764e+00
1.269579848931557065e+00
1.269584102953781546e+00
1.269542191861940061e+00
1.269462563469772487e+00
1.269215241704044095e+00
1.269302508114233952e+00
1.269186352212897217e+00
1.269149321645476780e+00
1.269038092915567573e+00
1.269022691041395978e+00
1.268916911946295079e+00
1.268900449162468025e+00
1.268799262090879454e+00
1.268771918779945551e+00
1.268685553354481632e+00
1.268571066515472356e+00
1.268613749487943698e+00
1.268427649226064879e+00
1.268358145694029160e+00
1.268322704305972826e+00
1.268279141361995599e+00
1.268279766869196301e+00
1.268216284730210974e+00
1.268004153085102725e+00
1.268017316997123167e+00
1.267931584516904797e+00
1.267881015481369777e+00
1.267817847203529968e+00
1.267780601892101622e+00
1.267726753583373833e+00
1.267675981607580216e+00
1.267639656730062292e+00
1.267517641314605426e+00
1.267424701243918372e+00
1.267410903640680209e+00
1.267287982062365259e+00
1.267148680603515043e+00
1.267122561242053580e+00
1.267024688804619492e+00
1.267064099442443803e+00
1.266897296612758739e+00
1.266981165042077251e+00
1.266856038457661260e+00
1.266706682585183819e+00
1.266604717099167221e+00
1.266596119785569963e+00
1.266546529694875689e+00
1.266370067134577893e+00
1.266389992472879866e+00
1.266355449326961757e+00
1.266367887896069577e+00
1.266248657490518736e+00
1.266219618149898807e+00
1.266332541803804057e+00
1.266127232684404413e+00
1.265985842725641630e+00
1.265909185406907334e+00
1.265941993557127665e+00
1.265952422301237279e+00
1.265869791778437614e+00
1.265733937517399488e+00
1.265723069741622631e+00
1.265635639729765449e+00
1.265542747070357299e+00
1.265463568621094437e+00
1.265467927619680522e+00
1.265253860036468447e+00
1.265310119406347633e+00
1.265205152084296403e+00
1.265229257287052489e+00
1.265186763640508749e+00
1.265060093500803395e+00
1.264864645784062658e+00
1.264831901885393517e+00
1.264747619945786106e+00
1.264675823605164728e+00
1.264690954901550368e+00
1.264513494948193761e+00
1.264492798685385111e+00
1.264325868508990647e+00
1.264340105818869686e+00
1.264239515515076073e+00
1.263983377162390509e+00
1.264022474990200928e+00
1.263923606819619350e+00
1.263816310958879585e+00
1.263786215094115706e+00
1.263764329594612823e+00
1.263736202650288520e+00
1.263725338742027526e+00
1.263540937017974874e+00
1.263477576161371685e+00
1.263353788244878206e+00
1.263532060052106720e+00
1.263344806217205907e+00
1.263324354947833461e+00
1.263125634991184132e+00
1.263068690963464302e+00
1.263030902913007347e+00
1.263024280235298225e+00
1.262762969520873080e+00
1.262800329468475757e+00
1.262799687319723363e+00
1.262654294775144015e+00
1.262611684082396213e+00
1.262559594679851127e+00
1.262432853423030688e+00
1.262497174586060256e+00
1.262393269665141871e+00
1.262244993827806638e+00
1.262176611836623774e+00
1.262100250401715362e+00
1.262096549730283401e+00
1.262080391544299074e+00
1.261953821078759086e+00
1.261915640156820340e+00
1.261855867311072243e+00
1.261863622989445988e+00
1.261758261555876226e+00
1.261687569924240915e+00
1.261635825507573250e+00
1.261481217017792478e+00
1.261524482435156802e+00
1.261353242914961648e+00
1.261414148508576583e+00
1.261088372071153652e+00
1.261165702422676782e+00
1.261028669336672792e+00
1.260943135580109287e+00
1.260819930028136193e+00
1.260731956334338877e+00
1.260669935302756395e+00
1.260530801740060936e+00
1.260528674370135827e+00
1.260428510304569816e+00
1.260540436827286115e+00
1.260458554463271152e+00
1.260277860833333818e+00
1.260248739032423071e+00
1.260319045799568327e+00
1.260099134696945677e+00
1.260088299877058171e+00
1.260014475336082018e+00
1.259958152664287345e+00
1.259888967412606142e+00
1.259935255937929321e+00
1.259808713686311421e+00
1.259828179418793326e+00
1.259669424412657390e+00
1.259593642478698428e+00
1.259524191714499919e+00
1.259411631544027799e+00
1.259318590615606359e+00
1.259361257979727311e+00
1.259389518590166235e+00
1.259291586601594792e+00
1.259278831290264078e+00
1.259333254301382210e+00
1.259279764034172855e+00
1.259141915773729137e+00
1.259072174225061236e+00
1.259074406807840552e+00
1.259122087919734012e+00
1.259007760782780538e+00
1.258923348834427358e+00
1.258826900743062582e+00
1.258808864958347318e+00
1.258758815005367460e+00
1.258603160505214147e+00
1.258634781821649673e+00
1.258635082591517573e+00
1.258607095020811029e+00
1.258598946180030209e+00
1.258366393652826654e+00
1.258499455555081026e+00
1.258253227396636031e+00
1.258280058016416181e+00
1.258224508831900623e+00
1.258143907719513344e+00
1.257872873087006349e+00
1.258031966915053479e+00
1.258048030361321290e+00
1.257909981528010812e+00
1.257859745467301948e+00
1.257768926169277268e+00
1.257789722618791295e+00
1.257569362833653281e+00
1.257725717938628529e+00
1.257571712988832191e+00
1.257558883111397297e+00
1.257373610180003265e+00
1.257429089069145745e+00
1.257426403310337504e+00
1.257184549625276704e+00
1.257295620772218570e+00
1.257214420908445041e+00
1.257119131466447604e+00
1.257044142561248856e+00
1.256898950126077663e+00
1.256995487776500386e+00
1.256827597898046767e+00
1.256898738570687568e+00
1.256603514108026731e+00
1.256578275387117083e+00
1.256531259082366736e+00
1.256598200477102134e+00
1.256565551345008691e+00
1.256511751630195350e+00
1.256311571787189330e+00
1.256321813258681086e+00
1.256170484332049808e+00
1.256161600485112162e+00
1.256211511472075104e+00
1.256135066043973625e+00
1.256014195663264887e+00
1.255941533124099285e+00
1.256013661827612760e+00
1.255857640781347762e+00
1.255830794181430621e+00
1.255765485986650276e+00
1.255778376660725781e+00
1.255711029250831112e+00
1.255657041754975944e+00
1.255681538286866461e+00
1.255495776744192549e+00
1.255405853422212781e+00
1.255386293487654292e+00
1.255361818547430675e+00
1.255303114850216506e+00
1.255245254097800967e+00
1.255125971859756051e+00
1.255147351691511037e+00
1.255091608251461599e+00
1.254920798852299457e+00
1.254838397354170354e+00
1.254822282567091607e+00
1.254772055930112318e+00
1.254749835860073937e+00
1.254646698844140706e+00
1.254552678885137773e+00
1.254609197952700095e+00
1.254515477092948528e+00
1.254518943981530521e+00
1.254499541105792648e+00
1.254357216786829987e+00
1.254294835503012351e+00
1.254326117149189290e+00
1.254219834567247727e+00
1.254197515594877688e+00
1.254124608916291850e+00
1.254134909617623750e+00
1.253946105834711666e+00
1.253940051283098933e+00
1.253899791135085984e+00
1.253811818670478972e+00
1.253804675533751523e+00
1.253733871315169113e+00
1.253510033767667009e+00
1.253586101916585482e+00
1.253489502537981526e+00
1.253460409696023348e+00
1.253512044657668634e+00
1.253297421601042849e+00
1.253342582201820710e+00
1.253280593690272893e+00
1.253079699608481423e+00
1.253118398390260069e+00
1.252974396978941085e+00
1.252946671107653787e+00
1.252882646077053908e+00
1.252856401231186911e+00
1.252899055690726238e+00
1.252750989163067041e+00
1.252628714027366197e+00
1.252630668592895180e+00
1.252527468182734305e+00
1.252565311048757790e+00
1.252435556681680717e+00
1.252631364395609737e+00
1.252418354199080097e+00
1.252385540634575412e+00
1.252493954036985713e+00
1.252261193946722306e+00
1.252277660390271441e+00
1.252347026879127023e+00
1.252230413362877437e+00
1.252100488699354974e+00
1.252077772544154977e+00
1.252013864131252374e+00
1.251965445841168201e+00
1.251936293709839942e+00
1.251819772581543200e+00
1.251757051071390237e+00
1.251846576544470180e+00
1.251657539277621245e+00
1.251698207246807248e+00
1.251741352245664407e+00
1.251579997070345840e+00
1.251601817173165987e+00
1.251448729980311647e+00
1.251466840498528965e+00
1.251401025530057831e+00
1.251353629297580650e+00
1.251239631646478001e+00
1.251186371714039014e+00
1.251292585757505904e+00
1.251227836760842704e+00
1.251122847660554038e+00
1.251115866486499639e+00
1.251157384124518046e+00
1.251093992471490113e+00
1.250982719275704591e+00
1.250943865714197800e+00
1.250997731013848258e+00
1.250924130188040051e+00
1.250816761119768472e+00
1.250753835556226212e+00
1.250776867658409230e+00
1.250631293447522330e+00
1.250728736314926426e+00
1.250676111682626601e+00
1.250566118364142776e+00
1.250549796540807890e+00
1.250390606694157247e+00
1.250398671108580606e+00
1.250369421268975767e+00
1.250283933744978926e+00
1.250318956360344735e+00
1.250181718549010723e+00
1.250140709724360866e+00
1.250082991599331672e+00
1.250141167771936956e+00
1.250094316057827060e+00
1.249918267821627849e+00
1.249990318180943527e+00
1.250082192252581770e+00
1.249832489697807469e+00
1.249770620790020992e+00
1.249796999871263692e+00
1.249722854047888854e+00
1.249730143900431356e+00
1.249678110527855823e+00
1.249638296682824778e+00
1.249665115168280494e+00
1.249506156606762231e+00
1.249397606262168336e+00
1.249518369368909809e+00
1.249360979772649927e+00
1.249422763518455826e+00
1.249369049994540459e+00
1.249362316440754128e+00
1.249255102150500063e+00
1.249224657454130361e+00
1.249246192461250571e+00
1.249082327492222921e+00
1.249114601802344904e+00
1.248987646429047027e+00
1.248936375453738146e+00
1.248862095699868391e+00
1.248772861681705537e+00
1.248819707405267820e+00
1.248683479866262269e+00
1.248834163856497481e+00
1.248731507169987820e+00
1.248624309344459338e+00
1.248588618880292156e+00
1.248571222992227892e+00
1.248568192188898029e+00
1.248458150507190778e+00
1.248449764342999257e+00
1.248411130291299020e+00
1.248398334999322845e+00
1.248229879480736049e+00
1.248207153026383187e+00
1.248168071362143694e+00
1.248108474812468449e+00
1.248031497751224572e+00
1.248093348024161831e+00
1.248052299064535520e+00
1.247977108904654076e+00
1.247938669928697175e+00
1.247933245443424655e+00
1.247897856967264518e+00
1.247791392324547610e+00
1.247733179398654801e+00
1.247711699279397068e+00
1.247665899636276832e+00
1.247666635494129483e+00
1.247651589914418269e+00
1.247601285221733969e+00
1.247571264442382200e+00
1.247521338079491615e+00
1.247491817396631175e+00
1.247418486154121764e+00
1.247418569409141309e+00
1.247385347189945870e+00
1.247290136056111720e+00
1.247203304257552103e+00
1.247186967348450581e+00
1.247089683403073801e+00
1.247089687734377117e+00
1.246985218064207590e+00
1.246994023385134431e+00
1.246911018821373895e+00
1.246848050515248607e+00
1.246748125898353488e+00
1.246770929076447931e+00
1.246685850523007622e+00
1.246605309461082056e+00
1.246752904206444024e+00
1.246467544870065280e+00
1.246372894820261257e+00
1.246411709952275571e+00
1.246303359133615007e+00
1.246164675880570893e+00
1.246183028787355651e+00
1.246063273248235292e+00
1.246076757723961093e+00
1.245950434399513584e+00
1.245910475345873625e+00
1.245888974512325609e+00
1.245790652997452508e+00
1.245856527772957856e+00
1.245737674027810327e+00
1.245600693609694165e+00
1.245621220018805264e+00
1.245656329710083332e+00
1.245577030845728350e+00
1.245524164630984476e+00
1.245314020723578663e+00
1.245228471523576852e+00
1.245180352536815027e+00
1.245165607638240690e+00
1.245014909755439936e+00
1.244963297761330523e+00
1.244884495509432254e+00
1.244958383000396962e+00
1.244798121282308490e+00
1.244736087173302863e+00
1.244677744770274375e+00
1.244591588934927051e+00
1.244569643331375541e+00
1.244596894840390489e+00
1.244487523728402323e+00
1.244523667627626784e+00
1.244368791458395407e+00
1.244384216793438691e+00
1.244215297310844237e+00
1.244313760475951769e+00
1.244106124856729334e+00
1.244152380742313602e+00
1.243984433640214604e+00
1.244000377590898987e+00
1.243911110315047530e+00
1.243921193376041456e+00
1.243901254631229136e+00
1.243868062989198942e+00
1.243871239082576574e+00
1.243875926071101423e+00
1.243662652272059965e+00
1.243721611959483386e+00
1.243617013255181591e+00
1.243598980889717209e+00
1.243573866283818719e+00
1.243537588571869579e+00
1.243527573176106404e+00
1.243476190237808643e+00
1.243388505565509172e+00
1.243359066675480351e+00
1.243391579974268746e+00
1.243412940150636414e+00
1.243291941788621013e+00
1.243339676743860922e+00
1.243288294328401822e+00
1.243205984550278975e+00
1.243254454005032983e+00
1.243080127921910139e+00
1.243141674552173725e+00
1.242987383915304500e+00
1.243085396202347148e+00
1.242920289268042211e+00
1.242919743475563221e+00
1.242886131722355181e+00
1.242898803648259110e+00
1.242734555937661911e+00
1.242958465871511153e+00
1.242756135426531960e+00
1.242762513114533895e+00
1.242653335199501718e+00
1.242552662353991311e+00
1.242573967249123390e+00
1.242462876807260530e+00
1.242370278951078655e+00
1.242409760435621235e+00
1.242202766518671453e+00
1.242224484239267346e+00
1.242121121821097240e+00
1.242105447674420882e+00
1.242044473167947194e+00
1.242108323054521568e+00
1.241982003586634020e+00
1.241958790098855570e+00
1.241988551388867767e+00
1.241882227901818680e+00
1.241999328450865914e+00
1.241752924855072271e+00
1.241739102114212567e+00
1.241678137559071970e+00
1.241714964460196802e+00
1.241573668341885650e+00
1.241736547886401976e+00
1.241499825866510420e+00
1.241669841847227396e+00
1.241461805983260058e+00
1.241510337203193926e+00
1.241349999148699590e+00
1.241483219115467440e+00
1.241277244864097407e+00
1.241247813370629949e+00
1.241202390259514621e+00
1.241112103321257321e+00
1.241185853827031726e+00
1.240942124983549277e+00
1.241065953722003679e+00
1.240936638833269434e+00
1.241083069346944123e+00
1.240840808425672570e+00
1.241029112913538235e+00
1.240746367886208290e+00
1.240880546633280179e+00
1.240698028790928165e+00
1.240740184185991302e+00
1.240771962819232632e+00
1.240703231578967891e+00
1.240725260605633817e+00
1.240476482002105252e+00
1.240718208561461422e+00
1.240468883122747501e+00
1.240597224766358142e+00
1.240474131278566317e+00
1.240393806894285911e+00
1.240441598466915929e+00
1.240475529653464859e+00
1.240388810824852861e+00
1.240281754221240318e+00
1.240482821104364364e+00
1.240362195029981240e+00
1.240307220398509269e+00
1.240190584348655145e+00
1.240312726741795490e+00
1.240094303920007857e+00
1.240436613504133367e+00
1.240146632627294743e+00
1.240225669865776092e+00
1.240098230837543669e+00
1.240125218134559448e+00
1.240033939058714063e+00
1.240133482897485706e+00
1.240116983231455139e+00
1.239884453941640929e+00
1.240144188355001065e+00
1.239883849382914960e+00
1.239968916326301240e+00
1.240128914667587345e+00
1.239934946141320049e+00
1.239871787867006026e+00
1.239928925728945419e+00
1.239767140012413948e+00
1.239902874524197562e+00
1.239800111350560785e+00
1.239792749090645296e+00
1.239683766559677380e+00
1.239708940825703154e+00
1.239666918250134531e+00
1.239611183538109396e+00
1.239617585362469798e+00
1.239637519623369544e+00
1.239591718333181491e+00
1.239606679759522878e+00
1.239442416715797579e+00
1.239555586117182528e+00
1.239479272156202461e+00
1.239512142351277380e+00
1.239472649872504162e+00
1.239416183818454309e+00
1.239315653485306923e+00
1.239289884862048163e+00
1.239336592940857074e+00
1.239324555086549040e+00
1.239285252459586539e+00
1.239279990189476877e+00
1.239306056472482931e+00
1.239107247027011915e+00
1.239190543214633955e+00
1.239122483644808703e+00
1.239018446619871705e+00
1.238953198495824193e+00
1.238878514704261358e+00
1.238893079639462380e+00
1.238884044912927251e+00
1.238859245893549677e+00
1.238728305320759615e+00
1.238767218347095689e+00
1.238776137667529031e+00
1.238782588384330197e+00
1.238640223083965486e+00
1.238550290730848547e+00
1.238677756146876030e+00
1.238465842863298638e+00
1.238579779146671944e+00
1.238644780836314796e+00
1.238493323469204377e+00
1.238394204921323682e+00
1.238386116927503222e+00
1.238361969777571625e+00
1.238411608882843851e+00
1.238375969395934861e+00
1.238312411067006957e+00
1.238392993207481529e+00
1.238212694094169786e+00
1.238279119213276047e+00
1.238208286984408657e+00
1.238304178394161736e+00
1.238064012670897274e+00
1.238171288324908081e+00
1.238052638419751217e+00
1.238191249025390128e+00
1.238140845723900929e+00
1.238108560797857249e+00
1.237963972792096579e+00
1.237969902304002723e+00
1.237846119837348491e+00
1.237892748806408427e+00
1.237724541178939486e+00
1.237853052990252722e+00
1.237886085104796807e+00
1.237748514248025122e+00
1.237765355206091433e+00
1.237683233297969698e+00
1.237624721526337401e+00
1.237572992992446386e+00
1.237582327305515983e+00
1.237507901692422418e+00
1.237515683548462642e+00
1.237518851977488010e+00
1.237549886929224519e+00
1.237403250645905173e+00
1.237446665456395367e+00
1.237406783649829478e+00
1.237371317717754993e+00
1.237311761855017567e+00
1.237360054858185121e+00
1.237240941315025156e+00
1.237259692317316695e+00
1.237086772850562566e+00
1.237151042262596423e+00
1.237160749563223083e+00
1.237188430034857900e+00
1.237112205479699467e+00
1.237092986157274366e+00
1.237070666306469002e+00
1.236888751785752305e+00
1.237096840757183847e+00
1.237012753132365139e+00
1.236961696577216108e+00
1.237071728671981674e+00
1.236962666281341106e+00
1.236951960406319273e+00
1.236803102451334846e+00
1.236728878239486518e+00
1.236846667652393483e+00
1.236595428194229962e+00
1.236788550227979622e+00
1.236696134335038666e+00
1.236585187607693426e+00
1.236704701645574112e+00
1.236610344983767318e+00
1.236575428109399688e+00
1.236514892940835830e+00
1.236534496572077479e+00
1.236478905826422059e+00
1.236516029739626932e+00
1.236499938889715322e+00
1.236462792542926126e+00
1.236470437793193433e+00
1.236440305804890283e+00
1.236516448921972211e+00
1.236527340117853813e+00
1.236525984260181898e+00
1.236405888504676920e+00
1.236471441676602945e+00
1.236341509235642233e+00
1.236338645665552294e+00
1.236389312892476999e+00
1.236409213864446466e+00
1.236345147135712308e+00
1.236233814482674331e+00
1.236188074338397058e+00
1.236247485832832060e+00
1.236165369869642650e+00
1.236119978137214082e+00
1.236074492994654550e+00
1.236082669550315316e+00
1.236088584555586234e+00
1.235981865362451027e+00
1.236073382783342112e+00
1.235965895204282683e+00
1.236056277666939263e+00
1.235949620200824883e+00
1.235944840984081639e+00
1.235985183627208883e+00
1.235874672805951757e+00
1.235912219131323875e+00
1.235855392850001566e+00
1.235768836027095752e+00
1.235845051367703951e+00
1.235879508056114018e+00
1.235715954119908977e+00
1.235824326905391235e+00
1.235722132772676174e+00
1.235745198879160567e+00
1.235628365914063886e+00
1.235772636108133815e+00
1.235688028457474941e+00
1.235680567736251900e+00
1.235690415174252932e+00
1.235593436973272619e+00
1.235539787679725832e+00
1.235525079938212700e+00
1.235501441354530439e+00
1.235501159863868326e+00
1.235431870867106152e+00
1.235481696418944120e+00
1.235421071238949731e+00
1.235381002495943514e+00
1.235334969195445831e+00
1.235409664107004257e+00
1.235239397964496666e+00
1.235342940543738610e+00
1.235303340102150038e+00
1.235273837585472156e+00
1.235227188775162910e+00
1.235241520838128659e+00
1.235175404760241014e+00
1.235251902488981868e+00
1.235133574794732070e+00
1.235293425465539663e+00
1.235106992904149825e+00
1.235193718599943979e+00
1.235107108677640175e+00
1.235125259983687940e+00
1.235049192543646646e+00
1.235027546308860247e+00
1.235113347746822798e+00
1.235009327466545903e+00
1.235019064142339529e+00
1.235062372807494757e+00
1.234936521174432089e+00
1.234959045377092002e+00
1.235021727587096274e+00
1.234894643977759499e+00
1.234898968193868241e+00
1.234688949017928250e+00
1.234876471591378255e+00
1.234812512523900896e+00
1.234774491668717333e+00
1.234745898935830200e+00
1.234768424599782088e+00
1.234721724473135218e+00
1.234685303031196613e+00
1.234729711574870104e+00
1.234646115494380192e+00
1.234649611255007828e+00
1.234628497549471904e+00
1.234680952882818650e+00
1.234658915882644648e+00
1.234535742662684399e+00
1.234536478542344051e+00
1.234453031225733577e+00
1.234433121273480261e+00
1.234459129750986817e+00
1.234409116188157407e+00
1.234381723834371947e+00
1.234408660791366907e+00
1.234281892354548660e+00
1.234187209670108087e+00
1.234306882969712804e+00
1.234081920278597311e+00
1.234085016645287247e+00
1.234116849914649983e+00
1.234193439231486833e+00
1.234187466995426696e+00
1.234236613127763116e+00
1.234192682741870550e+00
1.233926307595114125e+00
1.234024750076906152e+00
1.233920009264502626e+00
1.233910053241344729e+00
1.233851698981559553e+00
1.233974299312670775e+00
1.233852992485350075e+00
1.233639022624663628e+00
1.233816813343858731e+00
1.233854713049654661e+00
1.233741686974303642e+00
1.233545521582318782e+00
1.233585694056455795e+00
1.233483026192362386e+00
1.233454978009949743e+00
1.233418711873304430e+00
1.233411769878253628e+00
1.233324038413653900e+00
1.233517549809961311e+00
1.233336519199739634e+00
1.233267636145903845e+00
1.233347905058999494e+00
1.233438228055726560e+00
1.233282367537853252e+00
1.233154748718635618e+00
1.233130534221433816e+00
1.233153880008836412e+00
1.233164685855745235e+00
1.233094843254096684e+00
1.233036884355887652e+00
1.233057676706537098e+00
1.232949491440024303e+00
1.232961906989930245e+00
1.232878901271810212e+00
1.232780153729285955e+00
1.232904199079883023e+00
1.233125090408359936e+00
1.232842010024290280e+00
1.232814699815393933e+00
1.232714369018769185e+00
1.232706075036257731e+00
1.232611275437725196e+00
1.232629253504806455e+00
1.232620584193694357e+00
1.232550445862362842e+00
1.232459586286136943e+00
1.232612851900853235e+00
1.232569662699100288e+00
1.232596158814678544e+00
1.232434556135051151e+00
1.232427999992850687e+00
1.232265690248464107e+00
1.232292188805721889e+00
1.232322406530297121e+00
1.232157848201748562e+00
1.232290284293929394e+00
1.232193788958524605e+00
1.232203579905123858e+00
1.232101595469999644e+00
1.232040415357783525e+00
1.231961403456520499e+00
1.232005000837647080e+00
1.231913968243658841e+00
1.231929691491618906e+00
1.231847057886926722e+00
1.231868252133556441e+00
1.231774876345983261e+00
1.232000714275690356e+00
1.232019708089839849e+00
1.231713474069277892e+00
1.231676880428793863e+00
1.231689865925046812e+00
1.231696848626027574e+00
1.231530786697766944e+00
1.231545210300720727e+00
1.231616586385715140e+00
1.231453094184615349e+00
1.231466965242018707e+00
1.231430313220432282e+00
1.231414355284260020e+00
1.231244482781305827e+00
1.231083155979749266e+00
1.231147220390446329e+00
1.231041475829261156e+00
1.231002403561921588e+00
1.230976217450822086e+00
1.230930157955958615e+00
1.230878121272617198e+00
1.230923291968833988e+00
1.230761410703121728e+00
1.230829281138287934e+00
1.230779493267863289e+00
1.230657159273495393e+00
1.230556947034742832e+00
1.230610724834664049e+00
1.230591112022943134e+00
1.230570025342940577e+00
1.230520994886354691e+00
1.230413221273325197e+00
1.230504398466811145e+00
1.230415838585435795e+00
1.230369270116162594e+00
1.230362628178307327e+00
1.230323742267334319e+00
1.230274951464466637e+00
1.230292590609626258e+00
1.230376474912587392e+00
1.230243337634037593e+00
1.230225149208472590e+00
1.230225116989539069e+00
1.230092985835289809e+00
1.230148448426891195e+00
1.230142392743357016e+00
1.230092191392058831e+00
1.230045438580836370e+00
1.229906236968215882e+00
1.230000259569146381e+00
1.230052035329150639e+00
1.229938403551796844e+00
1.229884617407260405e+00
1.229902306447522742e+00
1.229860979239123298e+00
1.229883746054590388e+00
1.229823395601526759e+00
1.229800587986280558e+00
1.229918636946663257e+00
1.229813839923060259e+00
1.229804697963509996e+00
1.229866341826080234e+00
1.229769013752077367e+00
1.229737521706055325e+00
1.229652561408291156e+00
1.229605049117819204e+00
1.229694277215215514e+00
1.229619993712369075e+00
1.229492040270500741e+00
1.229517231930213450e+00
1.229477654681487619e+00
1.229543609740506360e+00
1.229451218696497206e+00
1.229514988206416026e+00
1.229608111847966034e+00
1.229524325596431877e+00
1.229476751379126265e+00
1.229376991711887079e+00
1.229334297933108333e+00
1.229310196282180856e+00
1.229371068154395230e+00
1.229373981612098321e+00
1.229366215058362410e+00
1.229280323667706343e+00
1.229348673446756024e+00
1.229246545124043744e+00
1.229297312649950902e+00
1.229225971542320384e+00
1.229251919970143936e+00
1.229179563637646355e+00
1.229176787293971174e+00
1.229223892799898410e+00
1.229291439829951482e+00
1.229123501475325897e+00
1.229106128768031825e+00
1.229008911558799211e+00
