2.882923395039491083e+02
6.854750429447084059e+01
5.259297155280078329e+01
4.531258278216805735e+01
4.031691454462511359e+01
3.602582768879158692e+01
3.171151534294443763e+01
2.691901189101276159e+01
2.096586948454298494e+01
1.417404443743908082e+01
9.210500265759970162e+00
6.546222957562625844e+00
5.346876801970037008e+00
4.762212423327413902e+00
4.388276285749325822e+00
4.105215785018327956e+00
3.863705715406158703e+00
3.648809770177008804e+00
3.468887951269551184e+00
3.327953264462828020e+00
3.214075169158461254e+00
3.115463231275661826e+00
3.028299295680592973e+00
2.948322913746860507e+00
2.876137588771863207e+00
2.808930135184858567e+00
2.745839725229786144e+00
2.687444510200773351e+00
2.630603703592019560e+00
2.577196759286056071e+00
2.528823108156585953e+00
2.484510571750425889e+00
2.441664050410001785e+00
2.402066321281294048e+00
2.365214626338655979e+00
2.331051011672135242e+00
2.299313665951152164e+00
2.269569478292748244e+00
2.242071533704697917e+00
2.216267633608669296e+00
2.191796002786545294e+00
2.168193905648078790e+00
2.145853935509674404e+00
2.124864649788114512e+00
2.105058969809970648e+00
2.085927410404583959e+00
2.067600862263299533e+00
2.049987898727526847e+00
2.033690704099419211e+00
2.017692637945007306e+00
2.002754898130437500e+00
1.988257594119880345e+00
1.974268032331183198e+00
1.961118651104883925e+00
1.948420204845734860e+00
1.936710214458554624e+00
1.924964789491244943e+00
1.913561485419181807e+00
1.902148189738950057e+00
1.891228158479046462e+00
1.881010169451745817e+00
1.871167937009673210e+00
1.861597618107511565e+00
1.852317986805909422e+00
1.843751182585778636e+00
1.834908635941939758e+00
1.826813534298051600e+00
1.818757783192136657e+00
1.810674918293330160e+00
1.802720254645768128e+00
1.795353902167047933e+00
1.788054340435343725e+00
1.781135563764204122e+00
1.774230761475808160e+00
1.767680105190295947e+00
1.760857591343093498e+00
1.754806601859924875e+00
1.748728080022218245e+00
1.742449166304120167e+00
1.736324039453856161e+00
1.730409694652280672e+00
1.724977248649584238e+00
1.719437113868764300e+00
1.714400408965935929e+00
1.709234332250788135e+00
1.704239022308714935e+00
1.699522490692842780e+00
1.694557477574076820e+00
1.690221560282007873e+00
1.685636875002171520e+00
1.681194870843914169e+00
1.677025209244678683e+00
1.673149039244313352e+00
1.668869090097075514e+00
1.664610133778827716e+00
1.660382850910514074e+00
1.656119123100539214e+00
1.652164176717734634e+00
1.648312428953547792e+00
1.644712270955190681e+00
1.641000087414237862e+00
1.637192880601682665e+00
1.633693476905257791e+00
1.630260076822528603e+00
1.626731990616762991e+00
1.623049463331480924e+00
1.619794717369549275e+00
1.616284792352058908e+00
1.613077796558453736e+00
1.609827163997551658e+00
1.606527103004586232e+00
1.603544034193276957e+00
1.600321956838514526e+00
1.597273690738633123e+00
1.594127704300887238e+00
1.591365222663364110e+00
1.588398720483885640e+00
1.585646466033101554e+00
1.582779759073634773e+00
1.580130451368271460e+00
1.577466770807433472e+00
1.574624577101888301e+00
1.572080578578220367e+00
1.569571698911858659e+00
1.567187758472198489e+00
1.564458436691269938e+00
1.562080873664782210e+00
1.559739917719794811e+00
1.557116495504813125e+00
1.554568516524732269e+00
1.552251966921460280e+00
1.549746216376102659e+00
1.547541872595791013e+00
1.545253488766270777e+00
1.542816966055466033e+00
1.540273729326677499e+00
1.538162284301911820e+00
1.535899746946867817e+00
1.533925929181845227e+00
1.531568173047701542e+00
1.529430227571257239e+00
1.527146459944867418e+00
1.525215323644128373e+00
1.522928928315490316e+00
1.521003982663045262e+00
1.519040979633316191e+00
1.516877937807262988e+00
1.514918462868959814e+00
1.512857971339883534e+00
1.511043249806659716e+00
1.509221326919861994e+00
1.507546906335555770e+00
1.505636117275006347e+00
1.503929826530334468e+00
1.502134324871222004e+00
1.500544518146325723e+00
1.498943782580903772e+00
1.497130874956573932e+00
1.495383469712851854e+00
1.493723476778435311e+00
1.491750849459757333e+00
1.490098248423408878e+00
1.488420673043321818e+00
1.486677001626032890e+00
1.485004083559608778e+00
1.483361559883818570e+00
1.481835042070563047e+00
1.479958206837783008e+00
1.478389928194322023e+00
1.476877470467886200e+00
1.475258565304046199e+00
1.473758786343145388e+00
1.472291748475219597e+00
1.470767048215978257e+00
1.469366249620795317e+00
1.467660468667151719e+00
1.466501447058997654e+00
1.465017145594932790e+00
1.463721001697106727e+00
1.462281675040673079e+00
1.460961336066681326e+00
1.459791017418070380e+00
1.458482897788387023e+00
1.457347159970222572e+00
1.455970203750219127e+00
1.454762424071220694e+00
1.453344949373209127e+00
1.452192446612179610e+00
1.451003496322478936e+00
1.449915991730004849e+00
1.449093419526827020e+00
1.447705809101974550e+00
1.446534762064294988e+00
1.445100269414408167e+00
1.444127780120700644e+00
1.442718321096413403e+00
1.441907358918754989e+00
1.440400936662758369e+00
1.439181782555015721e+00
1.437830858779632015e+00
1.436425430130060299e+00
1.435234448277581398e+00
1.433770106213011708e+00
1.432280388884320521e+00
1.430854143993724570e+00
1.429505168456337350e+00
1.428684745042263948e+00
1.427066541397157051e+00
1.426188903657610751e+00
1.425005330357288713e+00
1.423705483814840411e+00
1.422792318840659265e+00
1.421855776341297561e+00
1.420665845649917047e+00
1.419527028213910747e+00
1.418211052578437714e+00
1.417364155305249840e+00
1.416160913127464172e+00
1.415199567553855120e+00
1.414135383123720224e+00
1.413086999067226346e+00
1.412170398719812203e+00
1.410908248584807012e+00
1.410147299123315934e+00
1.409131707698571212e+00
1.408385254298951894e+00
1.407363537719554136e+00
1.406412349420889996e+00
1.405663106714615251e+00
1.404813170061324001e+00
1.403963077258465475e+00
1.403035734228131881e+00
1.402540671095262814e+00
1.401851843347006188e+00
1.400900077528436372e+00
1.400271940018198658e+00
1.399325250785824482e+00
1.398712406675717057e+00
1.397890475506973429e+00
1.397301865887784489e+00
1.396478568619129002e+00
1.396011793756802843e+00
1.395187025252646817e+00
1.394508533747236934e+00
1.393862112298562161e+00
1.393306192629653273e+00
1.392360222548374660e+00
1.391968654380123738e+00
1.391010130846873194e+00
1.390459570288867575e+00
1.389708866239814933e+00
1.389297112569350290e+00
1.388442896318358377e+00
1.388054398075180274e+00
1.387477340912367074e+00
1.386347576630741374e+00
1.386012891248871393e+00
1.385183879185162503e+00
1.384552318048954733e+00
1.383841923242698391e+00
1.383232580954613544e+00
1.382686333745120955e+00
1.382218027305177621e+00
1.381425240493584949e+00
1.380915139082123488e+00
1.380133860085660302e+00
1.379716535053914006e+00
1.378962791829366319e+00
1.378519628713069212e+00
1.377893071720182272e+00
1.377354411595968164e+00
1.376860542040068802e+00
1.376199035468308240e+00
1.375434189245725802e+00
1.375038406731987406e+00
1.374614203069024931e+00
1.374282707566390371e+00
1.373370914962510403e+00
1.373161511589442219e+00
1.372583613959005300e+00
1.372117887056147678e+00
1.371506419644041630e+00
1.371031042709104142e+00
1.370410468636881207e+00
1.369946779126219427e+00
1.369596040913932500e+00
1.368814519074075697e+00
1.368591462381984369e+00
1.367992625765372949e+00
1.367676853147281157e+00
1.367182358421449528e+00
1.366586216490452754e+00
1.366241447702605027e+00
1.365854188074989706e+00
1.365437725939124158e+00
1.364914433553259698e+00
1.364665752669546039e+00
1.364226978582620653e+00
1.363893608779571887e+00
1.363476984210156395e+00
1.362981044003761966e+00
1.362744799064593115e+00
1.362367690234825846e+00
1.361920242826456295e+00
1.361310160847301498e+00
1.360938754253750327e+00
1.360446738938684730e+00
1.360344417859010280e+00
1.359765832405146924e+00
1.359326737431994614e+00
1.358906365929067439e+00
1.358326536620203973e+00
1.357930420588441267e+00
1.357491617253135274e+00
1.357160840227914500e+00
1.356884278373941433e+00
1.356283265489311995e+00
1.356071150355314225e+00
1.355791996364458685e+00
1.355153558806266423e+00
1.354852943712304691e+00
1.354307162561287692e+00
1.354119384669968618e+00
1.353729890857394480e+00
1.353354610311414019e+00
1.352973761526603980e+00
1.352540154418681473e+00
1.352327901732210513e+00
1.351968870511401244e+00
1.351612218890857697e+00
1.351162428343097188e+00
1.350776874625218893e+00
1.350559760220768402e+00
1.350231571104560269e+00
1.349892977466643940e+00
1.349562234739818178e+00
1.349109475842591221e+00
1.348941945469595227e+00
1.348602970031986148e+00
1.348189862843072850e+00
1.347880841930919393e+00
1.347850463278294830e+00
1.347507803539437665e+00
1.346971885083888765e+00
1.346616708026799669e+00
1.346309920389904713e+00
1.345954601498720926e+00
1.345467560678144325e+00
1.345256443266802604e+00
1.344829210075639381e+00
1.344501138692646203e+00
1.344160217245589761e+00
1.343891855841818916e+00
1.343349325566971286e+00
1.343069410723776391e+00
1.342890496527997746e+00
1.342538616350766434e+00
1.342302719218478435e+00
1.341917853875999489e+00
1.341437857274131451e+00
1.341103435409204847e+00
1.340687159781349003e+00
1.340112733937611322e+00
1.340206792582855577e+00
1.339842655180695230e+00
1.339640774853999128e+00
1.339155245641096448e+00
1.338836844359799549e+00
1.338622183420008271e+00
1.338164708371682332e+00
1.337969676017414011e+00
1.337694782113074021e+00
1.337492404362023324e+00
1.336843785998913292e+00
1.336729109029065166e+00
1.336276349798819041e+00
1.336046651682807562e+00
1.335729200035089326e+00
1.335479980822267931e+00
1.335501475004981176e+00
1.334892153961535044e+00
1.334650978841035673e+00
1.334317106266754260e+00
1.334095799131470805e+00
1.333781073455778454e+00
1.333446575211339580e+00
1.333244616225904622e+00
1.332999842192510442e+00
1.332880986305717608e+00
1.332506748001021535e+00
1.332426066554308841e+00
1.332246945323877663e+00
1.331735234670194057e+00
1.331701817671623544e+00
1.331240238446656843e+00
1.331058764332418543e+00
1.330766788186314997e+00
1.330279795806130538e+00
1.330180765242265251e+00
1.329845582064367315e+00
1.329384270398972001e+00
1.329369351889595263e+00
1.329058316195194545e+00
1.328780488830975992e+00
1.328382232077621516e+00
1.328362017788726535e+00
1.328025836293367457e+00
1.327763776861963896e+00
1.327609471752807968e+00
1.327147407015534908e+00
1.327001942462775474e+00
1.326758392127226793e+00
1.326512594717454530e+00
1.326317346725333746e+00
1.326145957297451661e+00
1.325891819478762335e+00
1.325675299829592424e+00
1.325280750994062062e+00
1.325076507793123470e+00
1.324835664117382406e+00
1.324702145272780962e+00
1.324303511695938518e+00
1.324051974665718445e+00
1.323828881265275426e+00
1.323570898583211530e+00
1.323269526657289807e+00
1.322992471835330974e+00
1.322962706435334646e+00
1.322795354234145293e+00
1.322312721659910872e+00
1.322164874199661000e+00
1.321948304573910660e+00
1.321677258669348598e+00
1.321465186237722689e+00
1.321046830315471654e+00
1.320702691998980827e+00
1.320506414636645420e+00
1.320117437484264356e+00
1.319862658508811570e+00
1.319577992940586642e+00
1.319371874481261253e+00
1.318982859443922351e+00
1.318840570613461827e+00
1.318548907576547302e+00
1.318040561063070992e+00
1.317824655780690302e+00
1.317709787170580071e+00
1.317309169303559679e+00
1.316956485647375885e+00
1.316930869282373795e+00
1.316544861550851708e+00
1.316201602576689833e+00
1.316014869861346082e+00
1.315789734202161831e+00
1.315369058104969957e+00
1.315331628250263174e+00
1.314949770445362098e+00
1.314735485415501781e+00
1.314416495794891615e+00
1.314265687607608202e+00
1.313799373101305124e+00
1.313752806175719545e+00
1.313495228224365041e+00
1.313280712572702846e+00
1.312817011421462121e+00
1.312851522406575100e+00
1.312482102824683805e+00
1.312131786153846180e+00
1.311967372717647295e+00
1.311731312314483366e+00
1.311450717580452396e+00
1.311260738345309873e+00
1.310749870769484016e+00
1.310649410141032645e+00
1.310391569435966685e+00
1.310191537618143887e+00
1.309923971377209950e+00
1.309657979940342498e+00
1.309501677131206021e+00
1.309174581849430696e+00
1.308740581259514313e+00
1.308392506128087218e+00
1.308315876471531691e+00
1.308051973728674877e+00
1.307854360671534044e+00
1.307635468044346272e+00
1.307359257768254013e+00
1.307146953624534813e+00
1.307179996448640136e+00
1.306830129923365336e+00
1.306624704480767951e+00
1.306505102286858344e+00
1.306095765552796939e+00
1.305779309701206703e+00
1.305741464829932141e+00
1.305227345896024405e+00
1.305382359498308276e+00
1.305060723773761699e+00
1.304913058201932596e+00
1.304595630134462114e+00
1.304476025067191847e+00
1.304166805734335410e+00
1.303840109203974196e+00
1.303633266080393538e+00
1.303439792980879197e+00
1.303117557825965944e+00
1.302969690975140926e+00
1.302733153008296840e+00
1.302564718583488990e+00
1.302314378447729570e+00
1.302174444717641988e+00
1.301868340747425634e+00
1.301850310867812333e+00
1.301538217013636034e+00
1.301563416772709703e+00
1.301332170480878681e+00
1.301109588795428929e+00
1.300938944001026165e+00
1.300614369349681665e+00
1.300411888652723169e+00
1.300306721472156868e+00
1.300030054875737973e+00
1.299946084504249644e+00
1.299686837498003733e+00
1.299424500879907685e+00
1.299300557684714308e+00
1.299115955227858832e+00
1.298838618718501481e+00
1.298560963541190327e+00
1.298469746483102316e+00
1.298300283873677463e+00
1.298191053776479142e+00
1.297811111255193328e+00
1.297453018777176004e+00
1.297582243320553497e+00
1.296996988660455097e+00
1.297188412293965198e+00
1.296911837245722898e+00
1.296794447675469142e+00
1.296569998974173021e+00
1.296384496347526838e+00
1.296152634249399638e+00
1.295812510760838476e+00
1.295560520791705583e+00
1.295351823516011747e+00
1.295078473338914904e+00
1.295028187316399348e+00
1.294828803410323692e+00
1.294644310090645289e+00
1.294401028554631017e+00
1.294090337839479021e+00
1.293626961675334641e+00
1.293639766307089767e+00
1.293528198088510051e+00
1.293040877401598676e+00
1.292981476778608974e+00
1.292765593499555665e+00
1.292602565234130418e+00
1.292190704762573583e+00
1.291938006470227274e+00
1.291993047665321859e+00
1.291714518215316021e+00
1.291655166840541380e+00
1.291321709012186014e+00
1.291100955573942111e+00
1.290732510255155230e+00
1.290538918828189052e+00
1.290405775979835079e+00
1.290172164861544957e+00
1.290081163906758199e+00
1.289672405879680017e+00
1.289593270573165862e+00
1.289356654053839479e+00
1.289236920308421297e+00
1.289183824650161680e+00
1.288818425000879619e+00
1.288658175523406113e+00
1.288575483871308158e+00
1.287803859193188183e+00
1.288000156772528548e+00
1.287702886996652696e+00
1.287650849677505649e+00
1.287275675065242542e+00
1.287245108234856383e+00
1.286728836807845111e+00
1.286446728565875386e+00
1.286659819752290046e+00
1.286198027363286256e+00
1.286081940820571701e+00
1.286005078598065010e+00
1.285559396780590724e+00
1.285247404959273476e+00
1.285340049736202195e+00
1.285043438330686572e+00
1.284845634835392714e+00
1.284482305402893987e+00
1.284236613355435042e+00
1.284157775537271062e+00
1.284027483457698571e+00
1.283601650765792579e+00
1.283563973926494794e+00
1.283314839533109319e+00
1.283096569367115469e+00
1.282797770625428990e+00
1.283119375324492051e+00
1.282590514352752287e+00
1.282160630852557492e+00
1.282437043571697854e+00
1.282055177642794419e+00
1.281513456080162872e+00
1.281867117289649638e+00
1.281303145166118096e+00
1.281294467662818848e+00
1.281053795271806184e+00
1.280727465340296245e+00
1.280626601999458769e+00
1.280575934405573379e+00
1.280348832693427807e+00
1.280289380845951897e+00
1.279989132146156061e+00
1.279852586936566894e+00
1.280020459274305189e+00
1.279533495773415019e+00
1.279354637384332305e+00
1.279358553930733722e+00
1.278937017445511248e+00
1.279218072589455968e+00
1.278602647353888955e+00
1.278436679681720589e+00
1.278280057197553221e+00
1.278062062750787486e+00
1.277853357420759339e+00
1.277684591890495769e+00
1.277588338551591152e+00
1.277511179618652681e+00
1.277330386728015243e+00
1.276922924829903438e+00
1.277061998178083746e+00
1.276849062272462199e+00
1.276607311134812628e+00
1.276453773345298304e+00
1.276398988573802074e+00
1.276169036940484558e+00
1.276048416387383755e+00
1.275879366058249476e+00
1.275778754900714018e+00
1.275524251201808346e+00
1.275433420572542609e+00
1.275136990153133310e+00
1.275026731157736570e+00
1.274936911291878916e+00
1.274715162074271158e+00
1.274587120094303305e+00
1.274290189626508418e+00
1.274265267116268197e+00
1.274286097754717018e+00
1.273991788079863019e+00
1.273865538250311458e+00
1.273359095407075925e+00
1.273643544434577057e+00
1.273387106324420204e+00
1.273229374354233334e+00
1.272886274317217126e+00
1.272896977482574021e+00
1.272730572738850041e+00
1.272569064514347259e+00
1.272517034953590587e+00
1.272321711581474668e+00
1.272232540081173813e+00
1.272169075481185629e+00
1.271966560162152371e+00
1.271835931168303624e+00
1.271780093838770220e+00
1.271604959759595976e+00
1.271264275372467445e+00
1.271308688699728462e+00
1.271369331419203164e+00
1.271254165335947484e+00
1.270979601555541016e+00
1.270802753142004748e+00
1.270811381367802584e+00
1.270534048172882402e+00
1.270686584085273685e+00
1.270329739001762492e+00
1.270286600451312475e+00
1.270204985047043378e+00
1.270050739304686038e+00
1.269817075134927808e+00
1.269554985748186704e+00
1.269509640924901372e+00
1.269335253345114323e+00
1.269269891284150464e+00
1.269276314504726555e+00
1.268933793290856871e+00
1.268960736722648308e+00
1.268928208138422109e+00
1.268707501934451809e+00
1.268664059816201339e+00
1.268459707372228129e+00
1.268307226158566392e+00
1.268353221596289160e+00
1.268167930683189892e+00
1.268078480510937078e+00
1.267802863871903218e+00
1.267846907312054849e+00
1.267713437403315879e+00
1.267574753379797636e+00
1.267217990574170505e+00
1.267455103713290621e+00
1.267296771437607106e+00
1.266978876601487336e+00
1.266819842339908631e+00
1.266845956303816356e+00
1.266879545378730265e+00
1.266434217004947183e+00
1.266613413684369638e+00
1.266262655809283100e+00
1.266357582190270170e+00
1.265907410065331140e+00
1.266181435572981906e+00
1.265979567381031679e+00
1.265689734807129208e+00
1.265600221264092440e+00
1.265684723321129024e+00
1.265531660405770920e+00
1.265448362595311238e+00
1.265252258931505169e+00
1.265161088291719249e+00
1.265241762993863039e+00
1.264923305442018586e+00
1.265097634697713636e+00
1.264780726783064413e+00
1.264642015420079035e+00
1.264584411789877683e+00
1.264706726274579696e+00
1.264174737017366823e+00
1.264457547092539880e+00
1.264005002002832390e+00
1.264335144338983197e+00
1.263939191714972932e+00
1.263790647834399206e+00
1.263814808118163269e+00
1.263823267021952690e+00
1.263616260932635127e+00
1.263504614007706417e+00
1.263400915071439812e+00
1.263333872455718820e+00
1.262938406809168024e+00
1.263116675858842797e+00
1.262978000963864700e+00
1.263014979506026148e+00
1.262694414298261902e+00
1.262207411825527315e+00
1.262849747620248486e+00
1.262406398229846571e+00
1.262615639745314988e+00
1.262257140517847764e+00
1.261906636190969655e+00
1.261960559159190698e+00
1.262201583308776520e+00
1.261768172406245947e+00
1.261740600028348647e+00
1.261454531888191122e+00
1.261795257564036987e+00
1.261645469286457821e+00
1.261037389014357357e+00
1.261421413379122392e+00
1.260940732580453139e+00
1.261227774122023471e+00
1.260979315614771723e+00
1.260616755384787790e+00
1.260885973718935071e+00
1.260462653648504627e+00
1.260864155972482914e+00
1.260302710981348939e+00
1.260545407974653420e+00
1.260093095154988241e+00
1.260349784681835228e+00
1.259930191765851193e+00
1.260237067694041979e+00
1.259780591668623106e+00
1.260010177794113506e+00
1.259326343210203314e+00
1.259680919111520803e+00
1.259388531465607697e+00
1.259306086125597579e+00
1.259295744785530191e+00
1.259039528316522993e+00
1.259204951764832714e+00
1.258792401487930368e+00
1.258784270067670130e+00
1.258549247160657858e+00
1.258871360318430277e+00
1.258461007111381980e+00
1.258455993443304388e+00
1.258128846075158291e+00
1.258375913509944377e+00
1.258274722916209676e+00
1.257948974666416975e+00
1.257895863458527996e+00
1.258234447344448670e+00
1.257709148862597104e+00
1.257212736210621351e+00
1.257889274926202949e+00
1.257411373363951368e+00
1.257178787424466870e+00
1.257397929102992640e+00
1.257139976885918164e+00
1.257068227606748856e+00
1.256814452405155436e+00
1.256539865475069906e+00
1.257045580829189602e+00
1.256452886028914806e+00
1.256396387666226966e+00
1.256475419147369266e+00
1.256288916395438937e+00
1.256056863751426667e+00
1.255861931238284601e+00
1.256140712450076302e+00
1.255813827820966289e+00
1.255387533775871534e+00
1.255345021124533167e+00
1.255350078782759615e+00
1.255376389480196808e+00
1.255029583092955869e+00
1.254687263891522742e+00
1.254847462762158861e+00
1.255036526714573997e+00
1.254320768535241770e+00
1.254308407918554247e+00
1.254526552620039981e+00
1.254242257247427661e+00
1.253789466003781827e+00
1.253695184825298403e+00
1.253649217792403014e+00
1.253647171969916041e+00
1.253772983981842115e+00
1.253683248635476533e+00
1.253491088293569478e+00
1.253137408089237459e+00
1.252597560191768267e+00
1.252780509056960589e+00
1.252678476348039194e+00
1.252436731807576420e+00
1.252448612822590901e+00
1.252373266665798068e+00
1.252270660810408609e+00
1.251936301894506665e+00
1.251913442754244210e+00
1.251840014074264706e+00
1.251966433005352375e+00
1.251840626965579073e+00
1.251673339665994700e+00
1.251283302812080889e+00
1.251344725893793086e+00
1.251068551116630845e+00
1.251113980192128938e+00
1.251221494188765826e+00
1.250753951812055842e+00
1.250957962879672758e+00
1.250924092165498713e+00
1.250801726891848320e+00
1.250304107325533209e+00
1.250506158910586141e+00
1.250252590455047219e+00
1.250261556292616261e+00
1.250025553338116824e+00
1.250092156927005149e+00
1.249745725620568626e+00
1.249500098547015714e+00
1.249528506786465210e+00
1.249332232145133892e+00
1.249128908072649979e+00
1.248768561214661288e+00
1.248956245223562744e+00
1.248724622182501909e+00
1.248533627977279403e+00
1.248558479042643166e+00
1.248393267808145302e+00
1.248380484322195505e+00
1.248217014336667763e+00
1.248431155860153297e+00
1.248189785310054756e+00
1.248079075744794819e+00
1.247966102495806195e+00
1.247588667846855959e+00
1.247373712939592094e+00
1.247300776524351118e+00
1.247452126606098499e+00
1.247240687586549157e+00
1.246903109057331038e+00
1.247253373818673516e+00
1.246905487826439618e+00
1.246868454475618337e+00
1.246630145858184990e+00
1.246751939837052126e+00
1.246648017181020807e+00
1.245965115746761276e+00
1.246111003411579210e+00
1.246218352300721532e+00
1.246065465684715656e+00
1.245523176866287773e+00
1.245750163106661867e+00
1.245509055423306366e+00
1.245174135137087079e+00
1.245210864404102002e+00
1.244981094485736239e+00
1.245062965707820490e+00
1.245042414590053603e+00
1.244955276933373822e+00
1.244547918804269404e+00
1.244376758398101801e+00
1.244493707050814413e+00
1.244172047409086712e+00
1.244036599825051104e+00
1.243935962985109667e+00
1.244115153602893598e+00
1.244160328893944234e+00
1.243706968972619453e+00
1.243710638349120545e+00
1.243576635773735672e+00
1.243277834759332512e+00
1.243558600786920598e+00
1.243290046020298023e+00
1.243264934761711737e+00
1.243066184112352923e+00
1.242983359256952136e+00
1.242767477870577952e+00
1.242812042649322768e+00
1.242623856997285836e+00
1.242499575605501727e+00
1.242572269845209521e+00
1.242255241061127169e+00
1.242161334945427464e+00
1.242386219342854980e+00
1.242066002277863124e+00
1.242092551675862522e+00
1.241929042954896589e+00
1.241940895059028049e+00
1.241636943142926386e+00
1.241759102715500385e+00
1.241662510868642544e+00
1.241624055115120528e+00
1.241423093531871080e+00
1.241227448592404636e+00
1.241198714695085803e+00
1.241234760976401841e+00
1.240951771956378735e+00
1.240912646205620584e+00
1.240708380560505697e+00
1.240892671144856019e+00
1.240697163916310464e+00
1.240653918241460429e+00
1.240590917999405685e+00
1.240366361628935765e+00
1.240346780824222339e+00
1.240253587149344083e+00
1.240454078771515922e+00
1.240166132673856447e+00
1.240014047982370249e+00
1.239995928131966130e+00
1.239898527055358191e+00
1.239895261371825930e+00
1.239594120156683354e+00
1.239663312238494797e+00
1.239518556548449446e+00
1.239508636770267680e+00
1.239519109037404254e+00
1.239606566521517239e+00
1.239401067526246125e+00
1.239050385400245258e+00
1.239157031831986000e+00
1.239248261774467119e+00
1.239012679761460012e+00
1.238911890428270990e+00
1.238852923947542317e+00
1.238964872886959556e+00
1.238892422906016755e+00
1.238446854299356081e+00
1.238670985871431318e+00
1.238547044417768195e+00
1.238464259822850355e+00
1.238415857520342334e+00
1.238384240821061466e+00
1.238072462819666875e+00
1.238179627763120294e+00
1.238226770823468881e+00
1.238113990607569992e+00
1.237953033141414361e+00
1.237835051505902006e+00
1.238028061411014846e+00
1.237825166161961254e+00
1.237653444195983221e+00
1.237658691580013404e+00
1.237338311449921457e+00
1.237431098272595342e+00
1.237258217324509468e+00
1.237324010974912403e+00
1.237133465144223843e+00
1.237121068047154493e+00
1.237248484024519923e+00
1.236831815323602646e+00
1.236843568485473055e+00
1.236624135364172705e+00
1.236636271667516773e+00
1.236678612076179240e+00
1.236561573115579238e+00
1.236274428082418941e+00
1.236288328814479476e+00
1.236348716284026539e+00
1.236124225221143069e+00
1.236251408541609864e+00
1.236089838663478657e+00
1.235991598237218492e+00
1.235935245604470767e+00
1.236007019326351708e+00
1.235834198568728892e+00
1.235818675657970767e+00
1.235824224635628577e+00
1.235639156516275650e+00
1.235660772546546715e+00
1.235466008829450901e+00
1.235473476178699626e+00
1.235339654735901016e+00
1.235372802903407230e+00
1.235108373537662008e+00
1.235092845469752509e+00
1.235293556547752303e+00
1.235067605924909939e+00
1.234787923157606437e+00
1.234699664961557808e+00
1.234835148108854641e+00
1.234495097893878679e+00
1.234736666905338121e+00
1.234407838983852201e+00
1.234697377997032053e+00
1.234213583040752793e+00
1.234439533477476258e+00
1.234224502561853898e+00
1.234110316936849250e+00
1.234290630659563792e+00
1.234294949429906696e+00
1.233973832894597500e+00
1.233989744291193569e+00
1.234054031494823844e+00
1.233796127011849375e+00
1.233888368970207594e+00
1.233857959234796020e+00
1.233640532567728654e+00
1.233705555064583903e+00
1.233654064351157764e+00
1.233488886982131438e+00
1.233417964997789440e+00
1.233313922210511171e+00
1.233490626485480135e+00
1.233022800418837273e+00
1.233034478602243578e+00
1.233027021375404875e+00
1.232973827663966127e+00
1.232837614103899027e+00
1.232884389609952835e+00
1.232831526352237139e+00
1.232510720469376819e+00
1.232281283583140707e+00
1.232590305081715742e+00
1.232391594540013902e+00
1.232304705464850159e+00
1.232379995097662162e+00
1.232178545831502881e+00
1.232032706892388640e+00
1.232031502456217842e+00
1.232148548682038269e+00
1.232151153939366584e+00
1.231714644082777310e+00
1.231972641518016331e+00
1.231862294193657226e+00
1.231808886442701256e+00
1.231748848375388450e+00
1.231608003915751981e+00
1.231455867441190843e+00
1.231498650858175781e+00
1.231521033622046790e+00
1.231446411050770129e+00
1.231458125276082116e+00
1.231145379258038242e+00
1.231085912808918215e+00
1.231174289434902036e+00
1.231193344742384843e+00
1.231185509075528151e+00
1.231053873042042612e+00
1.230910679834168464e+00
1.230664707792860524e+00
1.230919517004609220e+00
1.230793340896856103e+00
1.230613217570514228e+00
1.230510666338042958e+00
1.230440034797571691e+00
1.230448282401909399e+00
1.230187891604823003e+00
1.230303840733577792e+00
1.230321560832265071e+00
1.229928707242789576e+00
1.230116076174762485e+00
1.229929893289303022e+00
1.229713018308131955e+00
1.229603759513330674e+00
1.229592325480389770e+00
1.229115016808798311e+00
1.229690699171008372e+00
1.229348169716232286e+00
1.229144714229777335e+00
1.229164845032994391e+00
1.228934643152271855e+00
1.229156978980922910e+00
1.229311077857985435e+00
1.228795113228933422e+00
1.228956716661127269e+00
1.228915228375060176e+00
1.228853056227236173e+00
1.228718361252867153e+00
1.228684188396594879e+00
1.228617769487580391e+00
1.228605345906337742e+00
1.228380365054673851e+00
1.228342273948477947e+00
1.228437204057895249e+00
1.228574403728844411e+00
1.228241281789933748e+00
1.228198756996744967e+00
1.228296185732264734e+00
1.228266214406665835e+00
1.228009099857731323e+00
1.228201707897343065e+00
1.227987567535943070e+00
1.227843229495532817e+00
1.227890986221452874e+00
1.227786479128445185e+00
1.227985840080814794e+00
1.227525408101563631e+00
1.227461152922258991e+00
1.227518102398822863e+00
1.227418118619443499e+00
1.227197484725302656e+00
1.227432282468969182e+00
1.227245262624037769e+00
1.227464075933019538e+00
1.226908429466746719e+00
1.226868913074621981e+00
1.227108566679838031e+00
1.226969165497502567e+00
1.226871270192965158e+00
1.226595487562358366e+00
1.226782949642524878e+00
1.226597828779723232e+00
1.226431859654393497e+00
1.226750406473647859e+00
1.226666187364881422e+00
1.226405052768524184e+00
1.226296435039617272e+00
1.226383195569920037e+00
1.226325236040904043e+00
1.226017935627995881e+00
1.226317261551289173e+00
1.226059987701328291e+00
1.225927264883993395e+00
1.225767370551351432e+00
1.226095032615681202e+00
1.225754806622551873e+00
1.226030972199733338e+00
1.225705283955019986e+00
1.225511168961953334e+00
1.225336832100799134e+00
1.225471882024907755e+00
1.225498422702197665e+00
1.225219811836588235e+00
1.225365044142668891e+00
1.225037036507254706e+00
1.225026162218320058e+00
1.225298552203641700e+00
1.225149395987393142e+00
1.225167985955883276e+00
1.224893280494229852e+00
1.224924721482763657e+00
1.225076580394841796e+00
1.224748568491236922e+00
1.224753376799986082e+00
1.224834223488497909e+00
1.224563684507572026e+00
1.224542362735627110e+00
1.224377581548163230e+00
1.224497042267917779e+00
1.224076397362617641e+00
1.224355284622331341e+00
1.224211622901173246e+00
1.224397498468295487e+00
1.224021482608506739e+00
1.223984874349926200e+00
1.223902116262988393e+00
1.224029420293966552e+00
1.223656023584233976e+00
1.223826009806216586e+00
1.223817881962190990e+00
1.223574485152022495e+00
1.223741287877627482e+00
1.223474275898537522e+00
1.223685584512619107e+00
1.223255199472318644e+00
1.223372128837319606e+00
1.223436025459171184e+00
1.223088490449423915e+00
1.223321307433216543e+00
1.223090193487207822e+00
1.223193783567851689e+00
1.223075957663170454e+00
1.222813780805705575e+00
1.222859850222695721e+00
1.222921587820136047e+00
1.222558780318736549e+00
1.222698156226243116e+00
1.222913076878616279e+00
1.222490734272282387e+00
1.222504827904234315e+00
1.222556886593159087e+00
1.222553626106976266e+00
1.222643803190835987e+00
1.222629694341565321e+00
1.222313607130386170e+00
1.222242526805099816e+00
1.222497641169350446e+00
1.221863929126907111e+00
1.222087352574210861e+00
1.222154133703818646e+00
1.221941741077973598e+00
1.222031637726152864e+00
1.221997142004288550e+00
1.221766535972249601e+00
1.222004897514283206e+00
1.221473794893503051e+00
1.221466347156143550e+00
1.221628668578104593e+00
1.221255563324824989e+00
1.221049973837132763e+00
1.221362385370370118e+00
1.221205992054706702e+00
1.220830381221764904e+00
1.221068832177237384e+00
1.220762661273327554e+00
1.220890568763897566e+00
1.220873509043445493e+00
1.220710237337465864e+00
1.220389153491581391e+00
1.220451514956075734e+00
1.220417041786214574e+00
1.220259692999907442e+00
1.220480980417848915e+00
1.220273490832897156e+00
1.220304601397956601e+00
1.220056663693904087e+00
1.220235433788749324e+00
1.220113078873527268e+00
1.219928832461126378e+00
1.219789940342208334e+00
1.219797452673561544e+00
1.219917394507667785e+00
1.219680844232644334e+00
1.219629959910772055e+00
1.219652432327812841e+00
1.219665314323933547e+00
1.219492174425827580e+00
1.219597742044239430e+00
1.219472640033231858e+00
1.219197681765757713e+00
1.219336000561678235e+00
1.219289580617115343e+00
1.218861230611991031e+00
1.219065185189564415e+00
1.218994511293873595e+00
1.218877549220122702e+00
1.218826687154765942e+00
1.218922457900869061e+00
1.218750255759451173e+00
1.218613142256337101e+00
1.218542130994459294e+00
1.218574450129487063e+00
1.218686941902281440e+00
1.218596919337014972e+00
1.218160752129856528e+00
1.218406777967292909e+00
1.218384372133310078e+00
1.218110911733134349e+00
1.218108173175003417e+00
1.218084280480370429e+00
1.218026913274598000e+00
1.218077233516828173e+00
1.217984112350626313e+00
1.217888319932654673e+00
1.217729531811306831e+00
1.217685248592309533e+00
1.217898821373530227e+00
1.217774740208414253e+00
1.217499494937632321e+00
1.217611950896877904e+00
1.217506758484139917e+00
1.217041576201187469e+00
1.217372999063542904e+00
1.217212862785583161e+00
1.217393796683656548e+00
1.216999184251582600e+00
1.217139323831672337e+00
1.217084726015078333e+00
1.216860594452166877e+00
1.216870919573154852e+00
1.216734781948803468e+00
1.216700152338227037e+00
1.216608817823976008e+00
1.216683462652718317e+00
1.216614687586693000e+00
1.216620621484985065e+00
1.216501709903510919e+00
1.216425918697435327e+00
1.216090586834228882e+00
1.216343085674374214e+00
1.216381845885499358e+00
1.216003962274923911e+00
1.216205138879694170e+00
1.215997455864244792e+00
1.216057574243194273e+00
1.215967648845396099e+00
1.215944075214608011e+00
1.215749633493522497e+00
1.215601985899029236e+00
1.215817067325752232e+00
1.215530941350347227e+00
1.215711386901097590e+00
1.215463020583462228e+00
1.215321602045505323e+00
1.215558230114889282e+00
1.215552353573446931e+00
1.215324735072830231e+00
1.215446249990878913e+00
1.215270163533383796e+00
1.215168562604946878e+00
1.215324750918591823e+00
1.215276462088731746e+00
1.215060689294974017e+00
1.214961823503343696e+00
1.215122963924770927e+00
1.214942289404091103e+00
1.214856161311862914e+00
1.214915960338608603e+00
1.214741647084134790e+00
1.214491560833093287e+00
1.214743532510779822e+00
1.214748652013122987e+00
1.214430358115121455e+00
1.214568031341088483e+00
1.214426088294364270e+00
1.214272617798562770e+00
1.214342875770910268e+00
1.214326379411444723e+00
1.214152975224858322e+00
1.214119753148606540e+00
1.214164775471129776e+00
1.214056372457862354e+00
1.214081275272393956e+00
1.214020302639851057e+00
1.214004297952754996e+00
1.213581519060255021e+00
1.213872686388653976e+00
1.213843177238272508e+00
1.213663219838092333e+00
1.213782936266950108e+00
1.213799687714889552e+00
1.213335875213456871e+00
1.213572710674513555e+00
1.213384793924860094e+00
1.213162768087765020e+00
1.213339333055762470e+00
1.213078010195404399e+00
1.213041761550027298e+00
1.213190177964491356e+00
1.212896384887661272e+00
1.212694264703121139e+00
1.212621452526963628e+00
1.212849786782722150e+00
1.212295778991328232e+00
1.212140530823403228e+00
1.212180961892559639e+00
1.212132767566493907e+00
1.211704354629366209e+00
1.211736776137060323e+00
1.211725767371236939e+00
1.211295094786755122e+00
1.211305517836861467e+00
1.211129277445049945e+00
1.210653418886219912e+00
1.210731872958328958e+00
1.210593366932445347e+00
1.210323215462395297e+00
1.210586711029609130e+00
1.210240050862381400e+00
1.209958596126513797e+00
1.210156924253941835e+00
1.209928783686671006e+00
1.209508409888515601e+00
1.209370787682460646e+00
1.209380304760554248e+00
1.209013426447930861e+00
1.208934989080540090e+00
1.208605815090127100e+00
1.208303422145050599e+00
1.208349543140407434e+00
1.208373653984852192e+00
1.207894475393582967e+00
1.208069996396719858e+00
1.207637946513707705e+00
1.207310284340649575e+00
1.207397572637066263e+00
1.207250461872065639e+00
1.206816568819877977e+00
1.206655657133382409e+00
1.206704501495845738e+00
1.206232892065354667e+00
1.206325810986884406e+00
1.206296761318894850e+00
1.205878217597012414e+00
1.205808531282449803e+00
1.206064052819560084e+00
1.205548075275622466e+00
1.205550635170865581e+00
1.205243741998887730e+00
1.205059488903857057e+00
1.205252663887196096e+00
1.205080035528897531e+00
1.204661458158463150e+00
1.204780319604984884e+00
1.204698514235735596e+00
1.204498497145354952e+00
1.204652150869011118e+00
1.204581876719056366e+00
1.204064213125670246e+00
1.204285955537076180e+00
1.203938310470670237e+00
1.203821842125408548e+00
1.204128340428054278e+00
1.204134774974443101e+00
1.203839099143077407e+00
1.203569953346830479e+00
1.203275455780816516e+00
1.203664709503446950e+00
1.203169131465921415e+00
1.203356547199649684e+00
1.203290980795240550e+00
1.202823174912278859e+00
1.203018493783372334e+00
1.203167612680555498e+00
1.202834863865011483e+00
1.202912265386500534e+00
1.202844964096421831e+00
1.202392790019134017e+00
1.202487259047850143e+00
1.202290203802186985e+00
1.201987753658491975e+00
1.202213302066283740e+00
1.202047646046331852e+00
1.201714400471366462e+00
1.201861688419479934e+00
1.201748362330025355e+00
1.201541134765410357e+00
1.201526500157504174e+00
1.201651780648878676e+00
1.201552804599589352e+00
1.201080759696187217e+00
1.201468931633959292e+00
1.201365068698811100e+00
1.200889870382987779e+00
1.201356849410432970e+00
1.201149159923532883e+00
1.200523631474396113e+00
1.201032566101841059e+00
1.200816646174968083e+00
1.200687329387242652e+00
1.200657189227798627e+00
1.200794462502929427e+00
1.200246589971446509e+00
1.200560227460468310e+00
1.200475101187666427e+00
1.200130381243096789e+00
1.200390931076438017e+00
1.200190570273494517e+00
1.199942573895462328e+00
1.199957694048048085e+00
1.200174960092169618e+00
1.199815611010471850e+00
1.199757071873110315e+00
1.199774247630579049e+00
1.199707104450174144e+00
1.199441600183302592e+00
1.199749536562541463e+00
1.199703751386421713e+00
1.199284929312183001e+00
1.199616704108995791e+00
1.199507110188646752e+00
1.199330852918705004e+00
1.198924858401947846e+00
1.199278511173417217e+00
1.199190292351249632e+00
1.198938807985133526e+00
1.199154397918122283e+00
1.199147368651382939e+00
1.199033650081137825e+00
1.198413143345539611e+00
1.199056241620008123e+00
1.198878287490906080e+00
1.198625740976860365e+00
1.198849544616106710e+00
1.198735577679471698e+00
1.198705760777576401e+00
1.198181103600090225e+00
1.198754400741210757e+00
1.198566955867966799e+00
1.198287758189934271e+00
1.198447758821108433e+00
1.198488082112408648e+00
1.198212299947560400e+00
1.198318722650393520e+00
1.198260620934389342e+00
1.197983702226620428e+00
1.198252187417743864e+00
1.198072353752011709e+00
1.198132769306790690e+00
1.197724056965492334e+00
1.198016458490588798e+00
1.198011904025604313e+00
1.197487674625709708e+00
1.197876891260133414e+00
1.197789862456165144e+00
1.197743295458810975e+00
1.197542795864296350e+00
1.197558822927563549e+00
1.197729959584276749e+00
1.197252125659959532e+00
1.197573230031848235e+00
1.197403691343255305e+00
1.197565005872182953e+00
1.197354612504737625e+00
1.197158722375158524e+00
1.196984488163917559e+00
1.197091840837480436e+00
1.196986751665021886e+00
1.196982274814783365e+00
1.196970686309785314e+00
1.196592662761214232e+00
1.196792696319088689e+00
1.196838388848705081e+00
1.196439794942352641e+00
1.196700077854837341e+00
1.196888787416449107e+00
1.196521737325026313e+00
1.196443491065266151e+00
1.196574684185051973e+00
1.196592287833127655e+00
1.196268352570936777e+00
1.196535942299763455e+00
1.196046786059392852e+00
1.196322916158350180e+00
1.196015391244459769e+00
1.196127551201915162e+00
1.195987374583130647e+00
1.196107340109229700e+00
1.195792505352405444e+00
1.195838206659576297e+00
1.195925769163094232e+00
1.195731230747581142e+00
1.195814794994606078e+00
1.195742269889976228e+00
1.195575962951947568e+00
1.195600570381314620e+00
1.195853428637772664e+00
1.195619940458302111e+00
1.195602562478715880e+00
1.195650180558372577e+00
1.195653951720744734e+00
1.195620725267572571e+00
1.195294032588349431e+00
1.195477927720228095e+00
1.195514719491203914e+00
1.195438785475043453e+00
1.195221659936029912e+00
1.195376205546009540e+00
1.195354526517337090e+00
1.195274150620785569e+00
1.194883269858042496e+00
1.195263185944946960e+00
1.195178959436477673e+00
1.195091819544608747e+00
1.194922568228282911e+00
1.194962810724155888e+00
1.195091159395949454e+00
1.194853595921941736e+00
1.194708589405216292e+00
1.194895088357052826e+00
1.195016746734334889e+00
1.194439223117451210e+00
1.194780874775540402e+00
1.194791470358721241e+00
1.194255584588783226e+00
1.194194501379778783e+00
1.194575626780447708e+00
1.194363640410948557e+00
1.194300274011738550e+00
1.194406358890705899e+00
1.194209171115305335e+00
1.194313564513324488e+00
1.194148999813771317e+00
1.194289189174863930e+00
1.194166757496423203e+00
1.193961246760715245e+00
1.194177972135616494e+00
1.194148655050289776e+00
1.193985180968069271e+00
1.193767666180136633e+00
1.194025137465727360e+00
1.194107348703215221e+00
1.194149982932847909e+00
1.194215685674608229e+00
1.194114989886883249e+00
1.193731878884426001e+00
1.193796509868379152e+00
1.193932289870064167e+00
1.193643265400797127e+00
1.193655623066548932e+00
1.193518058101970647e+00
1.193424121095334689e+00
1.193614614819120900e+00
1.193517900184329017e+00
1.193608022965006343e+00
1.193471712332132784e+00
1.193363375617203070e+00
1.193376140988186673e+00
1.193246349172405019e+00
1.193325672833946305e+00
1.193334157824719410e+00
1.193367379236943249e+00
1.193362130691340006e+00
1.193329659542895493e+00
1.193246217895106653e+00
1.193225374368789948e+00
1.193217540557558243e+00
1.193174992867841899e+00
1.192939851272314389e+00
1.192760547198328913e+00
1.192914950938602336e+00
1.192796039114305318e+00
1.192816675369517965e+00
1.192878057348445653e+00
1.192642255463198575e+00
1.192865951832741800e+00
1.192721425448813877e+00
1.192550281304545212e+00
1.192871505049630576e+00
1.192387987861540655e+00
1.192412168471637779e+00
1.192438073537892107e+00
1.192255229144285833e+00
1.191911406710291166e+00
1.192406074996661625e+00
1.192437263341777465e+00
1.192299010745551557e+00
1.192369432284072772e+00
1.192323007772824406e+00
1.191825641225924270e+00
1.192083955100149417e+00
1.191917300360946230e+00
1.191541773707560647e+00
1.192076993447523714e+00
1.192085024120632442e+00
1.192000723870337398e+00
1.191642758356126652e+00
1.191935240603472002e+00
1.191712086419496996e+00
1.191658559863235656e+00
1.191608690499051049e+00
1.191741421917071886e+00
1.191739841881077178e+00
1.191683798544205697e+00
1.191418512242842453e+00
1.191502273220427233e+00
1.191531585785870151e+00
1.191470089721639036e+00
1.191488556105135599e+00
1.191498061016449617e+00
1.191168595509094486e+00
1.191377834449961037e+00
1.191190762840691253e+00
1.191103848313930680e+00
1.190925497178558778e+00
1.190831166125566831e+00
1.191261534754142870e+00
1.191231715174753791e+00
1.190848680389276604e+00
1.191153418739962611e+00
1.190990585276701541e+00
1.190908030725926992e+00
1.190596687845461243e+00
1.190991562208037369e+00
1.190896531294306060e+00
1.190649279341314593e+00
1.190798593212013978e+00
1.190816332592699034e+00
1.190726607895661759e+00
1.190538029190900682e+00
1.190559945993505009e+00
1.190428220416420935e+00
1.190478520410972019e+00
1.190335048798505602e+00
1.190422443463088564e+00
1.190451772352301818e+00
1.190429148637656587e+00
1.190253652584167821e+00
1.190273407612768120e+00
1.190436203906403589e+00
1.190365457378061764e+00
1.190070662806458790e+00
1.190222247001525568e+00
1.189863009556936246e+00
1.190062247460263567e+00
1.190028625613289925e+00
1.189770856286344047e+00
1.189960793084587909e+00
1.189873488847905447e+00
1.189642586874896102e+00
1.189932394212436018e+00
1.189704907813119217e+00
1.189411479184287801e+00
1.189708253605381794e+00
1.189620902130139823e+00
1.189454631351374525e+00
1.189529034137061458e+00
1.189403016685237402e+00
1.189228449569851076e+00
1.189433409789658613e+00
1.189390258733764139e+00
1.189152475671523046e+00
1.189358634427238659e+00
1.189588710919479597e+00
1.189194233916909038e+00
1.189288564961763939e+00
1.189263006655000288e+00
1.189368892222891549e+00
1.189128367715452272e+00
1.189393564763167488e+00
1.189212236630676989e+00
1.189245914365613332e+00
1.189268916131194898e+00
1.189011549432888781e+00
1.189126591650413678e+00
1.189083629155895494e+00
1.189057655493882093e+00
1.189082650811179587e+00
1.188971646241166580e+00
1.189087869761398464e+00
1.188865734480316183e+00
1.188495508359867836e+00
1.188852433464540059e+00
1.188812877350631014e+00
1.188667306175206217e+00
1.188822933730259601e+00
1.188814374982421374e+00
1.188688224023635831e+00
1.188552391471014325e+00
1.188739231438037391e+00
1.188739590008777380e+00
1.188469888269503727e+00
1.188553086861466879e+00
1.188664251223855883e+00
1.188443877540141580e+00
1.188187788715197923e+00
1.188345238533235149e+00
1.188572477847121389e+00
1.188045533082907834e+00
1.188503752202943131e+00
1.188503396664337020e+00
1.188265693820433455e+00
1.188410256109412755e+00
1.188229703233768975e+00
1.188122987802154640e+00
1.188364020565441770e+00
1.188073062843510330e+00
1.188264701201447560e+00
1.188146299775058701e+00
1.188028521631492973e+00
1.188247115428760825e+00
1.188073435952274659e+00
1.187858901407996326e+00
1.188210479719867596e+00
1.187924700037774395e+00
1.187926790191193183e+00
1.188152075954468589e+00
1.187909888775462885e+00
1.188002063639114647e+00
1.187853737928507902e+00
1.187791958343376475e+00
1.187927794449125996e+00
1.187782511255837781e+00
1.187620578397545978e+00
1.187905255986342778e+00
1.187697853972348616e+00
1.187671268524634893e+00
1.187785208842190965e+00
1.187555494510882381e+00
1.187614081886460893e+00
1.187594371977363394e+00
1.187528725940541152e+00
1.187380780274901237e+00
1.187741257887971802e+00
1.187498095692587130e+00
1.187308539484543735e+00
1.187400777304681077e+00
1.187102302487893946e+00
1.187185989204148751e+00
1.187044799114918447e+00
1.187095037958304511e+00
1.187015536131236670e+00
1.186843517592753861e+00
1.186905423692913741e+00
1.186865756866582577e+00
1.186635064489359737e+00
1.186836888077292373e+00
1.186672487644848450e+00
1.186598250437166824e+00
1.186568489786316460e+00
1.186657023209238604e+00
1.186540711929937375e+00
1.186572403998130243e+00
1.186597109248990423e+00
1.186501968417759789e+00
1.186606043025290047e+00
1.186561186763799070e+00
1.186274645526962379e+00
1.186365585128642541e+00
1.186517156478662072e+00
1.186290775036934253e+00
1.186231816862133526e+00
1.186382120996483991e+00
1.186277127544761667e+00
1.186136611839662347e+00
1.186214862313824669e+00
1.186265735664641108e+00
1.186217635361215716e+00
1.185909890777275155e+00
1.185869707493161673e+00
1.186093368425058303e+00
1.186175175740612042e+00
1.185825587884818288e+00
1.186053766249361763e+00
1.185869798057583413e+00
1.185924481588038759e+00
1.185817645649107854e+00
1.185857398537290441e+00
1.185808365988455959e+00
1.185609803934862816e+00
1.185577495370137457e+00
1.185827718734363101e+00
1.185555575990538735e+00
1.185783729760225613e+00
1.185753751417667701e+00
1.185728037128162660e+00
1.185665944450886577e+00
1.185610250105937125e+00
1.185492499538547184e+00
1.185493859333392797e+00
1.185643185139253708e+00
1.185437054055740624e+00
1.185264803793369959e+00
1.185530539256165250e+00
1.185212397638913950e+00
1.185263449839262462e+00
1.185382473212503784e+00
1.185346379001523287e+00
1.185255265424645099e+00
1.185356558536393878e+00
1.185256696271282939e+00
1.184978293897159141e+00
1.185234981151576772e+00
1.185342473571100008e+00
1.185195251672622740e+00
1.184924850507919070e+00
1.185082414792958616e+00
1.185029203457633074e+00
1.184896613955170208e+00
1.184943427742535027e+00
1.184890068588631662e+00
1.184943178022278110e+00
1.184992780243922850e+00
1.184690675612384725e+00
1.184868768814296702e+00
1.184739419709561314e+00
1.184665874884520020e+00
1.184636802396190625e+00
1.184600605121598260e+00
1.184630979218926239e+00
1.184447799757384567e+00
1.184665780026260107e+00
1.184235865352930128e+00
1.184372583706963411e+00
1.184514334227864341e+00
1.184609102917351109e+00
1.184241626536342684e+00
1.184296397588497696e+00
1.184502856357299683e+00
1.184217842848059421e+00
1.184264295058387484e+00
1.184337872161276062e+00
1.184200063274999382e+00
1.184205596093012902e+00
1.184045661491183843e+00
1.184322650724985992e+00
1.183981136513832411e+00
1.184085251957647689e+00
1.184110673153503379e+00
1.184102373745145043e+00
1.184035280424950987e+00
1.184247696205962264e+00
1.184099023900718084e+00
1.184037516154313296e+00
1.183743612644266863e+00
1.183770158102037007e+00
1.184046126692705370e+00
1.183895580583682383e+00
1.183665472104386662e+00
1.183835901853988348e+00
1.183764619546552321e+00
1.183485161519610029e+00
1.183833289240733277e+00
1.183492715810853246e+00
1.183767202684541830e+00
1.183583169173843208e+00
1.183163550192480651e+00
1.183637697925878252e+00
1.183304522775211698e+00
1.183540466846007222e+00
1.183380675067149612e+00
1.183433988381982660e+00
1.183414633472846367e+00
1.183334336888731464e+00
1.183379015122534739e+00
1.183255269203480120e+00
1.183342657669107956e+00
1.183283225475504796e+00
1.183367296025267246e+00
1.183241430848015030e+00
1.183132958196090767e+00
1.183112367853562885e+00
1.183174639548252527e+00
1.183201823933305752e+00
1.182982205103192408e+00
1.183093856316465020e+00
1.182616462802995372e+00
1.182937760141510308e+00
1.182979221571665240e+00
1.182973935874042537e+00
1.182882085039969722e+00
1.182875407725767714e+00
1.182570569302322072e+00
1.182714741382833390e+00
1.182752961670019642e+00
1.182629523486698142e+00
1.182742451322508437e+00
1.182354128561797557e+00
1.182652710320814871e+00
1.182717758330386726e+00
1.182509824964693479e+00
1.182460330711993857e+00
1.182611000601949458e+00
1.182368388595526509e+00
1.182341946355949913e+00
1.182407225639074300e+00
1.182170755533230366e+00
1.182369247386276134e+00
1.182399085138831074e+00
1.182149615387572572e+00
1.182257076886702007e+00
1.182142085165462486e+00
1.182416533777592482e+00
1.182387396612777808e+00
1.182145546829884930e+00
1.182341685311399493e+00
1.182268908682138964e+00
1.182050438462876496e+00
1.182115237462519231e+00
1.181968035751307378e+00
1.182274803942618746e+00
1.182101938984910117e+00
1.181855632069881201e+00
1.182036167619939793e+00
1.182120533878769253e+00
1.182015135362870950e+00
1.182013746858795233e+00
1.182110198090142950e+00
1.181979551192086531e+00
1.181798438415074592e+00
1.181967766939334918e+00
1.181714819184254361e+00
1.181920038377472615e+00
1.181827576415476644e+00
1.181768690897115670e+00
1.181499375970570309e+00
1.181810632283685214e+00
1.181750240364683568e+00
1.181552410750549287e+00
1.181783213858063952e+00
1.181406276158614377e+00
1.181822834119777399e+00
1.181438761869779697e+00
1.181308345991341158e+00
1.181340804153775181e+00
1.181441953414674062e+00
1.181385440416042432e+00
1.181360998664340300e+00
1.181166833381914527e+00
1.181483766992751372e+00
1.181315631385348563e+00
1.181094841819031904e+00
1.181174105348244519e+00
1.181354050353252250e+00
1.181247286271148056e+00
1.181281131239324766e+00
1.180919057378017945e+00
1.181083739028629287e+00
1.181082611331205623e+00
1.181172459159011368e+00
1.181116049563434078e+00
1.181222937648109594e+00
1.181022431700820441e+00
1.180791859781536113e+00
1.180834673061253781e+00
1.180882400111435304e+00
1.180883859367680033e+00
1.180934334807072883e+00
1.180684383837860230e+00
1.180888638552872072e+00
1.180838431595605309e+00
1.180510490898756926e+00
1.180822415590031316e+00
1.180739960064288496e+00
1.180487460517713361e+00
1.180650517789028742e+00
