2.844697688182436082e+02
7.105175745471031235e+01
5.069472217612563014e+01
4.319115319937493069e+01
3.858647008182398253e+01
3.451141503458887172e+01
3.000463356173449725e+01
2.445714958620812141e+01
1.751524848286488023e+01
1.127654740877402872e+01
7.596461462109243001e+00
5.937485154055983649e+00
5.160304069903228985e+00
4.706155704591983735e+00
4.378884676490853778e+00
4.114741147682378752e+00
3.890239031719986418e+00
3.698411915333222222e+00
3.532725652733109456e+00
3.388791395682046126e+00
3.261380967005137688e+00
3.147857447677310017e+00
3.045376438983113498e+00
2.951320590130201094e+00
2.865071144605360942e+00
2.788076255773106027e+00
2.717732016571533737e+00
2.653172493356601880e+00
2.593038532408780128e+00
2.532732487023211743e+00
2.470079672887937061e+00
2.408896343139906193e+00
2.356747382354561715e+00
2.310334965949138120e+00
2.268557825178831866e+00
2.230952461361668249e+00
2.196705101117589987e+00
2.165771072149164311e+00
2.138007810318518054e+00
2.112147651281766070e+00
2.088211138011263124e+00
2.066087548101020577e+00
2.045560125446880040e+00
2.026659542438050021e+00
2.008829943546633245e+00
1.991413085726360555e+00
1.975034282606277225e+00
1.959964620897894028e+00
1.945287705890264895e+00
1.931667438081804633e+00
1.918559786749652885e+00
1.905214337125114232e+00
1.892229074269994094e+00
1.879595332186730028e+00
1.867313398650288114e+00
1.854737736164735473e+00
1.842036858983923553e+00
1.829042689831240187e+00
1.816603479091227991e+00
1.803841548330950895e+00
1.791888631404772392e+00
1.780056841660105027e+00
1.768706510193775339e+00
1.757676297353348405e+00
1.747575849721342722e+00
1.737633384416961135e+00
1.727954091430918160e+00
1.718854522710212995e+00
1.710175681311534523e+00
1.701551620752975280e+00
1.693143988744490791e+00
1.685025375135117187e+00
1.676543131732042946e+00
1.669002399255425262e+00
1.661856417963500254e+00
1.654663675153323465e+00
1.647218029955753060e+00
1.640620329512105569e+00
1.634044369668100183e+00
1.627878034910793970e+00
1.621872841635943585e+00
1.616171510019906776e+00
1.610445014545165643e+00
1.605303817699110125e+00
1.600489524953007114e+00
1.595882421611825031e+00
1.591498314476691434e+00
1.587003559617479853e+00
1.582663197295189894e+00
1.578750153861337990e+00
1.574851903638112782e+00
1.571293205289908235e+00
1.568005643728519471e+00
1.564677745316838342e+00
1.561376671041058373e+00
1.558234747614178239e+00
1.555024745270344289e+00
1.551625136056255849e+00
1.548369421078656494e+00
1.545198258509376643e+00
1.541975685233352378e+00
1.538834030254901508e+00
1.536030388774638711e+00
1.533160569327704392e+00
1.530313682388323437e+00
1.527354427102983303e+00
1.524746958435741817e+00
1.522248474674839924e+00
1.519956762104991865e+00
1.517410308902239713e+00
1.515162790021167716e+00
1.512987391595074449e+00
1.510689888058588615e+00
1.508361817494796142e+00
1.506340608297869421e+00
1.504159032326217726e+00
1.502212976444600612e+00
1.500154859106068495e+00
1.498277396301127995e+00
1.496235864455967457e+00
1.494232898076885974e+00
1.492291941794900767e+00
1.490333509347758323e+00
1.488520746516942772e+00
1.486821413718887541e+00
1.484960676846927230e+00
1.483291401265962817e+00
1.481555004955268151e+00
1.479861180211512028e+00
1.478074344267374052e+00
1.476342668742684827e+00
1.474626789040294206e+00
1.472819145496021553e+00
1.470984273084514626e+00
1.469423118015010354e+00
1.467855254135830512e+00
1.466157854619456247e+00
1.464616117546751362e+00
1.462907207006150179e+00
1.461505715941726180e+00
1.459731006023627264e+00
1.458260280568133282e+00
1.456796654049185902e+00
1.455141078859570447e+00
1.453558598981773420e+00
1.452205965017250078e+00
1.450632111777543143e+00
1.449077874377156183e+00
1.447724018705810023e+00
1.446210929205109297e+00
1.444517356489872562e+00
1.442889364046408884e+00
1.441351183519531842e+00
1.439715989712460287e+00
1.438075270524338478e+00
1.436522561850211543e+00
1.435252094805806955e+00
1.433944953559143753e+00
1.432854950118510606e+00
1.431455916159320330e+00
1.430193974813170010e+00
1.428956570617492483e+00
1.427838704082708965e+00
1.426493111968415439e+00
1.425367336321205158e+00
1.424383856975690810e+00
1.423266297069512243e+00
1.422011627821010427e+00
1.420917696804032460e+00
1.419776899697566153e+00
1.418498072094900087e+00
1.417434247321438301e+00
1.416480663072513524e+00
1.415178909670361085e+00
1.413808719387750656e+00
1.412679109135948075e+00
1.411434930266308507e+00
1.410329951273126214e+00
1.409219872599673629e+00
1.408354064621902380e+00
1.407339184102538665e+00
1.406306631470300772e+00
1.405138617870448137e+00
1.404176927644688710e+00
1.403312828007668100e+00
1.402509932731364595e+00
1.401596970719649393e+00
1.400691047302112802e+00
1.399686699487974195e+00
1.398528028773031728e+00
1.397762643932495719e+00
1.396697325779211907e+00
1.396052841066582895e+00
1.395009792068412358e+00
1.394167184223467748e+00
1.393382148340832849e+00
1.392501553392320846e+00
1.391676703146264904e+00
1.390904541878280609e+00
1.390107279755219416e+00
1.389345398616349314e+00
1.388598093030616099e+00
1.387735342086196644e+00
1.386920583065273327e+00
1.386154095932585095e+00
1.385200875828422662e+00
1.384445597681307705e+00
1.383583476168252169e+00
1.382731551140934156e+00
1.382015708887936567e+00
1.381269748303437517e+00
1.380585361431781566e+00
1.379802397085969856e+00
1.379186672545083647e+00
1.378485205411100312e+00
1.377792905522033706e+00
1.377187459124180835e+00
1.376588151574804852e+00
1.375788254250094100e+00
1.375042285416650190e+00
1.374332537346903971e+00
1.373808017944726956e+00
1.373227468902949999e+00
1.372636467866453325e+00
1.371957288575075928e+00
1.371453131793918701e+00
1.370817717100104582e+00
1.370242023441815782e+00
1.369701512389946751e+00
1.369081147681305843e+00
1.368355966485726105e+00
1.367950615824154115e+00
1.367261784066720942e+00
1.366554923639076158e+00
1.366194397876716593e+00
1.365472969574256679e+00
1.365096205667763352e+00
1.364290796761047142e+00
1.363449448090052973e+00
1.362999105591393034e+00
1.362290944103970558e+00
1.361530756294405231e+00
1.360832308744589270e+00
1.360121402927140677e+00
1.359655496353149751e+00
1.359127941227320280e+00
1.358486403807674714e+00
1.357839235118858623e+00
1.357278005348802274e+00
1.356731407544291335e+00
1.356069483852768265e+00
1.355490329973614072e+00
1.354919488370739167e+00
1.354428794760278443e+00
1.353678819641854547e+00
1.353206715481217737e+00
1.352617646473989188e+00
1.352006769235121864e+00
1.351623951057473683e+00
1.350934986185113873e+00
1.350128107448870018e+00
1.349708252430272148e+00
1.349313827862524517e+00
1.348497876301695486e+00
1.348131555128494696e+00
1.347449061648301472e+00
1.346986381304638547e+00
1.346365751732787608e+00
1.345659532004391146e+00
1.345099837152029743e+00
1.344506770726599854e+00
1.344022347421655716e+00
1.343274436824739348e+00
1.342851567789042910e+00
1.342233855589119784e+00
1.341737264259817985e+00
1.341517249760397990e+00
1.341031702264392500e+00
1.340518448908359916e+00
1.339855579306838296e+00
1.339291198948354689e+00
1.338845609125867364e+00
1.338222534284761345e+00
1.337596098526326216e+00
1.337427542951924009e+00
1.336911271367690723e+00
1.336360496551344923e+00
1.335936556933980279e+00
1.335263496923805526e+00
1.335007120461449537e+00
1.334461179791549768e+00
1.333915768461311657e+00
1.333717080570336000e+00
1.333288798359959282e+00
1.332872038608117204e+00
1.332353239674280543e+00
1.331889008058498414e+00
1.331504475643604524e+00
1.330949417520775668e+00
1.330682649715779542e+00
1.330095633874946781e+00
1.329854883551659928e+00
1.329554067644357795e+00
1.329029026420575521e+00
1.328661410196264603e+00
1.328170797326831520e+00
1.327823876409245374e+00
1.327288013219960705e+00
1.326856450838554524e+00
1.326304011695043306e+00
1.325866292944044567e+00
1.325366322309821543e+00
1.325056514424207021e+00
1.324481593516384281e+00
1.324251775465522529e+00
1.323851812781451587e+00
1.323562551607687210e+00
1.323035256971900386e+00
1.322723201089153866e+00
1.322424340697236911e+00
1.322034502259935795e+00
1.321694087414970964e+00
1.321284488505018784e+00
1.321012719670209723e+00
1.320529933602975214e+00
1.320228393632450592e+00
1.319691223309458650e+00
1.319311567019640252e+00
1.319042895877091892e+00
1.318589322030385036e+00
1.318239410858655480e+00
1.317888041080559125e+00
1.317531411880284997e+00
1.317304085841804140e+00
1.316866657799457441e+00
1.316363834301034208e+00
1.315929904549167695e+00
1.315656104345261479e+00
1.315195559197768871e+00
1.314774328441320028e+00
1.314409478549486643e+00
1.314078753086109996e+00
1.313687337953286294e+00
1.313189608841770939e+00
1.312802593686011932e+00
1.312420686355366684e+00
1.312009955714336984e+00
1.311556322710589528e+00
1.311257092223951481e+00
1.310779111423880927e+00
1.310421405777494330e+00
1.309961861140032990e+00
1.309645323101078729e+00
1.309282838306550456e+00
1.309041356067697892e+00
1.308726564123899871e+00
1.308468501400816830e+00
1.308077693155808685e+00
1.307799108414586797e+00
1.307496641303623974e+00
1.307071308053192604e+00
1.306801622882935332e+00
1.306468541524855143e+00
1.306116431391081578e+00
1.305824105560429604e+00
1.305396017228168448e+00
1.305111602389952941e+00
1.304766922923005668e+00
1.304419068438484652e+00
1.304279062962015345e+00
1.304031851279338960e+00
1.303958629790004542e+00
1.303322640084261019e+00
1.302955143683899086e+00
1.302684966177108494e+00
1.302358126595924759e+00
1.301652152673884677e+00
1.301191479476349944e+00
1.300817783137280914e+00
1.300506981170269194e+00
1.300110898383191049e+00
1.299759664989052155e+00
1.299488327262502185e+00
1.299128930271196136e+00
1.298819787085483402e+00
1.298434968417277569e+00
1.298199390928438612e+00
1.297579424543390259e+00
1.297432588650334173e+00
1.296805719637063703e+00
1.296552059864135797e+00
1.296273535178367853e+00
1.295868277785828138e+00
1.295606101416111988e+00
1.295362656994728745e+00
1.295029389044092039e+00
1.294761790413777369e+00
1.294636065733158592e+00
1.294278728886492980e+00
1.293933956958183584e+00
1.293640398703252758e+00
1.293408738849808115e+00
1.293141542167275837e+00
1.292890375239680756e+00
1.292588730258041663e+00
1.292287632752413984e+00
1.292020011750219188e+00
1.291790513045333100e+00
1.291546866025382601e+00
1.291318749511646269e+00
1.291108004837978607e+00
1.290758352829729949e+00
1.290584915503929730e+00
1.290393402182866689e+00
1.290257262939424665e+00
1.289952350144149440e+00
1.289762528751640769e+00
1.289498761651175718e+00
1.289334599852117069e+00
1.289106050009385607e+00
1.288873965802288968e+00
1.288643673752262631e+00
1.288429803033896315e+00
1.288264179390264053e+00
1.288030803703307026e+00
1.287774065330175910e+00
1.287624993251185623e+00
1.287441325947296322e+00
1.287242244365875532e+00
1.287014613725952827e+00
1.286800588679891222e+00
1.286551272715332761e+00
1.286416602891701011e+00
1.286131891677070316e+00
1.285895785310348094e+00
1.285716262971235535e+00
1.285536851083548759e+00
1.285303046110219505e+00
1.284915812114026279e+00
1.284807307847241731e+00
1.284691713946531921e+00
1.284456478781464295e+00
1.284335443783550135e+00
1.283989449050199516e+00
1.283839770969193106e+00
1.283654882545956832e+00
1.283380880974589688e+00
1.283292605117848373e+00
1.283023095554114201e+00
1.282829839871630684e+00
1.282597052509896418e+00
1.282429706823150939e+00
1.282117253298870718e+00
1.282047914153299439e+00
1.281427156432604075e+00
1.281039319259116738e+00
1.280826944258772082e+00
1.280416390416225125e+00
1.280344679134135744e+00
1.279918534056003532e+00
1.279636571038707427e+00
1.279383301947070617e+00
1.279180232059802469e+00
1.278808379178607568e+00
1.278492067861876302e+00
1.278219589974205483e+00
1.277975612583213572e+00
1.277661520712530363e+00
1.277517336753434263e+00
1.277292069026362276e+00
1.277010638454223246e+00
1.276821108242126135e+00
1.276621980000411272e+00
1.276406159530858009e+00
1.276176265751417516e+00
1.275944378973286719e+00
1.275768961940292323e+00
1.275619286292684285e+00
1.275266006105388206e+00
1.274942519155148224e+00
1.274784276160911167e+00
1.274582558894287176e+00
1.274307852004662234e+00
1.274075450058126391e+00
1.273845875548916595e+00
1.273609629966166557e+00
1.273316917510801449e+00
1.273180737309657973e+00
1.272926875759502030e+00
1.272709159493407238e+00
1.272484877968977024e+00
1.272277096478649172e+00
1.272080400248347010e+00
1.272056911022339198e+00
1.271696083267062738e+00
1.271628144837107177e+00
1.271114916561155939e+00
1.271017654693159527e+00
1.270746957923590381e+00
1.270697468460482815e+00
1.270387050310017418e+00
1.270031124413623314e+00
1.270042989116062726e+00
1.269657802122689416e+00
1.269652219899356727e+00
1.269448942938426805e+00
1.269287177521316146e+00
1.269001510204126104e+00
1.268831430685289474e+00
1.268543582628426813e+00
1.268423746771696781e+00
1.268333631712827758e+00
1.268076955663269834e+00
1.267900040713618504e+00
1.267851841425744253e+00
1.267552857576991654e+00
1.267448350988785943e+00
1.267242133171752494e+00
1.267056554711604166e+00
1.266836109697524249e+00
1.266724619209026903e+00
1.266458394378987995e+00
1.266312436107950967e+00
1.266091425583656616e+00
1.266126429592746572e+00
1.265792539127460925e+00
1.265712667189403451e+00
1.265565455271268291e+00
1.265417982995231005e+00
1.265312298777631961e+00
1.265159810267793006e+00
1.264949658641164598e+00
1.264936418018944186e+00
1.264626453149569008e+00
1.264678629590818337e+00
1.264310722441096102e+00
1.264155042736566648e+00
1.264249491828118410e+00
1.263904576359431209e+00
1.263659346533019923e+00
1.263583046231628648e+00
1.263377408544933411e+00
1.263281679876006258e+00
1.263116488588897468e+00
1.262879472608632980e+00
1.262897494703283163e+00
1.262705598322642064e+00
1.262614992686863280e+00
1.262451444269260037e+00
1.262214098761243131e+00
1.262091109262834410e+00
1.261705050108025139e+00
1.261717859938529029e+00
1.261404470652958132e+00
1.261129444555868506e+00
1.261004657108149907e+00
1.260829074584205012e+00
1.260589905296527258e+00
1.260566043844326023e+00
1.260361770482248289e+00
1.260079136395045429e+00
1.259951572657194374e+00
1.259789047855337074e+00
1.259555222873597113e+00
1.259491339906591678e+00
1.259263347150382684e+00
1.259140091938971695e+00
1.258871480996255787e+00
1.258646815471571978e+00
1.258380569744797173e+00
1.258492616608887227e+00
1.258244150894372693e+00
1.258086441391768950e+00
1.258018762319130568e+00
1.257772179307042437e+00
1.257687817384132822e+00
1.257605003324877124e+00
1.257313153978882658e+00
1.257306844839737314e+00
1.257078276887179547e+00
1.256803141078499886e+00
1.256814395259236106e+00
1.256552738813753400e+00
1.256508348484244308e+00
1.256250993829435281e+00
1.255967563313301394e+00
1.255507673056609930e+00
1.255458932629524238e+00
1.255154838046911303e+00
1.254823664506380831e+00
1.254684563036030820e+00
1.254461467101176453e+00
1.254496732351868316e+00
1.254354501951689072e+00
1.254135158930690164e+00
1.254038853746415771e+00
1.253954371594940387e+00
1.253795316739806376e+00
1.253685434026768464e+00
1.253591639924453771e+00
1.253231805912708996e+00
1.253091795018260068e+00
1.253125146114271171e+00
1.252922956710640578e+00
1.252809411799282513e+00
1.252641295325236159e+00
1.252479967759617674e+00
1.252250500427962487e+00
1.252248315226822006e+00
1.252139358966744220e+00
1.252116529173614268e+00
1.251892522965780685e+00
1.251792752461264646e+00
1.251689734722596370e+00
1.251258379263098242e+00
1.251146799990215497e+00
1.251344705176631988e+00
1.250899189044123672e+00
1.251108494930045500e+00
1.250932325247725130e+00
1.250825054956868687e+00
1.250765082471168466e+00
1.250671566537374435e+00
1.250420970384507280e+00
1.250363744471343797e+00
1.250335686226567100e+00
1.250288857117692443e+00
1.250217204231753865e+00
1.249934754610424026e+00
1.249823443876597384e+00
1.249723620052813233e+00
1.249643978423071733e+00
1.249506042021740315e+00
1.249382114375114261e+00
1.249255268511828998e+00
1.249133376580997767e+00
1.248985403065716149e+00
1.248936049885798649e+00
1.248811730206751403e+00
1.248752534743462927e+00
1.248649119651921158e+00
1.248506912054084150e+00
1.248381293860216568e+00
1.248371094530370762e+00
1.248100940541700732e+00
1.247965870935317634e+00
1.247927714789446973e+00
1.247705560227002852e+00
1.247514337611348667e+00
1.247555060029632568e+00
1.247374712234274208e+00
1.247183469668137423e+00
1.247197017191266744e+00
1.247245426948962121e+00
1.246801252675548310e+00
1.246688457309579112e+00
1.246638572872704520e+00
1.246588784948573947e+00
1.246372779135867859e+00
1.246256131846253945e+00
1.246115391749424761e+00
1.246000964951804901e+00
1.245980693227369818e+00
1.245806051884355670e+00
1.245749235677116262e+00
1.245512551523349609e+00
1.245520979715334819e+00
1.245639187092104416e+00
1.245571460180978640e+00
1.245309729842894120e+00
1.245344038144945209e+00
1.245194688794508675e+00
1.245090618570162233e+00
1.244922711503156476e+00
1.244908912455929162e+00
1.244761327176358900e+00
1.244636185862559197e+00
1.244504407039175975e+00
1.244436550038356959e+00
1.244227141515058310e+00
1.244140956777671114e+00
1.244072823049866550e+00
1.244020740422442373e+00
1.243821288722264606e+00
1.243383007971034182e+00
1.243661773778664381e+00
1.243717597078388026e+00
1.242955815979317702e+00
1.243369860003630256e+00
1.243315550655759827e+00
1.242642613325748213e+00
1.243090693673948977e+00
1.242481795799174948e+00
1.242445761047658914e+00
1.242329430463421369e+00
1.242239073054788090e+00
1.242182956376554737e+00
1.242001142262253666e+00
1.241992809110303631e+00
1.241915111218074408e+00
1.241894978195370092e+00
1.241734070219124852e+00
1.241688672102781776e+00
1.241543374961909585e+00
1.241458089789128527e+00
1.241422306470413073e+00
1.241408576315739198e+00
1.241283846415685010e+00
1.241186321038367124e+00
1.241044633018137278e+00
1.240993929189379230e+00
1.240972692909811936e+00
1.240940025580730355e+00
1.240822377494636530e+00
1.240752565389285911e+00
1.240686726964810305e+00
1.240541379258945254e+00
1.240518042212743088e+00
1.240408489891425381e+00
1.240314362074781185e+00
1.240193905022161092e+00
1.240118865035120477e+00
1.240065925579734829e+00
1.239990919886285736e+00
1.239875233547994338e+00
1.239859786769746286e+00
1.239645938056148866e+00
1.239687963762907019e+00
1.239658493021979391e+00
1.239471554385928487e+00
1.239323859186974186e+00
1.239222223504425457e+00
1.239199493553318376e+00
1.239027979263680246e+00
1.239082048918189960e+00
1.238920225979062595e+00
1.238825626682915848e+00
1.238659951319222019e+00
1.238682486114012216e+00
1.238565790285155677e+00
1.238608484967928414e+00
1.238448524648103399e+00
1.238450478460458859e+00
1.238324783568464094e+00
1.238164021254672287e+00
1.238100479627033845e+00
1.238098938409164740e+00
1.237837113897521046e+00
1.237851886173937377e+00
1.237695987139553422e+00
1.237679199896274396e+00
1.237596341661861166e+00
1.237532088210690606e+00
1.237463739644188987e+00
1.237312589825142473e+00
1.237194665472282074e+00
1.237168011991588656e+00
1.237101809669962194e+00
1.236919433547046365e+00
1.236843908238727252e+00
1.236757006603282028e+00
1.236608876885893826e+00
1.236507733350566296e+00
1.236537963742548651e+00
1.236296041977430926e+00
1.236447629198853759e+00
1.236432368291612294e+00
1.236265999752220734e+00
1.236325627646841951e+00
1.236085570433795189e+00
1.236009310345839163e+00
1.236025208279079024e+00
1.235855973895628068e+00
1.235893484693729505e+00
1.235708232002637130e+00
1.235739942623696130e+00
1.235655476314709622e+00
1.235519601586880789e+00
1.235510770390111590e+00
1.235457280002235869e+00
1.235390233634640289e+00
1.235221748427528743e+00
1.235230720845774899e+00
1.235166619940388566e+00
1.235034005177882088e+00
1.234998592154342933e+00
1.234951823152154127e+00
1.234883446713128663e+00
1.234846244302275187e+00
1.234710118357780217e+00
1.234632163674421745e+00
1.234695845009002868e+00
1.234355286053998357e+00
1.234302793900746265e+00
1.234450185058257876e+00
1.234292794486814060e+00
1.234300619975263524e+00
1.234276086225702729e+00
1.234182267516758857e+00
1.234077118340471513e+00
1.234118775311597416e+00
1.234116344370554952e+00
1.233902238218559377e+00
1.234053627275237597e+00
1.233945126261077885e+00
1.233825370360331242e+00
1.233748180839455477e+00
1.233750501032055968e+00
1.233635484606011579e+00
1.233622075851098510e+00
1.233385824793993946e+00
1.233324118504740330e+00
1.233339215193627991e+00
1.233236138311045282e+00
1.233240744012306989e+00
1.233144725676689646e+00
1.233130000022155448e+00
1.233078189180647710e+00
1.232985707157579158e+00
1.232940303378632363e+00
1.232849644962458191e+00
1.232857256265906365e+00
1.232755231485549219e+00
1.232572613693847741e+00
1.232561576056986130e+00
1.232559379596572136e+00
1.232503381540815512e+00
1.232424871944907574e+00
1.232354160184684799e+00
1.232231255107458567e+00
1.232256182228267161e+00
1.232133553083184507e+00
1.232107797758288603e+00
1.232096361591279665e+00
1.232036710644234700e+00
1.231977933772984368e+00
1.231891374170880793e+00
1.231795819300713912e+00
1.231711218031534605e+00
1.231555789320964545e+00
1.231500228643467532e+00
1.231409747136504640e+00
1.231285100537386823e+00
1.231325542568890485e+00
1.231330408359421424e+00
1.231272769053694649e+00
1.231223589108644489e+00
1.231092133174938041e+00
1.231225351872868634e+00
1.230951743320960245e+00
1.230934346846423777e+00
1.230933769563856250e+00
1.230702669954752304e+00
1.230779934341464710e+00
1.230526428846513420e+00
1.230656816102731588e+00
1.230492909738196916e+00
1.230380566762049321e+00
1.230362584322722608e+00
1.230366264134389320e+00
1.230331364376890058e+00
1.230191955819636140e+00
1.230198371889731801e+00
1.230147196807246601e+00
1.230091157930204293e+00
1.229881265169940008e+00
1.229934689391875446e+00
1.229785234377595460e+00
1.229835878007748962e+00
1.229770202019975889e+00
1.229731902529769050e+00
1.229618952390566289e+00
1.229517888592483565e+00
1.229591671227023841e+00
1.229489791611916294e+00
1.229416277789036060e+00
1.229257405720485918e+00
1.229320501540969612e+00
1.229189634422205968e+00
1.229001554722115808e+00
1.228987121113880976e+00
1.228837933716461661e+00
1.229022092886281614e+00
1.228828277713290174e+00
1.228753825569546487e+00
1.228749976683027656e+00
1.228648571873699469e+00
1.228631222604819939e+00
1.228248239687107057e+00
1.228279599657191801e+00
1.228244494341785842e+00
1.228205915308810514e+00
1.228253214530483861e+00
1.228087794610885242e+00
1.228037621114791422e+00
1.227989125043080998e+00
1.227922437631244756e+00
1.227869547560538122e+00
1.227948655225983288e+00
1.227759975840760909e+00
1.227808318334959958e+00
1.227766628338104571e+00
1.227729341187832945e+00
1.227657957462667149e+00
1.227616197223786676e+00
1.227455060970680467e+00
1.227521701295738676e+00
1.227427947765979521e+00
1.227452409207621997e+00
1.227279262670885940e+00
1.227326112989751916e+00
1.227248855607152134e+00
1.227103209771651882e+00
1.227105978639022599e+00
1.227099376716415335e+00
1.227020700354153560e+00
1.227044250822017402e+00
1.226829210458140418e+00
1.226914920042293522e+00
1.226919207019547153e+00
1.226745539816328057e+00
1.226682853395611783e+00
1.226392646034825340e+00
1.226338188001893759e+00
1.226416401047522475e+00
1.226283547569652743e+00
1.226275971292597244e+00
1.226222298067314087e+00
1.225997883605976391e+00
1.226097135903368107e+00
1.226031609830425362e+00
1.225965533616335756e+00
1.225918684610862064e+00
1.225816363774173245e+00
1.225812233202916213e+00
1.225568125337232361e+00
1.225513912332254707e+00
1.225420344836188447e+00
1.225366894932901518e+00
1.225261586580436601e+00
1.225213572059372202e+00
1.225225803667241875e+00
1.224880190719401130e+00
1.224718554430579198e+00
1.224610217312393612e+00
1.224628317694239410e+00
1.224359292423230050e+00
1.224317195641129841e+00
1.224217951858600717e+00
1.224165106288144234e+00
1.224194904072929191e+00
1.223892137939599722e+00
1.223893849821498625e+00
1.223768649406122622e+00
1.223611571057729774e+00
1.223758858699218743e+00
1.223633796204202762e+00
1.223600214191197022e+00
1.223498168474091541e+00
1.223284985537428815e+00
1.223405217169257986e+00
1.223328787309624133e+00
1.223205013107519612e+00
1.223181861843494200e+00
1.223179815093146550e+00
1.223053658398951749e+00
1.223063474154165942e+00
1.223005541782255623e+00
1.223021223161363524e+00
1.222881751086734914e+00
1.222850163571467919e+00
1.222627152791714300e+00
1.222529742026518429e+00
1.222559149496470488e+00
1.222413763612859139e+00
1.222287797262118447e+00
1.222371039716431129e+00
1.222193114034336725e+00
1.222234642799833848e+00
1.222213762903866519e+00
1.221988489560046576e+00
1.222040669887140218e+00
1.222049799194267816e+00
1.221866581633134219e+00
1.221929570475496218e+00
1.221911829263443661e+00
1.221718232027083628e+00
1.221699302139311216e+00
1.221548928706131187e+00
1.221492114446313337e+00
1.221556878374368660e+00
1.221371496190332584e+00
1.221248615895259793e+00
1.221187603396551857e+00
1.221069335321956384e+00
1.220969153959468478e+00
1.220937690429831912e+00
1.220918523356264052e+00
1.220868771480361437e+00
1.220741808341019974e+00
1.220536116053510645e+00
1.220583967266148928e+00
1.220390884362599682e+00
1.220377607789545404e+00
1.220278500942631572e+00
1.220393612500766833e+00
1.220159683498710734e+00
1.220102552464230383e+00
1.220027458284390631e+00
1.219757556995514358e+00
1.219811263894862607e+00
1.219687716535070798e+00
1.219588614879357769e+00
1.219526339903651335e+00
1.219509277148936421e+00
1.219370373688988485e+00
1.219308047375937232e+00
1.219258255351923781e+00
1.219223797804773524e+00
1.219197063528714153e+00
1.219024722767788615e+00
1.218958875282753374e+00
1.218933454734115074e+00
1.218761463751847129e+00
1.218840135268689506e+00
1.218727514493014974e+00
1.218668434755669994e+00
1.218536088097490699e+00
1.218530312732343690e+00
1.218409035770369853e+00
1.218359873606283283e+00
1.218372471869688667e+00
1.218213211291107489e+00
1.218344617952783926e+00
1.218231247084492264e+00
1.218191244743818791e+00
1.218048376668796617e+00
1.217962743851581875e+00
1.218017543588595819e+00
1.217773007431452559e+00
1.217589939965251888e+00
1.217643169845104456e+00
1.217613325772653132e+00
1.217509934661138882e+00
1.217533021320793774e+00
1.217309084942667985e+00
1.217364740758386743e+00
1.217223323248370015e+00
1.217148102662652054e+00
1.217296719405608352e+00
1.217135480909333545e+00
1.217190517581612896e+00
1.217053030378193901e+00
1.217156286705197710e+00
1.216987388098586864e+00
1.216922286506681994e+00
1.216890648169870470e+00
1.216812869714859247e+00
1.216799520688635505e+00
1.216741422728008670e+00
1.216819689910907831e+00
1.216681042276057001e+00
1.216680204028199652e+00
1.216662422714060332e+00
1.216628182527443203e+00
1.216556161626509924e+00
1.216545822849401270e+00
1.216497269315500063e+00
1.216484727165257018e+00
1.216408718977217029e+00
1.216359925406886200e+00
1.216300221526920744e+00
1.216313234198541648e+00
1.216183923062158945e+00
1.216105305867244857e+00
1.216159527420675124e+00
1.216047621621060726e+00
1.216025517492086205e+00
1.216103610013399727e+00
1.215955787999322357e+00
1.215967199383042097e+00
1.215911026594407529e+00
1.215969682573608379e+00
1.215783821689157440e+00
1.215768478082508874e+00
1.215838455549133501e+00
1.215690418965151842e+00
1.215671847286250218e+00
1.215618742558802756e+00
1.215675910642409541e+00
1.215508002080578409e+00
1.215493752335276456e+00
1.215526238595126873e+00
1.215404594973701125e+00
1.215309767781435069e+00
1.215269199624939622e+00
1.215252498196430109e+00
1.215234012441972267e+00
1.215274014651357648e+00
1.215020485649025206e+00
1.214955266051572336e+00
1.214952373196023006e+00
1.214930277776336665e+00
1.214900155525139080e+00
1.214795491796331950e+00
1.214798657659605707e+00
1.214761171979861443e+00
1.214836745112175986e+00
1.214664240717278743e+00
1.214613767119101739e+00
1.214562296122388974e+00
1.214528700706406061e+00
1.214489303040909407e+00
1.214560570795558681e+00
1.214584464335356717e+00
1.214376865504383174e+00
1.214466066631981755e+00
1.214347630850086679e+00
1.214362253746359421e+00
1.214177279577959512e+00
1.214076321956055748e+00
1.214034612565770610e+00
1.214028971667320045e+00
1.214154030914787130e+00
1.214086635023437610e+00
1.213987755007908786e+00
1.214007549258086627e+00
1.213869906463290294e+00
1.213818499304856857e+00
1.213798880602513952e+00
1.213874179332842251e+00
1.213704296797509796e+00
1.213796862761647999e+00
1.213634910140008794e+00
1.213726610184781007e+00
1.213557664951496307e+00
1.213564773043072087e+00
1.213431662235130659e+00
1.213568932195037364e+00
1.213429562397217776e+00
1.213382378387398708e+00
1.213348146269908723e+00
1.213322004916260299e+00
1.213250379172717830e+00
1.213220903024624819e+00
1.213172512422644234e+00
1.213339564489868572e+00
1.213054248678683722e+00
1.212994136912314502e+00
1.212984092131937031e+00
1.212937930899819827e+00
1.212902457894460273e+00
1.212965540470808401e+00
1.212822561928289744e+00
1.212811849655867524e+00
1.212975744806108258e+00
1.212803015790274719e+00
1.212782779229962360e+00
1.212852542231347863e+00
1.212688034440578821e+00
1.212832428102758042e+00
1.212555746659183198e+00
1.212631124756229140e+00
1.212653300631221231e+00
1.212441341290677599e+00
1.212647777146939720e+00
1.212316593995542258e+00
1.212538736562555064e+00
1.212298475568017286e+00
1.212453843912979279e+00
1.212329632829547199e+00
1.212268185397794573e+00
1.212132251736031341e+00
1.212218855860560884e+00
1.212100456954220862e+00
1.212045424339314836e+00
1.212038255301923773e+00
1.212003004556786667e+00
1.212083482882974073e+00
1.211965048643684595e+00
1.211843109816865161e+00
1.211906000042707321e+00
1.212026263439127893e+00
1.211929434556326290e+00
1.211769729871069456e+00
1.211919185412852151e+00
1.211774530447341292e+00
1.211877340704700989e+00
1.211724525015709597e+00
1.211792425499634174e+00
1.211685970568341375e+00
1.211602749750707364e+00
1.211696647312488606e+00
1.211607238800062936e+00
1.211701719423650792e+00
1.211460643931231873e+00
1.211585686750631607e+00
1.211432197708066427e+00
1.211536043284331621e+00
1.211331510884803064e+00
1.211359453076534365e+00
1.211609953847587962e+00
1.211212522340563202e+00
1.211476151048662464e+00
1.211358571125602746e+00
1.211451368239677029e+00
1.211445170882524680e+00
1.211314849841756081e+00
1.211397622630107085e+00
1.211268316443744997e+00
1.211293502154039858e+00
1.211266325262463583e+00
1.211140472075744379e+00
1.211254962003419644e+00
1.211093808477566425e+00
1.211025343997769399e+00
1.211178045662541836e+00
1.211111361402290809e+00
1.210925258178857211e+00
1.211061154408887619e+00
1.210997164054569142e+00
1.210930684353380693e+00
1.211012754909100098e+00
1.210820318363532655e+00
1.210942101574343788e+00
1.210912646487614541e+00
1.210701385783160777e+00
1.210865314408068327e+00
1.210839784795157525e+00
1.210781509686222668e+00
1.210626651800183362e+00
1.210540799788762278e+00
1.210654232167513777e+00
1.210646134637528126e+00
1.210615588785631580e+00
1.210703455489892333e+00
1.210638899806078639e+00
1.210590019212312463e+00
1.210523367655071070e+00
1.210497247329219039e+00
1.210445603387736213e+00
1.210428301376631266e+00
1.210365780880710451e+00
1.210360153996395072e+00
1.210229355629273362e+00
1.210330156304578963e+00
1.210274376764298720e+00
1.210185716724236471e+00
1.210063510109903318e+00
1.210127647416359142e+00
1.210166815778364491e+00
1.210091012899100260e+00
1.210049973609794272e+00
1.210064843867225681e+00
1.210018748181540538e+00
1.210086966065522240e+00
1.209979921258078850e+00
1.209843910209745133e+00
1.209925609338518671e+00
1.209823351489444088e+00
1.209934231397473248e+00
1.209869366560184956e+00
1.209740213432876077e+00
1.209645555348198176e+00
1.209747867824652490e+00
1.209787006371586093e+00
1.209706212920605095e+00
1.209726987498100481e+00
1.209641847816329774e+00
1.209554878726184501e+00
1.209600729438490285e+00
1.209609613670429962e+00
1.209555784791713995e+00
1.209610963841410980e+00
1.209493447868224214e+00
1.209406234799486279e+00
1.209482248218250122e+00
1.209466321044099013e+00
1.209331618890581606e+00
1.209289354753018131e+00
1.209397013697459888e+00
1.209392397793429996e+00
1.209178705990365588e+00
1.209404117762377107e+00
1.209287006525393782e+00
1.209155765304160690e+00
1.209272640038373092e+00
1.209088549147169234e+00
1.209157464815288519e+00
1.209126087146780160e+00
1.209171896005255986e+00
1.209051761045328410e+00
1.208970252701032644e+00
1.208992621043960547e+00
1.209087294049741912e+00
1.208984252557651518e+00
1.209028586387488113e+00
1.208901923869046602e+00
1.208917857390880313e+00
1.208876666499797636e+00
1.208934368558377548e+00
1.208760114876363367e+00
1.208711953236420333e+00
1.208661128615659885e+00
1.208649926658028395e+00
1.208659815909389090e+00
1.208595894986256747e+00
1.208568773221948556e+00
1.208468043080396903e+00
1.208623937632171463e+00
1.208548290637992961e+00
1.208396102159780439e+00
1.208535953227637405e+00
1.208422796847435698e+00
1.208423406088402929e+00
1.208404786298217459e+00
1.208419791206491789e+00
1.208381863940348744e+00
1.208269501876940266e+00
1.208363386340260304e+00
1.208144565252216696e+00
1.208264951486769823e+00
1.208153935420160030e+00
1.208120374092308102e+00
1.208069215184681688e+00
1.208073868794770078e+00
1.208139622308272099e+00
1.207986297997819536e+00
1.208196236462984352e+00
1.208157820765186186e+00
1.207890532554700913e+00
1.207978741352494501e+00
1.208011593300767128e+00
1.207940570837752192e+00
1.207896070567250346e+00
1.207980186355108287e+00
1.208037880668469510e+00
1.207828556793580921e+00
1.207854126650710125e+00
1.207867671355722594e+00
1.207896684444817570e+00
1.207625324764607599e+00
1.207722767896090899e+00
1.207767391429210857e+00
1.207589500129882643e+00
1.207667642031097222e+00
1.207542192884815790e+00
1.207466276886005163e+00
1.207572165999023728e+00
1.207482984565072970e+00
1.207478154954495286e+00
1.207517170571039467e+00
1.207621651889784653e+00
1.207407293224741718e+00
1.207303689268951041e+00
1.207354674100648451e+00
1.207343420694415581e+00
1.206993480159622045e+00
1.207321519065997828e+00
1.207285948861001712e+00
1.207118402571269122e+00
1.207170347049643544e+00
1.207060878641629920e+00
1.206942434158525979e+00
1.207135062687478610e+00
1.207244068374283996e+00
1.206787635553370874e+00
1.207112578062919495e+00
1.207027621073910817e+00
1.206936541310104305e+00
1.206962005396065685e+00
1.207081558251871245e+00
1.206753010011346605e+00
1.206989388909215366e+00
1.207011749623319696e+00
1.206763199726499369e+00
1.206918902352841050e+00
1.206915268799537921e+00
1.206615163308798921e+00
1.206926052800939564e+00
1.206899290343962372e+00
1.206670406544053664e+00
1.206816749449412418e+00
1.206861480494274330e+00
1.206646803566865600e+00
1.206878486742342771e+00
1.206857221385739143e+00
1.206517065013317902e+00
1.206789703312914019e+00
1.206661802664649175e+00
1.206551060515689944e+00
1.206690909164132686e+00
1.206676113210525481e+00
1.206384138413686413e+00
1.206518903590346081e+00
1.206606309519736131e+00
1.206576529233685191e+00
1.206631466381174578e+00
1.206453582866704233e+00
1.206475720583883415e+00
1.206391203650190258e+00
1.206388414660845676e+00
1.206228013454334613e+00
1.206407693192184771e+00
1.206322954749161180e+00
1.206422162617769134e+00
1.206192746389835646e+00
1.206299299689520987e+00
1.206280582962118375e+00
1.206105687639150270e+00
1.206315080044975119e+00
1.206248927978993191e+00
1.206222876753213269e+00
1.206219731682027563e+00
1.206159640214974793e+00
1.206166880551656773e+00
1.206117218887872822e+00
1.206155069251909184e+00
1.206023184156968409e+00
1.206006993559988860e+00
1.206042694080450950e+00
1.206109358657655006e+00
1.205989785629307809e+00
1.206129384290623774e+00
1.205922565202585783e+00
1.206059739943586395e+00
1.205866364825674220e+00
1.205860030587088572e+00
1.205939989100007770e+00
1.205821467146138692e+00
1.205858595377434339e+00
1.205823803986740606e+00
1.205815708369323946e+00
1.205768072035006577e+00
1.205698680295355318e+00
1.205918826633907814e+00
1.205692368719751828e+00
1.205733270395499490e+00
1.205661859320674267e+00
1.205530833451789130e+00
1.205775392369521359e+00
1.205660483205555522e+00
1.205688558079882844e+00
1.205611218544634378e+00
1.205616042942297739e+00
1.205531132322345877e+00
1.205591438044273600e+00
1.205588029200850064e+00
1.205397147413833858e+00
1.205553637480334839e+00
1.205503062916234880e+00
1.205551225674942994e+00
1.205414529177157856e+00
1.205419829434641210e+00
1.205530846493013675e+00
1.205471346898316254e+00
1.205322149227264772e+00
1.205375978037981133e+00
1.205515039270962374e+00
1.205340642687052988e+00
1.205410490717328420e+00
1.205305180495691575e+00
1.205298150722132311e+00
1.205364385438864261e+00
1.205231621316518620e+00
1.205312760824229112e+00
1.205342635058902934e+00
1.205278704740698092e+00
1.205275552519682547e+00
1.205229092476134634e+00
1.205310133933632954e+00
1.205181077475708795e+00
1.205154491360495683e+00
1.205211785330715601e+00
1.205067140786190372e+00
1.205181491490436407e+00
1.205045737186231536e+00
1.205058800759303717e+00
1.205124254332410549e+00
1.205020906103405842e+00
1.204923659858912588e+00
1.205083118662449992e+00
1.205122489341013514e+00
1.205018571025512353e+00
1.204985742918618374e+00
1.204940024589923109e+00
1.205070037185411946e+00
1.204967853145224810e+00
1.204949264332217052e+00
1.204977344292161856e+00
1.204879137164324376e+00
1.204928966099446663e+00
1.205027563860425976e+00
1.204987052444720597e+00
1.204951977397364260e+00
1.204983412139053911e+00
1.204889666234562062e+00
1.204896476775876524e+00
1.204845124190131456e+00
1.204926774086465091e+00
1.204937569835593081e+00
1.204926230090994421e+00
1.204832869377886473e+00
1.204808163947290511e+00
1.204770429131293730e+00
1.204868452733533379e+00
1.204935110066466919e+00
1.204727115847982644e+00
1.204778829394956841e+00
1.204790494618654284e+00
1.204800178792852172e+00
1.204711030540388750e+00
1.204815523466146843e+00
1.204741767105070194e+00
1.204666056332225788e+00
1.204763715761246079e+00
1.204775102603817150e+00
1.204699222809294090e+00
1.204743765759571650e+00
1.204604250891088135e+00
1.204647052043576361e+00
1.204735234523520715e+00
1.204705548611879840e+00
1.204531637085607620e+00
1.204557766736588986e+00
1.204611730998650154e+00
1.204621317830942173e+00
1.204557640845517419e+00
1.204538033605707659e+00
1.204565024502467940e+00
1.204595829122477646e+00
1.204533586996034300e+00
1.204568444628087098e+00
1.204582378876692506e+00
1.204474858618413302e+00
1.204577930462065849e+00
1.204556162229226457e+00
1.204515814696929921e+00
1.204477737566014728e+00
1.204506822457282800e+00
1.204403343977673790e+00
1.204484872916461669e+00
1.204559827365019764e+00
1.204489011798252296e+00
1.204474964483925659e+00
1.204474258345594295e+00
1.204479787682026570e+00
1.204493678000166934e+00
1.204373579894653101e+00
1.204346768195925010e+00
1.204524481726813923e+00
1.204385001503511132e+00
1.204398628082666400e+00
1.204365347210612169e+00
1.204381624553346519e+00
1.204377916597334730e+00
1.204308321280781469e+00
1.204300378963481188e+00
1.204253491419443156e+00
1.204435841742248714e+00
1.204326633175333727e+00
1.204288678380032840e+00
1.204290303667802764e+00
1.204178915804170247e+00
1.204228037708244825e+00
1.204221153925028265e+00
1.204293158663080510e+00
1.204224613533260602e+00
1.204164515579277062e+00
1.204283755091542396e+00
1.204136327437432818e+00
1.204191288502189261e+00
1.204235224059590825e+00
1.204164469603562937e+00
1.204171212784959977e+00
1.204182779709791706e+00
1.204251155431874443e+00
1.204085290354426574e+00
1.204120165665274467e+00
1.204130618880211889e+00
1.204044848169196102e+00
1.204089694102496777e+00
1.204169048052237567e+00
1.204061664312164659e+00
1.204043223797215845e+00
1.204129666006646060e+00
1.204024478795266306e+00
1.203951370303445456e+00
1.203982417144858763e+00
1.203985183716872465e+00
1.203992703992136981e+00
1.203942710635657276e+00
1.203898267686592805e+00
1.203837984656766613e+00
1.203834836732333269e+00
1.203955356610537875e+00
1.203847213209401579e+00
1.203945723743092833e+00
1.204069059829106392e+00
1.203740842974372116e+00
1.204013522695551064e+00
1.203879187613657420e+00
1.203824685721553989e+00
1.203819934611396247e+00
1.203770709704868880e+00
1.203805434434462418e+00
1.203608011905024533e+00
1.203694698395923801e+00
1.203706744437974985e+00
1.203736541419759609e+00
1.203750703741398809e+00
1.203740455330730263e+00
1.203640331923025553e+00
1.203750811665821097e+00
1.203768714586308963e+00
1.203697807186714597e+00
1.203726459457447495e+00
1.203507686449667657e+00
1.203758511090812222e+00
1.203693807845161556e+00
1.203762048268933516e+00
1.203730869931751712e+00
1.203518728928779424e+00
1.203633298916374272e+00
1.203539070963540736e+00
1.203634252451164066e+00
1.203556260342234951e+00
1.203518706362191493e+00
1.203568341451376922e+00
1.203756568669064997e+00
1.203443837160189878e+00
1.203523075262222131e+00
1.203482103508556778e+00
1.203406675138835480e+00
1.203633837883818725e+00
1.203498223931342981e+00
1.203461268947779716e+00
1.203398483030593491e+00
1.203459749380747068e+00
1.203541764191893737e+00
1.203410824916677280e+00
1.203421440531466269e+00
1.203356676241089662e+00
1.203369601499486796e+00
1.203419482035974930e+00
1.203619848032664530e+00
1.203372817008307782e+00
1.203474298757549965e+00
1.203291977024946613e+00
1.203521535467128478e+00
1.203407777204818618e+00
1.203468300667036361e+00
1.203379545875159051e+00
1.203457076126500880e+00
1.203295887984480617e+00
1.203233447987230642e+00
1.203377220925581748e+00
1.203274344809331931e+00
1.203445807253460842e+00
1.203311061035800433e+00
1.203234360903411959e+00
1.203207763894012183e+00
1.203265788608346876e+00
1.203137204181748299e+00
1.203131070125189606e+00
1.203079698073400872e+00
1.203136998514508393e+00
1.203283607557513069e+00
1.203308487222155110e+00
1.203093463523612572e+00
1.203186240490848435e+00
1.202963947354258822e+00
1.203164773501622209e+00
1.203125849150644688e+00
1.203151031762013767e+00
1.202967253648048018e+00
1.203033605650454252e+00
1.203219986842903211e+00
1.202938545097232304e+00
1.202966793934580947e+00
1.202991539056887493e+00
1.203043646228983077e+00
1.203002463458535010e+00
1.202857044392085184e+00
1.202879199865509063e+00
1.202864761629816703e+00
1.202921600985334960e+00
1.202751038269582740e+00
1.202909300550584648e+00
1.202729540143196107e+00
1.202837934426945532e+00
1.202848954495350675e+00
1.202797719922276132e+00
1.202838337430309545e+00
1.202785184575218436e+00
1.202711256389341843e+00
1.202706233967280491e+00
1.202803045382902614e+00
1.202818149333494624e+00
1.202725091211984898e+00
1.202663758657316118e+00
1.202765019526784274e+00
1.202630699686281668e+00
1.202712738973269246e+00
1.202593275124990368e+00
1.202686294022160096e+00
1.202639005025723185e+00
1.202668833587507757e+00
1.202561767379467961e+00
1.202608096045648223e+00
1.202783972233778975e+00
1.202583297241554661e+00
1.202489685524369856e+00
1.202463360449475216e+00
1.202450935730307258e+00
1.202605516510845352e+00
1.202476250256366175e+00
1.202574068796068651e+00
1.202441569589929982e+00
1.202343506960359631e+00
1.202664442496442998e+00
1.202484525354877265e+00
1.202430545227177294e+00
1.202206093961252442e+00
1.202366182022703400e+00
1.202475643174645725e+00
1.202363477652841572e+00
1.202257124857742276e+00
1.202371337066288293e+00
1.202300628468074395e+00
1.202343170845883602e+00
1.202133906003306052e+00
1.202367239018112377e+00
1.202323883337128363e+00
1.202273151669958740e+00
1.202180339367435069e+00
1.202341462373724079e+00
1.202086736557997027e+00
1.202319397100127585e+00
1.202154148332014616e+00
1.202225816869062047e+00
1.202241586588043143e+00
1.202279282574401753e+00
1.202135889385177459e+00
1.202184502135959399e+00
1.202113478514361011e+00
1.202010187747809100e+00
1.202060755568310713e+00
1.202153961152876205e+00
1.202085852567167823e+00
1.202032749617479856e+00
1.202167236254760407e+00
1.201846097136466396e+00
1.202111298971354492e+00
1.202054213146380057e+00
1.202136471860314693e+00
1.201996806063472478e+00
1.201952592889125038e+00
1.202019186942711704e+00
1.201997414288152433e+00
1.202148697547418932e+00
1.202112943322947602e+00
1.201956803396128315e+00
1.201954964984325303e+00
1.201774876024409577e+00
1.201826772030493151e+00
1.202091352706695426e+00
1.202023392546561764e+00
1.202017355980614655e+00
1.202079567532356341e+00
1.202050489886094198e+00
1.201918258971287790e+00
1.201849600249326633e+00
1.202022412511370986e+00
1.202021034441269398e+00
1.202034231550564991e+00
1.201945020764490613e+00
1.201877934209933274e+00
1.201769760053801761e+00
1.201917893299793816e+00
1.201925495096183516e+00
1.201865255142251954e+00
1.201979222534705238e+00
1.201841870598599149e+00
1.201876776397488245e+00
1.201854494403007845e+00
1.201704385480203641e+00
1.201846966908560299e+00
1.201661410878578806e+00
1.201349039184051115e+00
1.201905677514907511e+00
1.201789978158948724e+00
1.201504169523210264e+00
1.201559030483463131e+00
1.201574282509128677e+00
1.201652329515686901e+00
1.201716221896325543e+00
1.201793230343982222e+00
1.201544600745357627e+00
1.201934989063286885e+00
1.201787380534262262e+00
1.201643428253533097e+00
1.201423091992377179e+00
1.201915301632139776e+00
1.201604812814325296e+00
1.201354949369866976e+00
1.201744926235454924e+00
1.201743317357739871e+00
1.201892227644600242e+00
1.201430845492319488e+00
1.201294633656643907e+00
1.201417991648765726e+00
1.201254927522973803e+00
1.201701080660801502e+00
1.201377939225911406e+00
1.201372240885745013e+00
1.201686269902472848e+00
1.201709301907628369e+00
1.201518030487814581e+00
1.201362014845284598e+00
1.201213411420762434e+00
1.201157386486185752e+00
1.201207234604738439e+00
1.201521329939001959e+00
1.201440073465492420e+00
1.201269252485307470e+00
1.201166427926988023e+00
1.201108345547544198e+00
1.201571632306939419e+00
1.201093169552687856e+00
1.201422045004938877e+00
1.201404250851468847e+00
1.201226474039621905e+00
1.201112638067227456e+00
1.201225938565125384e+00
1.201001038128156173e+00
1.201245857353043123e+00
1.200913855778193540e+00
1.201101193009428636e+00
1.200932016163677174e+00
1.201018416385950305e+00
1.201123575708557656e+00
1.200893621409900414e+00
1.200993142157349425e+00
1.200950407628155636e+00
1.201047773048658174e+00
1.200809072505251818e+00
1.200976131884716969e+00
1.201103551317485474e+00
1.200814442090455847e+00
1.201048857652355917e+00
1.200927643607107909e+00
1.200869991085474320e+00
1.200979573839136894e+00
1.200894881420395910e+00
1.200879089383777965e+00
1.200982657630809358e+00
1.200884760000108686e+00
1.200923559854601530e+00
1.200820808861241318e+00
1.200922637165588336e+00
1.200852070227708346e+00
1.200972876919947474e+00
1.200749658334450798e+00
1.200836750820374998e+00
1.200761237567826711e+00
1.200737504854000548e+00
1.200867478333707661e+00
1.200677972725934461e+00
1.200736415008409663e+00
1.200803765721923044e+00
1.200834719237593218e+00
1.200725735100372171e+00
1.200856693694249078e+00
1.200708093564562651e+00
1.200686790046394448e+00
1.200693520783246315e+00
1.200716760094050040e+00
1.200862180766365306e+00
1.200522273541881235e+00
1.200519034428532139e+00
1.200607740496304698e+00
1.200655590488820090e+00
1.200529073090245813e+00
1.200521497731545706e+00
1.200757923716348818e+00
1.200564523536114647e+00
1.200502993219838999e+00
1.200565284380991082e+00
1.200684576134666504e+00
1.200537059323826039e+00
1.200562977445305490e+00
1.200567255145271073e+00
1.200592304484247030e+00
1.200565019538007538e+00
1.200427469829669080e+00
1.200449608477746066e+00
1.200550606370304862e+00
1.200351368692960774e+00
1.200473416124489656e+00
1.200337196799196038e+00
1.200407801287491472e+00
1.200430172365663628e+00
1.200351152420862988e+00
1.200234835410833645e+00
1.200194283524280925e+00
1.200515415798970809e+00
1.200309524202609390e+00
1.200510328700983953e+00
1.200374921284454111e+00
1.200502181749807384e+00
1.200100604097944723e+00
1.200312491794196967e+00
1.200417046519273834e+00
1.200247961445195521e+00
1.200253293957672440e+00
1.200075593407650132e+00
1.200188789544268220e+00
1.200067617655666385e+00
1.200134801745823099e+00
1.200326312256594363e+00
1.200308698455016421e+00
1.200098052006643323e+00
1.200180601357068833e+00
1.200082644236085239e+00
1.199970341272686758e+00
1.199875293487622230e+00
1.200029320507796537e+00
1.199812004883987315e+00
1.199946613900637393e+00
1.199898877957794374e+00
1.199853886827126237e+00
1.199897203454122652e+00
1.199699551003972298e+00
1.199977815168843165e+00
1.199713884577207290e+00
1.199918974950040518e+00
1.199874490291525708e+00
1.199849669247883055e+00
1.199819370189519230e+00
1.199796332441645408e+00
1.199817978452575096e+00
1.199769031818401333e+00
1.199741709023862901e+00
1.199753091444442310e+00
1.199693438277769975e+00
1.199789263630100633e+00
1.199553287612700858e+00
1.199545181868421073e+00
1.199582529424912947e+00
1.199519886843481986e+00
1.199693318046231694e+00
1.199624549022455744e+00
1.199735249712848617e+00
1.199554745043864168e+00
1.199629342911944896e+00
1.199536778205586574e+00
1.199602240665189390e+00
1.199557588256181306e+00
1.199619305490735366e+00
1.199680188583166940e+00
1.199541933792944715e+00
1.199593907254841385e+00
1.199753183320880767e+00
1.199648340281318282e+00
1.199651560458605104e+00
1.199578002413753897e+00
1.199394375588758388e+00
1.199598936024360407e+00
1.199382772427847188e+00
1.199501784482839950e+00
1.199421885520753905e+00
1.199455955794868300e+00
1.199411586259271578e+00
1.199477482772737913e+00
1.199374890397272964e+00
1.199446291103973161e+00
1.199438704692050051e+00
1.199333803740019633e+00
1.199519350773307513e+00
1.199259374516714827e+00
1.199217482138671853e+00
1.199184541503429902e+00
1.199320924922089304e+00
1.199167801283819834e+00
1.199272253188250259e+00
1.199322798863946771e+00
1.199211648550877918e+00
1.199364693382608094e+00
1.199276963979785782e+00
1.199367723880058856e+00
1.199290950132066547e+00
1.199234328232732016e+00
1.199175521827564372e+00
1.199342909676490487e+00
1.199223965041157802e+00
1.199289744349306241e+00
1.199149636943361630e+00
1.199324251489620075e+00
1.199300784430093136e+00
1.199129861663771557e+00
1.199193279401513879e+00
1.199211494626015506e+00
1.199156022146018019e+00
1.199258971455461564e+00
1.199047930519277605e+00
1.199173834579817077e+00
1.199179139301908004e+00
1.199062805049389890e+00
1.199091849513546970e+00
1.199075034139701623e+00
1.198994507224302675e+00
1.199286526523346552e+00
1.199084345759711567e+00
1.198975304733215230e+00
1.199022310126558688e+00
1.199085373976676916e+00
1.198892769392249757e+00
1.199074168194284917e+00
1.199067204663412101e+00
1.198965797017285562e+00
1.198872702508960719e+00
1.198770435953370184e+00
1.198975802935961621e+00
1.199069106945326757e+00
1.198900796251457956e+00
1.198803490410936368e+00
1.198953791600079422e+00
1.198884196870330765e+00
1.198841688350513968e+00
1.198829473752902386e+00
1.198806990834699215e+00
1.198793881849689713e+00
1.198781008425204631e+00
1.198800958728922117e+00
1.198635638235684420e+00
1.198791761134508249e+00
1.198766662363856206e+00
1.198689581169243512e+00
1.198646598944047570e+00
1.198635853244240268e+00
1.198521897790979951e+00
1.198607090314615098e+00
1.198626595373837089e+00
1.198648423752950665e+00
1.198721426577491700e+00
1.198482974423514369e+00
1.198667555703764265e+00
