3.035992058634617479e+02
6.999129151785648162e+01
5.173253509658757565e+01
4.327591475619911421e+01
3.872614901251692743e+01
3.510901773342987298e+01
3.131617395179063479e+01
2.679347499333822569e+01
2.085333264586314783e+01
1.447137177679472764e+01
9.106191690233023550e+00
6.246908864273128081e+00
5.129067090119003858e+00
4.539247161024761112e+00
4.150060085362508033e+00
3.868645875961112424e+00
3.648656967064064727e+00
3.467608296758564634e+00
3.319233538277718498e+00
3.199636123880435168e+00
3.097809355089898187e+00
3.010149318545314312e+00
2.932045290439369456e+00
2.861529512537031916e+00
2.796021158102902415e+00
2.736672003228903360e+00
2.682425797442825388e+00
2.631996910939752521e+00
2.586111171453119972e+00
2.542738034725570806e+00
2.501011315237181787e+00
2.460905803370767586e+00
2.423071089496628527e+00
2.385629919978929259e+00
2.351421848809914117e+00
2.319651521289820106e+00
2.288786114549840267e+00
2.259143407989435026e+00
2.231931450767383307e+00
2.205529329014647377e+00
2.179955948425749135e+00
2.155396089343417643e+00
2.131510576309290972e+00
2.107362287005635881e+00
2.083656043476690201e+00
2.060529377407168461e+00
2.037318819967624872e+00
2.016080620630714026e+00
1.995625202008035615e+00
1.976951703662193971e+00
1.959810238703761476e+00
1.943659261996026677e+00
1.928609759089341402e+00
1.914342305359450380e+00
1.899955992021199469e+00
1.886466226005550473e+00
1.873784317537070754e+00
1.861820827107510068e+00
1.850124587271492205e+00
1.838627457755809935e+00
1.827588771080489449e+00
1.816696164951258519e+00
1.805517605358787359e+00
1.795137635478144311e+00
1.785064373389808834e+00
1.775855295032096492e+00
1.766600667613934528e+00
1.757714356857929872e+00
1.749210361270725933e+00
1.740735086873691495e+00
1.732354338433593988e+00
1.724253167958815558e+00
1.716755408132572214e+00
1.709569575100722938e+00
1.702629121792723410e+00
1.695774528885346077e+00
1.688924164250139803e+00
1.682053058416631552e+00
1.675500901644265239e+00
1.669150455945085376e+00
1.663298804932494823e+00
1.657692208378655829e+00
1.652197111052973844e+00
1.646708252606737366e+00
1.641649694081749766e+00
1.636787218095449248e+00
1.632192153606013774e+00
1.627477934964298489e+00
1.623066704333494981e+00
1.618455111092257148e+00
1.614228459798609627e+00
1.610284558243971986e+00
1.606112158880055985e+00
1.602407961160566829e+00
1.598627362847011568e+00
1.594921003700726203e+00
1.590912275868768821e+00
1.587283083422934560e+00
1.583612657423916437e+00
1.580315468029019899e+00
1.576694218968794026e+00
1.573201503610584640e+00
1.569885040041942625e+00
1.566476472803377318e+00
1.563273247624411333e+00
1.560301461168793535e+00
1.557480637947008972e+00
1.554568541543373206e+00
1.551842797820047748e+00
1.549053868192480143e+00
1.546367679317811827e+00
1.543626375134161011e+00
1.540904423629996467e+00
1.538473860962932704e+00
1.536240127311355286e+00
1.533811240424596711e+00
1.531452387943789795e+00
1.529461952642597211e+00
1.526988606127850367e+00
1.524824208203545917e+00
1.522142759256760902e+00
1.520073459087038614e+00
1.517937174265114431e+00
1.515589269032286746e+00
1.513429264989320844e+00
1.510780454153143770e+00
1.508430974888291587e+00
1.506360834741429011e+00
1.504251122707659816e+00
1.501860007867499069e+00
1.499865843235122620e+00
1.497711632628395462e+00
1.495711859573996216e+00
1.493934582462658867e+00
1.491927896654691610e+00
1.490063981652956393e+00
1.488298468088056437e+00
1.486259837313124832e+00
1.484225035036402351e+00
1.482323743252342618e+00
1.480267503235900506e+00
1.478340598774000592e+00
1.476381169591026499e+00
1.474487832789280306e+00
1.472505972760270732e+00
1.470811341175018327e+00
1.469056102741152836e+00
1.467356587367555809e+00
1.465529938095154305e+00
1.463919005016354413e+00
1.462482231278464662e+00
1.460883865572732532e+00
1.459419740272390520e+00
1.457715202144523881e+00
1.456301547295862031e+00
1.454580459208173027e+00
1.453475782458966137e+00
1.451870623801201576e+00
1.450448971421462785e+00
1.448968047831265871e+00
1.447564970611708413e+00
1.446247701719748591e+00
1.444956310107835096e+00
1.443531240040270447e+00
1.442354897597745600e+00
1.441176406538047905e+00
1.439447917110013186e+00
1.438161609244485994e+00
1.437055527626411644e+00
1.435927258160261566e+00
1.434870713368374906e+00
1.433717438549292345e+00
1.432383591580004945e+00
1.431425034790820616e+00
1.430299068820986674e+00
1.429380330302070012e+00
1.428214559778427484e+00
1.427104655048633930e+00
1.426037465181095421e+00
1.424927479953547627e+00
1.423969006829858941e+00
1.423043948347472609e+00
1.422049524785012231e+00
1.421051413149788445e+00
1.420144558879996355e+00
1.419277881814701603e+00
1.418261499930103087e+00
1.417465010986070029e+00
1.416315073453649154e+00
1.415468597643089410e+00
1.414439373474498218e+00
1.413401990511253148e+00
1.412412066550826628e+00
1.411554490120127348e+00
1.410658037222995098e+00
1.409535307811478289e+00
1.408669454029145562e+00
1.407759325792452110e+00
1.406862037827895540e+00
1.405871125168689284e+00
1.404863361213013695e+00
1.403913474913337289e+00
1.403034053028892947e+00
1.401963077012224446e+00
1.400950189011845426e+00
1.400088373912520057e+00
1.398994658371382371e+00
1.398103892710844454e+00
1.397099213308755639e+00
1.396190991798180958e+00
1.395286172121178225e+00
1.394310308456010672e+00
1.393589211150764839e+00
1.392689290868503571e+00
1.391986275406869700e+00
1.391165565212337141e+00
1.390679298893937377e+00
1.389692513825860454e+00
1.388913448668151807e+00
1.388167816114588726e+00
1.387321770137132759e+00
1.386528908649941938e+00
1.385806914668625822e+00
1.385007924795355949e+00
1.384153066404609111e+00
1.383507179628009398e+00
1.382587678003607934e+00
1.381681584982825006e+00
1.380895456443181013e+00
1.379982338011924936e+00
1.379315074215273773e+00
1.378558869771187245e+00
1.377829153811483076e+00
1.377096159022530797e+00
1.376384498930245170e+00
1.375638683175528065e+00
1.374886106237846128e+00
1.374055023414963328e+00
1.373400828453050115e+00
1.372626338885976516e+00
1.371941958540519702e+00
1.371295004233290760e+00
1.370532724397941271e+00
1.369925980081361239e+00
1.369368791117130391e+00
1.368756825666772370e+00
1.368110242652331721e+00
1.367417842953386975e+00
1.366678543744070717e+00
1.366103576931881891e+00
1.365458358385370552e+00
1.364850544305837410e+00
1.364176391702762281e+00
1.363631872738903184e+00
1.363072971605989059e+00
1.362522539459472215e+00
1.361903249954307782e+00
1.361306612478882627e+00
1.360681530109345339e+00
1.360132429647207042e+00
1.359207785738147045e+00
1.358466781045343907e+00
1.357836407337620122e+00
1.357018152708277192e+00
1.356316729563286749e+00
1.355616540976687601e+00
1.354834955222515847e+00
1.354260463584434637e+00
1.353528290638803533e+00
1.352759977606685204e+00
1.351933738707413069e+00
1.351141152209449414e+00
1.350502986637214464e+00
1.349801121438557905e+00
1.349286426451341114e+00
1.348581892977411600e+00
1.348045104106001979e+00
1.347114725505465183e+00
1.346745766222541940e+00
1.346074978882735751e+00
1.345410195034917544e+00
1.344751713953566297e+00
1.344157369780522915e+00
1.343399699937216640e+00
1.342858982919173494e+00
1.342313136269781326e+00
1.341667077892751081e+00
1.341204301123084752e+00
1.340342645308977731e+00
1.339601882318371295e+00
1.338948393465090758e+00
1.338269210723386893e+00
1.337685139174497939e+00
1.337155556318074368e+00
1.336562474537132283e+00
1.335766979366394658e+00
1.335242953368388497e+00
1.334443980720233514e+00
1.333879873900979840e+00
1.333281636988729923e+00
1.332660035535063292e+00
1.332124142017482971e+00
1.331635253561060717e+00
1.331047212967667592e+00
1.330549807543525587e+00
1.329991843440366805e+00
1.329575504021499821e+00
1.328975609558768367e+00
1.328553085984348625e+00
1.327887397228957544e+00
1.327525232186974602e+00
1.327095323544978944e+00
1.326638585280717209e+00
1.326150479749423239e+00
1.325636726681101329e+00
1.325333279663087227e+00
1.325008109273499102e+00
1.324363995156261131e+00
1.323883742491832827e+00
1.323482277923702988e+00
1.322753301728845088e+00
1.322527271401221283e+00
1.321864464383457838e+00
1.321521332207741484e+00
1.321159175966989396e+00
1.320621691399833653e+00
1.320135878930057904e+00
1.320033481443038115e+00
1.319291226207071066e+00
1.318875179853056467e+00
1.318469976247958586e+00
1.318150368645040205e+00
1.317729873693116449e+00
1.317388794424984466e+00
1.316992342759066181e+00
1.316702023960147461e+00
1.316241126211931567e+00
1.315917689993121087e+00
1.315560653415996484e+00
1.315031873542694907e+00
1.314608726265318550e+00
1.314319230078992318e+00
1.313942953488483889e+00
1.313585391770697886e+00
1.313240050229193878e+00
1.312778566148086412e+00
1.312510855062196891e+00
1.312116085353472794e+00
1.311609417124322885e+00
1.311084187951921720e+00
1.310735671953771275e+00
1.310432255898248632e+00
1.310069569745909712e+00
1.309672142318082599e+00
1.309384541208866048e+00
1.308984709560871984e+00
1.308466400713527600e+00
1.308233988378031620e+00
1.307794464082471020e+00
1.307286730526556751e+00
1.307030965333439099e+00
1.306554897141704918e+00
1.306228417217788040e+00
1.306011589474119106e+00
1.305683453571651276e+00
1.305340736784239120e+00
1.305033170651468843e+00
1.304528867766343359e+00
1.304121761977769856e+00
1.303844526258694181e+00
1.303476142134997851e+00
1.303226349567713438e+00
1.302870658271417570e+00
1.302484248710547021e+00
1.302211724137548821e+00
1.301909642227138120e+00
1.301512961354265530e+00
1.301147714571327052e+00
1.300951263759307475e+00
1.300595489365832913e+00
1.300184262616464137e+00
1.299946643249156208e+00
1.299684401149268531e+00
1.299335877091353231e+00
1.299017643791120280e+00
1.298800686758780909e+00
1.298499870092514552e+00
1.298290394633685896e+00
1.297843405570774378e+00
1.297601963300088368e+00
1.297260313306801249e+00
1.297017124231323537e+00
1.296756927281451643e+00
1.296407724806180273e+00
1.296185572579219514e+00
1.295955264203942470e+00
1.295669045920503359e+00
1.295404939055462279e+00
1.295089171983078824e+00
1.294784118955847774e+00
1.294557502883401989e+00
1.294338568870649686e+00
1.294122746209998231e+00
1.293710700787722656e+00
1.293153415631760339e+00
1.292729112777155409e+00
1.292367312010407776e+00
1.291993050952783717e+00
1.291668652334355682e+00
1.291437184792959103e+00
1.291205365844537711e+00
1.290931517083633961e+00
1.290372345881927840e+00
1.290062606494413178e+00
1.289823450607177735e+00
1.289345158095166699e+00
1.289016942453023562e+00
1.288677616887700772e+00
1.288475413085966803e+00
1.288158170868919594e+00
1.287572521262117631e+00
1.287400616495882888e+00
1.287010428858033295e+00
1.286724806185438830e+00
1.286358956002783716e+00
1.286192884296616601e+00
1.285756954618636927e+00
1.285500596681469210e+00
1.285172045247054085e+00
1.284815082970501399e+00
1.284523785609340107e+00
1.284161527032248173e+00
1.283852615860559654e+00
1.283526208457885787e+00
1.283185808430579389e+00
1.282860139250230125e+00
1.282601317767752436e+00
1.282293440945895036e+00
1.282037198838455572e+00
1.281716875236055930e+00
1.281346563031618979e+00
1.281140293880702608e+00
1.280876586420463425e+00
1.280657456715552422e+00
1.280373661549054409e+00
1.280121931934937729e+00
1.279944460642336468e+00
1.279681809379580315e+00
1.279501445191496334e+00
1.279070530336563261e+00
1.278844810044531100e+00
1.278649160813823293e+00
1.278319069185291923e+00
1.278074372841228490e+00
1.277921235356769936e+00
1.277653492609901242e+00
1.277428928410146991e+00
1.277255075255820715e+00
1.277021377868979402e+00
1.276669207770926073e+00
1.276454550661034748e+00
1.276099359757426166e+00
1.275881990774209385e+00
1.275589524711886247e+00
1.275405440883046859e+00
1.275091342246636783e+00
1.274855595974330624e+00
1.274603780960793964e+00
1.274359474691226124e+00
1.274127873200907368e+00
1.273773558738650946e+00
1.273510084190291103e+00
1.273268609059384326e+00
1.272891168529821870e+00
1.272723946573919296e+00
1.272471741211761875e+00
1.272111961791375867e+00
1.271875460954261738e+00
1.271577215051286069e+00
1.271325022889326695e+00
1.271110559143375784e+00
1.270874605611151065e+00
1.270651781561767057e+00
1.270442204507866046e+00
1.270157122033333641e+00
1.269906516040287814e+00
1.269645490508384933e+00
1.269372616884617999e+00
1.269240252116824008e+00
1.268932213987313817e+00
1.268610596168015636e+00
1.268437279147866192e+00
1.268181666616988279e+00
1.267901113697750493e+00
1.267620750839046240e+00
1.267447229726369695e+00
1.267190056947943066e+00
1.267021616781218274e+00
1.266753613804517231e+00
1.266510496233517857e+00
1.266233634531333641e+00
1.266041338951582329e+00
1.265809702215953125e+00
1.265541942720934676e+00
1.265286990811177459e+00
1.264950336406913012e+00
1.264630936846341092e+00
1.264409940787950104e+00
1.264182806700977491e+00
1.263998005101633515e+00
1.263737154902814686e+00
1.263493368672264250e+00
1.263241947478704663e+00
1.263116336052928723e+00
1.262915624650503110e+00
1.262492013564397997e+00
1.262194031639537695e+00
1.261999008340975115e+00
1.261698402302589672e+00
1.261483262185698173e+00
1.261279271594605511e+00
1.260892185140315869e+00
1.260634797686875475e+00
1.260420714802476860e+00
1.260141947144955754e+00
1.259947611528210221e+00
1.259751041823059969e+00
1.259528829945044448e+00
1.259273657609513153e+00
1.259033234790433831e+00
1.258894609442440915e+00
1.258647147865096683e+00
1.258368470395564431e+00
1.258065983291916323e+00
1.257943122806962855e+00
1.257644853239639593e+00
1.257512290325221604e+00
1.257353221450002723e+00
1.257099235951240734e+00
1.256792406315549337e+00
1.256566969713385440e+00
1.256391141859011462e+00
1.256102351567287556e+00
1.255871271162030123e+00
1.255536822850858991e+00
1.255266709570990402e+00
1.255107636695429241e+00
1.254874727081188857e+00
1.254630903983974033e+00
1.254486580819445640e+00
1.254298663777023926e+00
1.254050337503354040e+00
1.253825859774886364e+00
1.253570224839336555e+00
1.253356180480438065e+00
1.253132096469263157e+00
1.252925075652076892e+00
1.252598053007069945e+00
1.252321309114947212e+00
1.252104834165872482e+00
1.252004385587974111e+00
1.251726718099161140e+00
1.251521864887352509e+00
1.251316667391653814e+00
1.251014278822039971e+00
1.250834262747743786e+00
1.250595151417361661e+00
1.250416086745759214e+00
1.250177831209373425e+00
1.249970942310053124e+00
1.249764810862509012e+00
1.249589907596304394e+00
1.249307338424697322e+00
1.249164243145630460e+00
1.248929746771561655e+00
1.248741168188280293e+00
1.248580265919533083e+00
1.248371491093236196e+00
1.248170328812726604e+00
1.247988743776297316e+00
1.247753369902791620e+00
1.247428556808169331e+00
1.247262447940311825e+00
1.247105882846820668e+00
1.246749434983766891e+00
1.246557082720400444e+00
1.246358889526077984e+00
1.246042002330412179e+00
1.245893965748582355e+00
1.245574359310289259e+00
1.245339385885814831e+00
1.245170825821922067e+00
1.244921777040941757e+00
1.244672638520680552e+00
1.244559181522588709e+00
1.244268751046625709e+00
1.244054873413332984e+00
1.243828407415424442e+00
1.243624879649947390e+00
1.243558688758856112e+00
1.243362744077096904e+00
1.243239253189135640e+00
1.242984961572603186e+00
1.242802652149264775e+00
1.242554016667738237e+00
1.242389652199882066e+00
1.242191078292201878e+00
1.241969622596271750e+00
1.241804389843811807e+00
1.241595200819788802e+00
1.241335580290948704e+00
1.241193374655343851e+00
1.240992435331186750e+00
1.240798897453892824e+00
1.240680725816336372e+00
1.240503373101989215e+00
1.240239487688032494e+00
1.240169504270277390e+00
1.239938849926707443e+00
1.239735830327230781e+00
1.239584117236697702e+00
1.239377394846379987e+00
1.239297774999918778e+00
1.239093269210086889e+00
1.238917622797917728e+00
1.238566859149322186e+00
1.238402030747495886e+00
1.238207276675258983e+00
1.238013971278494996e+00
1.237891553746526041e+00
1.237796590041179146e+00
1.237591624436096494e+00
1.237347393989666866e+00
1.237169071544293786e+00
1.236913785828891887e+00
1.236732657839547000e+00
1.236582083819220079e+00
1.236419281054885522e+00
1.236209027611907763e+00
1.236053414623787594e+00
1.235865548903651412e+00
1.235712747424964286e+00
1.235519100830728689e+00
1.235219048073748160e+00
1.235068425958296467e+00
1.234987338397536050e+00
1.234718181257546288e+00
1.234634647411638531e+00
1.234463694248234100e+00
1.234235524373485937e+00
1.234123464123149772e+00
1.233969722724048035e+00
1.233786763660137398e+00
1.233661106836126509e+00
1.233500845480589581e+00
1.233489213928692818e+00
1.233233610952389370e+00
1.233049040018645570e+00
1.232957760688993654e+00
1.232744004382451353e+00
1.232624610492796258e+00
1.232496298379733846e+00
1.232350257857035114e+00
1.232030661616640321e+00
1.231903438776452031e+00
1.231860833278491052e+00
1.231738173941588022e+00
1.231593162044696488e+00
1.231453524931944488e+00
1.230929557663524410e+00
1.230662289909551177e+00
1.230576859653748523e+00
1.230431534320342468e+00
1.230337625239950716e+00
1.230171501996732752e+00
1.229968735261678603e+00
1.229822011333682630e+00
1.229823002129466492e+00
1.229513704228630600e+00
1.229418615491311817e+00
1.229239871676580220e+00
1.229154875274502290e+00
1.229013739615655298e+00
1.228942162999597132e+00
1.228715532644771402e+00
1.228644409555840200e+00
1.228633869027939696e+00
1.228435326260884253e+00
1.228301195601366080e+00
1.228098042535526568e+00
1.228030769311410308e+00
1.227835938190992904e+00
1.227680265769830692e+00
1.227489004575624376e+00
1.227440080575333603e+00
1.227222550072578633e+00
1.227080935723523947e+00
1.226986100340356822e+00
1.227030618442315202e+00
1.226785204070727664e+00
1.226732222059970345e+00
1.226592244489319583e+00
1.226489589131867897e+00
1.226442748584458231e+00
1.226224234854576656e+00
1.226085929762862792e+00
1.226032982194766641e+00
1.225778597519411983e+00
1.225788969867688261e+00
1.225551753659532173e+00
1.225538724448393735e+00
1.225412165631714512e+00
1.225304072064767213e+00
1.225174997722341397e+00
1.224965804735877795e+00
1.224783981046720704e+00
1.224715529648099599e+00
1.224497859889994045e+00
1.224367660830295579e+00
1.224307062018284098e+00
1.224146460963394079e+00
1.224034186391377732e+00
1.223852923316588681e+00
1.223721589719378500e+00
1.223795029891234343e+00
1.223442709503944847e+00
1.223500638584330114e+00
1.223191280705595796e+00
1.223190019856613686e+00
1.223068368018457308e+00
1.222854647495775771e+00
1.222772373219311648e+00
1.222668640267940532e+00
1.222490598655822991e+00
1.222329697318122133e+00
1.222210140325618477e+00
1.222028730954658693e+00
1.221931955321601260e+00
1.221831381038041675e+00
1.221728213940353358e+00
1.221372856436051091e+00
1.221408411717519460e+00
1.221289236955140689e+00
1.221098940633303709e+00
1.220931905653865668e+00
1.220784639107088454e+00
1.220723486049218653e+00
1.220530574274035773e+00
1.220346442489204764e+00
1.220090831649971230e+00
1.220075876876328902e+00
1.219866130589709829e+00
1.219712622873011298e+00
1.219580832408715620e+00
1.219487669041949607e+00
1.219258574529324068e+00
1.219156279873162108e+00
1.219113685920838686e+00
1.218976027669456341e+00
1.218872422379307929e+00
1.218707730608676654e+00
1.218541792475218877e+00
1.218608605694413205e+00
1.218476258458770056e+00
1.218299793222864524e+00
1.218138365009348689e+00
1.218058623747986458e+00
1.217910340663299396e+00
1.217757531272552152e+00
1.217638217760572461e+00
1.217552630281123260e+00
1.217444869527109397e+00
1.217316708166306771e+00
1.217238377786568737e+00
1.217041715357333631e+00
1.216933143727373601e+00
1.216760860238722541e+00
1.216758907086296082e+00
1.216598674744940212e+00
1.216421876529512724e+00
1.216318694802802414e+00
1.216281615797430771e+00
1.216233445606384800e+00
1.216034788591090043e+00
1.215876179248438271e+00
1.215633276429619825e+00
1.215495196492761165e+00
1.215341337643302433e+00
1.215167600898551026e+00
1.215195388076806937e+00
1.214930402446339430e+00
1.214692548533140792e+00
1.214768585820966473e+00
1.214675499263125902e+00
1.214630658692903653e+00
1.214509316407907047e+00
1.214370903680631830e+00
1.214357889381751709e+00
1.214186787465338702e+00
1.213898448982702716e+00
1.213878798796448333e+00
1.213901444475297575e+00
1.213464945315797072e+00
1.213358259316695165e+00
1.213340898437307525e+00
1.213008073262441089e+00
1.212916320948715043e+00
1.212723493714436662e+00
1.212683713084556469e+00
1.212599270188334355e+00
1.212247879194279898e+00
1.212198882609051287e+00
1.212078129298320928e+00
1.211954364502614512e+00
1.211798747256376041e+00
1.211654015826407527e+00
1.211409272000650406e+00
1.211400344009484042e+00
1.211041209143104425e+00
1.210928871391727002e+00
1.210953764801727450e+00
1.210651549708770647e+00
1.210726562478925628e+00
1.210475084758309672e+00
1.210329379985040310e+00
1.210214723440799611e+00
1.210073823845572827e+00
1.210050213075066328e+00
1.209829844599016546e+00
1.209752707713941833e+00
1.209515714745051929e+00
1.209333305724028751e+00
1.209167276558524629e+00
1.209051337831665851e+00
1.209020011135948147e+00
1.208796633884133165e+00
1.208697886193982329e+00
1.208516270229152534e+00
1.208440319638606875e+00
1.208431570451250936e+00
1.208224449040527171e+00
1.207996115220652866e+00
1.207867242773431382e+00
1.207881338990179687e+00
1.207666070226215638e+00
1.207572758534316337e+00
1.207377015367352646e+00
1.207250188756879838e+00
1.207167388196638269e+00
1.207052643837471129e+00
1.206908326454237290e+00
1.206762005590209963e+00
1.206599892458651180e+00
1.206573821033546823e+00
1.206512985360061574e+00
1.206316987210231284e+00
1.206226143141243101e+00
1.206104825440349915e+00
1.206076897847421892e+00
1.206085266622106689e+00
1.205881567730801684e+00
1.205837496030204958e+00
1.205767070285193032e+00
1.205655081884155155e+00
1.205548907441200468e+00
1.205303749028194593e+00
1.205222727060945909e+00
1.205068622299729331e+00
1.205080835694421149e+00
1.204938906530854892e+00
1.204675019680288006e+00
1.204642987023614831e+00
1.204302365790612006e+00
1.204362646706750750e+00
1.204213075024489488e+00
1.204073270374740767e+00
1.203949263296014704e+00
1.203902258424356608e+00
1.203778330438593169e+00
1.203701721513766421e+00
1.203467673886928546e+00
1.203396658263877095e+00
1.203261664139895659e+00
1.202970022965563102e+00
1.203011979744723625e+00
1.202847714229715592e+00
1.202765139893185564e+00
1.202616262346180465e+00
1.202493954846233892e+00
1.202410050886734583e+00
1.202238529776343379e+00
1.202254514681934117e+00
1.202087644767255492e+00
1.201955402023264785e+00
1.201767619376369112e+00
1.201720778186285088e+00
1.201621609413033198e+00
1.201503327618748784e+00
1.201412523714124436e+00
1.201322558248184569e+00
1.201280294671108750e+00
1.201130183418971376e+00
1.201168266423261910e+00
1.200945188895871985e+00
1.200939341984104569e+00
1.200772822966744702e+00
1.200635843613534925e+00
1.200508304700275142e+00
1.200470296673853188e+00
1.200254557662884691e+00
1.200286911334505602e+00
1.200107019707029599e+00
1.200124072191963709e+00
1.199934849132909820e+00
1.199910319545239412e+00
1.199728687214704381e+00
1.199676046564074117e+00
1.199574236983836695e+00
1.199448680990136573e+00
1.199458967495167006e+00
1.199255035150400550e+00
1.199374099473746957e+00
1.199144261936800682e+00
1.198935250529201246e+00
1.198897807106298785e+00
1.198975719775507320e+00
1.198752204924822484e+00
1.198771182157468251e+00
1.198550818691717312e+00
1.198491671210808684e+00
1.198506608768222348e+00
1.198345614704609208e+00
1.198231399046783219e+00
1.198296462660262351e+00
1.198111929992222491e+00
1.198000780273002830e+00
1.198054385475160633e+00
1.197767464001393112e+00
1.197762909651349794e+00
1.197792789522549972e+00
1.197484578584404824e+00
1.197582140066483225e+00
1.197324293141124985e+00
1.197534178544543026e+00
1.197280423762857149e+00
1.197335866138196758e+00
1.197171279988660464e+00
1.197133440877065969e+00
1.197032011866889123e+00
1.197067446340813079e+00
1.196992819862262580e+00
1.196744851165954193e+00
1.196795161158993537e+00
1.196731463549424168e+00
1.196610116679393654e+00
1.196605195925791953e+00
1.196438191198416545e+00
1.196538402164697867e+00
1.196357084397779325e+00
1.196262541435552995e+00
1.196210235335196659e+00
1.196180345612584350e+00
1.196336927178189846e+00
1.196079746767092056e+00
1.195922361870632278e+00
1.195933343334455445e+00
1.195755250782270629e+00
1.195761817998986620e+00
1.195638913205430365e+00
1.195675690647026279e+00
1.195615581417562856e+00
1.195472628897745526e+00
1.195476293684610392e+00
1.195295987122131587e+00
1.195368038573416447e+00
1.195090516044715612e+00
1.195094793523909793e+00
1.194975099088726678e+00
1.195007125036317452e+00
1.194873932169273623e+00
1.194686218610159001e+00
1.194756589499135213e+00
1.194524274834134925e+00
1.194482945519233397e+00
1.194527234876439303e+00
1.194293178474851169e+00
1.194471655984391756e+00
1.194251475244701099e+00
1.194150200618299573e+00
1.194112469512381702e+00
1.194018997574677554e+00
1.193993447667630381e+00
1.193959628841480436e+00
1.193780511544925815e+00
1.193728614073090055e+00
1.193862649167205303e+00
1.193612569960756931e+00
1.193581859783619192e+00
1.193502854929048063e+00
1.193526534148771523e+00
1.193355408185671207e+00
1.193479176231454497e+00
1.193255578064444933e+00
1.193225605382919996e+00
1.193125903567349821e+00
1.193055654356130146e+00
1.193114486134106089e+00
1.193035531601320365e+00
1.192924364700669981e+00
1.192796839545035459e+00
1.192707014970416424e+00
1.192751136203504592e+00
1.192591391335933171e+00
1.192448903995812381e+00
1.192407645861004228e+00
1.192415261611356803e+00
1.192332922862752165e+00
1.192219497718047805e+00
1.192126692813500366e+00
1.192135607239282136e+00
1.192068047758996441e+00
1.191949237160425668e+00
1.191866287171708949e+00
1.191816600365990464e+00
1.191712791458523268e+00
1.191639752431766341e+00
1.191618472161674047e+00
1.191469171063513466e+00
1.191464059934796982e+00
1.191560770911075595e+00
1.191361414421783893e+00
1.191244495539968584e+00
1.191257370016540307e+00
1.191126213393082001e+00
1.191122087132775675e+00
1.191050954286505759e+00
1.190953054883040929e+00
1.190951311090773901e+00
1.190907585736723950e+00
1.190835679939045599e+00
1.190794688872305107e+00
1.190792755218856858e+00
1.190749261618719634e+00
1.190635597308859150e+00
1.190581536010748565e+00
1.190549007488570510e+00
1.190491809133622292e+00
1.190421945908346490e+00
1.190273014746513258e+00
1.190306705723281899e+00
1.190225550129869969e+00
1.190031177941089480e+00
1.190041634130736048e+00
1.189996710945507408e+00
1.189957335259701487e+00
1.189910714464095465e+00
1.189863609382410869e+00
1.189911442624993709e+00
1.189666571005667084e+00
1.189705717271688057e+00
1.189719163411751657e+00
1.189531344407784408e+00
1.189572628199180526e+00
1.189430679533418855e+00
1.189477933864926618e+00
1.189449485889138236e+00
1.189287373164970907e+00
1.189291000686747202e+00
1.189251323863679932e+00
1.189092385945558217e+00
1.189268308069012736e+00
1.189116186262600072e+00
1.189060090201016884e+00
1.189069875374171970e+00
1.188905450094673633e+00
1.188957519272983099e+00
1.188936705809429561e+00
1.188899235544835120e+00
1.188807065398074236e+00
1.188810935818348069e+00
1.188843144170824706e+00
1.188689526357287862e+00
1.188580376954486262e+00
1.188617586539031157e+00
1.188614810079265505e+00
1.188466403219358147e+00
1.188440066495821235e+00
1.188444253033054343e+00
1.188368570443145034e+00
1.188308591564624983e+00
1.188327737343677137e+00
1.188221992897193102e+00
1.188189369988084110e+00
1.188110926898461761e+00
1.188130086718452993e+00
1.187984782067396772e+00
1.187947640796802817e+00
1.187914503833477298e+00
1.187925041233534929e+00
1.187840144020566369e+00
1.187696650723150116e+00
1.187761880945760407e+00
1.187680747436712370e+00
1.187588117378092445e+00
1.187516869339729331e+00
1.187513100459931525e+00
1.187479870400351745e+00
1.187436442978893059e+00
1.187370308612004211e+00
1.187351404685696110e+00
1.187255569798138621e+00
1.187299507355904504e+00
1.187244852939305151e+00
1.187051274038922299e+00
1.187162493203465230e+00
1.187130146689201471e+00
1.186943566821212048e+00
1.187065405581700261e+00
1.186990189955564601e+00
1.186896034486184970e+00
1.186838620778322140e+00
1.186897137767655819e+00
1.186791484268405972e+00
1.186691126320074785e+00
1.186717443141701134e+00
1.186719897644424426e+00
1.186652887030553272e+00
1.186690071211444542e+00
1.186497026765219953e+00
1.186589103051085781e+00
1.186589045479813587e+00
1.186459361531302381e+00
1.186537323125534948e+00
1.186504652918119795e+00
1.186425276415356445e+00
1.186217029378975774e+00
1.186290766025588805e+00
1.186085719387814708e+00
1.186193499919243388e+00
1.186200912065904278e+00
1.186055044394089819e+00
1.186042146969626288e+00
1.186001460361325144e+00
1.185957231221173025e+00
1.185888403044763395e+00
1.185820656639425819e+00
1.185849443348423682e+00
1.185718636445776797e+00
1.185770032149138675e+00
1.185733113893469470e+00
1.185614799305507061e+00
1.185590548189648485e+00
1.185580193465580079e+00
1.185593977691882683e+00
1.185502622634331704e+00
1.185418037735027630e+00
1.185403074258016387e+00
1.185292620461668944e+00
1.185479515353181190e+00
1.185368759594391586e+00
1.185197115046487726e+00
1.185306445044466139e+00
1.185180642611426638e+00
1.185189826129140700e+00
1.184959983883019818e+00
1.185089352915036587e+00
1.184908471425899057e+00
1.184954296611961277e+00
1.184947653228753284e+00
1.184814712879258325e+00
1.184889055322229101e+00
1.184643599962879934e+00
1.184788755299134078e+00
1.184760852240907658e+00
1.184686114504047927e+00
1.184664611479753660e+00
1.184527828866407839e+00
1.184628403623065429e+00
1.184637432244541211e+00
1.184468906218388407e+00
1.184407996624368797e+00
1.184225093960890929e+00
1.184400436493228792e+00
1.184141305430655100e+00
1.184319025247343671e+00
1.184249672266870723e+00
1.184070607254659624e+00
1.184165328678604912e+00
1.184027149777745924e+00
1.183951681632171349e+00
1.184004202637989556e+00
1.183963116864664711e+00
1.183876159843400666e+00
1.183902838943215130e+00
1.183836208577452753e+00
1.183898499662934922e+00
1.183789139707937865e+00
1.183814507953362849e+00
1.183584210680472815e+00
1.183772896036932032e+00
1.183640795752958885e+00
1.183638333143530952e+00
1.183461540098652121e+00
1.183702564195426188e+00
1.183482763328525200e+00
1.183474795613479236e+00
1.183390533420252355e+00
1.183477576967507883e+00
1.183251789501094331e+00
1.183375595708913375e+00
1.183338801707379151e+00
1.183459554694747728e+00
1.183251462328609671e+00
1.183326168916364773e+00
1.183172528753344999e+00
1.183171755136503522e+00
1.183165604592389064e+00
1.183011163207115191e+00
1.183187776989272910e+00
1.183054423643572939e+00
1.183112814631977372e+00
1.183052702574353576e+00
1.183032162389142661e+00
1.182889343195445697e+00
1.182883769713014344e+00
1.182815594081363608e+00
1.182756172138357931e+00
1.182831468441008171e+00
1.182814944557828873e+00
1.182763224351137454e+00
1.182766467041690417e+00
1.182597348041032115e+00
1.182503229072185968e+00
1.182614355238035264e+00
1.182484573518158388e+00
1.182536668963447779e+00
1.182391926225682566e+00
1.182540955717137132e+00
1.182363215847367588e+00
1.182430449351962398e+00
1.182450364171349078e+00
1.182349424666615745e+00
1.182382652439484927e+00
1.182162872079741023e+00
1.182348607836628984e+00
1.182221755669411900e+00
1.182147531262867979e+00
1.182034679069209337e+00
1.182088401965595059e+00
1.182065405053825513e+00
1.182083756583225842e+00
1.181874618230563279e+00
1.181958798610063033e+00
1.181983748790559341e+00
1.181879338657680689e+00
1.181738871186562401e+00
1.181864696882394927e+00
1.181719233720706752e+00
1.181744812980754622e+00
1.181588411200530375e+00
1.181583159422435747e+00
1.181698741985846679e+00
1.181439359439091730e+00
1.181496622821829101e+00
1.181405390085344509e+00
1.181422250146543229e+00
1.181233249593498735e+00
1.181230423415432496e+00
1.181063970939953078e+00
1.181287769765140494e+00
1.181048186346828510e+00
1.181100511271125919e+00
1.181098648233272597e+00
1.181003803401055485e+00
1.180818109446227338e+00
1.181093572878810560e+00
1.180939132035185191e+00
1.180809094504770673e+00
1.180854998477467444e+00
1.180893772556941501e+00
1.180845540811756189e+00
1.180964987620805706e+00
1.180693927632532780e+00
1.180723982736818112e+00
1.180845830984675882e+00
1.180637138546478226e+00
1.180614587931490211e+00
1.180764480972820607e+00
1.180541987755926225e+00
1.180555533089755027e+00
1.180552563586682924e+00
1.180452697344233526e+00
1.180583712770001847e+00
1.180490808780713108e+00
1.180474278047817460e+00
1.180303434318145106e+00
1.180436996524479421e+00
1.180300093407463002e+00
1.180200450742086904e+00
1.180328810133860040e+00
1.180242517023232240e+00
1.180166285215440647e+00
1.180152728692833497e+00
1.180060224099739097e+00
1.180034069988048051e+00
1.179838978389496029e+00
1.179851093875619483e+00
1.179882345714649228e+00
1.179865759299972838e+00
1.179976508593553852e+00
1.180099191181572804e+00
1.179781037584375580e+00
1.179698421358160276e+00
1.179765080807429589e+00
1.179727181316936324e+00
1.179646679390318864e+00
1.179726906834402511e+00
1.179642421358171100e+00
1.179590104939943762e+00
1.179567721490988097e+00
1.179566992549391680e+00
1.179456338652934200e+00
1.179550227208122193e+00
1.179414458113544395e+00
1.179352214729103787e+00
1.179352076473643818e+00
1.179447112871151448e+00
1.179317540878382919e+00
1.179159538847621702e+00
1.179176735421466171e+00
1.179193462456950892e+00
1.179166248262500494e+00
1.179101003958584748e+00
1.179093830890668437e+00
1.179042772199077271e+00
1.179060166031303591e+00
1.179050800901639384e+00
1.178991754646405932e+00
1.178938655014121650e+00
1.179017039292364233e+00
1.178932519617323482e+00
1.178846650706861565e+00
1.178998082464904673e+00
1.178800797836141001e+00
1.178868848737764541e+00
1.178649478250993754e+00
1.178797769102519100e+00
1.178660105338777742e+00
1.178732726692074628e+00
1.178551997694613940e+00
1.178725515835137072e+00
1.178539235029317789e+00
1.178700273172218926e+00
1.178528357681269734e+00
1.178474464613072925e+00
1.178469894778250371e+00
1.178478401242978313e+00
1.178429552483541753e+00
1.178310739501105431e+00
1.178193649968672929e+00
1.178205620272749998e+00
1.178229748208262206e+00
1.178213049870280527e+00
1.178005832046772783e+00
1.178152722516136564e+00
1.177902045609757975e+00
1.177944996214974838e+00
1.178032063577784783e+00
1.178008821089036706e+00
1.177960794644825393e+00
1.177787708114258258e+00
1.177826202535879441e+00
1.177841362160659378e+00
1.177691754780217259e+00
1.177869907915337189e+00
1.177687050299756955e+00
1.177658011639881597e+00
1.177668980508577379e+00
1.177602447187849011e+00
1.177523002466665636e+00
1.177604935190104785e+00
1.177593492455805801e+00
1.177478619289347384e+00
1.177460319508020881e+00
1.177556147135308873e+00
1.177562712323765304e+00
1.177340242167814299e+00
1.177380769098782087e+00
1.177316158735206564e+00
1.177339363372062797e+00
1.177359395884837401e+00
1.177363346745697870e+00
1.177246315680835265e+00
1.177244022305750759e+00
1.177214413879329014e+00
1.177071638584358704e+00
1.177194009538986119e+00
1.177105043985275046e+00
1.177075767473803714e+00
1.177025949064552046e+00
1.177039699347829815e+00
1.176994200126679768e+00
1.176903976549504183e+00
1.176900277989192611e+00
1.176815195456611951e+00
1.176962581871576985e+00
1.176827851603819752e+00
1.176738215258125386e+00
1.176863742261430312e+00
1.176664722371445260e+00
1.176597589514769115e+00
1.176808580727050302e+00
1.176585686104654638e+00
1.176676944449004614e+00
1.176523294797529262e+00
1.176622628657311820e+00
1.176519780456143582e+00
1.176546309289403736e+00
1.176457809164974888e+00
1.176411082068546721e+00
1.176547896752824451e+00
1.176369923506561443e+00
1.176284890912464354e+00
1.176312360514856215e+00
1.176287513279063335e+00
1.176160330146407640e+00
1.176258705908052038e+00
1.176061009732657814e+00
1.176229842366546707e+00
1.176064694051320858e+00
1.176054075509812558e+00
1.176209091947405527e+00
1.175930458126223099e+00
1.176108768228651291e+00
1.175836139911377254e+00
1.176039487457994026e+00
1.175934039793077979e+00
1.175941899791873579e+00
1.175771603494962125e+00
1.175924149702184174e+00
1.175918086202383472e+00
1.175649067420718286e+00
1.175863641236575274e+00
1.175868169893607540e+00
1.175671027590310613e+00
1.175619126278848681e+00
1.175578741833228191e+00
1.175710923979172540e+00
1.175458828567670144e+00
1.175524288018346075e+00
1.175550266983006464e+00
1.175582700991789631e+00
1.175421026532099456e+00
1.175382241380041881e+00
1.175520575543214541e+00
1.175398932695597365e+00
1.175471302883169589e+00
1.175333552143061899e+00
1.175454777916702165e+00
1.175161895600626227e+00
1.175274150159324016e+00
1.175268256374614628e+00
1.175229213796098238e+00
1.175270027349407220e+00
1.175082227077282271e+00
1.175358909187269374e+00
1.175206403097453167e+00
1.175032485679251781e+00
1.175042495978222190e+00
1.175012556847109479e+00
1.175005600338806078e+00
1.175081110351979596e+00
1.174962611470955709e+00
1.175059699149449521e+00
1.174901677985940252e+00
1.174959967349388457e+00
1.174741769389081369e+00
1.174857220497154131e+00
1.174773130624413575e+00
1.174669424660223394e+00
1.174743317317525237e+00
1.174743982987388025e+00
1.174588074428282836e+00
1.174668980321007306e+00
1.174553081185638170e+00
1.174417648705352368e+00
1.174499605186332341e+00
1.174496826098577307e+00
1.174369317752357755e+00
1.174334018742618335e+00
1.174419087837405229e+00
1.174392747591372244e+00
1.174169764684368511e+00
1.174296097839975683e+00
1.174271847594590579e+00
1.174100885940866368e+00
1.174256994204277538e+00
1.174228391257652326e+00
1.174097530344350826e+00
1.174075923817069711e+00
1.174157362447345365e+00
1.173850386714378136e+00
1.174189152493444688e+00
1.173937345426341539e+00
1.174025321006368694e+00
1.173816368228217222e+00
1.173952910801022265e+00
1.173759619283561983e+00
1.173884431245111548e+00
1.173925083960608573e+00
1.173710667924930950e+00
1.173785061590102652e+00
1.173734605333401237e+00
1.173542630882699722e+00
1.173895057129157538e+00
1.173551952930437681e+00
1.173642830183891483e+00
1.173693030528690118e+00
1.173389025771521377e+00
1.173686174970614893e+00
1.173411558475953465e+00
1.173439984362518063e+00
1.173294225633018995e+00
1.173327098473033292e+00
1.173256479071603131e+00
1.173295633582620789e+00
1.173514609780375029e+00
1.173259213087725072e+00
1.173205801528148795e+00
1.173170216119289622e+00
1.173152996418465710e+00
1.173277698613541808e+00
1.173126879245475651e+00
1.173157104498840697e+00
1.173210685977682299e+00
1.173056778406947442e+00
1.173177676435213534e+00
1.172937924459050985e+00
1.172995701976588423e+00
1.172645548811118932e+00
1.172585770158246055e+00
1.172501738277249794e+00
1.172580233038690967e+00
1.172619111663909974e+00
1.172729301259609169e+00
1.172557250371611959e+00
1.172530578901090692e+00
1.172649343382225817e+00
1.172719883791327744e+00
1.172402691312212308e+00
1.172462794971903755e+00
1.172506215511283090e+00
1.172404555367714263e+00
1.172290480706392524e+00
1.172226434686772345e+00
1.172327563023816799e+00
1.172384756147969886e+00
1.172027616147568674e+00
1.172305146615981064e+00
1.172194657359111103e+00
1.172005812408636549e+00
1.172081075582086074e+00
1.171956527212696386e+00
1.171995422061531844e+00
1.171889090773771791e+00
1.172056657145982062e+00
1.171841991100254665e+00
1.171807632539253019e+00
1.171937665592963418e+00
1.171848209893010084e+00
1.171900192702129972e+00
1.171778158083923715e+00
1.171994671013743217e+00
1.171667065592454371e+00
1.171828666549354248e+00
1.171591040509941006e+00
1.171640317297671041e+00
1.171588165939091875e+00
1.171606783937954255e+00
1.171447592329596388e+00
1.171507022233388096e+00
1.171285469433399173e+00
1.171458941269188481e+00
1.171339086518528916e+00
1.171325542504389361e+00
1.171215381939473721e+00
1.171196731272910130e+00
1.171395290685218749e+00
1.171054625323930676e+00
1.171129565101412640e+00
1.171257480027182440e+00
1.171006770539135600e+00
1.171228339746495761e+00
1.171173498212087827e+00
1.170954618616906862e+00
1.170951182507047106e+00
1.171129963451081224e+00
1.170993644463296013e+00
1.170798663452821797e+00
1.170764100043485190e+00
1.170884907153586285e+00
1.170847849142836017e+00
1.170788953730734994e+00
1.170636155320860405e+00
1.170581823157289092e+00
1.170749515820082687e+00
1.170706913025583829e+00
1.170427116838215875e+00
1.170525273427338364e+00
1.170573875341539338e+00
1.170539457853464471e+00
1.170377310917382507e+00
1.170662719965401388e+00
1.170322677445451598e+00
1.170415248203714009e+00
1.170531575597408169e+00
1.170236358091801376e+00
1.170446617692292302e+00
1.170425870642044952e+00
1.170183530758810209e+00
1.170277438581243112e+00
1.170513415916179412e+00
1.170276243549277506e+00
1.170216577812280390e+00
1.170332015569836237e+00
1.170155587144168230e+00
1.170027328953356704e+00
1.170192640423229680e+00
1.170256217161485646e+00
1.170002831901135520e+00
1.170015068694750360e+00
1.169893903273719227e+00
1.169943696040129488e+00
1.169764647052617068e+00
1.169933440277056702e+00
1.169719929428290506e+00
1.169677435572097579e+00
1.169857524456271669e+00
1.169611378316839589e+00
1.169860669266551412e+00
1.169673024749056767e+00
1.169745344703396084e+00
1.169548092574958842e+00
1.169520530095762512e+00
1.169542322495691122e+00
1.169409607359604975e+00
1.169482078465928110e+00
1.169363241369656858e+00
1.169361692377853146e+00
1.169552844208697318e+00
1.169272282531292895e+00
1.169286121457193461e+00
1.169165715639218561e+00
1.169261941936349469e+00
1.169290880739102256e+00
1.169146252671525277e+00
1.169093125291063684e+00
1.169357609750296234e+00
1.169171270007479446e+00
1.169026366308941300e+00
1.168930684120030206e+00
1.169049381552681899e+00
1.168934489307030589e+00
1.168912929963574099e+00
1.168909395482059077e+00
1.168857255527892880e+00
1.168887980839831586e+00
1.168861709701433105e+00
1.168826976521895711e+00
1.168653634686106058e+00
1.168734331376575009e+00
1.168604611632029000e+00
1.168734836344859085e+00
1.168505833545929296e+00
1.168452937439482309e+00
1.168722812731705529e+00
1.168523226597685039e+00
1.168501342497876738e+00
1.168400861543609226e+00
1.168556235019405865e+00
1.168412034730895721e+00
1.168274025417585849e+00
1.168359018550112038e+00
1.168202482876078863e+00
1.168256767185894329e+00
1.168167807742468201e+00
1.168234169375482301e+00
1.168047970283302428e+00
1.168123266584670361e+00
1.168070433658195073e+00
1.167830936026528654e+00
1.168107280839760120e+00
1.167979854671650441e+00
1.167913715229053739e+00
1.167827846562636385e+00
1.167942905094810691e+00
1.167811944150706438e+00
1.167707327587481858e+00
1.167986876811541785e+00
1.167724149764616248e+00
1.167756243720182274e+00
1.167628762984619373e+00
1.167629861813703984e+00
1.167627317026518785e+00
1.167649574833511172e+00
1.167467030414939710e+00
1.167531172095180203e+00
1.167571299165972798e+00
1.167437459761188290e+00
1.167283283625860202e+00
1.167369938994742506e+00
1.167277533625914687e+00
1.167327340274227465e+00
1.167358069564982115e+00
1.167149411478832777e+00
1.167339577503387682e+00
1.167365571285085890e+00
1.167123741347491972e+00
1.167160576423342588e+00
1.167102993544101741e+00
1.167070007623879579e+00
1.167177185867823708e+00
1.167064198535375574e+00
1.167223115213150031e+00
1.166895227805971436e+00
1.167015574053296811e+00
1.166945727244736331e+00
1.166945541954722776e+00
1.166873251411507439e+00
1.167156083889994367e+00
1.166902170565789820e+00
1.166804285825038701e+00
1.166676424067820017e+00
1.166683256721944284e+00
1.166966463788716490e+00
1.166582572499524018e+00
1.166697110599242970e+00
1.166528174318441691e+00
1.166507261730740819e+00
1.166375241701479881e+00
1.166493631898058769e+00
1.166789936296629193e+00
1.166487408388396041e+00
1.166423254450120517e+00
1.166323420034344194e+00
1.166491071240391308e+00
1.166663032718034065e+00
1.166611612247395291e+00
1.166303153417362015e+00
1.166128462281660783e+00
1.166356521960124626e+00
1.166193311772743435e+00
1.166392780755568515e+00
1.166103591394392014e+00
1.166148700456528520e+00
1.166025331442428259e+00
1.166246886141750094e+00
1.166317626206729852e+00
1.166081525176626110e+00
1.165980746120280687e+00
1.165956880724092759e+00
1.165989876271685377e+00
1.166311479616708668e+00
1.166013281155081627e+00
1.165729861326586070e+00
1.165764068776801166e+00
1.165846625600227116e+00
1.165663930441459106e+00
1.165767848881586355e+00
1.166057672794116984e+00
1.165689564876236650e+00
1.165686447636581358e+00
1.165510611931888096e+00
1.165848021010015501e+00
1.165686851292424997e+00
1.165410605801699306e+00
1.165369669170938094e+00
1.165357226996996953e+00
1.165383492970731405e+00
1.165472204581502913e+00
1.165717206795821692e+00
1.165727961911429800e+00
1.165296350434612993e+00
1.165625325587791528e+00
1.165308744435970878e+00
1.165607720512836787e+00
1.165083042325486318e+00
1.165460721309865777e+00
1.165464542456185804e+00
1.165331445670746646e+00
1.164987485424648694e+00
1.164974720095465432e+00
1.165118525098887803e+00
1.165419921914069290e+00
1.165129671847290105e+00
1.165008802472121907e+00
1.164763155729798605e+00
1.165086924450485339e+00
1.165077906302608435e+00
1.164937043599157951e+00
1.164697031034543251e+00
1.164991175478117924e+00
1.164716088593760412e+00
1.164932912278790367e+00
1.164597282359986830e+00
1.164870328227605834e+00
1.164483784229935592e+00
1.164499532322125441e+00
1.164796949266280857e+00
1.164635998121154037e+00
1.164587115453782795e+00
1.164493930899372254e+00
1.164383527493974668e+00
1.164595354269824412e+00
1.164654161138616084e+00
1.164324130161295434e+00
1.164225602247667357e+00
1.164246776066759193e+00
1.164582084497096437e+00
1.164244666161010633e+00
1.164516604976139735e+00
1.164274550008567610e+00
1.164246381212616699e+00
1.164126589361525799e+00
1.163988601680370216e+00
1.164006696419270348e+00
1.163963691852514915e+00
1.163822888033945846e+00
1.164018784355839831e+00
1.164289325823233856e+00
1.164170062709580566e+00
1.164192701691513010e+00
1.164132153419152438e+00
1.164103955300074267e+00
1.164110249628903970e+00
1.163865060909576865e+00
1.164039255916960558e+00
1.163964755161348341e+00
1.163911438249183528e+00
1.163915772092153800e+00
1.164007528668632885e+00
1.163827197143431080e+00
1.163578222576560961e+00
1.163838659590658020e+00
1.163990903435585533e+00
1.163481461364725078e+00
1.163752214901956572e+00
1.163745344533368309e+00
1.163475727862013365e+00
1.163390190753876174e+00
1.163698098476444232e+00
1.163611411769485793e+00
1.163571141161992450e+00
1.163616881995712671e+00
1.163700901477785932e+00
1.163233519364183399e+00
1.163565854545415723e+00
1.163568979430269490e+00
1.163402529658170925e+00
1.163448611401477262e+00
1.163409925660318089e+00
1.163462956384648361e+00
1.163325423145346260e+00
1.163085546625084676e+00
1.163379463870296782e+00
1.163331861800086742e+00
1.163205707387280352e+00
1.163103130355924941e+00
1.163318641164206468e+00
1.163131284741897309e+00
1.163158454972209821e+00
1.163184791605064161e+00
1.162972954018718807e+00
1.162928420189681011e+00
1.162966819768414428e+00
1.163034568538495961e+00
1.163036556646532382e+00
1.163000587203012914e+00
1.162811372013897504e+00
1.162938829680036035e+00
1.162890917068569729e+00
1.162819171034066956e+00
1.162935401878225194e+00
1.162576932125346518e+00
1.162891521583319987e+00
1.162795920749994050e+00
1.162828840190804458e+00
1.162568724911633655e+00
1.162818288539825717e+00
1.162624447802070193e+00
1.162763238499467722e+00
1.162530093357543981e+00
1.162637078072751740e+00
1.162786975056515404e+00
1.162695956786371276e+00
1.162274178207190811e+00
1.162663130809870937e+00
1.162146924094259681e+00
1.162403365683289058e+00
1.162361291511052164e+00
1.162563205950347456e+00
1.162500322736473635e+00
1.162394756456149203e+00
1.162546275349197744e+00
1.162126968863419929e+00
1.162322500048961205e+00
1.162386572512460470e+00
1.161988306459013742e+00
1.162163522037267915e+00
1.162546188571051298e+00
1.162153868837360493e+00
1.162247352869498984e+00
1.162182884820417206e+00
1.161829484504537602e+00
1.162153178115986618e+00
1.161766673873137590e+00
1.162163869284260853e+00
1.162137744342065515e+00
1.161778873021018565e+00
1.162037336339796889e+00
1.162098661885287987e+00
1.162151185898290473e+00
1.161681672768451579e+00
1.161878663226830311e+00
1.162014018585678210e+00
1.161771807008927127e+00
1.161758367167970762e+00
1.161845371354219170e+00
1.161545273146119106e+00
1.161868812404456719e+00
1.161927983137763354e+00
1.161524543929341569e+00
1.161734469845616013e+00
1.161807626528917003e+00
1.161606320036763007e+00
1.161842611682902371e+00
1.161815363251280431e+00
1.161703684610183140e+00
1.161663079500681039e+00
1.161785543200576587e+00
1.161526746059011739e+00
1.161667179466962407e+00
1.161672110520859391e+00
1.161371187355950241e+00
1.161741671135758436e+00
1.161734234560658718e+00
1.161432893985168358e+00
1.161614085811421448e+00
1.161547237162088075e+00
1.161538915340299738e+00
1.161675073995272589e+00
1.161666290483849506e+00
1.161524058898262046e+00
1.161397317629585313e+00
1.161658423744192925e+00
1.161636380531662072e+00
1.161516551111230422e+00
1.161290436793543712e+00
1.161619056084363999e+00
1.161534847509352320e+00
1.161500836372673762e+00
1.161263832231814064e+00
1.161492004822376467e+00
1.161420878689158664e+00
1.161432767176105552e+00
1.161264682158597905e+00
1.161293617644925114e+00
1.161509997436441566e+00
1.160963861542481546e+00
1.161211416679671649e+00
1.160917229950887863e+00
1.161200728831696338e+00
1.161353200521084927e+00
1.161074775577776164e+00
1.161276034297499704e+00
1.161182840968022267e+00
1.161242091517967978e+00
1.160874495062526268e+00
1.160918798668917562e+00
1.161131460064928289e+00
1.161161404836036359e+00
1.161060386971499936e+00
1.160972868216944232e+00
1.161075417871998416e+00
1.161024120374376301e+00
1.161007346075552116e+00
1.160969717796618061e+00
1.160817668703928218e+00
1.160911399084877393e+00
1.160854010622015764e+00
1.160852596729765596e+00
1.160745524124318750e+00
1.160654480477975481e+00
1.160756416317998641e+00
1.160437911250680409e+00
1.160645683257318428e+00
1.160623901695763793e+00
1.160822723870724937e+00
1.160762867344296678e+00
1.160593048712274866e+00
1.160614885662404783e+00
1.160819655838962516e+00
1.160824374667891901e+00
1.160636728266320139e+00
1.160361195462288553e+00
1.160382628694839546e+00
1.160470776004507654e+00
1.160672928083990696e+00
1.160578980419816553e+00
1.160569955549362042e+00
1.160643952209768681e+00
1.160476197520501129e+00
1.160613438642023931e+00
1.160402985657201791e+00
1.160503442555257170e+00
1.160178988180467163e+00
1.160443038898486989e+00
1.160340767933290218e+00
1.160478790367433843e+00
1.160357778435605836e+00
1.160207537704506686e+00
1.160264802286106622e+00
1.160340154731861695e+00
1.160289138407556209e+00
1.160239674515438191e+00
1.160012191900851919e+00
1.160240704407953238e+00
1.160325096309306359e+00
1.160171699934352540e+00
1.160349875251619034e+00
1.160257920318285674e+00
1.160104621507841438e+00
1.160086705199324664e+00
1.160101657470699044e+00
1.159778123484086487e+00
1.160028178545549293e+00
1.160076087204151341e+00
1.159944250070483518e+00
1.159953547088458548e+00
1.160072630054895360e+00
1.159964946725913881e+00
1.159852467309426372e+00
1.159876680006664662e+00
1.159867375782162036e+00
1.159742265817593543e+00
1.159523638159457359e+00
1.159642937527972650e+00
1.159805278049174992e+00
