3.110297893595572418e+02
7.227527367412763226e+01
5.123713450950177162e+01
4.228164611772595549e+01
3.756006499312497482e+01
3.332895455881737234e+01
2.862486872848460351e+01
2.304874056303381735e+01
1.622404392455380062e+01
1.019978621207152258e+01
7.069501950054953632e+00
5.592717473973820574e+00
4.826966853998301055e+00
4.365976873303189620e+00
4.021384559657465552e+00
3.748719361448489718e+00
3.530458207089468115e+00
3.352893806584279712e+00
3.204126258957879170e+00
3.071627611531786872e+00
2.954419193776499863e+00
2.851979825047683992e+00
2.762823573399174393e+00
2.683798334701242627e+00
2.615063050331239314e+00
2.555154215570229592e+00
2.499690995171040431e+00
2.448750133285085173e+00
2.403551808950529001e+00
2.361919994757331498e+00
2.324495600508556858e+00
2.289900474138077069e+00
2.258345453459557728e+00
2.227962912155898589e+00
2.199460811548822115e+00
2.172168039737474299e+00
2.146259820628074966e+00
2.121696957389732408e+00
2.099013338102946324e+00
2.078285422047233322e+00
2.057678369799026186e+00
2.038467568421048259e+00
2.020125488799579205e+00
2.002280845290758116e+00
1.985106350171677247e+00
1.968229306557675029e+00
1.951941884139420713e+00
1.936219976541507792e+00
1.920939801792993729e+00
1.906067557362052467e+00
1.892000858247706363e+00
1.878266433502266297e+00
1.864875456490572292e+00
1.851609293568510450e+00
1.838529609007143684e+00
1.825787297036721268e+00
1.813271415175837342e+00
1.800657380935781093e+00
1.788579445887333419e+00
1.777184554661100924e+00
1.765968495778531766e+00
1.754390621115941684e+00
1.743573240592561469e+00
1.732898123010280012e+00
1.720819405026309701e+00
1.707903769800512395e+00
1.694161760007233619e+00
1.680400415949660831e+00
1.668794479418643562e+00
1.658266751623964863e+00
1.648207581577032732e+00
1.638819607350209928e+00
1.630049104375729252e+00
1.621719943412000431e+00
1.613696612313813672e+00
1.606484172418002787e+00
1.599536877576402061e+00
1.592843802072584358e+00
1.586643155711559006e+00
1.581040926788192635e+00
1.575180940677971320e+00
1.569948081801893380e+00
1.564859403340350896e+00
1.560036806151129829e+00
1.555606061927314876e+00
1.551196398074656146e+00
1.547124150258500030e+00
1.543139154944625835e+00
1.539277745827496213e+00
1.535484489220579896e+00
1.531914025564891091e+00
1.528447544657409507e+00
1.525144789088594743e+00
1.521890794625624821e+00
1.518901549090101888e+00
1.515809357470529806e+00
1.512751568152897130e+00
1.510259851245643326e+00
1.507162073040126282e+00
1.504160408285422967e+00
1.501612180437074562e+00
1.498941895154435322e+00
1.496241722706978861e+00
1.493497517803274333e+00
1.490856308443984979e+00
1.488579183382326088e+00
1.485462764732876195e+00
1.482635279770699421e+00
1.479735155430528470e+00
1.476806689687076846e+00
1.473900669896332616e+00
1.471268489735013674e+00
1.468562697520157556e+00
1.466106663298792911e+00
1.463717967210988791e+00
1.461441982472559742e+00
1.459387366677370013e+00
1.457480706726305586e+00
1.455357239943178449e+00
1.453453154514937395e+00
1.451713181982037248e+00
1.449742613239500599e+00
1.448076557657464569e+00
1.446493012670204470e+00
1.445070236051892332e+00
1.443498409842938202e+00
1.441949927878265258e+00
1.440478326398329179e+00
1.438994785888698003e+00
1.437574048383200465e+00
1.436122756451678528e+00
1.434755650053974207e+00
1.433514048039704614e+00
1.432077285762820340e+00
1.430867246353045630e+00
1.429663284725979144e+00
1.428361303908968871e+00
1.427075024852197060e+00
1.426009720586091545e+00
1.424819670397246441e+00
1.423743485179995050e+00
1.422633248194153710e+00
1.421509662352269387e+00
1.420291833391418068e+00
1.419194674412536328e+00
1.418042794123049566e+00
1.416884807496928467e+00
1.415812856708108525e+00
1.414711395076016842e+00
1.413392462576681829e+00
1.412224601670025725e+00
1.411281130568761588e+00
1.410046563779649764e+00
1.409203248965896327e+00
1.408163226530294798e+00
1.407222570769272041e+00
1.406407604736168215e+00
1.405427897497992573e+00
1.404560780537088105e+00
1.403627101168840818e+00
1.402731416648759222e+00
1.401775411350655309e+00
1.401012695591943524e+00
1.400070303887399836e+00
1.399294674691158979e+00
1.398414499535572064e+00
1.397679867432741529e+00
1.396885557097708563e+00
1.396208988133496476e+00
1.395513240626196305e+00
1.394730946595150956e+00
1.393980425221287511e+00
1.393386325271394499e+00
1.392603492150086053e+00
1.391745889151415616e+00
1.391197487251000453e+00
1.390415817682651101e+00
1.389817691549410261e+00
1.389156635854599031e+00
1.388584123478833199e+00
1.387909234688625704e+00
1.387319894233600914e+00
1.386661601120078524e+00
1.386049264364698885e+00
1.385466921736673962e+00
1.384959202432362924e+00
1.384324716754183227e+00
1.383687806474986681e+00
1.383129596481863066e+00
1.382609998718109745e+00
1.382082558193385546e+00
1.381792373639792793e+00
1.380964706052265845e+00
1.380735975720014608e+00
1.380166111833447395e+00
1.379671715420861311e+00
1.379046574358790300e+00
1.378533289102913839e+00
1.378077474899155996e+00
1.377439695709908207e+00
1.376730383440033512e+00
1.376089123915880785e+00
1.375571708478566135e+00
1.374909323244685844e+00
1.374447321599163940e+00
1.373958130386405685e+00
1.373402835009030376e+00
1.372753407725912700e+00
1.372237058972460177e+00
1.371669922460530655e+00
1.371101959712949458e+00
1.370581707075334554e+00
1.370132663538720097e+00
1.369537694966950880e+00
1.369009621738895843e+00
1.368327926720298793e+00
1.367882495789980446e+00
1.367526520285404779e+00
1.366977728474926268e+00
1.366419460614000769e+00
1.365939511448527988e+00
1.365251820493098345e+00
1.364870522497630079e+00
1.364264949105377989e+00
1.363916172258202719e+00
1.363465220035911640e+00
1.362901675870881180e+00
1.362526372060994362e+00
1.361972640619155683e+00
1.361541081598622860e+00
1.360953575178099895e+00
1.360525645264534012e+00
1.359950364511082421e+00
1.359348556791359464e+00
1.358629232001954845e+00
1.358132851953424591e+00
1.357657335032923962e+00
1.357141672633555673e+00
1.356478475600836342e+00
1.356022645774586977e+00
1.355359065405922214e+00
1.354897370615243846e+00
1.354417736311434695e+00
1.353934479135319835e+00
1.353279157073812522e+00
1.352797679218740612e+00
1.352245789011713439e+00
1.351578323816340577e+00
1.351047090252160743e+00
1.350503910908857463e+00
1.349989408441948813e+00
1.349785318729662675e+00
1.348915964225462893e+00
1.348665688392460815e+00
1.347961297101615052e+00
1.347843688094035208e+00
1.347043618631581952e+00
1.346723873970234742e+00
1.346182869934999582e+00
1.345459806185214768e+00
1.344812314031333500e+00
1.344284534226886763e+00
1.343843355100950321e+00
1.343341701468744320e+00
1.342643931317856643e+00
1.342140069316462458e+00
1.341591488377874342e+00
1.341120885538548357e+00
1.340732590333045815e+00
1.340150359343774022e+00
1.339626840755773429e+00
1.339072167965577931e+00
1.338535003933636780e+00
1.338114190870524078e+00
1.337588493757410513e+00
1.337064034669931845e+00
1.336622853326847826e+00
1.336097145780285267e+00
1.335708605056241893e+00
1.335168335447698418e+00
1.334850547418681366e+00
1.334167416447555210e+00
1.333410831602520163e+00
1.332788166296124954e+00
1.332381686427039247e+00
1.332251355878443011e+00
1.331408539557286108e+00
1.331061652312184984e+00
1.330623901729983460e+00
1.330243810678518379e+00
1.329624507546233847e+00
1.329367249415612573e+00
1.328857464570245339e+00
1.328629203185692775e+00
1.328039485776622675e+00
1.327699475088084391e+00
1.327072470412431704e+00
1.326636091536984141e+00
1.326367632149020093e+00
1.326129868909761367e+00
1.325661527979421050e+00
1.325631121080767416e+00
1.325294121473778342e+00
1.324808772385539068e+00
1.324554859956334818e+00
1.324293271699188201e+00
1.323950621533700689e+00
1.323573206914791633e+00
1.323351661539859281e+00
1.322987272901738676e+00
1.322647091268659647e+00
1.322231814522796478e+00
1.322055077307559445e+00
1.321657053489202260e+00
1.321306607216607309e+00
1.320910392075227202e+00
1.320434702317935916e+00
1.320152990932525805e+00
1.319769223782839784e+00
1.319377920491200618e+00
1.318998128929653069e+00
1.318695051579422017e+00
1.318378130499369583e+00
1.317909688832711312e+00
1.317478337948126743e+00
1.316905657111628436e+00
1.316633038605024009e+00
1.316367205234285409e+00
1.316045326101030088e+00
1.315708726993071842e+00
1.315417834818789711e+00
1.314968440555159823e+00
1.314626844433657293e+00
1.314288399010552277e+00
1.314000850739784232e+00
1.313722862001560632e+00
1.313376044347935201e+00
1.313066731302891199e+00
1.312641905135091935e+00
1.312289539639377223e+00
1.312013609846703233e+00
1.311647582287636782e+00
1.311455879837716276e+00
1.311074060927925222e+00
1.310969999142485021e+00
1.310618338324869070e+00
1.310357777961179471e+00
1.310016433335937869e+00
1.309722043938614799e+00
1.309490218866437461e+00
1.309241126273960942e+00
1.308876773308105035e+00
1.308555035858409710e+00
1.308175108509048945e+00
1.307983378528304153e+00
1.307594876893040325e+00
1.307395937314692835e+00
1.306994952511997932e+00
1.306668655034733062e+00
1.306349742475384046e+00
1.306044432113990128e+00
1.305649787068402956e+00
1.305228285749343797e+00
1.304838734250472365e+00
1.304575966728589220e+00
1.304203550419193780e+00
1.303765855289369835e+00
1.303486716710842819e+00
1.303099394132325006e+00
1.302756135065607168e+00
1.302518768300936269e+00
1.302204832394114886e+00
1.301902369685115302e+00
1.301521422744880363e+00
1.301393744298002586e+00
1.301343177475658086e+00
1.300942154488058167e+00
1.300794371939820948e+00
1.300359316883543448e+00
1.300081627662039718e+00
1.299816673778985576e+00
1.299407847664313609e+00
1.299280222857511324e+00
1.298991631043117767e+00
1.298779103872587992e+00
1.298514148925682843e+00
1.298224152637980522e+00
1.297959590227707238e+00
1.297543057843382641e+00
1.297248739590109112e+00
1.297046785179270856e+00
1.296841659660390000e+00
1.296570190661071598e+00
1.296266129498852893e+00
1.296074833743058319e+00
1.295864099854372897e+00
1.295569758320389342e+00
1.295493005524242625e+00
1.295173982456461870e+00
1.295001628729188781e+00
1.294532050668141254e+00
1.294486421282343924e+00
1.294034456365712460e+00
1.293838314964355307e+00
1.293495197036315991e+00
1.293346934871242082e+00
1.292997088269729034e+00
1.292792060699593515e+00
1.292419057934191873e+00
1.292204698291681053e+00
1.291757171061334919e+00
1.291566432030795797e+00
1.291268531367668837e+00
1.290964118530691929e+00
1.290543389508391092e+00
1.290377443725624795e+00
1.289880348134167187e+00
1.289664193167916695e+00
1.289190345663792758e+00
1.288834389970815231e+00
1.288542017821002528e+00
1.288333845401957278e+00
1.288166548561066493e+00
1.287803833201584203e+00
1.287641000073078468e+00
1.287488810745694323e+00
1.287345633057161542e+00
1.286797653950660036e+00
1.286397496160089471e+00
1.286126266753779612e+00
1.285969069787400221e+00
1.285559465893313158e+00
1.285334131312635630e+00
1.285106039140455403e+00
1.284873188772866159e+00
1.284628987109529774e+00
1.284534160844511108e+00
1.284133739335480362e+00
1.284010103483972154e+00
1.283451828114655635e+00
1.283041390298591766e+00
1.283008760544197102e+00
1.282937691467154417e+00
1.282616853300059256e+00
1.282135734267314753e+00
1.281802517519506024e+00
1.281561584104349949e+00
1.281320293529160326e+00
1.281309875055882452e+00
1.281080557971493450e+00
1.280860393128459007e+00
1.280684100127988279e+00
1.280346031563803333e+00
1.280183662794677435e+00
1.279980698826282737e+00
1.279987367152684241e+00
1.279596995531415038e+00
1.279422288695638565e+00
1.279275845118157173e+00
1.279166233287646337e+00
1.278866641443453744e+00
1.278941024577590291e+00
1.278639493125719673e+00
1.278275788368527843e+00
1.278229150479463172e+00
1.278081495595933204e+00
1.277746085776519047e+00
1.277775215960645250e+00
1.277403899413282584e+00
1.277178841968661605e+00
1.277010807167083373e+00
1.276900692125243930e+00
1.276760634156613339e+00
1.276365152284184346e+00
1.276230308307489958e+00
1.276023616605883815e+00
1.275924631061127634e+00
1.275613694288724176e+00
1.275578550927372934e+00
1.275318428377939073e+00
1.275052071737297066e+00
1.274871333153064556e+00
1.274715452586386855e+00
1.274605986351646569e+00
1.274372788253555600e+00
1.274155635084186278e+00
1.273993135050733860e+00
1.273789997182491751e+00
1.273753448525597909e+00
1.273476501886808387e+00
1.273269657239212593e+00
1.273168914071229452e+00
1.272928659346398650e+00
1.272790291319346734e+00
1.272578900083773279e+00
1.272465962443784848e+00
1.272220607411232773e+00
1.272047558748461205e+00
1.271872575313558462e+00
1.271804231701225474e+00
1.271462654283779914e+00
1.271412930309675948e+00
1.271123062410672189e+00
1.271082653388883932e+00
1.270848293865898038e+00
1.270682853860480188e+00
1.270494544709602991e+00
1.270282092195334611e+00
1.270183831543773456e+00
1.270052432328388381e+00
1.269965553514813772e+00
1.269693339045381064e+00
1.269641003110892896e+00
1.269486631343769600e+00
1.269235958329131941e+00
1.269084970121662215e+00
1.268933455465635296e+00
1.268699739550996020e+00
1.268571851002434192e+00
1.268433231008097906e+00
1.268237532804418644e+00
1.268133521368732364e+00
1.267891121974795698e+00
1.267764712197114951e+00
1.267648470332936261e+00
1.267513057419546341e+00
1.267280287756450408e+00
1.267198869572439213e+00
1.267054841671602761e+00
1.266835864545717838e+00
1.266673843962236701e+00
1.266478980855120007e+00
1.266397738064446887e+00
1.266263160426019718e+00
1.266043956704888895e+00
1.265940667173983236e+00
1.265805630528830550e+00
1.265655931230172282e+00
1.265485377443439585e+00
1.265409375829082972e+00
1.265271388831795463e+00
1.265113182948954806e+00
1.264920134643837235e+00
1.264911961766688409e+00
1.264686737891908441e+00
1.264595313793407172e+00
1.264455532803027804e+00
1.264296174707895792e+00
1.264193005172621787e+00
1.264129794781777782e+00
1.263870916342839434e+00
1.263685751566762550e+00
1.263625451170761860e+00
1.263408562318912631e+00
1.263311032773637432e+00
1.263166865901755642e+00
1.263089040313854827e+00
1.262942551382682188e+00
1.262935917271400088e+00
1.262704821593705118e+00
1.262589222157103119e+00
1.262504182121178653e+00
1.262315240001016026e+00
1.262201213348039586e+00
1.261781076206864194e+00
1.261607957840174654e+00
1.261513965927635317e+00
1.261369495657909123e+00
1.261240560693152934e+00
1.261131807270588157e+00
1.260970692585191566e+00
1.260840708329078685e+00
1.260720221303201827e+00
1.260481536669561420e+00
1.260392622356278247e+00
1.260135540656558417e+00
1.260103427538603382e+00
1.259998708516036459e+00
1.259826395770594409e+00
1.259542792388429922e+00
1.259519961721321524e+00
1.259304155174831630e+00
1.259048558564660469e+00
1.259147840325214540e+00
1.258782504221236165e+00
1.258975170050749215e+00
1.258541047292726089e+00
1.258533028279402943e+00
1.258243150557105894e+00
1.258268671924736681e+00
1.257962051778108492e+00
1.257829278611032109e+00
1.257883372000602185e+00
1.257560077997560866e+00
1.257342964834925914e+00
1.257387155620102392e+00
1.257155047946725057e+00
1.257186999038903297e+00
1.256907367537021480e+00
1.256877358009838463e+00
1.256686948389285297e+00
1.256477443381782466e+00
1.256521087063056097e+00
1.256318693471095260e+00
1.256338077857724445e+00
1.255987044884904646e+00
1.255896831711407646e+00
1.255852717932969931e+00
1.255612416758307814e+00
1.255494729503061624e+00
1.255332873451226572e+00
1.255437353656479349e+00
1.255087573534773071e+00
1.255169022472170548e+00
1.254964413737590156e+00
1.255073372038182589e+00
1.254855095750715188e+00
1.254676099476714990e+00
1.254617847702783173e+00
1.254446727169708398e+00
1.254350500930786039e+00
1.254251016516528372e+00
1.254120901225381557e+00
1.253995352622808257e+00
1.253843228711083446e+00
1.253640101231075388e+00
1.253715491082840305e+00
1.253388658064258587e+00
1.253447454842432807e+00
1.253087777804681169e+00
1.253155605856209442e+00
1.252880054827104406e+00
1.252957748482540712e+00
1.252690727315042496e+00
1.252635267632943972e+00
1.252416315737114205e+00
1.252137105416510243e+00
1.252104605539438476e+00
1.252058317905322626e+00
1.251864906129692256e+00
1.251729205753653762e+00
1.251583815300651548e+00
1.251437064060640481e+00
1.251349818610191011e+00
1.251101947809500237e+00
1.250791759565787808e+00
1.250709618583894178e+00
1.250639474359898751e+00
1.250599871935704321e+00
1.250341365726314491e+00
1.250152904619378669e+00
1.250281361540087621e+00
1.250049578330521882e+00
1.250397198909130037e+00
1.250244666840875984e+00
1.249983179119652510e+00
1.249829121356773820e+00
1.249695219806554070e+00
1.249340416716328006e+00
1.249195555549251990e+00
1.248990951509475922e+00
1.248821237611621227e+00
1.248635761352549833e+00
1.248565206478196910e+00
1.248453313426251654e+00
1.248164694727491364e+00
1.248107620784071115e+00
1.247869954834631923e+00
1.247677248842329112e+00
1.247631148654846589e+00
1.247501263893838308e+00
1.247491228203210678e+00
1.247250726148831701e+00
1.247239923959856833e+00
1.246927032877588104e+00
1.246924813056541570e+00
1.246925076051995873e+00
1.246632091530824438e+00
1.246573741471100893e+00
1.246355612613512909e+00
1.246443599389952084e+00
1.246215083102803378e+00
1.245811492300201495e+00
1.245936537996275240e+00
1.245580391810019671e+00
1.245511480840615803e+00
1.245573001796542956e+00
1.245277193367529511e+00
1.245263571200404096e+00
1.244904369913646169e+00
1.244972490722274561e+00
1.244632391341918387e+00
1.244384632945157776e+00
1.244445924916110613e+00
1.244460582161323714e+00
1.243945110135286303e+00
1.244112607241353752e+00
1.244033375308687406e+00
1.243599586389145584e+00
1.243529343620660255e+00
1.243586103530712306e+00
1.243548534864803878e+00
1.243213641975055461e+00
1.243056873122260653e+00
1.242928882038695226e+00
1.242998197356689261e+00
1.242976847819691200e+00
1.242736168925402840e+00
1.242735694164157412e+00
1.242332597342240996e+00
1.242402394102334551e+00
1.242173592848914820e+00
1.242234343217833770e+00
1.241854151750344304e+00
1.241809714886169980e+00
1.241956886841336427e+00
1.241572571516979417e+00
1.241622483183952630e+00
1.241442996897440754e+00
1.241413274591483429e+00
1.241251090004005242e+00
1.241602738689748353e+00
1.241266295596913816e+00
1.241155627582837928e+00
1.240811194768502990e+00
1.240837127537520068e+00
1.240813047885016562e+00
1.240744254706031446e+00
1.240309316254972094e+00
1.240421957902351213e+00
1.240343242357520248e+00
1.240095202112905026e+00
1.240093083528110984e+00
1.240057575677332435e+00
1.239790535423648032e+00
1.239873702982572601e+00
1.239744109333081434e+00
1.239575516744523709e+00
1.239556668692521457e+00
1.239281554172382505e+00
1.239457773619834002e+00
1.239290796788789839e+00
1.239243438091541361e+00
1.239115962002469873e+00
1.238959137860278892e+00
1.238786116345611754e+00
1.238801347753238691e+00
1.238677047248115670e+00
1.238591499113171013e+00
1.238480684895035155e+00
1.238496415018692343e+00
1.238266131758352984e+00
1.238149732327387786e+00
1.238078408001591413e+00
1.238084676813991036e+00
1.237675812528040931e+00
1.237646528140736057e+00
1.237481801386753011e+00
1.237416087467033465e+00
1.237317612098275177e+00
1.237213625913496484e+00
1.237165073747952482e+00
1.237018905306576766e+00
1.236758972044436522e+00
1.236598208602693871e+00
1.236316461238244013e+00
1.236162215271589426e+00
1.236133278288580994e+00
1.235815116368730981e+00
1.235817040942187139e+00
1.235720628027395795e+00
1.235643048192547111e+00
1.235485664368763725e+00
1.235437315068543374e+00
1.235398576983656849e+00
1.235285892285010956e+00
1.235269481441500172e+00
1.235228918780380436e+00
1.235082696031746252e+00
1.234959722087051404e+00
1.234986688492136109e+00
1.234717189360030387e+00
1.234744387313917668e+00
1.234540700094430399e+00
1.234476616332086163e+00
1.234200827315941495e+00
1.234191832589657478e+00
1.234021825736929534e+00
1.234038440828292948e+00
1.233930655813207489e+00
1.233773388625948764e+00
1.233786883673820833e+00
1.233559673697229853e+00
1.233552601131451487e+00
1.233488744610824916e+00
1.233492957966354719e+00
1.233385472206307565e+00
1.233403521165693961e+00
1.233235805562924003e+00
1.233124625039741851e+00
1.233103878318409174e+00
1.233114890523739238e+00
1.232926352404335235e+00
1.232902774297752746e+00
1.232896071577642916e+00
1.232734656981778310e+00
1.232659343193671209e+00
1.232506664513370653e+00
1.232476483771313136e+00
1.232493497456757181e+00
1.232407368197055986e+00
1.232349664723766391e+00
1.232358917024982681e+00
1.232148675698943041e+00
1.232130493164856677e+00
1.231989540157074847e+00
1.231994570533468059e+00
1.231889913702972406e+00
1.231824975588579285e+00
1.231708352542558282e+00
1.231721192473387516e+00
1.231586483947743282e+00
1.231667615867625187e+00
1.231525392571755084e+00
1.231355136613531132e+00
1.231360164891452724e+00
1.231351799260804958e+00
1.231209953080916408e+00
1.231170725985411663e+00
1.231306825036115660e+00
1.231148493889740347e+00
1.230985771847184163e+00
1.230902285226426196e+00
1.230884046674962651e+00
1.230643457197178936e+00
1.230624893256207608e+00
1.230554677741521052e+00
1.230483439651134381e+00
1.230299736981065317e+00
1.230324505338585395e+00
1.230058000881528280e+00
1.230075708830574710e+00
1.229950148134777654e+00
1.229939723257419404e+00
1.229907998798698054e+00
1.229793101222906415e+00
1.229667333002838481e+00
1.229625817284308420e+00
1.229569638408233301e+00
1.229474088298253553e+00
1.229373169799538479e+00
1.229355457165488108e+00
1.229255945615861600e+00
1.229163367098531578e+00
1.229182299876918405e+00
1.228975624589644600e+00
1.228957407469634333e+00
1.228964863717993072e+00
1.228842269304504908e+00
1.228856032274332266e+00
1.228707069085532178e+00
1.228622921817948299e+00
1.228440724153539998e+00
1.228385848147002024e+00
1.228403014750789835e+00
1.228329679723627388e+00
1.228265701443949531e+00
1.228095138623427118e+00
1.228103983100233165e+00
1.227998658656078268e+00
1.227994382128371198e+00
1.227898602171131115e+00
1.227792234867286503e+00
1.227742106000988542e+00
1.227695109316736533e+00
1.227662761394963109e+00
1.227520444775961783e+00
1.227503387409800473e+00
1.227484988912575625e+00
1.227311051947969744e+00
1.227367829039333502e+00
1.227222070849944169e+00
1.227185023607460845e+00
1.227189701723055082e+00
1.227135094832882301e+00
1.227060690875112714e+00
1.226956093348333443e+00
1.226847075976578161e+00
1.226860706071705609e+00
1.226835542392417988e+00
1.226770260431311543e+00
1.226672457316330123e+00
1.226653148240657520e+00
1.226590673052004421e+00
1.226475162558235299e+00
1.226483627606613336e+00
1.226406026912524316e+00
1.226370431102651315e+00
1.226227971155378293e+00
1.226277014703627710e+00
1.226127739484223822e+00
1.226161162068251764e+00
1.225960754134925113e+00
1.225918487970428128e+00
1.225804220484458584e+00
1.225819716840503837e+00
1.225769247266464079e+00
1.225663142368877745e+00
1.225622297281321993e+00
1.225509944047973532e+00
1.225450559466147338e+00
1.225460557474967294e+00
1.225320503553473550e+00
1.225264666880947262e+00
1.225205474997616450e+00
1.225253522551078555e+00
1.225261385467617758e+00
1.225046157603328023e+00
1.225023742694238971e+00
1.225045803424878121e+00
1.224850925284599823e+00
1.224929748754972403e+00
1.224801333073829657e+00
1.224781284421412320e+00
1.224710034434016270e+00
1.224660112437202519e+00
1.224635636666563387e+00
1.224560787187465083e+00
1.224483952270448706e+00
1.224416388053975124e+00
1.224325447969351499e+00
1.224247972593407008e+00
1.224293171157500915e+00
1.224005783861678465e+00
1.223993944226889008e+00
1.223877446757264842e+00
1.223822816231468158e+00
1.223669293140738246e+00
1.223798765268274469e+00
1.223561311676000241e+00
1.223720452311516382e+00
1.223434718482503625e+00
1.223447401266085866e+00
1.223391513238820671e+00
1.223321548059697284e+00
1.223248779657069241e+00
1.223144244122775781e+00
1.223199710720617839e+00
1.223081336514478146e+00
1.223111182299754462e+00
1.223058239326543672e+00
1.222833488731600582e+00
1.222920939975941979e+00
1.222826490137987943e+00
1.222696990509924309e+00
1.222724104598377881e+00
1.222575649542559040e+00
1.222541589450452548e+00
1.222455676401575930e+00
1.222428974170508775e+00
1.222361492306349495e+00
1.222339020825655487e+00
1.222182098097565950e+00
1.222220999774101591e+00
1.222124221357162588e+00
1.222119236963550959e+00
1.222089953407830221e+00
1.222013980391923216e+00
1.222015650263247766e+00
1.221955811417452464e+00
1.221760688925003890e+00
1.221824882491804543e+00
1.221717046532279527e+00
1.221605896630177046e+00
1.221751930069305159e+00
1.221478198257457626e+00
1.221588996744262134e+00
1.221483655957013692e+00
1.221510458577330427e+00
1.221331372538268401e+00
1.221442625810693183e+00
1.221297824132512977e+00
1.221359686767877983e+00
1.221324251144554784e+00
1.221262203095149212e+00
1.221238359525168571e+00
1.221117706834310201e+00
1.221118818584911780e+00
1.221039892427248974e+00
1.220988252796533891e+00
1.220924251114844816e+00
1.220870178387021276e+00
1.220855311361774609e+00
1.220766198576753281e+00
1.220766213176219805e+00
1.220612565924487081e+00
1.220651528925810636e+00
1.220573091120880749e+00
1.220619193576484296e+00
1.220445364007288758e+00
1.220527575136243215e+00
1.220393710525065734e+00
1.220375149632149325e+00
1.220173555187374248e+00
1.220269884969370500e+00
1.220189519459307981e+00
1.220108434222862082e+00
1.220011238846817614e+00
1.220031829919578037e+00
1.219953791218424843e+00
1.219954829881076508e+00
1.219799318075616368e+00
1.219845041820569298e+00
1.219773537161907395e+00
1.219819875652384811e+00
1.219687116971047924e+00
1.219709348085581846e+00
1.219623891433166296e+00
1.219596673854217217e+00
1.219613730431319265e+00
1.219606243233597453e+00
1.219573398818169174e+00
1.219443695321804411e+00
1.219381553281663644e+00
1.219368273934650304e+00
1.219325914106135000e+00
1.219346105968471372e+00
1.219235417649091158e+00
1.219293298979656104e+00
1.219178417160317718e+00
1.219146267698864028e+00
1.219173671440743734e+00
1.219080896640893696e+00
1.219125035011222602e+00
1.219028319116062020e+00
1.218942042478052157e+00
1.218917161236776181e+00
1.218841882477081251e+00
1.218957313017227539e+00
1.219001238164006518e+00
1.218794585967712951e+00
1.218733843162663311e+00
1.218748225307445088e+00
1.218620183529990131e+00
1.218609420639782170e+00
1.218588992127662030e+00
1.218562552002429911e+00
1.218412906111048910e+00
1.218350042529065203e+00
1.218301939971830228e+00
1.218307389215849357e+00
1.218192758825435318e+00
1.218130126134470581e+00
1.218119722221406631e+00
1.218078149283060574e+00
1.218001505441147270e+00
1.217991408095381756e+00
1.218037595521171523e+00
1.217933898650925384e+00
1.218056550012710071e+00
1.217970439413593287e+00
1.217896442856809314e+00
1.217812436741871673e+00
1.217756890443102868e+00
1.217678343450625755e+00
1.217659029461741982e+00
1.217608542702995233e+00
1.217563644990899974e+00
1.217470778524536668e+00
1.217411861892591096e+00
1.217438401432706874e+00
1.217322554162962422e+00
1.217262957258992584e+00
1.217241594576867314e+00
1.217256327510730873e+00
1.217112124635485015e+00
1.217159128587392614e+00
1.217084509995110198e+00
1.216917817416293790e+00
1.216928538392344938e+00
1.216915761272340468e+00
1.216942390385236550e+00
1.216792906086566095e+00
1.216751364021677828e+00
1.216795679648515316e+00
1.216820126008819392e+00
1.216814897945067475e+00
1.216620167845640532e+00
1.216739291089667718e+00
1.216634413545477633e+00
1.216489744757060176e+00
1.216665362176538645e+00
1.216486963356723239e+00
1.216447472832011600e+00
1.216373332085182835e+00
1.216338537817390764e+00
1.216291695364370318e+00
1.216199593963176673e+00
1.216134957692024399e+00
1.216061249875336481e+00
1.216041633250966481e+00
1.216004783833069647e+00
1.215971332052217191e+00
1.215968516258794319e+00
1.215942576089305893e+00
1.215923462357932694e+00
1.215800808955750600e+00
1.215818320171196065e+00
1.215722002740067476e+00
1.215676760969041093e+00
1.215716869121169497e+00
1.215620442715894756e+00
1.215601970187647263e+00
1.215537556888186321e+00
1.215507005499238735e+00
1.215556559293413885e+00
1.215409945185056850e+00
1.215407666287644961e+00
1.215464941949943034e+00
1.215304366416978921e+00
1.215442708676469863e+00
1.215181016424187854e+00
1.215251420129118687e+00
1.215159601180415327e+00
1.215018698711321177e+00
1.214989457506610249e+00
1.214990466910351730e+00
1.214958784177202045e+00
1.214855488080261781e+00
1.214873878533104357e+00
1.214790386422740065e+00
1.214700715804741593e+00
1.214706073841333778e+00
1.214710206226675027e+00
1.214745132589139187e+00
1.214688696854269168e+00
1.214663549615268012e+00
1.214552523842586718e+00
1.214456013263488066e+00
1.214401365183262804e+00
1.214427574758974337e+00
1.214339001128481144e+00
1.214125473089623819e+00
1.214232484964461234e+00
1.214224031369159240e+00
1.214056930801334921e+00
1.214075483443410208e+00
1.214102103525758425e+00
1.213924675278226450e+00
1.214025364756099679e+00
1.213988650728158314e+00
1.213813342448951893e+00
1.213888802324696758e+00
1.213757337905835287e+00
1.213879180509365829e+00
1.213654106891665974e+00
1.213819776065184319e+00
1.213630565397413319e+00
1.213593934934910745e+00
1.213565776855695333e+00
1.213630680026541064e+00
1.213519393579748362e+00
1.213440859068146915e+00
1.213371688737829190e+00
1.213368034811503904e+00
1.213278995078838074e+00
1.213270023141433285e+00
1.213315951649758251e+00
1.213261021417157748e+00
1.213232970110072584e+00
1.213167115086073444e+00
1.213139421017027431e+00
1.213014090378408794e+00
1.213054045350955512e+00
1.212980769313453555e+00
1.212942902632517805e+00
1.212795433766393316e+00
1.213039165012547160e+00
1.212836848564913028e+00
1.212898606114346522e+00
1.212793507062198461e+00
1.212733604209780491e+00
1.212708338541512720e+00
1.212758619571388641e+00
1.212638050533383582e+00
1.212544708006845440e+00
1.212505591387334380e+00
1.212506619282720077e+00
1.212497068753422225e+00
1.212554334090349961e+00
1.212456190417507962e+00
1.212527803638975277e+00
1.212359222967762662e+00
1.212492001063823599e+00
1.212298830167858332e+00
1.212212958011777753e+00
1.212269021363471699e+00
1.212136855428214810e+00
1.212158133535149673e+00
1.212218498253803567e+00
1.212119476488237035e+00
1.212042680791652227e+00
1.212335498316961635e+00
1.212010587348501645e+00
1.211996533981582358e+00
1.211917442510676457e+00
1.211982671762776853e+00
1.211913044860993827e+00
1.211771633904789036e+00
1.211677806263496970e+00
1.211823073548897955e+00
1.211728313707419735e+00
1.211768137003333079e+00
1.211584948323183974e+00
1.211502303678292813e+00
1.211507162345922817e+00
1.211404137957243554e+00
1.211359689247267335e+00
1.211319864237615507e+00
1.211226367925043013e+00
1.211170365296016183e+00
1.211255448116714151e+00
1.211168048446382928e+00
1.211079361838524937e+00
1.210942478185845994e+00
1.211153095906088106e+00
1.211112712308705097e+00
1.211053230633435840e+00
1.210907269049951607e+00
1.211083212971290290e+00
1.210885366112127937e+00
1.210797431888954945e+00
1.210860576081389528e+00
1.210935182656897036e+00
1.210805739834627692e+00
1.210685524655104706e+00
1.210790289586366919e+00
1.210882937007655702e+00
1.210617979139946732e+00
1.210520256746118850e+00
1.210778307978687129e+00
1.210566170774793449e+00
1.210331121537282284e+00
1.210421529929768703e+00
1.210326319431746622e+00
1.210523635843544943e+00
1.210450351085011755e+00
1.210535749095785762e+00
1.210453992085965824e+00
1.210276998008117388e+00
1.210387669157169332e+00
1.210478022092241757e+00
1.210302487464850030e+00
1.210237567765450661e+00
1.210278251467170163e+00
1.210220184351822548e+00
1.209972151626887760e+00
1.209998259357897288e+00
1.209890139084756955e+00
1.210023463637682317e+00
1.210007773836676348e+00
1.209794455668372182e+00
1.209878032253844937e+00
1.209852741332230641e+00
1.209750602501070693e+00
1.209731162342196908e+00
1.209785665147822709e+00
1.209778063808635062e+00
1.209637953277598266e+00
1.209549855186920597e+00
1.209572365952785944e+00
1.209562848508959343e+00
1.209477085805738872e+00
1.209308090969736016e+00
1.209386575567812150e+00
1.209354486356429614e+00
1.209321831326794605e+00
1.209197971695156637e+00
1.209210160907024711e+00
1.209159794084119666e+00
1.209084500283346353e+00
1.209108710682629928e+00
1.209006253423470900e+00
1.209091847139142528e+00
1.208966110175344388e+00
1.208944828449008080e+00
1.209033380296635984e+00
1.208953556973635823e+00
1.208758014271512859e+00
1.208800951973462157e+00
1.208733923020574030e+00
1.208815165000963088e+00
1.208639783433276049e+00
1.208800878042489924e+00
1.208626588388037382e+00
1.208661624550950053e+00
1.208549510975138297e+00
1.208488581189508082e+00
1.208425415103631773e+00
1.208455024659782051e+00
1.208451542327395822e+00
1.208465147563039910e+00
1.208428452287334087e+00
1.208245849141521333e+00
1.208298811082703539e+00
1.208182170685067280e+00
1.208130495337697452e+00
1.208136734300953696e+00
1.208003681081653014e+00
1.208001187370977281e+00
1.208117317224573162e+00
1.207998679608088599e+00
1.208128194002265232e+00
1.207940451888372735e+00
1.208062045200152701e+00
1.208062981045171957e+00
1.207777632695320902e+00
1.207882176982413513e+00
1.207785066053303158e+00
1.207714193791384671e+00
1.207775186545918755e+00
1.207813290812621787e+00
1.207583271634440347e+00
1.207710758101208759e+00
1.207654465510974884e+00
1.207523946305692597e+00
1.207555582217122447e+00
1.207451924293360568e+00
1.207524640657364090e+00
1.207521125650312444e+00
1.207479491675245376e+00
1.207314707139451215e+00
1.207439533753369876e+00
1.207268821611132248e+00
1.207385354222113127e+00
1.207263148445998358e+00
1.207257133758143919e+00
1.207177972932620857e+00
1.207153490713742006e+00
1.207124492025627660e+00
1.207158246104808930e+00
1.207078063688273195e+00
1.206968866382031491e+00
1.207025863168353919e+00
1.207067401508770121e+00
1.206901916081210668e+00
1.206978043092352015e+00
1.206891121064788130e+00
1.206779376674760318e+00
1.206885054900853183e+00
1.206688838454302859e+00
1.206691789079345600e+00
1.206661862917682626e+00
1.206576895607083477e+00
1.206670841049234388e+00
1.206526141309375300e+00
1.206445757536290797e+00
1.206532597460981515e+00
1.206474647911870868e+00
1.206220876069980186e+00
1.206433687994536763e+00
1.206254701964489362e+00
1.206393573575248679e+00
1.206187511282349245e+00
1.206207322454508679e+00
1.206102284398696600e+00
1.206127146041909848e+00
1.206108815117301170e+00
1.206002171442212223e+00
1.205840784247907305e+00
1.206075479227967318e+00
1.205877520744810916e+00
1.205789896249618520e+00
1.205778124589844458e+00
1.205703936097801021e+00
1.205567571697196305e+00
1.205694722274624375e+00
1.205645926270588530e+00
1.205715051615388500e+00
1.205512256379320357e+00
1.205562775472670767e+00
1.205552049666308134e+00
1.205467388293638642e+00
1.205486458620682377e+00
1.205478861462454088e+00
1.205252226151861894e+00
1.205411639166596993e+00
1.205324813912081794e+00
1.205227998010358847e+00
1.205321962281433956e+00
1.205142300120535914e+00
1.205226432644407097e+00
1.205201690123425484e+00
1.205081702451855197e+00
1.205193287591873608e+00
1.205066519958475135e+00
1.205070432551175186e+00
1.204951074209491102e+00
1.204923141574474776e+00
1.204894979318612558e+00
1.204971883683953360e+00
1.204773860401584518e+00
1.204900660998202699e+00
1.204843426803169137e+00
1.204895387317814981e+00
1.204636443343098051e+00
1.204940845490388712e+00
1.204735972437559477e+00
1.204848900403295620e+00
1.204738044572141398e+00
1.204633255976476303e+00
1.204733638770791648e+00
1.204564185564058976e+00
1.204452792054383492e+00
1.204345075885492999e+00
1.204212378479803336e+00
1.204079690702101857e+00
1.204024965417071158e+00
1.203985665471108524e+00
1.203912995949635301e+00
1.203535435627096861e+00
1.203727095976764305e+00
1.203564989382391204e+00
1.203631707201729073e+00
1.203491020541963330e+00
1.203440603167737155e+00
1.203349640397785247e+00
1.203250123812125594e+00
1.203338617859072590e+00
1.203167971803811520e+00
1.203186469393258129e+00
1.203176461692410770e+00
1.203140871384847044e+00
1.203065618861937969e+00
1.203088331030744751e+00
1.202933978053718045e+00
1.202792010394621025e+00
1.202779118245974166e+00
1.202544505406035524e+00
1.202462929364787048e+00
1.202569480823106884e+00
1.202475145915105958e+00
1.202429772883044867e+00
1.202478963380442911e+00
1.202367020617286064e+00
1.202327472571744993e+00
1.202350770368288080e+00
1.202392865663469479e+00
1.202180982209764659e+00
1.202272325162005329e+00
1.202190318077938302e+00
1.202077279949422151e+00
1.202091552572479349e+00
1.201949879441024382e+00
1.201850184583337811e+00
1.201937296556818913e+00
1.201673327711596073e+00
1.201851882232655155e+00
1.201659304832779052e+00
1.201743998508003841e+00
1.201584836043299687e+00
1.201634341433468034e+00
1.201331631414250145e+00
1.201492487119541375e+00
1.201361459344322258e+00
1.201337761694317274e+00
1.201237647035764633e+00
1.201288180277907403e+00
1.201250848956028294e+00
1.201238355386087475e+00
1.201193232775812136e+00
1.201138999171391442e+00
1.201079720567467257e+00
1.200852099201717982e+00
1.200941239891479606e+00
1.200862129785701615e+00
1.200851519480506058e+00
1.200816486098913227e+00
1.200759544183497729e+00
1.200797307309877660e+00
1.200780435514635203e+00
1.200596522702307434e+00
1.200716174865759767e+00
1.200586786631544500e+00
1.200507854111204198e+00
1.200585331260914268e+00
1.200573486370743570e+00
1.200373195501613921e+00
1.200462314739995096e+00
1.200465321759245141e+00
1.200322118122810755e+00
1.200411107836319768e+00
1.200434809898971666e+00
1.200395560889538915e+00
1.200313051731793479e+00
1.200262793362607772e+00
1.200351066188804605e+00
1.200112593510268999e+00
1.200256283905356325e+00
1.200092909386426987e+00
1.200024325517027313e+00
1.200120049794045851e+00
1.199961624834450236e+00
1.200084786929796365e+00
1.200083150485147465e+00
1.199994371730803477e+00
1.199922412284794015e+00
1.199866755932722295e+00
1.199823953947543043e+00
1.199793115925509079e+00
1.199707037000051768e+00
1.199673787257873547e+00
1.199685006821368027e+00
1.199555364512445932e+00
1.199537001917761581e+00
1.199539502850988315e+00
1.199434809575557148e+00
1.199366486642859053e+00
1.199446894179458711e+00
1.199243393560057269e+00
1.199298788260763748e+00
1.199242686049039719e+00
1.199195464328185690e+00
1.199179529084659412e+00
1.199160886844687690e+00
1.199189116947045219e+00
1.199068472470604219e+00
1.199011382511141255e+00
1.199012005303072392e+00
1.198943933358704639e+00
1.198958030772200756e+00
1.198833880209637881e+00
1.198852565653089508e+00
1.198750070900554743e+00
1.198758374290124662e+00
1.198679342266638637e+00
1.198596626714667712e+00
1.198580092783825712e+00
1.198565728785605300e+00
1.198516233364340655e+00
1.198374319632409479e+00
1.198438216138086654e+00
1.198367048461471907e+00
1.198294929836888789e+00
1.198309617697511209e+00
1.198165702515979758e+00
1.198134382187866720e+00
1.197972419586638138e+00
1.198022985103372573e+00
1.197894361104480554e+00
1.197908791177435317e+00
1.197773694438894365e+00
1.197754504053610169e+00
1.197756380534898080e+00
1.197673391545526433e+00
1.197686764108597757e+00
1.197591186222226822e+00
1.197404512557979528e+00
1.197418699562350142e+00
1.197338676913012323e+00
1.197312995676891978e+00
1.197077289528250654e+00
1.197270423195463840e+00
1.197136323715241035e+00
1.197106969288514344e+00
1.197045477947229708e+00
1.196854872825607652e+00
1.196956982107101997e+00
1.196823879798002199e+00
1.196706845038622458e+00
1.196725165024315141e+00
1.196731922345916521e+00
1.196570292256270429e+00
1.196584005742616030e+00
1.196495693290454909e+00
1.196465016434428819e+00
1.196367876572985045e+00
1.196395636767832782e+00
1.196221619329113306e+00
1.196268140589136442e+00
1.196302619409975287e+00
1.196137137758698010e+00
1.196175094340669487e+00
1.196091128884527732e+00
1.195982763672840621e+00
1.196043534297010824e+00
1.195924916608670285e+00
1.195922401161666260e+00
1.195780443194179421e+00
1.195609662717650012e+00
1.195722124577568879e+00
1.195740013642861976e+00
1.195714440697720038e+00
1.195616451269312153e+00
1.195592545931342565e+00
1.195518398046693020e+00
1.195430668837889732e+00
1.195412963312244559e+00
1.195181317201506666e+00
1.195360858793424130e+00
1.195347289557287640e+00
1.195136037316562705e+00
1.195083876873580975e+00
1.195079175564902396e+00
1.195081108167436623e+00
1.194969529400516928e+00
1.195063895526942144e+00
1.194955526274396052e+00
1.194892915717508775e+00
1.194944396685116095e+00
1.194760887048079923e+00
1.194795869424784440e+00
1.194657593835785070e+00
1.194748202602671672e+00
1.194635359251230211e+00
1.194604762307383217e+00
1.194541906198385517e+00
1.194548267923329909e+00
1.194380955844879466e+00
1.194455736560480874e+00
1.194310844628454049e+00
1.194400313363739530e+00
1.194309980109950375e+00
1.194243202290168560e+00
1.194230084656122015e+00
1.194164885866291215e+00
1.194001668142356865e+00
1.194029058076542693e+00
1.193984899399083366e+00
1.194051199878615410e+00
1.193885155231216411e+00
1.193833474682159945e+00
1.193874906334470909e+00
1.193760008566804753e+00
1.193633082866386808e+00
1.193683134701701620e+00
1.193598578185038006e+00
1.193433333189252599e+00
1.193613230389387381e+00
1.193309736011868738e+00
1.193489485485788704e+00
1.193379609044258993e+00
1.193297349651503136e+00
1.193283866415610239e+00
1.193283615508792694e+00
1.193344493924531458e+00
1.193200352538798414e+00
1.193103661408460914e+00
1.193084457959798117e+00
1.193048505263353931e+00
1.193045349379574072e+00
1.192983304212092088e+00
1.192942133749995692e+00
1.192876445191602075e+00
1.192774324620788251e+00
1.192722606878321878e+00
1.192673220601746076e+00
1.192579982987675535e+00
1.192524903542008241e+00
1.192579220163944909e+00
1.192648206917852782e+00
1.192416414404383396e+00
1.192417962609747750e+00
1.192371504531594129e+00
1.192361526276376038e+00
1.192289585036770516e+00
1.192324302554968574e+00
1.192245885003309080e+00
1.192205811269824611e+00
1.192193946395337045e+00
1.192047942613497780e+00
1.192025911771842583e+00
1.191939947497438590e+00
1.191832978081735828e+00
1.191964600514763273e+00
1.191940307751349071e+00
1.191960695617535926e+00
1.192053156170219230e+00
1.191844247794305423e+00
1.191768446454564367e+00
1.191732598311154856e+00
1.191755776923817178e+00
1.191680531244895702e+00
1.191732255252000883e+00
1.191679745405572755e+00
1.191592197433331002e+00
1.191613510592718361e+00
1.191470911438847091e+00
1.191579947372501502e+00
1.191389870487058689e+00
1.191538754040898374e+00
1.191301341533543834e+00
1.191324641114737792e+00
1.191360200579755224e+00
1.191299702123627124e+00
1.191130498190302367e+00
1.191250888126486052e+00
1.190988023620973113e+00
1.191145832690574391e+00
1.191255423345693343e+00
1.190842625170620339e+00
1.191134256733585639e+00
1.190844792003471930e+00
1.190864508458702842e+00
1.190930152449996005e+00
1.190831576245608092e+00
1.190560777323487640e+00
1.190875698660543547e+00
1.190655215594593530e+00
1.190494335415146487e+00
1.190733665285548915e+00
1.190595103079726824e+00
1.190718168487529871e+00
1.190453661063779034e+00
1.190381270594504493e+00
1.190464796810644543e+00
1.190468473484285861e+00
1.190271756996053920e+00
1.190299354094676465e+00
1.190488194810201517e+00
1.190212455535190950e+00
1.190408339201118659e+00
1.190113725804393008e+00
1.190324124616120693e+00
1.189946067566052035e+00
1.189993855026888481e+00
1.189944680755677053e+00
1.190010031461355977e+00
1.189741002982708018e+00
1.190010419528501062e+00
1.189621308482015527e+00
1.189931555180443024e+00
1.189612810002574017e+00
1.189811983226609193e+00
1.189494989111824719e+00
1.189579499853336886e+00
1.189522805218595325e+00
1.189726956920499124e+00
1.189595137185629037e+00
1.189696049348026863e+00
1.189425267610675352e+00
1.189428129400194711e+00
1.189647818807005653e+00
1.189287531569524603e+00
1.189503521005475406e+00
1.189411138523842171e+00
1.189305744918916163e+00
1.189307365165799713e+00
1.189303348080588352e+00
1.189107537610413656e+00
1.189110641001858815e+00
1.189244280021686695e+00
1.188984493453247415e+00
1.189001641598532055e+00
1.189210713507401040e+00
1.188869018929197496e+00
1.188885399875834414e+00
1.188848093887269197e+00
1.188863240873563765e+00
1.188819953199737212e+00
1.188699554546917225e+00
1.188883253557731390e+00
1.188683325275107450e+00
1.188661179798828460e+00
1.188630874978001906e+00
1.188632561364193929e+00
1.188527852508477700e+00
1.188615184208118736e+00
1.188594777335301833e+00
1.188468946674690496e+00
1.188587702615844899e+00
1.188587912963225079e+00
1.188548215622008630e+00
1.188543333195272833e+00
1.188443850989101325e+00
1.188419461130261867e+00
1.188406422817952279e+00
1.188519760182509932e+00
1.188232436102283573e+00
1.188439936667767816e+00
1.188211443932763789e+00
1.188244152820688848e+00
1.188325428687619700e+00
1.188203893243364506e+00
1.188290898223677283e+00
1.188171287030273859e+00
1.188155258476830012e+00
1.188149963598754466e+00
1.188094476060667759e+00
1.188091800271226406e+00
1.188066827798939462e+00
1.187987915205802603e+00
1.187955818161174903e+00
1.187940145307925466e+00
1.187879072519961943e+00
1.187928001224231478e+00
1.187756266400115335e+00
1.187825749976847423e+00
1.187687314931367144e+00
1.187751690382826242e+00
1.187659417662413786e+00
1.187620204852189332e+00
1.187714944272261874e+00
1.187514436835050979e+00
1.187691316914597950e+00
1.187526088602100405e+00
1.187527022499159868e+00
1.187383436295632366e+00
1.187468911618919210e+00
1.187301824437212217e+00
1.187475778753192657e+00
1.187264238688629181e+00
1.187307442664676138e+00
1.187262656900669899e+00
1.187094393809646986e+00
1.187279799395961399e+00
1.186962072474880170e+00
1.187069993765483167e+00
1.187067418586056577e+00
1.186995067974603968e+00
1.186952677704961046e+00
1.186923810098007293e+00
1.186871220037683861e+00
1.186830619380718987e+00
1.186872463090150598e+00
1.186853438874943656e+00
1.186803087265104750e+00
1.186768540710080755e+00
1.186758189529801610e+00
1.186769682568099338e+00
1.186607520128870830e+00
1.186534983896850415e+00
1.186548213515663086e+00
1.186477420862121823e+00
1.186462056924626696e+00
1.186515029052570780e+00
1.186389720091778344e+00
1.186320539362273552e+00
1.186359104903963901e+00
1.186421130099922783e+00
1.186238049249271898e+00
1.186177842793774362e+00
1.186398265674523334e+00
1.186214739462057244e+00
1.186142955451948700e+00
1.186210898841286276e+00
1.186233631670185362e+00
1.186067819141464641e+00
1.186034588779183219e+00
1.186055099308692240e+00
1.186013502924616381e+00
1.186043216139678558e+00
1.186040723675278352e+00
1.185992457092101215e+00
1.185888936402533789e+00
1.185916621667080229e+00
1.185910184341244511e+00
1.185930674824754671e+00
1.185863049277986025e+00
1.185816943315519234e+00
1.185871624699369020e+00
1.185691917493861158e+00
1.185720257284892831e+00
1.185570294135742886e+00
1.185467175646977234e+00
1.185534852989699850e+00
1.185529227774436478e+00
1.185479554676344582e+00
1.185522173974876248e+00
1.185527413396285201e+00
1.185463708847880770e+00
1.185392555758981947e+00
1.185374885851744331e+00
1.185453257246152026e+00
1.185394216944762436e+00
1.185343156207157689e+00
1.185341846033167945e+00
1.185258604221059109e+00
1.185057300413891124e+00
1.185107557959396152e+00
1.185007984213765519e+00
1.184954475566372123e+00
1.184919729121254539e+00
1.184925363061221759e+00
1.184898348402159796e+00
1.184807979450802184e+00
1.184905907429656180e+00
1.184853500131799020e+00
1.184645873270492755e+00
1.184842440054722390e+00
1.184720330599464244e+00
1.184847493366631754e+00
1.184759008054181662e+00
1.184617923280409713e+00
1.184499179611934627e+00
1.184602954699647048e+00
1.184655887418368581e+00
1.184626909999972666e+00
1.184597754107907797e+00
1.184427829550369626e+00
1.184502876535284743e+00
1.184396547976147795e+00
1.184498830565466898e+00
1.184504394793412629e+00
1.184164520692860156e+00
1.184439437157916775e+00
1.184445816389953166e+00
1.184354917979742128e+00
1.184123362165506732e+00
1.184334595182911398e+00
1.184159363438786139e+00
1.184277464895561849e+00
1.184432722815869976e+00
1.184000832535608838e+00
1.184172367432136941e+00
1.184407592998754755e+00
1.184205237009907874e+00
1.184030106935826998e+00
1.184140766875542372e+00
1.183986501628092158e+00
1.184092899359753259e+00
1.183880640151846464e+00
1.184041728007232841e+00
1.183909427663644598e+00
1.183984706183424329e+00
1.183782505575121435e+00
1.183775013985060909e+00
1.183847810821817559e+00
1.184018978335821259e+00
1.183707138014463700e+00
1.183834258216402757e+00
1.183991841181774030e+00
1.183821224747138245e+00
1.183857587356853758e+00
1.183690353678266360e+00
1.183827832547600156e+00
1.183836796450157047e+00
1.183768263986838543e+00
1.183501708192419954e+00
1.183404634374231712e+00
1.183635409053080290e+00
1.183546843710052698e+00
1.183513176343976570e+00
1.183467674583840834e+00
1.183210577842111144e+00
1.183472316665851398e+00
1.183284773847527394e+00
1.183362844838901973e+00
1.183470154274181008e+00
1.183562956021223966e+00
1.183223493677934668e+00
1.183521308390674598e+00
1.183233851638417766e+00
1.183317235469179884e+00
1.183443938970456299e+00
1.183102874333092247e+00
1.183103010160396762e+00
1.183155616783800879e+00
1.183316834477114332e+00
1.183001662037764801e+00
1.183278246289306557e+00
1.183114732959393400e+00
1.183030011491603029e+00
1.183077200531922779e+00
1.182887621553145641e+00
1.183096367334287136e+00
1.182869633502463325e+00
1.182877007092489663e+00
1.182941982055609964e+00
1.182825650708742238e+00
1.182815953323292257e+00
1.182704299086056121e+00
1.182928182093498704e+00
1.182681752111727880e+00
1.182646556871898680e+00
1.182952538705972279e+00
1.182771306479714069e+00
1.182840366168367963e+00
1.182520233452707403e+00
1.182430770388959607e+00
1.182621255176193875e+00
1.182386861263139410e+00
1.182645525512412643e+00
1.182427219943526397e+00
1.182240819323402192e+00
1.182611577167876904e+00
1.182263281489126294e+00
1.182224096158863036e+00
1.182405321301619239e+00
1.182324821153478478e+00
1.182198431053437471e+00
1.182505273951589331e+00
1.182170764854169942e+00
1.182579123688514144e+00
1.182102402515578854e+00
1.182119285288383947e+00
1.182096018939655435e+00
1.181860110562285682e+00
1.182337674400461003e+00
1.182221855043841474e+00
1.181978878793791266e+00
1.182307566211354022e+00
1.182082854962293927e+00
1.182130967974017288e+00
1.182072994020991974e+00
1.181996462453571706e+00
1.181695177436393074e+00
1.182177783033379947e+00
1.181984756778938328e+00
1.181830076106531013e+00
1.181775321349390007e+00
1.181805723138883213e+00
1.181861771140315875e+00
1.181724868896170788e+00
1.181962524457604857e+00
1.181541720101350501e+00
1.181725594493781228e+00
1.181768367573203582e+00
1.181638990595978322e+00
1.181432038971540033e+00
1.181936971480741727e+00
1.181457076922684868e+00
1.181625312277017947e+00
1.181818481286684763e+00
1.181375381236859257e+00
1.181549951203873627e+00
1.181391546305752271e+00
1.181602456044914984e+00
1.181337310878066704e+00
1.181406599851739792e+00
1.181363141134227579e+00
1.181263363925528775e+00
1.181494896007907691e+00
1.181280831560560074e+00
1.181216020682615442e+00
1.181492029986203507e+00
1.181211278382173324e+00
1.181379305582281214e+00
1.181126092349399803e+00
1.181102669250566173e+00
1.181254923907917309e+00
1.181211917162191094e+00
1.181043592622413207e+00
1.181096988688887794e+00
1.181068068142503202e+00
1.180958979602446668e+00
1.181275749698082578e+00
1.181092583018309439e+00
