2.921097104440779049e+02
6.625086676335973834e+01
5.066609904044394597e+01
4.439449972422104196e+01
4.049940459300523088e+01
3.696966670602175498e+01
3.315079073452817227e+01
2.865241933498878879e+01
2.326099877167094121e+01
1.721490806513486049e+01
1.163463913153891660e+01
7.923256004596563429e+00
6.233333726119920648e+00
5.414882754620307104e+00
4.883874796123995665e+00
4.489095362516952292e+00
4.182138791690095836e+00
3.939289192499023429e+00
3.738796408969740526e+00
3.567544630215806034e+00
3.420027803827016211e+00
3.294223957578416684e+00
3.182368242312203943e+00
3.080092642157034266e+00
2.986214924175021768e+00
2.904770377063024878e+00
2.835059345087390437e+00
2.770952996733857532e+00
2.711278519582391855e+00
2.655103704953288624e+00
2.602173589468917303e+00
2.551747631776933201e+00
2.503342547013831076e+00
2.458313690372733173e+00
2.417086645587830152e+00
2.379000517951559868e+00
2.343218994974555436e+00
2.309021057025230306e+00
2.277227346459218982e+00
2.246657813000232373e+00
2.217637485500651984e+00
2.189513430573472252e+00
2.163295128595248862e+00
2.138742318419962984e+00
2.115754162867205412e+00
2.093724031945375597e+00
2.073018690109794893e+00
2.053314018473911151e+00
2.034842980252531408e+00
2.017693335238886387e+00
2.001556130127057020e+00
1.986242730151255742e+00
1.971486113698579956e+00
1.957932379334091921e+00
1.944945889437178055e+00
1.933062884533595316e+00
1.922009629322804392e+00
1.911093004037346610e+00
1.900944129941768201e+00
1.891201715321650267e+00
1.882145900404893935e+00
1.873433715780233433e+00
1.865631788981788830e+00
1.857989646600042954e+00
1.850747451526139953e+00
1.844377680768219507e+00
1.837970278552433889e+00
1.831911650878252473e+00
1.826093885262393579e+00
1.820515195949831577e+00
1.815198443056772248e+00
1.809912000581761271e+00
1.804807665188564947e+00
1.799711464899090174e+00
1.794812840792021857e+00
1.790264204255297642e+00
1.785843105235841222e+00
1.781323033173776826e+00
1.777209221536644179e+00
1.772872956553749768e+00
1.768638996955549381e+00
1.764638023834559144e+00
1.761009692749560651e+00
1.757266968632088755e+00
1.753946482508680127e+00
1.750315807359665632e+00
1.746776979063725532e+00
1.743393560188283731e+00
1.739772153787609854e+00
1.736327007465086725e+00
1.733202020898606532e+00
1.729805770581618551e+00
1.726421929857034465e+00
1.723182222138937680e+00
1.719711095741093709e+00
1.716697751759546309e+00
1.713646057190478134e+00
1.710795730563425820e+00
1.707966109782722341e+00
1.705043804252688533e+00
1.702200434707727306e+00
1.699555330706106204e+00
1.696681895593996403e+00
1.693242542273188933e+00
1.690144374564641616e+00
1.687056805639762791e+00
1.684322942454165251e+00
1.681431205652918592e+00
1.678651872077294938e+00
1.676041377022043255e+00
1.673492186019862160e+00
1.670738777103241368e+00
1.668136086170939558e+00
1.665668643539870208e+00
1.663273330194987132e+00
1.660968599908106524e+00
1.658712089424424496e+00
1.656721038964409809e+00
1.654276601303616756e+00
1.652272567482498511e+00
1.650201389622279358e+00
1.647857087622418115e+00
1.645731711890496163e+00
1.643588281311967991e+00
1.641359588629863531e+00
1.639421985315045793e+00
1.637427071792422639e+00
1.635331554183587111e+00
1.633427186931506681e+00
1.631605882046416989e+00
1.629772743877245800e+00
1.628029938121488440e+00
1.626393566534407809e+00
1.624646014262820737e+00
1.622949938842016770e+00
1.621317319137509871e+00
1.619633200329393397e+00
1.617918708320623233e+00
1.616060320100152436e+00
1.614200578570906153e+00
1.612171127629148160e+00
1.610255325987077768e+00
1.608028134960058253e+00
1.605467737413943441e+00
1.603219087890578320e+00
1.600828463895795251e+00
1.598369654669971496e+00
1.595967268139922624e+00
1.593793218775261700e+00
1.591680585995967734e+00
1.589526338847580211e+00
1.587248062754059719e+00
1.584891811292180597e+00
1.582598475548609551e+00
1.580489305936565003e+00
1.578473838592523437e+00
1.576382718580690678e+00
1.574447106858435363e+00
1.572515833899746918e+00
1.570820821059952799e+00
1.568971858563028343e+00
1.567302365878182835e+00
1.565647201189370508e+00
1.563972823698952519e+00
1.562538161125332836e+00
1.560852753984843355e+00
1.559061124313603663e+00
1.557548959123815635e+00
1.555789544324411189e+00
1.554272276813792208e+00
1.552730703860157879e+00
1.551436998377421217e+00
1.549854902109089494e+00
1.548496915034617727e+00
1.547084664788208164e+00
1.545745622968184740e+00
1.544412225405680017e+00
1.543064507618241876e+00
1.541782031023153365e+00
1.540714260874664454e+00
1.539418859392424288e+00
1.538227219979337201e+00
1.536985132140306076e+00
1.535550010819894728e+00
1.534341468329748048e+00
1.533513607698955283e+00
1.532191916169121981e+00
1.531256222254896437e+00
1.530048716644976325e+00
1.528885601039569941e+00
1.527854826171729963e+00
1.526870584562421973e+00
1.525918543400499816e+00
1.524850881214693032e+00
1.523778427421464521e+00
1.522827114447948382e+00
1.521827564794036247e+00
1.521079067304666133e+00
1.520127402192233523e+00
1.519226108951296395e+00
1.518341918610821351e+00
1.517384490560581556e+00
1.516062742052182166e+00
1.515053526199110712e+00
1.513970339309447466e+00
1.513001343509606800e+00
1.511646320987175995e+00
1.510748203213702290e+00
1.509710858534201172e+00
1.508643066375389141e+00
1.507739951390752120e+00
1.506708312789426296e+00
1.505476033852097162e+00
1.504280552106487256e+00
1.503194841022429840e+00
1.502042232682627931e+00
1.500946050104625229e+00
1.499920265129467856e+00
1.498908921404694006e+00
1.497777778133382087e+00
1.496638816423141227e+00
1.495482649812231779e+00
1.494531992818623811e+00
1.493459229238422337e+00
1.492479953859424002e+00
1.491639269835955517e+00
1.490596499826131627e+00
1.489618072302850926e+00
1.488681386271054174e+00
1.487691508984719135e+00
1.486685605781468356e+00
1.485680271632201510e+00
1.484637619224739025e+00
1.483592326353928570e+00
1.482479457050564831e+00
1.481338873533193601e+00
1.480352348651534422e+00
1.479283246533687146e+00
1.478369195519682044e+00
1.477437284110131088e+00
1.476517140428867947e+00
1.475459234783913720e+00
1.474393695369968782e+00
1.473359596457113341e+00
1.472569508335277888e+00
1.471789710798013351e+00
1.470896880698823850e+00
1.470044140998649773e+00
1.469203195818316265e+00
1.468233935925802092e+00
1.467443262458882236e+00
1.466591557444283822e+00
1.465815392736464995e+00
1.464953500102051498e+00
1.464253520877752734e+00
1.463516816417364419e+00
1.462750891313456370e+00
1.462082390117662944e+00
1.461393123980878839e+00
1.460606468610395003e+00
1.459988631010616489e+00
1.459258492742579127e+00
1.458566287210990353e+00
1.457932963847577312e+00
1.457347789000497551e+00
1.456571792923456954e+00
1.456055849896117804e+00
1.455429064345420853e+00
1.454748198229710576e+00
1.454194473131759091e+00
1.453471429470921228e+00
1.452845018444742342e+00
1.452243165670010550e+00
1.451563296926351887e+00
1.450924179710820328e+00
1.450373880566050211e+00
1.449768215573028485e+00
1.449215528438509537e+00
1.448493067549122992e+00
1.448034571257650782e+00
1.447246220610995948e+00
1.446900507429593086e+00
1.446189716822454230e+00
1.445596018855635378e+00
1.445069637954835562e+00
1.444449518258634990e+00
1.443966822586278509e+00
1.443421103946342265e+00
1.442933383019224358e+00
1.442221104380902119e+00
1.441700681943733686e+00
1.441213912729493174e+00
1.440716408581323327e+00
1.440234788236282926e+00
1.439801114345235833e+00
1.439296763977011340e+00
1.438937703244865363e+00
1.438324908893455545e+00
1.437775634132955060e+00
1.437276720136285268e+00
1.436891075141238927e+00
1.436431843598008351e+00
1.436002017096979166e+00
1.435464891250611830e+00
1.435003850365053957e+00
1.434574781061102478e+00
1.434011899428673020e+00
1.433796732371060756e+00
1.433262542759467850e+00
1.432856353390013160e+00
1.432430420234775292e+00
1.432035352904394543e+00
1.431735121456588766e+00
1.431228417008398646e+00
1.430960221588944981e+00
1.430536550078706171e+00
1.430308289063879856e+00
1.429915024807050239e+00
1.429528895806465583e+00
1.429165655910731525e+00
1.428802618424207083e+00
1.428319746233896126e+00
1.428113404453481117e+00
1.427807422739274523e+00
1.427486533770254917e+00
1.427165584744367388e+00
1.426860997428438083e+00
1.426500588751286047e+00
1.426141297191109381e+00
1.425795628972817086e+00
1.425434701725497355e+00
1.425113795463023081e+00
1.424706693562870941e+00
1.424426535250143511e+00
1.424015288163287929e+00
1.423688968271940025e+00
1.423300003827810301e+00
1.423024444892060592e+00
1.422774381920415943e+00
1.422429248154616133e+00
1.422113803192506687e+00
1.421772108203505303e+00
1.421561501432348384e+00
1.421231585346485415e+00
1.420984953531665207e+00
1.420652227086830477e+00
1.420423416379734460e+00
1.420204185584592382e+00
1.419875058040392490e+00
1.419563073925851571e+00
1.419329425334880712e+00
1.419032916068212025e+00
1.418761108043438135e+00
1.418339985296592110e+00
1.418042539439762884e+00
1.417807121099191159e+00
1.417573818236219196e+00
1.417288753718376038e+00
1.416971274226032973e+00
1.416874691794387964e+00
1.416581187544643461e+00
1.416232862147284832e+00
1.415974546596617145e+00
1.415663763729062552e+00
1.415479494192501742e+00
1.415200742738724093e+00
1.414907772683185128e+00
1.414662638869325972e+00
1.414430220454595322e+00
1.414200914925162422e+00
1.413941548146070204e+00
1.413785012713716149e+00
1.413507000962099802e+00
1.413163021940893493e+00
1.412991872734410848e+00
1.412749520304083406e+00
1.412419669253188959e+00
1.412181812662193003e+00
1.411955625065115294e+00
1.411689704071513951e+00
1.411478748955548923e+00
1.411145879246558543e+00
1.410880682582300594e+00
1.410545666337990278e+00
1.410179205663803392e+00
1.409945456839601929e+00
1.409576703789665819e+00
1.409217615617509800e+00
1.409072925417570454e+00
1.408669953211562964e+00
1.408438526708384986e+00
1.408103223014883776e+00
1.408034304055145070e+00
1.407748464418163259e+00
1.407458245037314315e+00
1.407259669973472738e+00
1.406987213992857422e+00
1.406702341524303401e+00
1.406515820415930706e+00
1.406138699298137062e+00
1.406122258424269633e+00
1.405717170631627155e+00
1.405325134738789394e+00
1.404994486865956516e+00
1.404758539946403317e+00
1.404303627295055534e+00
1.404155572597646895e+00
1.403848989104120371e+00
1.403450394186785743e+00
1.403282621946768005e+00
1.402896189381392711e+00
1.402770567515058575e+00
1.402411106086960402e+00
1.402238991263050183e+00
1.402051813407208414e+00
1.401881879480179061e+00
1.401662857011653829e+00
1.401475241864118759e+00
1.401253803218029503e+00
1.401153437923228218e+00
1.400962887982741600e+00
1.400815282464640488e+00
1.400542292310312575e+00
1.400380283371531975e+00
1.400255212921338810e+00
1.400073272717657247e+00
1.399718791244957794e+00
1.399723106022512376e+00
1.399400915181025162e+00
1.399218433691370223e+00
1.398919062868819951e+00
1.398703068428662322e+00
1.398590012036184049e+00
1.398306047608529612e+00
1.398084026743576125e+00
1.397901689444175810e+00
1.397718482412259711e+00
1.397529293592093325e+00
1.397178505061127396e+00
1.397065482752686272e+00
1.396828922895164915e+00
1.396688822763496818e+00
1.396428828765809760e+00
1.396308451897644076e+00
1.396032513093357075e+00
1.395872992000909862e+00
1.395671445008137335e+00
1.395506253793305396e+00
1.395455312857522223e+00
1.395249019073914631e+00
1.395204086782522168e+00
1.394879241749267917e+00
1.394645717083135006e+00
1.394603156305917357e+00
1.394355092714794964e+00
1.394176811394250093e+00
1.393857829915561952e+00
1.393778832714578142e+00
1.393544745599822221e+00
1.393224628854470737e+00
1.393183304749344709e+00
1.392950392614268340e+00
1.392668280725663621e+00
1.392445398775965293e+00
1.392387422087751458e+00
1.392158268431074930e+00
1.391971955443823683e+00
1.391658095061508504e+00
1.391532695843938461e+00
1.391372986616209895e+00
1.391314425361307672e+00
1.391008220392183858e+00
1.390995550960616667e+00
1.390754204457014476e+00
1.390497998919756784e+00
1.390313849509654309e+00
1.390126897785535220e+00
1.389891091982574656e+00
1.389791891730595585e+00
1.389569436096129929e+00
1.389417624999069512e+00
1.389005742666579168e+00
1.388876694982104532e+00
1.388771742419268707e+00
1.388499126419464824e+00
1.388345307855898048e+00
1.388260782533747850e+00
1.388044790120626759e+00
1.387922716290835412e+00
1.387841795770586417e+00
1.387573185102888518e+00
1.387535260598269149e+00
1.387249401437911978e+00
1.387121494729450122e+00
1.386976363453659600e+00
1.386905336715109405e+00
1.386712544716625972e+00
1.386528841660842337e+00
1.386410312057433147e+00
1.386226077590996475e+00
1.385949730453566842e+00
1.385825190742251856e+00
1.385633120396973617e+00
1.385443934560841805e+00
1.385378586529975697e+00
1.385156272179967729e+00
1.385041751766663332e+00
1.384878112516188864e+00
1.384601967990807481e+00
1.384626543406465737e+00
1.384370583318952797e+00
1.384292834356685598e+00
1.383966170597995538e+00
1.383967525366044171e+00
1.383901590645850499e+00
1.383592953888320487e+00
1.383449831679697928e+00
1.383284310438304132e+00
1.383012881225777591e+00
1.382914595565782889e+00
1.382712865067541985e+00
1.382519330597968610e+00
1.382417658404349936e+00
1.382240192392965028e+00
1.382200032759058006e+00
1.381968014724065164e+00
1.381788222864402504e+00
1.381553921054000433e+00
1.381418614860604244e+00
1.381118639695971595e+00
1.381003456021472120e+00
1.380883404941818382e+00
1.380684079998923508e+00
1.380627675713182123e+00
1.380454560730672187e+00
1.380293895528455606e+00
1.380142134869405846e+00
1.380025140677673567e+00
1.379817758940357075e+00
1.379660140346630870e+00
1.379479680853412660e+00
1.379440616828515820e+00
1.379295310796970320e+00
1.379041656689452333e+00
1.378847212110284604e+00
1.378629003301071521e+00
1.378380859845821371e+00
1.378134822706858387e+00
1.377929395920437727e+00
1.377898548268301937e+00
1.377699575061283044e+00
1.377595666350150738e+00
1.377374677975115924e+00
1.377143496287028812e+00
1.376999166278234599e+00
1.376708506946318522e+00
1.376578115877759245e+00
1.376410995883260435e+00
1.376075932206637153e+00
1.375820006734089551e+00
1.375664010616790556e+00
1.375440063270233493e+00
1.375294056555403488e+00
1.374977222273306987e+00
1.375096664403915758e+00
1.374767744152399773e+00
1.374787129725853818e+00
1.374719552628806740e+00
1.374394459395783974e+00
1.374353999210676802e+00
1.374019124264302727e+00
1.374089111759334569e+00
1.373963441816449915e+00
1.373561556893993396e+00
1.373605083839810392e+00
1.373292946667515224e+00
1.373355690535444040e+00
1.373134995413509030e+00
1.372947768770895527e+00
1.372915154772830215e+00
1.372824652678631629e+00
1.372634304609481992e+00
1.372416648568965725e+00
1.372213741769198192e+00
1.372092267266507903e+00
1.372040063965446643e+00
1.371730165448585614e+00
1.371549706995089268e+00
1.371446147749799449e+00
1.371340438186424038e+00
1.371161078412494794e+00
1.371053311420782572e+00
1.370947155721754074e+00
1.370858543844146960e+00
1.370736273998334420e+00
1.370480478539127356e+00
1.370451744279595374e+00
1.370162508840329529e+00
1.369986472109634645e+00
1.369806130101435704e+00
1.369921070772972316e+00
1.369561915078442160e+00
1.369615269538954072e+00
1.369366834028867830e+00
1.369401213498639081e+00
1.369123135862235552e+00
1.369133487909491853e+00
1.368900757098336696e+00
1.368920206799256079e+00
1.368646633969806681e+00
1.368565012039751672e+00
1.368585864813971043e+00
1.368354619535729233e+00
1.368214809541911103e+00
1.368140676045237036e+00
1.367980707520098482e+00
1.367913047664895743e+00
1.367692822534247732e+00
1.367614700457719268e+00
1.367482752190367412e+00
1.367340135509865329e+00
1.367304963073896040e+00
1.367256509325090574e+00
1.367061114126635779e+00
1.366966724198283467e+00
1.366815114181465285e+00
1.366676812253723172e+00
1.366553592823506635e+00
1.366473030408968503e+00
1.366372732167095094e+00
1.366293745410036786e+00
1.366110995940158723e+00
1.365938791637580030e+00
1.365857107346697852e+00
1.365830500472136722e+00
1.365538300918612835e+00
1.365589256581091204e+00
1.365396036787477563e+00
1.365261472413076049e+00
1.365211774301549497e+00
1.365064251166296261e+00
1.364946905270228328e+00
1.364831020761506197e+00
1.364868840875922196e+00
1.364668953844227817e+00
1.364470149970126167e+00
1.364591314709558967e+00
1.364306706269948544e+00
1.364278400244106848e+00
1.364044570887082530e+00
1.363890811330411346e+00
1.363759975288716175e+00
1.363662719738082840e+00
1.363519450862389348e+00
1.363411112252942869e+00
1.363307375942777400e+00
1.363170982686350508e+00
1.363078874113846206e+00
1.363000640146400544e+00
1.362943589814176404e+00
1.362795079908198259e+00
1.362653494429356238e+00
1.362509955977333709e+00
1.362522166856585448e+00
1.362381018385832476e+00
1.362263535688842842e+00
1.362119998691408318e+00
1.362029481109836127e+00
1.362010390546413818e+00
1.361834253752398860e+00
1.361761967671360152e+00
1.361632863987855435e+00
1.361516587164403935e+00
1.361455158634697460e+00
1.361351178227832248e+00
1.361242682792057623e+00
1.361060305596088371e+00
1.360966326188435938e+00
1.360785979920422939e+00
1.360695001052337538e+00
1.360667501781104960e+00
1.360437306781128841e+00
1.360452807753154580e+00
1.360288415300141551e+00
1.360173678924033958e+00
1.360095349232151030e+00
1.360025247172790941e+00
1.359922340710237876e+00
1.359830290938055741e+00
1.359680234458499504e+00
1.359554608906223150e+00
1.359386527976668146e+00
1.359275765313819884e+00
1.359191702785144118e+00
1.359007360603314396e+00
1.358938708265490014e+00
1.358829329331495694e+00
1.358797390971328456e+00
1.358559686426849877e+00
1.358761887165252924e+00
1.358525131321901780e+00
1.358283274741182822e+00
1.358240794901491633e+00
1.358084329039717764e+00
1.357920218055397976e+00
1.357894536660982920e+00
1.357758068397623363e+00
1.357646063188473251e+00
1.357463009753254957e+00
1.357370852766494052e+00
1.357383139152243068e+00
1.357218129329624823e+00
1.357121295767092617e+00
1.357085490032700292e+00
1.357106888756161034e+00
1.356834299061420390e+00
1.356780847926116751e+00
1.356654302686782332e+00
1.356558773760586201e+00
1.356469936930235320e+00
1.356408082407178917e+00
1.356342585297814596e+00
1.356256370131770916e+00
1.356176559836024476e+00
1.356171890170002170e+00
1.356054101145464985e+00
1.355932126802821491e+00
1.355956142718923729e+00
1.355780664057703033e+00
1.355806009747997587e+00
1.355527409370167469e+00
1.355627177627684254e+00
1.355453555525294007e+00
1.355351115098741843e+00
1.355337530422727532e+00
1.355290484572709397e+00
1.355156433837762853e+00
1.355020380883486419e+00
1.354984434961105100e+00
1.354821645015741538e+00
1.354819035787559800e+00
1.354647812735891854e+00
1.354510069450446830e+00
1.354388290831890496e+00
1.354424000448699594e+00
1.354332109298722164e+00
1.354260186161015733e+00
1.354073696836641361e+00
1.354023894528783245e+00
1.353875362010701133e+00
1.353744247177965931e+00
1.353678284822603883e+00
1.353474640363808268e+00
1.353263706115000353e+00
1.353338054970611770e+00
1.353003761453314580e+00
1.353071386883406335e+00
1.352894362025849562e+00
1.352914661335366864e+00
1.352910673554365673e+00
1.352758754147041387e+00
1.352665238535550651e+00
1.352543764443954855e+00
1.352469208164519321e+00
1.352354099363163087e+00
1.352251341105947802e+00
1.352140762605935853e+00
1.352020586056508877e+00
1.352140247224611569e+00
1.351950222325364548e+00
1.351827989828277454e+00
1.351704657249529484e+00
1.351583180495003811e+00
1.351614968977906228e+00
1.351408786649912708e+00
1.351340938090335841e+00
1.351317414359695768e+00
1.351256332532988713e+00
1.351339791322761386e+00
1.351117080502006074e+00
1.351243042314371534e+00
1.351156571780390392e+00
1.350934678915432841e+00
1.350889888535331096e+00
1.350651322856151637e+00
1.350552944184079118e+00
1.350491384595264854e+00
1.350389911002127574e+00
1.350207486984341232e+00
1.350181026038737242e+00
1.350022220882696411e+00
1.349821858224628635e+00
1.349812144092877864e+00
1.349608654474535596e+00
1.349592913867379229e+00
1.349353099781936072e+00
1.349358483164259548e+00
1.349228201507344016e+00
1.349116244620429006e+00
1.349053479749246831e+00
1.348972770673984245e+00
1.348751895685209368e+00
1.348711327303866447e+00
1.348631876463016965e+00
1.348613240277351411e+00
1.348498291933857951e+00
1.348437190904079097e+00
1.348408352740542826e+00
1.348243356607022436e+00
1.347901636632863775e+00
1.348075566473994513e+00
1.347791620073638841e+00
1.347952292159543708e+00
1.347650542182239342e+00
1.347674632229188818e+00
1.347582013561927861e+00
1.347270604802954130e+00
1.347281709500483204e+00
1.347048220947224983e+00
1.346897992761351359e+00
1.346832129165446590e+00
1.346854497679765617e+00
1.346683292829132350e+00
1.346505956332037846e+00
1.346267957455181685e+00
1.346234262099623713e+00
1.346149397038585382e+00
1.345786509015880261e+00
1.345725218418111213e+00
1.345622886590648326e+00
1.345495239954615840e+00
1.345257322867941641e+00
1.345272198356135762e+00
1.345114426364758309e+00
1.345050203961851487e+00
1.344817302320195251e+00
1.344850002148326951e+00
1.344540276523947364e+00
1.344397651479704026e+00
1.344436369268071418e+00
1.344137935290905750e+00
1.344070778868349691e+00
1.343833217461023688e+00
1.343785726589341811e+00
1.343631551182077777e+00
1.343553698411345643e+00
1.343461510039404727e+00
1.343256762313864927e+00
1.343229156082649700e+00
1.342948607256727378e+00
1.342875396740567551e+00
1.342547347120593093e+00
1.342612713282995252e+00
1.342502375822645533e+00
1.342142469270730887e+00
1.342044426846474847e+00
1.341692707467849743e+00
1.341645735601883827e+00
1.341543599398036468e+00
1.341458198712673910e+00
1.341361133683535156e+00
1.341318259267085145e+00
1.341270049307420109e+00
1.340833913367146302e+00
1.340804898465278505e+00
1.340841812085479923e+00
1.340469675196898081e+00
1.340743742989925602e+00
1.340584743730201867e+00
1.340416714293654943e+00
1.340225774975211115e+00
1.340093175402970127e+00
1.339914188893007507e+00
1.339449211288802344e+00
1.339623962750506658e+00
1.339528119092413760e+00
1.339093627190527380e+00
1.338880422188307939e+00
1.339130060372982323e+00
1.338706086633386860e+00
1.338710638914440976e+00
1.338373305777651900e+00
1.338499749354396195e+00
1.338113245933050699e+00
1.337891728134898095e+00
1.337681044114371609e+00
1.337578798346161335e+00
1.337569597956573597e+00
1.337145240273859947e+00
1.336807173057911413e+00
1.336664075246586592e+00
1.336333178565236368e+00
1.336062079164310079e+00
1.336052058549465960e+00
1.335743007690903594e+00
1.335564905839934147e+00
1.335383388576534491e+00
1.335064570447706211e+00
1.334902335249046113e+00
1.334814560942611195e+00
1.334575645116446330e+00
1.334336466787120257e+00
1.334301485240785512e+00
1.333917494890004107e+00
1.333789545529082909e+00
1.333246575965856495e+00
1.332908895636302882e+00
1.332530307755213084e+00
1.332096909811459229e+00
1.331805886010573703e+00
1.331317266421474299e+00
1.331035068824172773e+00
1.330579671657138974e+00
1.330046382840164965e+00
1.329661629974625781e+00
1.329251272567243403e+00
1.328904652364678141e+00
1.328557645611959437e+00
1.328160607525289860e+00
1.327780942309372714e+00
1.327120714624580922e+00
1.326917236008809509e+00
1.326196566256467646e+00
1.325498864873928317e+00
1.324558666917367900e+00
1.323712654280134071e+00
1.322732853889400539e+00
1.322043024129239575e+00
1.321291495354814716e+00
1.320492503301158527e+00
1.319969884252746972e+00
1.319211263141901069e+00
1.318595940038804981e+00
1.318067903879187153e+00
1.317268804794641701e+00
1.316721641191308967e+00
1.316119162902625428e+00
1.315685645815667604e+00
1.315216401102471400e+00
1.314788504829274451e+00
1.313964035740887715e+00
1.313945839257340209e+00
1.313511864620416913e+00
1.313136848120861844e+00
1.312811824837393226e+00
1.312289368631045727e+00
1.311979798622572746e+00
1.311594947030872538e+00
1.311314850171116708e+00
1.310829543973757394e+00
1.310501719420407829e+00
1.309983844495806737e+00
1.309620428933537584e+00
1.309171322587230124e+00
1.308729753062345624e+00
1.308460803373393100e+00
1.308333732265812177e+00
1.307728538933509599e+00
1.307089996566610735e+00
1.306768609524066038e+00
1.306349263454642307e+00
1.306032546261355565e+00
1.305640708480730661e+00
1.305381399035383749e+00
1.304922049020877273e+00
1.304814170730970391e+00
1.304418970436480807e+00
1.304024671519034451e+00
1.303678197742430767e+00
1.303361000390748980e+00
1.303218911404210312e+00
1.302862742350172409e+00
1.302136693826285718e+00
1.301798230248781163e+00
1.301949749709416349e+00
1.301333933435656842e+00
1.301083325935248558e+00
1.300501351145214146e+00
1.300565435958617622e+00
1.300410732628352051e+00
1.299781691922402560e+00
1.299678966249066425e+00
1.299430964066041083e+00
1.299124190428541326e+00
1.298980814741316880e+00
1.298587670194083721e+00
1.298566166700341640e+00
1.298380399140087738e+00
1.298055133759904445e+00
1.297797581560717672e+00
1.297274405420132171e+00
1.297074235276358900e+00
1.296923917623570732e+00
1.296676436192942150e+00
1.296297023549732419e+00
1.296205400512575157e+00
1.296205643183150347e+00
1.295784869214618551e+00
1.295514122472035456e+00
1.295520528761677337e+00
1.295251997193054061e+00
1.294937407855438094e+00
1.294758826511622773e+00
1.294376512642470445e+00
1.294222875790316918e+00
1.294114588278930666e+00
1.293595922722188485e+00
1.293555195688064652e+00
1.293625777212806360e+00
1.293104537921586195e+00
1.292988864679206928e+00
1.292660366417715645e+00
1.292529431673736573e+00
1.292106529357969658e+00
1.291916112806470673e+00
1.291754925388089559e+00
1.291462691698921583e+00
1.291082643218579129e+00
1.291199971165079674e+00
1.290808984796443459e+00
1.290498327048359206e+00
1.290239676486830023e+00
1.289863257432485311e+00
1.289691911803294566e+00
1.289454409503753229e+00
1.289319245514775281e+00
1.289062107296448767e+00
1.288833386471786691e+00
1.288550251627025744e+00
1.288345750704169346e+00
1.288085739772311999e+00
1.287871916402971939e+00
1.287748861709618220e+00
1.287479875963142506e+00
1.287244202510789082e+00
1.287213793491595260e+00
1.286808504525157382e+00
1.286795222571110342e+00
1.286543004595255946e+00
1.286276468850590105e+00
1.286047766490391320e+00
1.285852157475645186e+00
1.285631335988814739e+00
1.285393542973932268e+00
1.285150763936637297e+00
1.284936714689532744e+00
1.284866185615349155e+00
1.284746351934198838e+00
1.284214647355382599e+00
1.284062633945912024e+00
1.284110790255211798e+00
1.283640219650985292e+00
1.283478563194049071e+00
1.283149483617673559e+00
1.283087654623711327e+00
1.282752949280052013e+00
1.282798324087093489e+00
1.282609451334969064e+00
1.282196957420190797e+00
1.282302018701790614e+00
1.281736708062205077e+00
1.281829424776368631e+00
1.281239539343864253e+00
1.281440309846080261e+00
1.280815148579989682e+00
1.281086718410201497e+00
1.280659969645413510e+00
1.280489183494896599e+00
1.280579567996423140e+00
1.280131220656701707e+00
1.280055831076378547e+00
1.279881558010665499e+00
1.279681478886464996e+00
1.279519076905612618e+00
1.279418324738224255e+00
1.279222652510716429e+00
1.279072590939031473e+00
1.278941535950424369e+00
1.278790387991327160e+00
1.278775477430117213e+00
1.278493413574330217e+00
1.278298299512518055e+00
1.278096851675284862e+00
1.278044789895565359e+00
1.277853162454982039e+00
1.277715886753979957e+00
1.277486211786416082e+00
1.277324536239093256e+00
1.277176698508186492e+00
1.277033589895382404e+00
1.276936138895636397e+00
1.276554269223045379e+00
1.276554964344878140e+00
1.276460525368011023e+00
1.276082818801139496e+00
1.276316725863699153e+00
1.275682914753681452e+00
1.275772579757078917e+00
1.275465807483959102e+00
1.275421814334947390e+00
1.275292162582974287e+00
1.275083891542894365e+00
1.275031232985045726e+00
1.274828943540541770e+00
1.274672764201302266e+00
1.274478813577375691e+00
1.274380016515365588e+00
1.274366468758735493e+00
1.274277911730923529e+00
1.274038672625338320e+00
1.273879091604046998e+00
1.273914772235691384e+00
1.273695525864612099e+00
1.273698291327949983e+00
1.273553389034782768e+00
1.273289542815253306e+00
1.273377063346431415e+00
1.273189695881368655e+00
1.273090556817749519e+00
1.272954921560387920e+00
1.272865131766500069e+00
1.272781087062283323e+00
1.272572972388958723e+00
1.272407570325596149e+00
1.272340246637991390e+00
1.272193134596123931e+00
1.271752564959113707e+00
1.271798473229579729e+00
1.271519495504358277e+00
1.271602269809687158e+00
1.271415810310112304e+00
1.271346994669271036e+00
1.271309685699259839e+00
1.271029219704349567e+00
1.270843871830767302e+00
1.270807464396739750e+00
1.270752373420045878e+00
1.270773752202768891e+00
1.270601641588394282e+00
1.270451693760032086e+00
1.270352283240597568e+00
1.270308407672594564e+00
1.270184988179053898e+00
1.269965046439415657e+00
1.269867138285340369e+00
1.269845389196979868e+00
1.269632844330609744e+00
1.269390675686954628e+00
1.269351648313309822e+00
1.268980210548404042e+00
1.269116810351509583e+00
1.268906810200861157e+00
1.268841738993588875e+00
1.268732383812172015e+00
1.268814093411281485e+00
1.268736599049017366e+00
1.268407451933595942e+00
1.268485422506842264e+00
1.268460626646561673e+00
1.268551789972583110e+00
1.268202938145242431e+00
1.268112155096372762e+00
1.267923052753816560e+00
1.268086463124789676e+00
1.267663940346685614e+00
1.267623205019538180e+00
1.267722080488783210e+00
1.267775766536956450e+00
1.267199749835624667e+00
1.267356939972993812e+00
1.267281966455875208e+00
1.267246555424829557e+00
1.267004284573916673e+00
1.267068337857471194e+00
1.267007199350625557e+00
1.266829276610951682e+00
1.266574528980647818e+00
1.266466548644847645e+00
1.266456519576912632e+00
1.266395715132562660e+00
1.266294034324115136e+00
1.266173431130655391e+00
1.266198196906869855e+00
1.266193328781324956e+00
1.265831140966589663e+00
1.265833621567013623e+00
1.265675262680877600e+00
1.265623623063902192e+00
1.265606300072312562e+00
1.265326419416101356e+00
1.265469261283937774e+00
1.265098138130082539e+00
1.264952035279772513e+00
1.264968792018880128e+00
1.265038043367498366e+00
1.264687825355027551e+00
1.264715656563250024e+00
1.264653266399007547e+00
1.264569056636636324e+00
1.264581986911661016e+00
1.264421078658672704e+00
1.264443136023426506e+00
1.264546574777156263e+00
1.264146272340497701e+00
1.264363940504171335e+00
1.263901263380632578e+00
1.264141717099182216e+00
1.263939141537745892e+00
1.263671627331771630e+00
1.263833006028729722e+00
1.263585529905343341e+00
1.263651783702458786e+00
1.263280365010377659e+00
1.263434971720925670e+00
1.263092333545145829e+00
1.262942540154755156e+00
1.262815581439312940e+00
1.262834154354319560e+00
1.262844658478295745e+00
1.262554177889537721e+00
1.262224123051614688e+00
1.262218118111045229e+00
1.262257477666765881e+00
1.261897772912513371e+00
1.261700809780754939e+00
1.261351452532723405e+00
1.261040566652460670e+00
1.261156037423171394e+00
1.261136368764500304e+00
1.260477881623649266e+00
1.260576331003518291e+00
1.260234896053207265e+00
1.260345529113714003e+00
1.259823153065288803e+00
1.259897522923733471e+00
1.259787423208509560e+00
1.259509649617559957e+00
1.259522230034265888e+00
1.259204026819392697e+00
1.259333172197040218e+00
1.258883246295620539e+00
1.259007389914148067e+00
1.258557860184206900e+00
1.258687507629105085e+00
1.258485075725767510e+00
1.258522407034005974e+00
1.258243884048721561e+00
1.258147428130705014e+00
1.257988009415368369e+00
1.257914166638099962e+00
1.257881176563071079e+00
1.257574794782392091e+00
1.257597556882889211e+00
1.257388713377268319e+00
1.257338262289835695e+00
1.257256427197062321e+00
1.256971006022620463e+00
1.256818047507504810e+00
1.256640386973947532e+00
1.256695085168774151e+00
1.256691304741244464e+00
1.256449556880577800e+00
1.256145942171677410e+00
1.256133888813691035e+00
1.256044194819452731e+00
1.255860188202139405e+00
1.255916236128118424e+00
1.255676842989468023e+00
1.255418794090886747e+00
1.255552554676010901e+00
1.255505919115273317e+00
1.255177046066718871e+00
1.255164543110512287e+00
1.255210372015510778e+00
1.254864207893713557e+00
1.254749195677248741e+00
1.254722199693669049e+00
1.254618988820927372e+00
1.254468104775496418e+00
1.254315472571756018e+00
1.254172611118890002e+00
1.254005458730633071e+00
1.253904812557667947e+00
1.253904223208795576e+00
1.253815424412125790e+00
1.253604073985678413e+00
1.253587822351626802e+00
1.253460623158536125e+00
1.253236430683515090e+00
1.253259278818104727e+00
1.253086674793435051e+00
1.252985089940018115e+00
1.252856811280210758e+00
1.252720477981217106e+00
1.252546555329956623e+00
1.252531365932691765e+00
1.252360603953241336e+00
1.252310516018416031e+00
1.252193370867018318e+00
1.252108667962729571e+00
1.251984212715546718e+00
1.251999942407947097e+00
1.251845945463274212e+00
1.251628378424519461e+00
1.251652000122498221e+00
1.251499157135264495e+00
1.251352710792866141e+00
1.251235288467326123e+00
1.251190251617720017e+00
1.251181494053036358e+00
1.250919134130387134e+00
1.250958878017606635e+00
1.250827289742532100e+00
1.250603626940399504e+00
1.250491263692506960e+00
1.250398898758251720e+00
1.250297479678464274e+00
1.250187575688657349e+00
1.250028900520977482e+00
1.249907626549799700e+00
1.249865759058884418e+00
1.249709418334361555e+00
1.249739436458067621e+00
1.249654298449028200e+00
1.249631011175265760e+00
1.249436464520132573e+00
1.249487472799978072e+00
1.249249043773559942e+00
1.249256859089646232e+00
1.249070030432222422e+00
1.249048186230316437e+00
1.248893281237086539e+00
1.248827166179571124e+00
1.248713091961312971e+00
1.248664066878774737e+00
1.248553110532846011e+00
1.248323614462592435e+00
1.248345460530150719e+00
1.248359558002767544e+00
1.248081758221997406e+00
1.248227774651130106e+00
1.247997125012428876e+00
1.247823065632939210e+00
1.248015207656894665e+00
1.247737309789262117e+00
1.247805110121566585e+00
1.247673004528643936e+00
1.247410420180175894e+00
1.247421536433132694e+00
1.247247317816279066e+00
1.247317319037711814e+00
1.247163684672774497e+00
1.246882390801604235e+00
1.246855915521478897e+00
1.246679112062881289e+00
1.246651126135039922e+00
1.246576754028365430e+00
1.246382955841052409e+00
1.246341164505684107e+00
1.246289975642578707e+00
1.246200746998856745e+00
1.246144295387231704e+00
1.246032230695678367e+00
1.245997914265595474e+00
1.245735513222777646e+00
1.245784478961439845e+00
1.245632590619894620e+00
1.245633805947659045e+00
1.245444132789987002e+00
1.245372908917893762e+00
1.245119801884787547e+00
1.244976829595105139e+00
1.245149303764196747e+00
1.244972103470923352e+00
1.244813137421789229e+00
1.244781949510768593e+00
1.244666336222214564e+00
1.244507485154169535e+00
1.244543337112396619e+00
1.244407208625875283e+00
1.244194128087796614e+00
1.244194117885722983e+00
1.244015393177288376e+00
1.243875711484972557e+00
1.243863369827109766e+00
1.243704342410576480e+00
1.243645720642225783e+00
1.243462914217417170e+00
1.243338006706592003e+00
1.243295528489601676e+00
1.243242890322657557e+00
1.243198853976383411e+00
1.242962677990877340e+00
1.242941705869564428e+00
1.242895954079471066e+00
1.242785601330035128e+00
1.242710203625001730e+00
1.242339343623844128e+00
1.242517956106922172e+00
1.242399315561957929e+00
1.242351319555565548e+00
1.242237835184015760e+00
1.242169460339587861e+00
1.242119767571273625e+00
1.241928865092007950e+00
1.241983780225001555e+00
1.241935939764096108e+00
1.241786190367880183e+00
1.241720942297008357e+00
1.241542890442961511e+00
1.241514131220797124e+00
1.241252927595427824e+00
1.241276726321547175e+00
1.241362109919212253e+00
1.241106356355008211e+00
1.241155826109295424e+00
1.240970051683103259e+00
1.240853786063858877e+00
1.240858845330154780e+00
1.240785040511520387e+00
1.240647164493380528e+00
1.240587532093266665e+00
1.240450607220505264e+00
1.240400755275631317e+00
1.240337828144651100e+00
1.240262900703209770e+00
1.240126890041212571e+00
1.240081971904370528e+00
1.240003293953425345e+00
1.239861725252927593e+00
1.239793646528240423e+00
1.239714750676912614e+00
1.239610675291834996e+00
1.239572264981890104e+00
1.239404437297997319e+00
1.239471784642344421e+00
1.239259152212253134e+00
1.239210252468803342e+00
1.239067724063046771e+00
1.239067217567747736e+00
1.238971783863159315e+00
1.238798582264202919e+00
1.238826608989160194e+00
1.238680219999014565e+00
1.238725168686505507e+00
1.238430409052109882e+00
1.238610353107372886e+00
1.238524235086523095e+00
1.238390235372978099e+00
1.238224270577534591e+00
1.238134800049479178e+00
1.238117869905884350e+00
1.238013104517901697e+00
1.237874523291101703e+00
1.237798543171106935e+00
1.237849172527153652e+00
1.237642720560230947e+00
1.237559727321136727e+00
1.237502991615736958e+00
1.237602510660404720e+00
1.237362044964310792e+00
1.237267060916509509e+00
1.237321485501505780e+00
1.237317774796557357e+00
1.237214164228794377e+00
1.237093930741246295e+00
1.237091979009671050e+00
1.237015211989825447e+00
1.236845109789659336e+00
1.236847788274842097e+00
1.236730517741946977e+00
1.236536599355087640e+00
1.236501063153017776e+00
1.236524450707648048e+00
1.236313434592123839e+00
1.236341242538365748e+00
1.236135837430322626e+00
1.235921386904181629e+00
1.236082223604244579e+00
1.235886964824598033e+00
1.235832065539516744e+00
1.235633418658660387e+00
1.235580908451679782e+00
1.235501920225996475e+00
1.235513584728648917e+00
1.235305693218703649e+00
1.235336547687831077e+00
1.235232320598349975e+00
1.235121533295092666e+00
1.235180037627961580e+00
1.234956375345484636e+00
1.234901392738321002e+00
1.234809719841182041e+00
1.234824856809333626e+00
1.234574533860516743e+00
1.234766620217828459e+00
1.234545605663368795e+00
1.234475783600557763e+00
1.234405191226868093e+00
1.234420914484877008e+00
1.234390942011630354e+00
1.234428554855120153e+00
1.234297873840952020e+00
1.234194688900251080e+00
1.234207820248042209e+00
1.234077581670074197e+00
1.234115104497604642e+00
1.233999119665039501e+00
1.233858170200875515e+00
1.233839972216212111e+00
1.233702302741934709e+00
1.233713766007912271e+00
1.233564512940454660e+00
1.233518839217575103e+00
1.233474531289791232e+00
1.233505081974689999e+00
1.233308554759530384e+00
1.233204708139932881e+00
1.233279620041524804e+00
1.233132751807183736e+00
1.233031850509000327e+00
1.233004471352943998e+00
1.232808286206892090e+00
1.232842936502846376e+00
1.232830730259848684e+00
1.232741098991924078e+00
1.232548951021734895e+00
1.232650443756875491e+00
1.232741807858452221e+00
1.232630836576521061e+00
1.232464726680272404e+00
1.232312719344566876e+00
1.232356030517280931e+00
1.232290668115868071e+00
1.232147585385447330e+00
1.232056715415858150e+00
1.232020350530674824e+00
1.231981675900411188e+00
1.231820708420242605e+00
1.231853722346926139e+00
1.231688986477015080e+00
1.231795683812216824e+00
1.231648355154615126e+00
1.231691416859917121e+00
1.231524828133554239e+00
1.231446260057385889e+00
1.231409272434199176e+00
1.231326448175914967e+00
1.231145647524308107e+00
1.231236138420641169e+00
1.230975668075360741e+00
1.230939551737896931e+00
1.230779061710543854e+00
1.230603531452038490e+00
1.230720429862144139e+00
1.230390066593118670e+00
1.230401283544726665e+00
1.230365606380810162e+00
1.230338547893717660e+00
1.230393468403224277e+00
1.230157636809961819e+00
1.230210286829299005e+00
1.230090285875758083e+00
1.230076104670051462e+00
1.230052681319562025e+00
1.229971655937300623e+00
1.229907310057454684e+00
1.229873301253394891e+00
1.229833685856847714e+00
1.229740539471041672e+00
1.229652205924397501e+00
1.229577448940636364e+00
1.229521447543557189e+00
1.229541412879556539e+00
1.229364180618620628e+00
1.229334410839211911e+00
1.229263286258781784e+00
1.229265480238834973e+00
1.229170679694141066e+00
1.228988283222174127e+00
1.228839929647936202e+00
1.228891513708362693e+00
1.228649815969535597e+00
1.228461422350467513e+00
1.228304880110562269e+00
1.228251310445807043e+00
1.228070260436287198e+00
1.227982321468065185e+00
1.227839553018100327e+00
1.227942342289962019e+00
1.227828672860605819e+00
1.227643860156589328e+00
1.227646790396046628e+00
1.227683220198684921e+00
1.227534962952024467e+00
1.227318391184134327e+00
1.227309003638612728e+00
1.227229375353832586e+00
1.227392817896630017e+00
1.227191880997125173e+00
1.227082989772265043e+00
1.226896808974039743e+00
1.226941631149171874e+00
1.226880087890124704e+00
1.226794347964092813e+00
1.226807583630111109e+00
1.226754712941827696e+00
1.226553758642596303e+00
1.226493888363348939e+00
1.226636296437916052e+00
1.226502604058457679e+00
1.226433148939227946e+00
1.226350054654700150e+00
1.226275900417822973e+00
1.226246404413855018e+00
1.226310801253871929e+00
1.226191351871172674e+00
1.226000605163355184e+00
1.225903988916760445e+00
1.225981762828832533e+00
1.225973043071620028e+00
1.226065439901443233e+00
1.225988980325151578e+00
1.225905760876204509e+00
1.225839155123255031e+00
1.225681632177108460e+00
1.225704939473869715e+00
1.225689298998701604e+00
1.225565005376528349e+00
1.225467315643805177e+00
1.225456929141767848e+00
1.225462717761362397e+00
1.225109724490551333e+00
1.225168094549895281e+00
1.224954789302685754e+00
1.224942990833924883e+00
1.224927559326716153e+00
1.224937268123076128e+00
1.225021854777457397e+00
1.224760343485286285e+00
1.224752807344203109e+00
1.224551711623961703e+00
1.224640407087680183e+00
1.224529306086573621e+00
1.224642982981589467e+00
1.224346631637830418e+00
1.224392983860062678e+00
1.224630737925565649e+00
1.224536474255532470e+00
1.224195829226353283e+00
1.224483823682015249e+00
1.224253140269862206e+00
1.224073908252450105e+00
1.224199929568994705e+00
1.223913928870938195e+00
1.223962949400398736e+00
1.223761996001515362e+00
1.223908821715320006e+00
1.223836047544245131e+00
1.223610922948962232e+00
1.223640653063584605e+00
1.223622399097665348e+00
1.223697629992856806e+00
1.223437456651747857e+00
1.223441661621647691e+00
1.223381081116682978e+00
1.223230844803546047e+00
1.223216303154093021e+00
1.223340954782720758e+00
1.223194914928460442e+00
1.222842422576425170e+00
1.222961808438555620e+00
1.222921930562676396e+00
1.222956284796862247e+00
1.222827659602106154e+00
1.222827274299072231e+00
1.222699459691352963e+00
1.222637263026183918e+00
1.222408878614362537e+00
1.222631504871357189e+00
1.222626130290270341e+00
1.222349219752506766e+00
1.222417882239133835e+00
1.222309184183498321e+00
1.222382306403390517e+00
1.222268949818803074e+00
1.222194900935624551e+00
1.222170569452242006e+00
1.222049826997255284e+00
1.221908942266956677e+00
1.222053674490598096e+00
1.221869755105210231e+00
1.221817235910823252e+00
1.221816619450839969e+00
1.221671315550116654e+00
1.221662687668458869e+00
1.221745927855329095e+00
1.221630376182998079e+00
1.221513011145195060e+00
1.221401161222315457e+00
1.221337991189859418e+00
1.221284468445636540e+00
1.221228834683702136e+00
1.221203453858316523e+00
1.221098711744485366e+00
1.221143128466387173e+00
1.221055742301981883e+00
1.221021370684423291e+00
1.220927446374901804e+00
1.220939358147447251e+00
1.220957025333511359e+00
1.220777607745898719e+00
1.220856006795536963e+00
1.220702331809511598e+00
1.220794082685311865e+00
1.220629544282918921e+00
1.220827021672348245e+00
1.220630116867152282e+00
1.220473788604037324e+00
1.220452308250409068e+00
1.220443703891151532e+00
1.220396404343080610e+00
1.220338779847960353e+00
1.220355044523815158e+00
1.220204904874026663e+00
1.220239327995302325e+00
1.220077455000613709e+00
1.219934875028640953e+00
1.219971050642592258e+00
1.219850076597729371e+00
1.219785278808369178e+00
1.219856488870111333e+00
1.219758964016764535e+00
1.219623808421939293e+00
1.219592660051606270e+00
1.219611532757862271e+00
1.219516489520260816e+00
1.219318804435280734e+00
1.219465155329439776e+00
1.219350846228303809e+00
1.219459717249368413e+00
1.219230463475167392e+00
1.219280242580233820e+00
1.219289936769510030e+00
1.219151082228339344e+00
1.219107979520001939e+00
1.218967536584631528e+00
1.219056240116801471e+00
1.218969268071760315e+00
1.218902824929587458e+00
1.218879217191450648e+00
1.218754902021423447e+00
1.218796434625808223e+00
1.218714537124596431e+00
1.218626177300617952e+00
1.218629504014247855e+00
1.218723032684890351e+00
1.218529687156017838e+00
1.218500886779763093e+00
1.218451895445040734e+00
1.218452042411460212e+00
1.218385325722999291e+00
1.218329874587824158e+00
1.218293002694745386e+00
1.218270678954098019e+00
1.218242123478777250e+00
1.218190844762235159e+00
1.218105252872513367e+00
1.218056438863950541e+00
1.218069107066144463e+00
1.217919145934802438e+00
1.217817208549336394e+00
1.217891378542797609e+00
1.217757347550131986e+00
1.217793211286303023e+00
1.217602832242487887e+00
1.217398080103135882e+00
1.217397522096055118e+00
1.217285833900370262e+00
1.217226804999738121e+00
1.217179499701201983e+00
1.217250867708202344e+00
1.217180570499003966e+00
1.216954876255897933e+00
1.217013690330037479e+00
1.216896533220174659e+00
1.216905204507677141e+00
1.216937998679202604e+00
1.216784585769475902e+00
1.216866411812042470e+00
1.216807450539261426e+00
1.216659790094175575e+00
1.216617815456283447e+00
1.216522237210680091e+00
1.216556565735891660e+00
1.216477600815000226e+00
1.216492175211077331e+00
1.216355801763091327e+00
1.216216784361106029e+00
1.216323568677450950e+00
1.216236488262610438e+00
1.216187741573989234e+00
1.216235891109125777e+00
1.216171801070844216e+00
1.216160037077839817e+00
1.216062900561702076e+00
1.216190524918558280e+00
1.216059315258396056e+00
1.215942754284662142e+00
1.215984511054205575e+00
1.215959963551995537e+00
1.215927934374069652e+00
1.215941148806568561e+00
1.215794880486518847e+00
1.215716402452837297e+00
1.215945363300138693e+00
1.215722717768028316e+00
1.215796827775490252e+00
1.215740410023604001e+00
1.215620157446440031e+00
1.215578578137277654e+00
1.215645847750858488e+00
1.215457986326106576e+00
1.215520842563198922e+00
1.215484012645797085e+00
1.215361933743136946e+00
1.215436588783936456e+00
1.215208338449297321e+00
1.215428619758548434e+00
1.215203001221806689e+00
1.215335452363642377e+00
1.215113298309311363e+00
1.215210387359902500e+00
1.215108550341867266e+00
1.215202487015327515e+00
1.215175405726386826e+00
1.214932466917521436e+00
1.214986357449059806e+00
1.214956139171924132e+00
1.214890716751064303e+00
1.214867438679621880e+00
1.214904859054332986e+00
1.214828354154375623e+00
1.214804548784270244e+00
1.214702884918794190e+00
1.214784639738213601e+00
1.214624818063273937e+00
1.214729393966522464e+00
1.214621775814799465e+00
1.214614827242771922e+00
1.214609462658599481e+00
1.214531727610470790e+00
1.214353585563207494e+00
1.214302403322942592e+00
1.214317851911817625e+00
1.214318448410877993e+00
1.214132408521519269e+00
1.214162183233209014e+00
1.214052007189283744e+00
1.214120074690143491e+00
1.214006491280849476e+00
1.213983572565985769e+00
1.213942172850975387e+00
1.213845712723885972e+00
1.213851594379798726e+00
1.213806452213672671e+00
1.213833904418815779e+00
1.213808936156404394e+00
1.213764607216005986e+00
1.213781625038626188e+00
1.213678590804136981e+00
1.213746801650307683e+00
1.213720762391728325e+00
1.213521949648001419e+00
1.213548653969133584e+00
1.213511869050351688e+00
1.213401692587485092e+00
1.213463061489383543e+00
1.213314824495120403e+00
1.213266691169307743e+00
1.213338057442991280e+00
1.213168569092151872e+00
1.213277000493265367e+00
1.213087535280401363e+00
1.213132233504101265e+00
1.213068878385205940e+00
1.213115015796286444e+00
1.213057391225673465e+00
1.213009317765452399e+00
1.212942589439826468e+00
1.212933906460939681e+00
1.212821642597010641e+00
1.212846935988559194e+00
1.212979143727110909e+00
1.212861955992901253e+00
1.212828993492793606e+00
1.212836989197339843e+00
1.212693038479521368e+00
1.212757035386354598e+00
1.212693585062485591e+00
1.212596194363742441e+00
1.212690928877802499e+00
1.212600133348626930e+00
1.212486909361910836e+00
1.212480436984140875e+00
1.212424398911063017e+00
1.212361252305792947e+00
1.212345650851518242e+00
1.212233638841903494e+00
1.212197051715493634e+00
1.211995912253512442e+00
1.212092766312852232e+00
1.211916103205313844e+00
1.211870161679821756e+00
1.211836143158413703e+00
1.211773951785031445e+00
1.211618658030121365e+00
1.211757828756875766e+00
1.211672148689897366e+00
1.211685426421492462e+00
1.211692087987579658e+00
1.211517019605165890e+00
1.211419173315092523e+00
1.211391159135087880e+00
1.211305736377152442e+00
1.211367467133888320e+00
1.211178668491101229e+00
1.211189085026253887e+00
1.211110605933430673e+00
1.211147547778798517e+00
1.211140700531603942e+00
1.211140534340916952e+00
1.210979971327120097e+00
1.211028771073694221e+00
1.211040061932886491e+00
1.211000797247764993e+00
1.210946881157541011e+00
1.210937605183282972e+00
1.210862892522356127e+00
1.210722716768844132e+00
1.210882557572974472e+00
1.210845158847645875e+00
1.210695392035783691e+00
1.210788448555891739e+00
1.210708446359475943e+00
1.210686589128845858e+00
1.210632951818554126e+00
1.210706784189740537e+00
1.210489665443078566e+00
1.210638737691090316e+00
1.210465119167449588e+00
1.210566127594176811e+00
1.210469859474225585e+00
1.210442621201400115e+00
1.210351847428157823e+00
1.210410807550726942e+00
1.210329566736700446e+00
1.210335408131690160e+00
1.210292630250090484e+00
1.210175701997153519e+00
1.210267511148950037e+00
1.210233653981373392e+00
1.210157612822590378e+00
1.210224063848735820e+00
1.210034374799333401e+00
1.210119348755542612e+00
1.210017619517411935e+00
1.209947821711379934e+00
1.209930694482343361e+00
1.209818015053831797e+00
1.209867044269722580e+00
1.209758562777744517e+00
1.209852481077157149e+00
1.209650326140130572e+00
1.209661111918780785e+00
1.209631873381245004e+00
1.209686160471044714e+00
1.209567922794175354e+00
1.209511901420262658e+00
1.209493968143987352e+00
1.209450428534182054e+00
1.209421869892267409e+00
1.209488857532270423e+00
1.209451507671101211e+00
1.209412019751143985e+00
1.209246330638719558e+00
1.209385220734833899e+00
1.209339877077866054e+00
1.209189598307295554e+00
1.209163574375913708e+00
1.209009367600498486e+00
1.209212695368062862e+00
1.209123164930366867e+00
1.209032799813227310e+00
1.209122007660091036e+00
1.208968296326287328e+00
1.209108240937473600e+00
1.208946401223498945e+00
1.208994146641382939e+00
1.208898725188036982e+00
1.208927601027377063e+00
1.208780251008841455e+00
1.208783100220155893e+00
1.208720115233511860e+00
1.208684869914613547e+00
1.208681283318626676e+00
1.208563961488183125e+00
1.208792665057510041e+00
1.208526271993885404e+00
1.208504626390971559e+00
1.208600280199074506e+00
1.208524799626445878e+00
1.208478892126638060e+00
1.208446419025087426e+00
1.208509753297079437e+00
1.208402384958205511e+00
1.208398115468300782e+00
1.208458475090456785e+00
1.208352062801719917e+00
1.208328832540410014e+00
1.208355399875523206e+00
1.208315581589704202e+00
1.208379065461764101e+00
1.208156131351760809e+00
1.208203274824663165e+00
1.208202543761650594e+00
1.208098524064504575e+00
1.208129992084482796e+00
1.208210146584049793e+00
1.208063431526798848e+00
1.208003636275531978e+00
1.208034482321813652e+00
1.207981826575527551e+00
1.208083475128624018e+00
1.207921943224259165e+00
1.207922279661175713e+00
1.207935163209935103e+00
1.207969750332531733e+00
1.207826044237154450e+00
1.207826015102657857e+00
1.207852485984767688e+00
1.207704917724574001e+00
1.207838289119208985e+00
1.207807555719330184e+00
1.207721325172675719e+00
1.207749190627204650e+00
1.207689051366609423e+00
1.207673968964560585e+00
