3.032520413923401179e+02
6.408371108913637215e+01
5.146672697875403202e+01
4.368462231433314713e+01
3.866617092730492544e+01
3.483529005119329014e+01
3.073686078762027662e+01
2.549846813146720592e+01
1.817109963695140706e+01
1.019135393296482128e+01
6.007266414398343635e+00
4.597820442861068280e+00
4.088987092447260885e+00
3.809011388446028601e+00
3.603217145659500797e+00
3.442507697080612772e+00
3.308042217141103691e+00
3.190300839395506127e+00
3.082872547818464426e+00
2.985589851252637761e+00
2.895779002836422311e+00
2.812993378056707794e+00
2.736156899536478004e+00
2.665055264661624346e+00
2.599076984589239636e+00
2.537400977498184051e+00
2.480399141320533740e+00
2.429372127692703831e+00
2.382758172238032213e+00
2.340073826623237263e+00
2.300640083999900387e+00
2.262782596249289568e+00
2.227249285155340708e+00
2.193858275966641624e+00
2.161862986131822151e+00
2.129505153631092274e+00
2.099189329557737960e+00
2.070185914748938760e+00
2.042839567310962057e+00
2.017294745333902295e+00
1.992951256905950208e+00
1.969329071529544395e+00
1.946624436080907961e+00
1.925439599107817479e+00
1.904959757816923727e+00
1.885192743083792921e+00
1.866774227810110931e+00
1.849969901096551572e+00
1.834446296487726391e+00
1.819368163811542649e+00
1.805421706234259238e+00
1.792410897363584610e+00
1.780135864518652689e+00
1.767966321336870594e+00
1.756585342484797030e+00
1.745859313787071043e+00
1.735172345326730925e+00
1.725489510118360270e+00
1.716245967424996133e+00
1.707285998235920310e+00
1.699197993828277520e+00
1.691145346195595645e+00
1.683296973418270781e+00
1.676097873516089409e+00
1.668842572345026420e+00
1.661703852353854538e+00
1.654979798183523476e+00
1.648446900602808407e+00
1.642176300621030149e+00
1.636233483542793410e+00
1.630477107485478916e+00
1.624716522419072495e+00
1.618995588995873147e+00
1.613717320312110459e+00
1.608581162115485519e+00
1.603684016105771271e+00
1.598679090143533488e+00
1.593908714434274065e+00
1.589366650866089969e+00
1.584621906324597651e+00
1.580153460034019686e+00
1.575818524945674204e+00
1.571145656202588059e+00
1.566599517341972891e+00
1.562134115430959591e+00
1.557278157788019923e+00
1.552800832098588435e+00
1.548614851650273794e+00
1.544383237366414363e+00
1.539926338730525979e+00
1.535382942086944480e+00
1.531117617135307141e+00
1.526914027711200994e+00
1.522852175606881575e+00
1.518925604571676802e+00
1.515125147566148245e+00
1.511376923028825869e+00
1.507672760706091353e+00
1.504070335117874357e+00
1.500623863289363813e+00
1.497136005873169529e+00
1.493787610515853181e+00
1.490547571711690500e+00
1.487322029694198688e+00
1.484284231785680142e+00
1.481406486428016755e+00
1.478610187530248643e+00
1.475778098600020405e+00
1.473008129015283885e+00
1.470552218093836183e+00
1.467936461922073610e+00
1.465564070500637639e+00
1.463347801495335609e+00
1.461021147456073477e+00
1.458868118316820839e+00
1.456842273167350266e+00
1.454677905068185728e+00
1.452623751587285073e+00
1.450694821455406069e+00
1.448861840231549181e+00
1.447105330750176444e+00
1.445376038896804438e+00
1.443576514179999881e+00
1.441637377597708713e+00
1.439769142858646989e+00
1.438078491539914738e+00
1.436186524880389115e+00
1.434607224175258766e+00
1.432718822680986603e+00
1.430964916307275514e+00
1.429143645722437350e+00
1.427406614946288732e+00
1.425695460967674855e+00
1.424110859546630303e+00
1.422752873488868808e+00
1.421173402268575137e+00
1.419709957040402371e+00
1.418296590211890695e+00
1.416952848876246618e+00
1.415666286987141254e+00
1.414358826125574176e+00
1.413166320274470422e+00
1.411967040994322353e+00
1.410837709727326805e+00
1.409583815782064597e+00
1.408484473203993170e+00
1.407384770402442031e+00
1.406299260993448597e+00
1.405188160837096190e+00
1.404318090606197833e+00
1.403280572084003142e+00
1.402065884080195390e+00
1.401119096038539347e+00
1.400255044101617941e+00
1.399314451930552927e+00
1.398284924180959621e+00
1.397285415887915550e+00
1.396497673007177864e+00
1.395516205866469406e+00
1.394625814375273221e+00
1.393716077864533887e+00
1.392930023784528126e+00
1.392089235073820541e+00
1.391261217609297773e+00
1.390442327740141870e+00
1.389683263799637691e+00
1.389033645155697938e+00
1.388233366604535890e+00
1.387444089453132356e+00
1.386598079169525155e+00
1.385803958539318037e+00
1.385012507367242351e+00
1.384287052832881892e+00
1.383571942519518538e+00
1.382762282033341172e+00
1.381997201028988265e+00
1.381432582486901373e+00
1.380286646689366625e+00
1.379585542029903245e+00
1.378900173286054409e+00
1.378117689024512815e+00
1.377555539931449857e+00
1.376877944083608973e+00
1.376266799665557317e+00
1.375518968164594291e+00
1.374845200544910773e+00
1.374225811762216365e+00
1.373531987535603127e+00
1.372689818864609945e+00
1.371956150607310354e+00
1.371328375214706741e+00
1.370616218668710529e+00
1.369872139439854974e+00
1.369168897010005326e+00
1.368389423490258716e+00
1.367750354923072953e+00
1.367145867189170083e+00
1.366498596822197653e+00
1.365870683759175641e+00
1.365156919494023624e+00
1.364665622091413510e+00
1.363980049254157612e+00
1.363465886898026946e+00
1.362880364569106106e+00
1.362276098908669297e+00
1.361657473367358540e+00
1.361093749201392589e+00
1.360419717791969907e+00
1.359783619040420000e+00
1.359307818692464087e+00
1.358756792655297252e+00
1.358179199563459116e+00
1.357559086781983781e+00
1.357071150490624989e+00
1.356429081613536036e+00
1.355960416871995866e+00
1.355333681080419739e+00
1.354692776714155222e+00
1.354194225320815237e+00
1.353495239893743651e+00
1.353046760146771499e+00
1.352312506050987073e+00
1.351754031278386448e+00
1.351297010853573566e+00
1.350662213957381619e+00
1.350067231027115788e+00
1.349612036502083612e+00
1.349062020820304797e+00
1.348580625011612355e+00
1.348053020414009984e+00
1.347531595285746953e+00
1.346978483951041028e+00
1.346477640579273105e+00
1.345992753831543931e+00
1.345436463429422025e+00
1.344923405006770878e+00
1.344441832725880026e+00
1.343905468857246710e+00
1.343281118244590289e+00
1.342694780286008305e+00
1.342181834147461617e+00
1.341738228688359236e+00
1.341163530062085441e+00
1.340685583537078562e+00
1.340182092699542693e+00
1.339918165922711735e+00
1.339364814858071462e+00
1.338925994084210203e+00
1.338379064814571251e+00
1.337951711129397481e+00
1.337497186455579579e+00
1.337132744692609121e+00
1.336664077226164871e+00
1.336247082238235073e+00
1.335809790487255677e+00
1.335353844243124755e+00
1.334927837021045116e+00
1.334524558712548270e+00
1.334098126168663079e+00
1.333637584683169175e+00
1.333208590706063346e+00
1.332738599010380165e+00
1.332306387577362861e+00
1.331909288335755948e+00
1.331490028467570363e+00
1.331054921770091992e+00
1.330631130435431908e+00
1.330184924635846588e+00
1.329753551455350458e+00
1.329372347659553144e+00
1.329092312434215994e+00
1.328718437563038979e+00
1.328402558983149850e+00
1.327921918529981316e+00
1.327548046200188292e+00
1.327041074627801853e+00
1.326644686455761946e+00
1.326234928480238162e+00
1.325960860346611314e+00
1.325498541088182547e+00
1.325167263995770783e+00
1.324764716626243288e+00
1.324367790232938935e+00
1.323918816771050277e+00
1.323609435633105402e+00
1.323328860036117938e+00
1.322880946569045646e+00
1.322506194255823386e+00
1.322205121781836024e+00
1.321827078993393689e+00
1.321391774217723247e+00
1.321099658797981080e+00
1.320805580236055654e+00
1.320358144010979062e+00
1.320001084194527108e+00
1.319766856380666376e+00
1.319395656164480402e+00
1.319049127592745840e+00
1.318726230182249770e+00
1.318403587040401392e+00
1.318108439622297290e+00
1.317715696815501270e+00
1.317386483825510934e+00
1.317006905009115547e+00
1.316687124413329135e+00
1.316357847527665825e+00
1.316000227997641936e+00
1.315600827587086075e+00
1.315362276801589791e+00
1.314964610314509841e+00
1.314623746974500351e+00
1.314307718745278741e+00
1.314000765917187730e+00
1.313677065283052059e+00
1.313324474677495024e+00
1.313037654012544797e+00
1.312781736239667429e+00
1.312465737847966496e+00
1.312161647672309694e+00
1.311857162181210290e+00
1.311559045913288424e+00
1.311222791204306848e+00
1.310857663546655560e+00
1.310540552388567592e+00
1.310214853380313738e+00
1.309888444528425344e+00
1.309446450961763153e+00
1.309246755353578706e+00
1.308905694419842947e+00
1.308577145566832467e+00
1.308196620552651845e+00
1.307814377454457722e+00
1.307528708324536826e+00
1.307196467119750460e+00
1.306988028058448048e+00
1.306701600724148760e+00
1.306404483725792653e+00
1.306077665042112868e+00
1.305827231061861049e+00
1.305484430650848848e+00
1.305292415137834006e+00
1.305017840869939993e+00
1.304743843040625073e+00
1.304526005798582799e+00
1.304236860442645307e+00
1.304020788338384529e+00
1.303724985528611935e+00
1.303429406154146486e+00
1.303234818478032464e+00
1.303002771890944933e+00
1.302777804238717918e+00
1.302487103332675922e+00
1.302183841612494009e+00
1.301967699577773363e+00
1.301687020296212749e+00
1.301517032565290277e+00
1.301261448115851538e+00
1.301020447658408852e+00
1.300780564321734056e+00
1.300541745615066302e+00
1.300318083807466163e+00
1.300068105020468545e+00
1.299749042486799899e+00
1.299487603435351302e+00
1.299198540934314305e+00
1.298982712330078781e+00
1.298799862228232849e+00
1.298531526084575782e+00
1.298367795468207797e+00
1.298157724033247140e+00
1.297929483579209675e+00
1.297738003483852376e+00
1.297484403357483052e+00
1.297287287427737246e+00
1.297041728058555554e+00
1.296916154089455375e+00
1.296643073309591276e+00
1.296498057443418617e+00
1.296192949467620315e+00
1.295984547772345286e+00
1.295853646028722439e+00
1.295635950594667740e+00
1.295509341407208526e+00
1.295337453142560546e+00
1.295455106026664804e+00
1.295288312553909860e+00
1.294799279630413080e+00
1.294617211769038656e+00
1.294417157685843422e+00
1.294215755829864145e+00
1.293976775211608476e+00
1.293732060547240215e+00
1.293525811659918201e+00
1.293314366016488748e+00
1.293131992057358515e+00
1.292895296604422706e+00
1.292683786269647195e+00
1.292515143769595642e+00
1.292290683003438412e+00
1.292142703761959721e+00
1.291913869670461956e+00
1.291665703745745075e+00
1.291503795373606822e+00
1.291285020775606363e+00
1.291008163968911715e+00
1.290796338320261194e+00
1.290619799088248199e+00
1.290434789966831586e+00
1.290092309621768463e+00
1.289869902295723625e+00
1.289660049968354150e+00
1.289382567016652326e+00
1.289363456912889561e+00
1.289194956440390616e+00
1.289066418413943538e+00
1.288660461138682267e+00
1.288511870054961150e+00
1.288291150931789808e+00
1.288306032352529273e+00
1.287915223251640873e+00
1.287800104384147160e+00
1.287543328621097105e+00
1.287441287389793576e+00
1.287178779691479535e+00
1.286957647169056029e+00
1.286799259533819795e+00
1.286621510900844312e+00
1.286497238012850541e+00
1.286253175538743632e+00
1.286100903698769171e+00
1.285799514787865805e+00
1.285743276858984929e+00
1.285443564418640827e+00
1.285350872660602439e+00
1.285181792514723531e+00
1.285011998958473844e+00
1.284904438431209828e+00
1.284723491890043423e+00
1.284409452611244173e+00
1.284365155454385343e+00
1.284058888552648714e+00
1.284025207450112394e+00
1.283679537377052204e+00
1.283610297928217125e+00
1.283566335304511918e+00
1.283355182006834960e+00
1.283190366784573655e+00
1.283096992164014294e+00
1.282987733468164748e+00
1.282741302024339891e+00
1.282519953908810573e+00
1.282561573502837726e+00
1.282360093171629467e+00
1.282209802974563218e+00
1.282169512643914100e+00
1.281812447995745563e+00
1.281677003478788990e+00
1.281465014783174095e+00
1.281302026393731364e+00
1.281190425054669513e+00
1.281050269233186656e+00
1.280784638810234854e+00
1.280767660538809194e+00
1.280488536653037857e+00
1.280500479060689978e+00
1.280177990066323490e+00
1.280204848796481221e+00
1.279970551774651355e+00
1.279794757844646913e+00
1.279734436159536193e+00
1.279451535799555950e+00
1.279261060129448735e+00
1.279128485970796314e+00
1.278965508004183738e+00
1.278701262277110562e+00
1.278417480210078061e+00
1.278329205159422832e+00
1.278087409153269904e+00
1.277874112290585229e+00
1.277828308992062345e+00
1.277615777964802968e+00
1.277394197685276067e+00
1.277153673736763251e+00
1.277057593093920973e+00
1.276765759477084705e+00
1.276592920545303267e+00
1.276401485674557579e+00
1.276149108789115694e+00
1.276106039631565769e+00
1.275605727659808952e+00
1.275717454156925834e+00
1.275537414270648817e+00
1.275087065115115603e+00
1.275274554975975860e+00
1.274802142738825417e+00
1.274966150798542808e+00
1.274588122852432059e+00
1.274433304203389961e+00
1.274468472986588274e+00
1.274056495788886467e+00
1.273869648364010176e+00
1.273674168782101379e+00
1.273465548268417402e+00
1.273475218259052300e+00
1.273120324334369391e+00
1.272923325044326370e+00
1.272748301111123359e+00
1.272566037584501819e+00
1.272329775240965910e+00
1.272166571477670649e+00
1.271959767558570098e+00
1.271741725068011197e+00
1.271613939396083692e+00
1.271440305971265117e+00
1.271220818724318802e+00
1.271153088447948720e+00
1.270977369853776073e+00
1.270820343903551919e+00
1.270699204301467322e+00
1.270589387667505177e+00
1.270435870738051198e+00
1.270243149271989447e+00
1.270144887439895065e+00
1.269964277423165866e+00
1.269864369264587234e+00
1.269702511673383105e+00
1.269578275554735347e+00
1.269442926832474949e+00
1.269301694266898650e+00
1.269186768598230097e+00
1.269064249758419693e+00
1.268903879590003614e+00
1.268800275915010545e+00
1.268687715988710440e+00
1.268548073749128369e+00
1.268472446740585458e+00
1.268311622319375997e+00
1.268206275659252702e+00
1.268100310718412782e+00
1.267967554551344245e+00
1.267825587703060641e+00
1.267668868668604842e+00
1.267506618081433833e+00
1.267394325571532310e+00
1.267218313944554753e+00
1.267139351495043753e+00
1.266971113749423949e+00
1.266834739038560143e+00
1.266712345644251947e+00
1.266611818946432821e+00
1.266460058421175150e+00
1.266385071077780644e+00
1.266315627093437923e+00
1.266132625283443502e+00
1.266055908179279266e+00
1.265939546775169067e+00
1.265811000570287836e+00
1.265738454124245349e+00
1.265603438390541235e+00
1.265387950396141381e+00
1.265298878329283117e+00
1.265169446839470968e+00
1.265094331483740620e+00
1.264972902087927009e+00
1.264840430513203495e+00
1.264734764398665057e+00
1.264650757002910186e+00
1.264573208608088084e+00
1.264427994599865324e+00
1.264322620280341480e+00
1.264255984521273302e+00
1.264008447321091966e+00
1.263864126838631030e+00
1.263727430677223262e+00
1.263594374133745868e+00
1.263497992703272343e+00
1.263500770581499788e+00
1.263194333923092216e+00
1.263077821649805088e+00
1.262839793031090396e+00
1.262739615273786642e+00
1.262612496015018237e+00
1.262466918427752161e+00
1.262388905297423536e+00
1.262351795048245462e+00
1.262035614972602193e+00
1.262102879644762643e+00
1.261757849600787962e+00
1.261908849125769283e+00
1.261734495510928200e+00
1.261781734501949304e+00
1.261595445203483434e+00
1.261590810326986167e+00
1.261326330932973416e+00
1.261366329040215950e+00
1.261202675314561317e+00
1.261067452005576239e+00
1.261150617556255904e+00
1.260791853145537322e+00
1.260943040916264080e+00
1.260682354204157196e+00
1.260868819562820597e+00
1.260454845087094933e+00
1.260494811961409445e+00
1.260257652573585352e+00
1.260200504829765977e+00
1.260005037240535808e+00
1.260041695809635209e+00
1.259853355705589317e+00
1.259674767578694121e+00
1.259757171414639165e+00
1.259610246917143739e+00
1.259296853041231623e+00
1.259336020825399638e+00
1.259052015948113112e+00
1.259106962591452161e+00
1.258960693872351433e+00
1.258625102275922725e+00
1.258743111311844798e+00
1.258424521625519432e+00
1.258552999897772029e+00
1.258315951294327162e+00
1.257972892877535331e+00
1.258183670953536115e+00
1.257820386271151225e+00
1.257999765840570827e+00
1.257555364009026899e+00
1.257685986484536445e+00
1.257397208318138171e+00
1.257481761012824384e+00
1.257208297590662882e+00
1.257311102489572452e+00
1.256950529995495280e+00
1.257053010517901637e+00
1.256688257698413080e+00
1.256649890243833889e+00
1.256667651444162814e+00
1.256365312313648896e+00
1.256452214321560401e+00
1.256326678890766546e+00
1.256194597812542391e+00
1.256142431092156952e+00
1.256041954927172410e+00
1.255965072451867393e+00
1.255798757633524998e+00
1.255769024200311001e+00
1.255687972663554142e+00
1.255621333104128601e+00
1.255372111383222800e+00
1.255371973716160383e+00
1.255240175436742378e+00
1.255190013699741813e+00
1.255017061697664360e+00
1.254955854995836395e+00
1.254926228313197223e+00
1.254711457048876211e+00
1.254726792480994391e+00
1.254497581801331973e+00
1.254557079721105639e+00
1.254382547799179237e+00
1.254214022120988092e+00
1.254289314973173086e+00
1.254193263305115824e+00
1.254018879348704596e+00
1.253875840421102339e+00
1.253738582067481122e+00
1.253603242710142895e+00
1.253430328428292606e+00
1.253294469565602753e+00
1.253181117510580256e+00
1.253091613916230251e+00
1.252976222820749941e+00
1.252922611548202392e+00
1.252832964211458400e+00
1.252736771460285725e+00
1.252649032787281458e+00
1.252535825664891300e+00
1.252445745739170446e+00
1.252352002992321856e+00
1.252219831168435826e+00
1.252144632264229784e+00
1.251944052607056435e+00
1.251989688587625160e+00
1.251864643634015062e+00
1.251736731788030355e+00
1.251667479343034239e+00
1.251703323772468623e+00
1.251497817491414866e+00
1.251346168224210409e+00
1.251378684323527279e+00
1.251272491963755895e+00
1.251112343016339334e+00
1.250910032406855832e+00
1.250830924169764602e+00
1.250888733224013949e+00
1.250680996332857564e+00
1.250674001448194295e+00
1.250537253509943048e+00
1.250382939828984741e+00
1.250447049564314517e+00
1.250246242186508150e+00
1.250233773676948656e+00
1.250234759799243145e+00
1.249944837154148169e+00
1.249835419836112793e+00
1.249934451835611915e+00
1.249872309417373817e+00
1.249633745191427669e+00
1.249550167397740053e+00
1.249395229492792581e+00
1.249361318686233568e+00
1.249189286474282623e+00
1.249167650953659114e+00
1.249062218131985480e+00
1.248935984023171297e+00
1.248797225987983817e+00
1.248764398840444878e+00
1.248614492171046697e+00
1.248502232062882467e+00
1.248634128395831544e+00
1.248301763230863726e+00
1.248212973560322903e+00
1.248256174683150199e+00
1.248104801792465191e+00
1.248018744309635997e+00
1.247830807217197746e+00
1.247653228578728735e+00
1.247696959950512330e+00
1.247519276062261762e+00
1.247471409904084449e+00
1.247216861201559945e+00
1.247263968837335257e+00
1.247062359123586095e+00
1.247025152441158191e+00
1.246905266718798089e+00
1.246749884642919692e+00
1.246727874756465848e+00
1.246590174528977801e+00
1.246606973917153693e+00
1.246386202538477539e+00
1.246355075779758792e+00
1.246263528024651013e+00
1.246230926245364801e+00
1.246107424397314034e+00
1.246104987398368058e+00
1.245925452687474566e+00
1.245839776602389426e+00
1.245750939449030925e+00
1.245648922307105222e+00
1.245393592482411993e+00
1.245400416471212912e+00
1.245274144234870706e+00
1.245308721901972948e+00
1.245084869860935139e+00
1.244982150723528358e+00
1.244847942052132117e+00
1.244808127418044918e+00
1.244651457514702741e+00
1.244560822393224297e+00
1.244540260381121088e+00
1.244379390299124255e+00
1.244438918540135663e+00
1.244124404679184837e+00
1.244126981986769076e+00
1.244128888645384290e+00
1.243870677182415729e+00
1.243641624903989440e+00
1.243632732671829721e+00
1.243476638455945249e+00
1.243619032302578864e+00
1.243304291839327780e+00
1.243197351719467214e+00
1.243070291983238373e+00
1.243037557243819702e+00
1.243003071316838959e+00
1.242935288478389078e+00
1.242777011890453531e+00
1.242509254314032363e+00
1.242519943269836391e+00
1.242242663419101723e+00
1.242293396236544334e+00
1.242296863912509597e+00
1.241893477854911332e+00
1.241809621934151675e+00
1.241770543310214636e+00
1.241600679142087937e+00
1.241404783463979866e+00
1.241538255056749085e+00
1.241340632869572635e+00
1.241118972842791601e+00
1.241025346009682950e+00
1.241029808883854280e+00
1.240869022848388070e+00
1.240922360577472405e+00
1.240691357959250896e+00
1.240568569268247989e+00
1.240496557835959690e+00
1.240424221496789992e+00
1.240179646116752910e+00
1.240283805879793588e+00
1.240097269034992289e+00
1.240057148921450025e+00
1.239847309112479090e+00
1.239873600123346353e+00
1.239538794655084875e+00
1.239587210408486850e+00
1.239253356826373942e+00
1.239299950372058090e+00
1.239169493203000405e+00
1.239040488252869610e+00
1.239020371991275349e+00
1.238776114230914827e+00
1.238709597460839751e+00
1.238582885951090562e+00
1.238331146583046882e+00
1.238352024816582686e+00
1.238139584934448534e+00
1.238072268561425382e+00
1.237876809034343273e+00
1.237786143100671366e+00
1.237684381562113689e+00
1.237565423942877496e+00
1.237533567389701439e+00
1.237347044469201629e+00
1.237248971065245895e+00
1.237079969496238663e+00
1.237070397446054626e+00
1.236893025445052752e+00
1.236782113613849932e+00
1.236672334039143450e+00
1.236586663143227849e+00
1.236471794666299751e+00
1.236391631363973564e+00
1.236221541435648108e+00
1.236057755725410656e+00
1.235928916942462319e+00
1.235816245742733521e+00
1.235693475749297443e+00
1.235622013287894116e+00
1.235522404538880403e+00
1.235486241502274263e+00
1.235278463898019430e+00
1.235164439886618837e+00
1.235010495556877919e+00
1.235020552397682270e+00
1.234791373365895284e+00
1.234659847168214419e+00
1.234530425497575523e+00
1.234557258207586994e+00
1.234267804199240537e+00
1.234213559137749883e+00
1.234150846379476141e+00
1.234023940770444971e+00
1.233913732502710969e+00
1.233616936992894209e+00
1.233685553980690131e+00
1.233528886510940614e+00
1.233322204635417307e+00
1.233177941606254491e+00
1.233140171599084622e+00
1.232985261276161149e+00
1.232807871675345890e+00
1.232716696531892087e+00
1.232550819339842230e+00
1.232449751774932878e+00
1.232277201094245322e+00
1.232129493163825806e+00
1.232204360550591682e+00
1.231904385717009998e+00
1.231842822737738263e+00
1.231670325445078484e+00
1.231753823262285996e+00
1.231479015293615920e+00
1.231361599861701794e+00
1.231233234906583318e+00
1.231116945266938156e+00
1.231056539848305764e+00
1.231011744045155787e+00
1.230878002432630902e+00
1.230801687399447175e+00
1.230528665094219321e+00
1.230488643525036618e+00
1.230403900480072421e+00
1.230255452890083978e+00
1.230137040452094821e+00
1.229881975436783126e+00
1.229662033884431294e+00
1.229474268236460555e+00
1.229274981296847091e+00
1.229109219950394793e+00
1.228938684992248787e+00
1.228825288997024368e+00
1.228709408605049846e+00
1.228545476087618882e+00
1.228471350215271762e+00
1.228324251525927835e+00
1.228053392051039916e+00
1.227890141735140217e+00
1.227603151603922527e+00
1.227536803988911407e+00
1.227378393332445583e+00
1.227331420575073162e+00
1.227116051432415533e+00
1.226999528667778172e+00
1.226772184297715729e+00
1.226795152431022551e+00
1.226646042141888326e+00
1.226483731184203618e+00
1.226282704832814874e+00
1.226155086140901629e+00
1.226066378417263847e+00
1.225923241136598785e+00
1.225774221395958596e+00
1.225610489136877090e+00
1.225512951108854276e+00
1.225266910537246012e+00
1.225231783990423651e+00
1.225238877331509935e+00
1.225003891515012766e+00
1.224783967600129975e+00
1.224829726002122365e+00
1.224662770955523783e+00
1.224549525621849932e+00
1.224394711280447856e+00
1.224319199121720381e+00
1.224255402179664776e+00
1.224111405162707777e+00
1.223975193712638854e+00
1.223787436173240373e+00
1.223723575617018389e+00
1.223652593272962052e+00
1.223523239748683933e+00
1.223548913312634046e+00
1.223280518586165710e+00
1.223277081315662151e+00
1.223065150515474153e+00
1.223062737946610579e+00
1.222743710610062928e+00
1.222654421666367286e+00
1.222347080600965086e+00
1.222179844509038160e+00
1.222262501494601361e+00
1.222037404411857375e+00
1.222049902353231854e+00
1.221709567360405702e+00
1.221675423341944677e+00
1.221752298743133514e+00
1.221307521901211723e+00
1.221268813576562806e+00
1.221288065690207647e+00
1.221202777134524409e+00
1.221177406186900960e+00
1.220987734875637054e+00
1.220874245068946928e+00
1.220761269985858322e+00
1.220745393271408741e+00
1.220563774122678469e+00
1.220585326340272392e+00
1.220352369874072584e+00
1.220338065960801410e+00
1.220186665711854745e+00
1.219994236043122182e+00
1.220131055548906884e+00
1.219911232996092609e+00
1.219825380642208357e+00
1.219880406461085753e+00
1.219914873060677474e+00
1.219626938681795947e+00
1.219464006001840017e+00
1.219513757291073475e+00
1.219464772278162856e+00
1.219379171592882782e+00
1.219280181855245448e+00
1.219139673520678313e+00
1.219093709375301815e+00
1.218812777424978178e+00
1.218776437631351017e+00
1.218584994198966598e+00
1.218604448032096110e+00
1.218445223563767721e+00
1.218342810121460174e+00
1.218249968847499032e+00
1.218203962676404517e+00
1.218024157859112888e+00
1.217857108495648211e+00
1.217906691194563962e+00
1.217749727031164797e+00
1.217606923404020769e+00
1.217496461855839041e+00
1.217467480111876776e+00
1.217411212054314795e+00
1.217287475290764975e+00
1.217321021295779238e+00
1.216986167819233078e+00
1.216795415747298437e+00
1.216938112672104610e+00
1.216930931929888215e+00
1.216757077083945981e+00
1.216726860165791679e+00
1.216628796798382206e+00
1.216507076424846678e+00
1.216522916759301465e+00
1.216443712294988488e+00
1.216399362288636654e+00
1.216243405348091722e+00
1.216245583670737096e+00
1.216074530607332838e+00
1.216024284809320788e+00
1.215953348712587090e+00
1.215779163592471068e+00
1.215737638229874351e+00
1.215609585467177123e+00
1.215410552635995289e+00
1.215436517092634006e+00
1.215344190815623948e+00
1.215161566146851113e+00
1.215198303930111079e+00
1.215034962378908512e+00
1.215017782497104237e+00
1.214896549650889890e+00
1.214899570565827869e+00
1.214796522827060965e+00
1.214761291374437446e+00
1.214658941493328870e+00
1.214475326307621783e+00
1.214411830149181082e+00
1.214436285033613450e+00
1.214304345612113645e+00
1.214195536178600543e+00
1.214169993525652913e+00
1.214115995557881522e+00
1.213894044708347275e+00
1.213800008277072351e+00
1.213789893968909794e+00
1.213671318398080734e+00
1.213671188380844201e+00
1.213394389155324271e+00
1.213267031230450543e+00
1.213244977784086576e+00
1.213198141904261229e+00
1.213117052015583619e+00
1.212978020774648336e+00
1.212928158994986516e+00
1.212836002131773894e+00
1.212696658115700599e+00
1.212619091978315522e+00
1.212455708978124269e+00
1.212288041964616925e+00
1.212272636743749965e+00
1.212358168227014366e+00
1.212165149485391780e+00
1.212056513040092875e+00
1.211841431230372690e+00
1.211887003811183305e+00
1.211712883523954121e+00
1.211582024274951985e+00
1.212017988636353349e+00
1.211824606053824693e+00
1.211587136366678363e+00
1.211273137303368941e+00
1.211100472279105444e+00
1.210995208665619494e+00
1.211260610212917976e+00
1.210795409626530317e+00
1.210742518410965918e+00
1.210827567816872952e+00
1.210547384209034183e+00
1.210680051045071037e+00
1.210499572168628912e+00
1.210566458322456684e+00
1.210289210925199255e+00
1.210295020292100343e+00
1.210232403558740844e+00
1.210036673140258978e+00
1.210185699852867725e+00
1.210021758839685102e+00
1.209777139501003740e+00
1.209842340900123325e+00
1.209710582083582064e+00
1.209669889952514232e+00
1.209571503460025177e+00
1.209396694086155799e+00
1.209396593080917848e+00
1.209368074585613018e+00
1.209240305894995426e+00
1.209101838042911048e+00
1.209121901962230794e+00
1.209141065193871878e+00
1.209048401816413154e+00
1.209093725054567692e+00
1.208856812290004745e+00
1.208774184128436735e+00
1.208799702631464745e+00
1.208740741196153934e+00
1.208516309020453372e+00
1.208464089908412920e+00
1.208435830869520666e+00
1.208345903734476590e+00
1.208314571958738259e+00
1.208218435594627271e+00
1.208130804002079950e+00
1.208076151094432893e+00
1.207841113800727451e+00
1.207835381687786036e+00
1.207667151452154641e+00
1.207836042508587004e+00
1.207632114307498394e+00
1.207541364119954386e+00
1.207482279382533275e+00
1.207445342330745186e+00
1.207178080695746170e+00
1.207174426048854388e+00
1.207066420963969433e+00
1.206975229220400569e+00
1.206908099356054365e+00
1.206639311661006131e+00
1.206749502709871802e+00
1.206836002170120326e+00
1.206630998124397447e+00
1.206459388590835458e+00
1.206688858846041379e+00
1.206207723831661083e+00
1.206441506268269848e+00
1.206176884402958116e+00
1.205961104788183524e+00
1.206186329347091801e+00
1.205801139284568224e+00
1.205999279362675702e+00
1.205713595798270754e+00
1.205684146727178385e+00
1.205655804567853373e+00
1.205406799581568933e+00
1.205336555658857778e+00
1.205164759084802029e+00
1.205224498882455642e+00
1.205025255238791670e+00
1.205111354041586091e+00
1.205016785280441871e+00
1.204914835536987860e+00
1.204743678653998451e+00
1.204794359606960574e+00
1.204657957850801209e+00
1.204677200712804375e+00
1.204602208092838023e+00
1.204568822902743808e+00
1.204430594243387498e+00
1.204560040148337174e+00
1.204217803252677355e+00
1.204232020171797091e+00
1.204404987872171207e+00
1.204036120279697197e+00
1.204468864710859899e+00
1.204303744913590490e+00
1.203985002297122131e+00
1.204099070190895793e+00
1.204022092744290839e+00
1.203803787930152414e+00
1.203981078752170975e+00
1.203750331821426434e+00
1.203595601631382461e+00
1.203553150821501827e+00
1.203380693333552909e+00
1.203421557652271323e+00
1.203443898488215869e+00
1.203194119016884445e+00
1.203173797547184121e+00
1.202958190216416146e+00
1.203077873780833196e+00
1.202766308321195687e+00
1.202824056308254175e+00
1.202830870826053333e+00
1.202823590665330622e+00
1.202612069222295021e+00
1.202635802832598966e+00
1.202522121672813915e+00
1.202113596839206267e+00
1.202429793745945164e+00
1.202200296473995733e+00
1.202130042480192840e+00
1.201966539329134553e+00
1.201951995483250268e+00
1.202107565008258216e+00
1.201854268807801107e+00
1.201827331364081042e+00
1.201846777257342902e+00
1.201547219536159838e+00
1.201358376520131221e+00
1.201758325781298042e+00
1.201127856414677231e+00
1.201536819896423580e+00
1.201255367872683610e+00
1.200888870983961354e+00
1.201134041480427461e+00
1.200939653049808875e+00
1.200930181629682902e+00
1.200850937032405197e+00
1.200642639901980280e+00
1.200681648536042756e+00
1.200745533524406605e+00
1.200608296682320164e+00
1.200730443809458592e+00
1.200149773609840320e+00
1.200247065462110463e+00
1.200359195160273229e+00
1.200348377445092263e+00
1.199912371821805657e+00
1.200077116345118489e+00
1.199875376971052399e+00
1.200150239995160018e+00
1.199959258665953987e+00
1.199857419047620333e+00
1.199982551439589873e+00
1.199495750407937100e+00
1.199451887273315975e+00
1.199406523199231023e+00
1.199212996011207455e+00
1.199078800282102675e+00
1.198858608243692725e+00
1.199048013987823680e+00
1.198965294439874985e+00
1.198732110202749279e+00
1.198873847085594635e+00
1.198659103363325373e+00
1.198830673093714161e+00
1.198525941051240773e+00
1.198803854001827762e+00
1.198328997888114644e+00
1.198468062763724307e+00
1.198342835088606728e+00
1.198190423418811434e+00
1.197992095965138892e+00
1.198009378886000897e+00
1.197920788035476525e+00
1.197895259123196388e+00
1.197655233653583062e+00
1.197521461056403336e+00
1.197626086139809809e+00
1.197519402403757427e+00
1.197782804443230154e+00
1.197495731691018195e+00
1.197482703022505257e+00
1.197378971350587573e+00
1.197069190289193008e+00
1.197049005473379113e+00
1.197036166751400010e+00
1.196900136586257046e+00
1.196736255412933270e+00
1.196818592276016835e+00
1.196821598106421858e+00
1.196540378186119469e+00
1.196516332823733153e+00
1.196387334551008541e+00
1.196274387748015089e+00
1.196045317665698882e+00
1.195907853611360094e+00
1.195943372995095233e+00
1.195761172319146359e+00
1.195786748693829393e+00
1.195731690751231868e+00
1.195629810162849305e+00
1.195572406867536186e+00
1.195561986676987987e+00
1.195489501691202827e+00
1.195332803100695562e+00
1.195172881094349604e+00
1.195314254743131022e+00
1.195142648072335501e+00
1.194936713346157697e+00
1.195018675102671679e+00
1.194993375767402055e+00
1.194981575167871179e+00
1.194735737046548119e+00
1.194703910411133885e+00
1.194666143306726713e+00
1.194399902071021202e+00
1.194437351248930801e+00
1.194268416684744372e+00
1.194158536839525775e+00
1.194385836872481788e+00
1.194344656274340943e+00
1.194074840260793247e+00
1.193957363640168579e+00
1.194070402129805641e+00
1.193863174847999975e+00
1.194162942252261495e+00
1.193844843686078461e+00
1.193771349413180749e+00
1.193717922445490798e+00
1.193577748016352746e+00
1.193546562770095631e+00
1.193468596209570132e+00
1.193360755319308630e+00
1.193221033311038015e+00
1.193098273563093281e+00
1.193195870213907828e+00
1.193021744277500185e+00
1.192961059459931139e+00
1.192940940155107876e+00
1.192835454614013413e+00
1.192870814043839767e+00
1.192757002754504247e+00
1.192762683639427834e+00
1.192615932937440393e+00
1.192668773376220903e+00
1.192674370241682213e+00
1.192569864547498026e+00
1.192553374540104238e+00
1.192543175166423053e+00
1.192359187292530098e+00
1.192297594560994378e+00
1.192080994513416758e+00
1.192163025168020640e+00
1.191913086771262398e+00
1.192049850892606733e+00
1.191958888482210988e+00
1.191852435930304432e+00
1.191694952603433277e+00
1.191881301771742896e+00
1.191622379597722992e+00
1.191992789471588710e+00
1.191766125077403204e+00
1.191362209939043071e+00
1.191676494819743803e+00
1.191315538756573700e+00
1.191462236778936701e+00
1.191339588379596526e+00
1.191466415036145365e+00
1.191320984127104188e+00
1.191237537840967420e+00
1.191072855961575749e+00
1.191216627263191219e+00
1.190873646335460556e+00
1.191014697008085488e+00
1.191025747014457403e+00
1.190824306658569087e+00
1.190982664370552557e+00
1.190829484853627607e+00
1.190798654520245803e+00
1.190614577113282113e+00
1.190760737633733468e+00
1.190621984154498270e+00
1.190760039781244561e+00
1.190703081860981838e+00
1.190450956477935751e+00
1.190079057357258163e+00
1.190263551503239592e+00
1.190308023862206799e+00
1.190011808830758300e+00
1.189939240463228742e+00
1.189819356318235766e+00
1.189884009286096278e+00
1.189713497341706505e+00
1.189924537709814212e+00
1.189727678823335300e+00
1.189605813499675646e+00
1.189704606375183715e+00
1.189557397383697035e+00
1.189449770151212782e+00
1.189481372647739121e+00
1.189344923342743998e+00
1.189229274281655258e+00
1.189195784315636439e+00
1.189056697956953679e+00
1.189100491698408923e+00
1.188960632444943988e+00
1.188946579685243865e+00
1.188802168602260290e+00
1.188889297100748754e+00
1.188681294972842029e+00
1.188593781327792032e+00
1.188561512083532223e+00
1.188589074692027125e+00
1.188580068067083051e+00
1.188514875375462854e+00
1.188271875403466460e+00
1.188340369126611007e+00
1.188326446931059044e+00
1.188142138355698707e+00
1.188147203732119683e+00
1.188088611829041463e+00
1.188082723945569130e+00
1.187878353945106769e+00
1.187864057517341143e+00
1.187858408756160999e+00
1.187950346001161783e+00
1.187780561312293814e+00
1.187843145545182333e+00
1.187775322994169214e+00
1.187716276387424275e+00
1.187828544216940285e+00
1.187517320914800667e+00
1.187546962294708353e+00
1.187469936604342191e+00
1.187567448257536240e+00
1.187404900292077681e+00
1.187306952861886478e+00
1.187482226073052871e+00
1.187407594009086464e+00
1.187270286746831882e+00
1.187337446719296308e+00
1.187139257542165538e+00
1.186858185801729082e+00
1.186972710727870028e+00
1.187010040436851099e+00
1.186946004568277813e+00
1.187059643245400364e+00
1.186898985191049638e+00
1.186818069040483259e+00
1.186549154458790722e+00
1.186677818027837672e+00
1.186482396842260423e+00
1.186613018239713879e+00
1.186567775528795110e+00
1.186235301747985416e+00
1.186294338271272286e+00
1.186379191951410172e+00
1.186347690811733191e+00
1.186216651671757383e+00
1.186322296516424180e+00
1.186318916425973979e+00
1.186292780891324394e+00
1.186222286187492259e+00
1.186060773332154206e+00
1.185949214879967295e+00
1.186156103839284492e+00
1.185736467713707221e+00
1.185812762812011423e+00
1.185968458202207865e+00
1.185790924005004188e+00
1.185675763144768302e+00
1.185752451314540545e+00
1.185814498628386504e+00
1.185542008398862146e+00
1.185513654972552455e+00
1.185536486548848023e+00
1.185345993446610846e+00
1.185341215972345985e+00
1.185286583563088358e+00
1.185318815569151196e+00
1.185239956833423758e+00
1.185206040660634619e+00
1.185319953759749634e+00
1.185125958246352917e+00
1.184967443057872272e+00
1.184944692818159728e+00
1.185109819879835547e+00
1.184790175735152662e+00
1.184793026634442858e+00
1.185055532787761878e+00
1.184810666697824422e+00
1.184732122889413208e+00
1.184705190453608559e+00
1.185009035949093681e+00
1.184823296570662210e+00
1.184734613035024697e+00
1.184457525252093246e+00
1.184424131292715066e+00
1.184552635255587072e+00
1.184165861110592299e+00
1.184487665349553298e+00
1.184316888341232721e+00
1.184299062679691650e+00
1.184263285621142581e+00
1.184034704160498608e+00
1.184042605567562356e+00
1.183903495661463134e+00
1.184081525833218240e+00
1.183897072480587953e+00
1.183845927894147110e+00
1.183717423154257320e+00
1.183575470474837132e+00
1.183589583720831673e+00
1.183587294185017624e+00
1.183659681071710157e+00
1.183653051083832564e+00
1.183398833230152380e+00
1.183129012467074359e+00
1.183441552505464900e+00
1.183063351993733470e+00
1.183277952077346651e+00
1.183079117257271218e+00
1.183038068550442024e+00
1.183214490339362657e+00
1.183188866463778632e+00
1.183073366479602262e+00
1.183113751583522832e+00
1.183075132640967420e+00
1.182979472151723721e+00
1.182803270026461906e+00
1.182948000585094972e+00
1.182941517063557990e+00
1.182866901928474990e+00
1.182789375470516768e+00
1.182689670645401980e+00
1.182410554784494083e+00
1.182748097383247821e+00
1.182429368948429316e+00
1.182398898273726795e+00
1.182298383075694792e+00
1.182341485291453109e+00
1.182028827194507414e+00
1.182054096007720156e+00
1.182179431014393822e+00
1.182127616693565253e+00
1.181936522233916653e+00
1.182131273027464680e+00
1.181947875762292544e+00
1.181694944570465422e+00
1.181686187363822027e+00
1.181828911244934721e+00
1.181597143513898329e+00
1.181662901908705487e+00
1.181447204124124850e+00
1.181616211960783813e+00
1.181568635646356613e+00
1.181162839401685760e+00
1.181273195585565761e+00
1.181193847724081980e+00
1.181316631292240960e+00
1.180979187013349252e+00
1.181212184745696447e+00
1.181037242144725719e+00
1.180934749771448633e+00
1.180972222092971258e+00
1.181035540242853621e+00
1.180944699926747665e+00
1.180724756801365460e+00
1.180839322237747790e+00
1.180959227754039942e+00
1.180915110845789817e+00
1.180740721337448562e+00
1.180726987154942842e+00
1.180661949522015863e+00
1.180517151049878422e+00
1.180616904789513422e+00
1.180728703470733665e+00
1.180515403292645926e+00
1.180486061127596908e+00
1.180515688687643783e+00
1.180229762323429243e+00
1.180410958104802566e+00
1.180228961721467629e+00
1.180305681038648524e+00
1.180337027124512828e+00
1.180015781862657098e+00
1.180362444196134453e+00
1.180130764057737425e+00
1.179902985340205435e+00
1.180108850878235360e+00
1.179865805605486040e+00
1.179881736648855650e+00
1.179873836970597667e+00
1.179729877903858304e+00
1.179863627049210884e+00
1.179562648374903544e+00
1.179788739758164118e+00
1.179610717720231516e+00
1.179695981849832487e+00
1.179655280730378397e+00
1.179663622195401329e+00
1.179549410438937906e+00
1.179481181773170961e+00
1.179410846560885240e+00
1.179312925638355658e+00
1.179450108367796402e+00
1.179532902230250535e+00
1.179068864651976911e+00
1.179292613583731386e+00
1.179221842014556376e+00
1.179029560873013915e+00
1.178864732543696281e+00
1.178934474514418573e+00
1.179010173896418490e+00
1.178727499402491885e+00
1.178755483714555963e+00
1.178840341104691047e+00
1.178735356029329440e+00
1.178485268190484270e+00
1.178539666148457732e+00
1.178550767534727095e+00
1.178676195900278723e+00
1.178475657209501870e+00
1.178742180150393004e+00
1.178397950292288332e+00
1.178367076142699865e+00
1.178564431695122705e+00
1.178238967433413054e+00
1.178569742572440404e+00
1.178258517058445420e+00
1.178273478767929427e+00
1.178371352703070363e+00
1.177941052008146805e+00
1.178147847351910027e+00
1.178279031408262956e+00
1.178161639801970528e+00
1.177902973797164687e+00
1.178266793034192128e+00
1.178030468201348935e+00
1.178029344358028530e+00
1.177910082712894324e+00
1.177781775941079800e+00
1.177764564065573394e+00
1.177783927907789296e+00
1.177769997376110434e+00
1.177708370612657873e+00
1.177599411623302617e+00
1.177512854111222085e+00
1.177669238664819762e+00
1.177509036112097229e+00
1.177305951200507073e+00
1.177551689201890683e+00
1.177298353779352880e+00
1.177366152992915582e+00
1.177268256029693205e+00
1.177275563274217562e+00
1.177002899366741628e+00
1.177155448006927951e+00
1.177041291531291112e+00
1.177269237473389074e+00
1.177092102274452268e+00
1.176972739191326722e+00
1.176914877383050895e+00
1.176956063759744486e+00
1.176888646867786159e+00
1.176758771398536352e+00
1.176419038382187976e+00
1.176742347303913805e+00
1.176431061595422989e+00
1.176819204093026983e+00
1.176688170207917716e+00
1.176471112950215669e+00
1.176487346385030497e+00
1.176263503083876172e+00
1.176269155288911517e+00
1.176133287269906402e+00
1.176318003767516940e+00
1.176487573681498144e+00
1.176140510094789038e+00
1.176150365584658131e+00
1.176359601368788921e+00
1.176022084069529461e+00
1.175955462140876984e+00
1.176145089951746936e+00
1.176157784038605048e+00
1.176045025330948679e+00
1.176074256819363617e+00
1.175960114566724224e+00
1.175776015659914187e+00
1.175825172381964823e+00
1.175678797532744291e+00
1.175747282311059738e+00
1.175619552770658327e+00
1.175707040786987845e+00
1.175706444624087910e+00
1.175764602649687518e+00
1.175358114644204477e+00
1.175466132132042540e+00
1.175597085875273118e+00
1.175433620643599575e+00
1.175328895621684966e+00
1.175271682669834616e+00
1.175060792045657942e+00
1.175110171996855080e+00
1.174980633635910543e+00
1.175269485901302868e+00
1.175099698949046534e+00
1.174982269093779896e+00
1.174937003756070242e+00
1.174836731562266978e+00
1.174932704265380545e+00
1.174751221337162921e+00
1.174547500394032440e+00
1.174711349269884408e+00
1.174447588166079859e+00
1.174701810336499674e+00
1.174353011163524529e+00
1.174388009458257720e+00
1.174591651361961420e+00
1.174318093732603208e+00
1.174161195802815749e+00
1.174083777666658834e+00
1.174102488594226834e+00
1.174057781500613018e+00
1.174087421055777014e+00
1.173959882350198436e+00
1.174290853167401893e+00
1.174280844553995395e+00
1.174018155765121252e+00
1.174013176161444294e+00
1.174158892969039636e+00
1.173945164592919754e+00
1.174029036975295259e+00
1.173715934935078087e+00
1.173504365500745994e+00
1.173795230285080704e+00
1.173935726611944341e+00
1.173511088701988614e+00
1.173656354934654145e+00
1.173740060941091068e+00
1.173592187450396951e+00
1.173682655282078713e+00
1.173513442064368251e+00
1.173533452167985436e+00
1.173583032306633411e+00
1.173463489912822677e+00
1.173698961202688684e+00
1.173466936424954588e+00
1.173462327770067093e+00
1.173525117473974477e+00
1.173177130247828215e+00
1.173212112877912272e+00
1.173119784568558144e+00
1.173260221760143995e+00
1.173165893576864072e+00
1.173230500791634379e+00
1.173138552985486527e+00
1.173161776186182781e+00
1.173018456738790016e+00
1.173151590639227582e+00
1.172915597957624234e+00
1.173243554954721768e+00
1.172895413987130153e+00
1.172942000512681604e+00
1.172748831067592645e+00
1.172568021182065712e+00
1.172989238599078776e+00
1.172647486658074278e+00
1.172551205096983074e+00
1.172575843412395846e+00
1.172483973387556055e+00
1.172449802074241765e+00
1.172386616239764701e+00
1.172181600306753113e+00
1.172352580116685639e+00
1.172141401574560371e+00
1.172308768111182120e+00
1.172153160540298611e+00
1.172028170907313926e+00
1.172131625822982581e+00
1.171973081339392264e+00
1.171966929158604565e+00
1.171935187422637137e+00
1.172084218876588979e+00
1.171854378235577920e+00
1.171921594511434295e+00
1.171859909292925161e+00
1.171780843424001795e+00
1.171912655784933976e+00
1.171670640860504875e+00
1.171843563745798011e+00
1.171522232296632771e+00
1.171567124736797139e+00
1.171600340783922611e+00
1.171565711465367476e+00
1.171516681386493008e+00
1.171384346567854839e+00
1.171477540730153200e+00
1.171538991638742422e+00
1.171408001911365959e+00
1.171576516764888387e+00
1.171513899336570352e+00
1.171239145338363707e+00
1.171285383952078041e+00
1.171337090715343976e+00
1.171438157998839324e+00
1.171322065253673328e+00
1.171112414170226712e+00
1.171038618408042353e+00
1.171343705539575897e+00
1.171037614331679633e+00
1.171149398823361443e+00
1.171142382032261287e+00
1.171271671872731845e+00
1.171233503413633859e+00
1.170952500529650164e+00
1.170910253844085203e+00
1.170816561687253676e+00
1.170797957401138678e+00
1.170612260875938837e+00
1.170596069042707965e+00
1.170633580643241300e+00
1.170775172867904557e+00
1.170705379849382277e+00
1.170617664785594370e+00
1.170760604799339077e+00
1.170558840964540437e+00
1.170503301119136363e+00
1.170397256143517639e+00
1.170224904195582338e+00
1.170215368064370098e+00
1.170256765462595938e+00
1.170366841174640626e+00
1.170256791316538925e+00
1.170283721433071689e+00
1.170181193990715407e+00
1.170150810252841289e+00
1.170235468786851696e+00
1.169959809122381733e+00
1.169863296780581985e+00
1.169884408620634586e+00
1.169727048747826847e+00
1.169741387659789744e+00
1.169664717049249569e+00
1.169789600860616341e+00
1.169732038323840539e+00
1.169652228773037761e+00
1.169399194595143410e+00
1.169519742460905176e+00
1.169380694870653103e+00
1.169650316461243955e+00
1.169402322937254768e+00
1.169243594988762291e+00
1.169206839452108904e+00
1.169167575735846176e+00
1.169427844536375272e+00
1.169264417849023241e+00
1.169196016497482837e+00
1.169196161366449216e+00
1.169060270459659101e+00
1.169113173722937438e+00
1.169001778521280732e+00
1.168939191138363531e+00
1.169132916166521152e+00
1.169107471997782310e+00
1.168675440386868880e+00
1.168810343650058092e+00
1.168765854484105082e+00
1.168862063867439627e+00
1.168820239071128864e+00
1.168644548186230869e+00
1.168617288145681554e+00
1.168543934777136917e+00
1.168463557056844460e+00
1.168216916024170438e+00
1.168341968098045358e+00
1.168299965359462345e+00
1.168282628280241653e+00
1.168293376628163571e+00
1.168267502633112409e+00
1.168185751957609986e+00
1.168197027679727773e+00
1.168180824732488521e+00
1.168069204346736889e+00
1.168087803976590067e+00
1.167947464538753533e+00
1.168198900361111514e+00
1.168034969142298651e+00
1.168065929969404504e+00
1.167939010006002087e+00
1.167848983351184922e+00
1.167810428663448974e+00
1.167594792603371179e+00
1.167736885465395558e+00
1.167724923783115099e+00
1.167503084972889793e+00
1.167566503953415991e+00
1.167716109856060891e+00
1.167598092046091773e+00
1.167637933281529872e+00
1.167467285558794865e+00
1.167282847041868354e+00
1.167301912594635116e+00
1.167468471721289758e+00
1.167377330031393656e+00
1.167278715816559620e+00
1.167272745861486660e+00
1.167204866088093373e+00
1.167184082025780834e+00
1.167046826427353023e+00
1.167010829087208545e+00
1.167113988218398291e+00
1.166957222714456011e+00
1.166918872142768571e+00
1.167089592125668762e+00
1.167078696877331012e+00
1.166853342107120994e+00
1.166879554326498480e+00
1.167019867706919012e+00
1.166912177448695020e+00
1.166771381422084586e+00
1.166601823679586092e+00
1.166676136494748661e+00
1.166753099398252891e+00
1.166654935213126354e+00
1.166627391429687188e+00
1.166785104549164176e+00
1.166402529448666181e+00
1.166414490825135486e+00
1.166596418474260988e+00
1.166442366876254466e+00
1.166617596885255015e+00
1.166079473673015565e+00
1.166233830264878479e+00
1.166358295885647989e+00
1.166454671283062794e+00
1.166066994984421790e+00
1.166196761414296734e+00
1.166180962010471278e+00
1.166358053375003090e+00
1.166072134254934944e+00
1.166087952581680076e+00
1.165996733176343225e+00
1.166120808924173691e+00
1.165945812768704348e+00
1.166156167880717076e+00
1.165784398293946200e+00
1.166043206915909236e+00
1.165718729805320431e+00
1.165816044272055318e+00
1.165795639457350763e+00
1.165826354679347032e+00
1.165697361627539452e+00
1.165595976553895907e+00
1.165993447725072185e+00
1.165613274931819321e+00
1.165335263433576740e+00
1.165666145599741244e+00
1.165503727287436453e+00
1.165244687909970045e+00
1.165234059891371743e+00
1.165381690724643704e+00
1.165100273591715974e+00
1.165164960649035297e+00
1.165155343884108463e+00
1.165182101793647673e+00
1.165344195929039817e+00
1.164960248464031567e+00
1.165135933202284590e+00
1.165091211561668727e+00
1.164826610726610090e+00
1.164772077145029838e+00
1.164689142792316945e+00
1.164709427953165788e+00
1.164591348839710383e+00
1.164607292561791185e+00
1.164619846527309432e+00
1.164514685575351871e+00
1.164694345572106604e+00
1.164511086323158251e+00
1.164503469489994947e+00
1.164621883428835547e+00
1.164332177075907859e+00
1.164419677173543999e+00
1.164288035302248225e+00
1.164366726015592990e+00
1.164221373508502078e+00
1.164137933908148126e+00
1.164213789315056813e+00
1.164041317565441158e+00
1.164146750456740209e+00
1.164054455025965273e+00
1.164025427820658320e+00
1.163954604245744262e+00
1.163971961430301238e+00
1.164119482950298545e+00
1.163805945067412972e+00
1.163932455643011732e+00
1.163816697097202590e+00
1.163930820686102541e+00
1.163861913629649303e+00
1.163805652078937491e+00
1.163704797429297111e+00
1.163715059240516991e+00
1.163866085866312794e+00
1.163789224390268773e+00
1.163585976674400335e+00
1.163792699942954645e+00
1.163622785741273091e+00
1.163539303682547876e+00
1.163652410428934081e+00
1.163465931957031740e+00
1.163510608523447232e+00
1.163601496607537422e+00
1.163537599056042149e+00
1.163591208072846106e+00
1.163417444250069321e+00
1.163394455664207294e+00
1.163477361597899273e+00
1.163500084952865610e+00
1.163430715172779628e+00
1.163304382683054916e+00
1.163242496320683328e+00
1.163370682501845943e+00
1.163304883440025028e+00
1.162992218876561568e+00
1.163191302667562876e+00
1.162953678746480923e+00
1.163096590673542208e+00
1.163002315879991366e+00
1.162840883857838126e+00
1.162967420286844966e+00
1.162892201071237031e+00
1.162985117394619294e+00
1.162949196372870420e+00
1.162688504018557500e+00
1.162729937587126949e+00
1.162788755536284580e+00
1.162700190871557959e+00
1.162448449189962263e+00
1.162582861603636664e+00
1.162733218393981360e+00
1.162443484513285386e+00
1.162532768464762389e+00
1.162287315008667887e+00
1.162431878929667928e+00
1.162338329685105975e+00
1.162387337744686500e+00
1.162396906171971889e+00
1.162236862529953285e+00
1.162264666732476082e+00
1.162288445335192266e+00
1.161991233836806137e+00
1.162026392384261086e+00
1.162101649236836343e+00
1.162069342398864391e+00
1.162073551422326601e+00
1.162086295075720477e+00
1.161961890631741934e+00
1.162041871211152433e+00
1.161934951621845569e+00
1.161978516272180739e+00
1.161893806415180253e+00
1.161875871892102952e+00
1.162077513361064574e+00
1.161752085165284054e+00
1.161703691153664675e+00
1.161585198248814566e+00
1.161595489706531703e+00
1.161558590003472169e+00
1.161763442449836647e+00
1.161582537700260209e+00
1.161422683984750792e+00
1.161476923870266686e+00
1.161385672203819608e+00
1.161365160144452124e+00
1.161439334088010256e+00
1.161449591164302353e+00
1.161288011976646439e+00
1.161347061934007607e+00
1.161169428501358292e+00
1.161248574464515793e+00
1.161376295706990414e+00
1.161024164418217319e+00
1.161161169591758080e+00
1.161329514928699957e+00
1.161241414791507776e+00
1.161154860268393652e+00
1.161003405259990684e+00
