2.715095415952696953e+02
6.344782211051026621e+01
5.110253370853908450e+01
4.439466476679167073e+01
4.018855866019782042e+01
3.692729285329773603e+01
3.372610555581388070e+01
3.018949283382588433e+01
2.592840895238105148e+01
2.037955002746760158e+01
1.367426852540691407e+01
7.764628036995138594e+00
4.680613499357435536e+00
3.741916085297226857e+00
3.411514393032850645e+00
3.225521885810854528e+00
3.086612069245556977e+00
2.971549406996941034e+00
2.870559461159042147e+00
2.781216492049267686e+00
2.703476669166315460e+00
2.635110531870400674e+00
2.573554442880714443e+00
2.516482603976314625e+00
2.463884813233586879e+00
2.416482477811489726e+00
2.372466808785919756e+00
2.331369655778686489e+00
2.292877367695800306e+00
2.257173811855777146e+00
2.223517304716622345e+00
2.191338775915026904e+00
2.160033024167666849e+00
2.129706060866150885e+00
2.099578563625302152e+00
2.070226115780802623e+00
2.040168601420768280e+00
2.010044771331997548e+00
1.979041113761766502e+00
1.947610093210639270e+00
1.915964042488958796e+00
1.885039188530207355e+00
1.855434100403979159e+00
1.828404158840516658e+00
1.803973760578483576e+00
1.782078095885869073e+00
1.762516277201565673e+00
1.745163186884223450e+00
1.729894071091782060e+00
1.716105603725708084e+00
1.703516707460797752e+00
1.691735796660245983e+00
1.681130038635029855e+00
1.671170355187199474e+00
1.661604931057998336e+00
1.652968832130378596e+00
1.644691551006109309e+00
1.636786851413065902e+00
1.629012700618605258e+00
1.621393764994202513e+00
1.614355638581164376e+00
1.607337796453248258e+00
1.600536518141165487e+00
1.593902126323093249e+00
1.587318473740985780e+00
1.580560097057800206e+00
1.574279716153565323e+00
1.568235124963297977e+00
1.562023467222610096e+00
1.556039933805270392e+00
1.550237043034633055e+00
1.545095493768170014e+00
1.540696095198847315e+00
1.535164521381499725e+00
1.530331301840333724e+00
1.525574236011967066e+00
1.521450200363454686e+00
1.517194574227306525e+00
1.513261951158982876e+00
1.509650190966930872e+00
1.505891102131521331e+00
1.502190297080662207e+00
1.498551465434888819e+00
1.494816372198991772e+00
1.491117780677531535e+00
1.487314803057788071e+00
1.483601884343839883e+00
1.479985318047452258e+00
1.476561303861830154e+00
1.472968398011193614e+00
1.469514371108315176e+00
1.465461087575328003e+00
1.461882570083293365e+00
1.458363622821604588e+00
1.454832200017104560e+00
1.451329004865496541e+00
1.447399643079225973e+00
1.443469052760071980e+00
1.439570314960715747e+00
1.435777914540988354e+00
1.431959935347867585e+00
1.428310103680489940e+00
1.424763955324434228e+00
1.421421087721115972e+00
1.418048645349465398e+00
1.414692713636502397e+00
1.411105067244747380e+00
1.407723765824761442e+00
1.404563418274825892e+00
1.401160466201225141e+00
1.398106215987073186e+00
1.394971845693777412e+00
1.392153314041875589e+00
1.389526460603905944e+00
1.386932453898724438e+00
1.384382433206011731e+00
1.381944655721243143e+00
1.379472837419271736e+00
1.377012719938204066e+00
1.374601604623067574e+00
1.372308194741273191e+00
1.369918606925304649e+00
1.367895945281817793e+00
1.365870031585725508e+00
1.363673003913742354e+00
1.361445404863276032e+00
1.359409572577379821e+00
1.357368573841889692e+00
1.355438055157108801e+00
1.353411798766021468e+00
1.351559638408000863e+00
1.349957073248135631e+00
1.348415973636430287e+00
1.346990203239715855e+00
1.345535535009616090e+00
1.344218933016855688e+00
1.342838021932813097e+00
1.341582794279914559e+00
1.340186091658844836e+00
1.338924428232419972e+00
1.337694738298798924e+00
1.336471346569753527e+00
1.335295172322560786e+00
1.334220259007769860e+00
1.333143499862240455e+00
1.332050080074079768e+00
1.331055113117626698e+00
1.330210976878096085e+00
1.329179488362794537e+00
1.328196748259546034e+00
1.327176959734863937e+00
1.326311345946973752e+00
1.325115377580439846e+00
1.324172725364709313e+00
1.323187050757145933e+00
1.322318252587968646e+00
1.321400939574674194e+00
1.320494130018220247e+00
1.319665628645666500e+00
1.318752728672159202e+00
1.317898663444677432e+00
1.317066925640896891e+00
1.316239545418350643e+00
1.315510606137795913e+00
1.314805671601299908e+00
1.314085502571287423e+00
1.313240491190540427e+00
1.312480278643454179e+00
1.311783760973106672e+00
1.311098013282591568e+00
1.310278152051253864e+00
1.309385725520988641e+00
1.309080675833565133e+00
1.308339758721797308e+00
1.307534117663264217e+00
1.306905850478981446e+00
1.306163294929985730e+00
1.305433940189703046e+00
1.304780341809203881e+00
1.303992877908208614e+00
1.303294181660018536e+00
1.302607756607515821e+00
1.301938668422580436e+00
1.301237004641490946e+00
1.300698280119969796e+00
1.299995773688099598e+00
1.299360309369493871e+00
1.298729767593397311e+00
1.298117040448163451e+00
1.297512221172457014e+00
1.296907509363035782e+00
1.296286606926916996e+00
1.295695459990044984e+00
1.295151621107867967e+00
1.294611766082550020e+00
1.294039398156421328e+00
1.293463478740502159e+00
1.292992991285303539e+00
1.292522408536453726e+00
1.291974463942640927e+00
1.291524423999307336e+00
1.291042495928306666e+00
1.290593090076485927e+00
1.290127230951408466e+00
1.289690341613233038e+00
1.289206251380762280e+00
1.288829631018374000e+00
1.288401065685569336e+00
1.288077634987299769e+00
1.287714058318449206e+00
1.287307787415158611e+00
1.286838575816566133e+00
1.286452964713718172e+00
1.286058646854222109e+00
1.285626855768182475e+00
1.285219221265536005e+00
1.284901616425500270e+00
1.284635701631222648e+00
1.284239030648348878e+00
1.283906994581023531e+00
1.283540396257739635e+00
1.283080070507323978e+00
1.282802074879577647e+00
1.282463636952274610e+00
1.282052368988252367e+00
1.281793930204504273e+00
1.281378754127160402e+00
1.281063166081507942e+00
1.280728856279840011e+00
1.280365522682586743e+00
1.279995220455962812e+00
1.279571578776899310e+00
1.279250784949819586e+00
1.278944242124672837e+00
1.278560869857481741e+00
1.278155223611327829e+00
1.277875092639308097e+00
1.277342820810681401e+00
1.277086613295863815e+00
1.276802643209796750e+00
1.276440919361482962e+00
1.276162235283881508e+00
1.275863062563989514e+00
1.275610823869855359e+00
1.275303286707118344e+00
1.275054240103836056e+00
1.274753398810360538e+00
1.274539738683065027e+00
1.274184112221273812e+00
1.273975351176365178e+00
1.273768152596451930e+00
1.273618004347485178e+00
1.273344473186049042e+00
1.273070887169502674e+00
1.272835151121737063e+00
1.272487241643477374e+00
1.272150927381152430e+00
1.271888140465296191e+00
1.271867700551376101e+00
1.271489587130243848e+00
1.271399777772398432e+00
1.271015351363251389e+00
1.270810282780437062e+00
1.270652058442281351e+00
1.270475901093634619e+00
1.270271545159747051e+00
1.269948967414858521e+00
1.269800121244729629e+00
1.269666970814026241e+00
1.269440199484733078e+00
1.269176739561271861e+00
1.268900686654178767e+00
1.268708330194291856e+00
1.268422034160311407e+00
1.268238813165385004e+00
1.268079805323969911e+00
1.267838486267215181e+00
1.267562494741244272e+00
1.267456379035833303e+00
1.267253667303559928e+00
1.267082547773049184e+00
1.266923575295241466e+00
1.266716390705493023e+00
1.266466619699265772e+00
1.266191318521137754e+00
1.265920581838912318e+00
1.265645328516825208e+00
1.265580662777771925e+00
1.265368963910817657e+00
1.265198361582929421e+00
1.264989439533362514e+00
1.264817486308053240e+00
1.264697032973022273e+00
1.264504533768708194e+00
1.264302685564270279e+00
1.264154277714069963e+00
1.263964891650495526e+00
1.263995222296629972e+00
1.263751841092040751e+00
1.263550318965190433e+00
1.263130442927073327e+00
1.263037786483042213e+00
1.262860544188647571e+00
1.262844670667812030e+00
1.262572777399061819e+00
1.262398039856324150e+00
1.262283619212188679e+00
1.261995752403359594e+00
1.261840522751815019e+00
1.261638188332268262e+00
1.261484608199961110e+00
1.261218481996093210e+00
1.261072072819739764e+00
1.260848977283361982e+00
1.260595727139540267e+00
1.260362447923694118e+00
1.260104094354294046e+00
1.259799906577319550e+00
1.259671736667497433e+00
1.259531723552655302e+00
1.259383565647517633e+00
1.259232132228297996e+00
1.258948298758624684e+00
1.258855053305972138e+00
1.258576419084320941e+00
1.258447235951906551e+00
1.258255534665239983e+00
1.258075224676985071e+00
1.257899663434271842e+00
1.257663557785474673e+00
1.257514545652395954e+00
1.257321866762482365e+00
1.257062411722055240e+00
1.256766558489464058e+00
1.256588987081867836e+00
1.256375595301305825e+00
1.256219100135157696e+00
1.256079402639489473e+00
1.255778275324965110e+00
1.255681864398553227e+00
1.255496574230148932e+00
1.255187251916969116e+00
1.255002727919719341e+00
1.254665398537162302e+00
1.254502916763832854e+00
1.254311448294766373e+00
1.254112259413264763e+00
1.253928946048149529e+00
1.253708594038231539e+00
1.253564720690946599e+00
1.253292232435765152e+00
1.253025601149710733e+00
1.252862647123105466e+00
1.252681105710073073e+00
1.252479265517425944e+00
1.252304198740216146e+00
1.252121766262538793e+00
1.251867283232107830e+00
1.251759961287647327e+00
1.251371154628768245e+00
1.251167289590581655e+00
1.250961321013994931e+00
1.250655651723214357e+00
1.250532372098893008e+00
1.250383470855341406e+00
1.250118229353578858e+00
1.249707865371387783e+00
1.249418566670612352e+00
1.249223423729914684e+00
1.249050228742693891e+00
1.248877394019290543e+00
1.248615300410117479e+00
1.248397511095632906e+00
1.248266984004334113e+00
1.248030473434712517e+00
1.247826571271502205e+00
1.247607057024205712e+00
1.247387746061471292e+00
1.247153933688998295e+00
1.246939944857441418e+00
1.246718625644912315e+00
1.246594135694806260e+00
1.246365607580342205e+00
1.246062886701515549e+00
1.245926319895235723e+00
1.245842709595862852e+00
1.245520197899354198e+00
1.245423445380937411e+00
1.245336906227432872e+00
1.245078686972121762e+00
1.244955812558987462e+00
1.244840295629975779e+00
1.244545608693306216e+00
1.244424844701278898e+00
1.244330140815114172e+00
1.244143869257448243e+00
1.243862618331297298e+00
1.243785330343515572e+00
1.243620011265094139e+00
1.243478870577796602e+00
1.243320095102395717e+00
1.243307494255684542e+00
1.243005624693332756e+00
1.242830114964700750e+00
1.242767931660506031e+00
1.242427921902468091e+00
1.242381624198298118e+00
1.242346902413522747e+00
1.242053759376544164e+00
1.241942817510749197e+00
1.241958188658345508e+00
1.241835534948604103e+00
1.241578855122185132e+00
1.241420377321969193e+00
1.241465257949694534e+00
1.241280517105441072e+00
1.241053317999306405e+00
1.240845061629781254e+00
1.240752392057941522e+00
1.240614633743233552e+00
1.240498001832021968e+00
1.240333795081942858e+00
1.240336166141412733e+00
1.240125273482648005e+00
1.240073170579950812e+00
1.240110386938573894e+00
1.239957223287597499e+00
1.239618402837912470e+00
1.239572685689908083e+00
1.239534390238755668e+00
1.239463843682339528e+00
1.239182993407394795e+00
1.239068739643699457e+00
1.239066227898246053e+00
1.238773982237211690e+00
1.238675548180690145e+00
1.238675885695064594e+00
1.238366113789590495e+00
1.238277749386677007e+00
1.238164746166349861e+00
1.238047007318085369e+00
1.237948965009896485e+00
1.237813946787764907e+00
1.237678429970476834e+00
1.237535690621278661e+00
1.237441641771795275e+00
1.237251167415863273e+00
1.237162295191794437e+00
1.236986918395094337e+00
1.236795888511690089e+00
1.236630210154724407e+00
1.236502790014299080e+00
1.236400251455412436e+00
1.236284154624115672e+00
1.236247646133141087e+00
1.236120448018096729e+00
1.236009629113958619e+00
1.235842884500584438e+00
1.235614855375957166e+00
1.235411028887461793e+00
1.235346916158647668e+00
1.235185423520086312e+00
1.235108461344092134e+00
1.234954380951692299e+00
1.234829399562121566e+00
1.234555151048430277e+00
1.234491592723255149e+00
1.234368648332293761e+00
1.234300090951430784e+00
1.234156599691320633e+00
1.234068105278530281e+00
1.233989215009854590e+00
1.233827642452993478e+00
1.233694851720035901e+00
1.233481366680793778e+00
1.233320024615952581e+00
1.233181445694649492e+00
1.233065796786811497e+00
1.232987280957897003e+00
1.232779370002287989e+00
1.232626496764709367e+00
1.232429498776144161e+00
1.232288067848346547e+00
1.232232360000697247e+00
1.232060696403685762e+00
1.231903534639358311e+00
1.231793418267600471e+00
1.231663706962061289e+00
1.231556208033215860e+00
1.231395929001325884e+00
1.231304346587021703e+00
1.231113303826892436e+00
1.231086587685080724e+00
1.230936344364609747e+00
1.230785184854274350e+00
1.230488017536899514e+00
1.230259450883510297e+00
1.229979982123771354e+00
1.229835385825309269e+00
1.229626947479252497e+00
1.229488706785233365e+00
1.229260793891707948e+00
1.229039081284493351e+00
1.228938706374483436e+00
1.228776422156362846e+00
1.228596146110282561e+00
1.228407578012969958e+00
1.228128452798208148e+00
1.227935049137230950e+00
1.227732716412956337e+00
1.227558754256571572e+00
1.227386531542637327e+00
1.227133298405916007e+00
1.226870318895924461e+00
1.226595668386086802e+00
1.226515332374167100e+00
1.226246536283858157e+00
1.226074296943720165e+00
1.225828732375541907e+00
1.225587797043925287e+00
1.225456348746849944e+00
1.225265341494345961e+00
1.225002349784071409e+00
1.224852604716293758e+00
1.224678058124607061e+00
1.224496201961942310e+00
1.224278215984748286e+00
1.224022192138274123e+00
1.223742427924584542e+00
1.223511148904301793e+00
1.223371587947522654e+00
1.223129107655647418e+00
1.223010382788357608e+00
1.222742626074762251e+00
1.222554077806395467e+00
1.222461416270675061e+00
1.222285740675158383e+00
1.222166307477568825e+00
1.221899518166223109e+00
1.221657320523045875e+00
1.221515747850102196e+00
1.221438965593977466e+00
1.221162498981176237e+00
1.221020231312433202e+00
1.220854766118302459e+00
1.220656609902132539e+00
1.220518183842599580e+00
1.220266607984872520e+00
1.220064022547681537e+00
1.220138515188275319e+00
1.219659358554474160e+00
1.219855452369549287e+00
1.219229059728787812e+00
1.219240589718377565e+00
1.218965379668647708e+00
1.218762279010550120e+00
1.218586339792088191e+00
1.218408253558082022e+00
1.218204851218460005e+00
1.217932147770358187e+00
1.217586129683978724e+00
1.217330519382471721e+00
1.217175258772687174e+00
1.216931057333127786e+00
1.216767589065354427e+00
1.216610899283667724e+00
1.216453198372894340e+00
1.216282058489795093e+00
1.216072766112973769e+00
1.215950482044062531e+00
1.215732640186794500e+00
1.215513788048284693e+00
1.215404332731633064e+00
1.215313781248812619e+00
1.215122984152391394e+00
1.214953866056577292e+00
1.214794748217074449e+00
1.214540235550758629e+00
1.214363404875699715e+00
1.214202495887815259e+00
1.214061990423683568e+00
1.213804342227151167e+00
1.213672147909966137e+00
1.213543853873722211e+00
1.213292811576591745e+00
1.213108625739380386e+00
1.212962928028854082e+00
1.212709673328752125e+00
1.212547173900508257e+00
1.212379494308600592e+00
1.212167112965067295e+00
1.212069369567585486e+00
1.211861285466589999e+00
1.211670938605803549e+00
1.211560266979029299e+00
1.211446164061170228e+00
1.211229329910432195e+00
1.211060998996527305e+00
1.210855386675037559e+00
1.210744697350488730e+00
1.210627497939864128e+00
1.210493105245346923e+00
1.210455277459727919e+00
1.210294317228450156e+00
1.210140865669971699e+00
1.210091605224274280e+00
1.209816549308253997e+00
1.209657493305675180e+00
1.209546371580517476e+00
1.209307261639158915e+00
1.209265540952652485e+00
1.209098588216072523e+00
1.208826478697474061e+00
1.208826372543060801e+00
1.208628724679954525e+00
1.208459374035404821e+00
1.208293041053847494e+00
1.208203531687547239e+00
1.208065014056060038e+00
1.207951990307717827e+00
1.207823808040900282e+00
1.207704286716308806e+00
1.207509835917952801e+00
1.207405889207427085e+00
1.207162119920578203e+00
1.207123616592394866e+00
1.206952411727178154e+00
1.206807574515776915e+00
1.206619449981171543e+00
1.206574825937849704e+00
1.206436658851778310e+00
1.206445458251604430e+00
1.206257513026102623e+00
1.206012287683777329e+00
1.205773232368108738e+00
1.205756960310259585e+00
1.205652721222892021e+00
1.205331465732280227e+00
1.205283014574964229e+00
1.205023952007393317e+00
1.205026898035393979e+00
1.204778784908094869e+00
1.204697942886708839e+00
1.204851851549284092e+00
1.204626744316109610e+00
1.204543029940698284e+00
1.204339685088071432e+00
1.204206888024887512e+00
1.204187065427935854e+00
1.203991964713632790e+00
1.203814885278753577e+00
1.203806816602870144e+00
1.203589453611361382e+00
1.203402142604282465e+00
1.203416895510880824e+00
1.203177700825346585e+00
1.202998279464760012e+00
1.202917712687021412e+00
1.202751625340557018e+00
1.202607892419793156e+00
1.202541631381465193e+00
1.202381711682471765e+00
1.202180634484203869e+00
1.202051190660080371e+00
1.201955263267585172e+00
1.201940738929266006e+00
1.201727631984056188e+00
1.201623113274358445e+00
1.201301133788028830e+00
1.201339544606992549e+00
1.201239949995998924e+00
1.201047924439206271e+00
1.200936952164433524e+00
1.200668108515553500e+00
1.200642441519649717e+00
1.200553073809292881e+00
1.200413299679276014e+00
1.200245271752111931e+00
1.199874444435775844e+00
1.199983162922462432e+00
1.199877757858182070e+00
1.199603046107690973e+00
1.199679515839483956e+00
1.199430208993142566e+00
1.199359579677382159e+00
1.199334113794207957e+00
1.199269632916358352e+00
1.199074404624217438e+00
1.198976987056634469e+00
1.198726827078729240e+00
1.198807255578047570e+00
1.198582639328440225e+00
1.198455801589760394e+00
1.198340067990736557e+00
1.198231326994257495e+00
1.198088892002479922e+00
1.197907944674101222e+00
1.197767089818010833e+00
1.197735843883167783e+00
1.197415887961979175e+00
1.197357247032530214e+00
1.197083631325883468e+00
1.197027618681364869e+00
1.196829544916593990e+00
1.196736084086717389e+00
1.196497817993407153e+00
1.196481571036155600e+00
1.196334171013822445e+00
1.196054345860182888e+00
1.196029056992350403e+00
1.196004817842650558e+00
1.195845763125724215e+00
1.195798798539432939e+00
1.195679024515114319e+00
1.195573829818413314e+00
1.195234909895629416e+00
1.195327325135447039e+00
1.195298176124304446e+00
1.194945715793263030e+00
1.195029849201293626e+00
1.194796092678092725e+00
1.194670924848709737e+00
1.194620477941367609e+00
1.194464026631866904e+00
1.194382703066836582e+00
1.194312442253422146e+00
1.194039649912976619e+00
1.193877424814373533e+00
1.193898726550512102e+00
1.193807278404238170e+00
1.193555845824356254e+00
1.193394144668914247e+00
1.193299117173751256e+00
1.193096962178796572e+00
1.192940765809106685e+00
1.192865543233759151e+00
1.192688109641173222e+00
1.192389939371206964e+00
1.192459474557277854e+00
1.192143661234493779e+00
1.192108565864764769e+00
1.191939974019651460e+00
1.191772707991507474e+00
1.191703556110805362e+00
1.191389614167443378e+00
1.191237422623283360e+00
1.191080522417369947e+00
1.191191863702721232e+00
1.190927469075260037e+00
1.190753314596562751e+00
1.190594736145369037e+00
1.190637586560121752e+00
1.190350895513829999e+00
1.190297581267588223e+00
1.190134960169727529e+00
1.190009158835093617e+00
1.189775516575554137e+00
1.189687613045662617e+00
1.189641976899388665e+00
1.189526656903391322e+00
1.189414627467632934e+00
1.189303250708290571e+00
1.189278144992055974e+00
1.189073677834902476e+00
1.188957841919646485e+00
1.188832721686601923e+00
1.188634616910579256e+00
1.188501936671389592e+00
1.188337036179207162e+00
1.188252510054793376e+00
1.188095338841683501e+00
1.187952284161325256e+00
1.187833964614747773e+00
1.187755819840319527e+00
1.187594294418236940e+00
1.187429401292954267e+00
1.187381017472550981e+00
1.187285705712658235e+00
1.187280159218368825e+00
1.186977326220264750e+00
1.186907786900804451e+00
1.186815164427893032e+00
1.186649144068548045e+00
1.186581853807980647e+00
1.186641995829194052e+00
1.186530760702980247e+00
1.186394663956107598e+00
1.186259636377411386e+00
1.186115295230238731e+00
1.185959655064015683e+00
1.185824655116168858e+00
1.185810478771460952e+00
1.185662624880255089e+00
1.185549245889285119e+00
1.185403607112877511e+00
1.185429701009291348e+00
1.185164928369675685e+00
1.185112994796938546e+00
1.185004567151513699e+00
1.185055252863953523e+00
1.184855637778790660e+00
1.184901700503601329e+00
1.184671414697398673e+00
1.184731004991908199e+00
1.184466990529036812e+00
1.184358402115739173e+00
1.184195855068505443e+00
1.184163140513383672e+00
1.184081052767655295e+00
1.183941426420824117e+00
1.183863054824308536e+00
1.183755080078623845e+00
1.183645774545982743e+00
1.183549378834795496e+00
1.183443376151778414e+00
1.183302369866227055e+00
1.183309666668269422e+00
1.183154606584191137e+00
1.183232634870223565e+00
1.183165390041057030e+00
1.183025869186561163e+00
1.182793884797395778e+00
1.182890848103265613e+00
1.182767877541752055e+00
1.182512111389857346e+00
1.182533365384839996e+00
1.182520520481123549e+00
1.182189341845370389e+00
1.182365271347899371e+00
1.182216250894137621e+00
1.182035779947963272e+00
1.182090092221957489e+00
1.181828372889241807e+00
1.181726135965200930e+00
1.181804153746015329e+00
1.181555850776456085e+00
1.181633329158340517e+00
1.181430201335927466e+00
1.181474556911257912e+00
1.181356451650849237e+00
1.181214182527864143e+00
1.181093522748856151e+00
1.181170748698106232e+00
1.180940866979351522e+00
1.180977886608469030e+00
1.180795913949987508e+00
1.180725171968351139e+00
1.180511867210916277e+00
1.180576806432923620e+00
1.180462907265998007e+00
1.180255392210204368e+00
1.180298839096739494e+00
1.180083755704666393e+00
1.179946492754334386e+00
1.179960928137054221e+00
1.179951194078623811e+00
1.179913065770631375e+00
1.179726747528627495e+00
1.179634970962925467e+00
1.179658109742669270e+00
1.179404583804395834e+00
1.179409763843956016e+00
1.179208940619784984e+00
1.179225002883936169e+00
1.179132677256380601e+00
1.179005932311426808e+00
1.178922600890244032e+00
1.178932682791469899e+00
1.178690013225465849e+00
1.178803033342095796e+00
1.178698842072910091e+00
1.178608984696392747e+00
1.178615847022436824e+00
1.178475335925180278e+00
1.178297417603680008e+00
1.178454197674200676e+00
1.178321261104225304e+00
1.178224269550576686e+00
1.178072735524965609e+00
1.178109874392277101e+00
1.177955058326422888e+00
1.177939327302731876e+00
1.177830876530517212e+00
1.177862689428449849e+00
1.177711550200652102e+00
1.177728456675033675e+00
1.177689339231001053e+00
1.177616466089606684e+00
1.177365719106401754e+00
1.177395322201396866e+00
1.177405985655667786e+00
1.177326052335872619e+00
1.177373615090702375e+00
1.177236235819204557e+00
1.177243228795314733e+00
1.177138486268829221e+00
1.177084626427540082e+00
1.176993011355556007e+00
1.176921819268900604e+00
1.176975189868101124e+00
1.176846665420503202e+00
1.176745582255484424e+00
1.176664118669721981e+00
1.176638648314694890e+00
1.176426841261535516e+00
1.176542572858076952e+00
1.176516790776725108e+00
1.176408393917718120e+00
1.176420262619707335e+00
1.176307132856484472e+00
1.176252716854863101e+00
1.176166802329257743e+00
1.175995503256759056e+00
1.176047547789692782e+00
1.176017266151844431e+00
1.175755448451506480e+00
1.175825835999759983e+00
1.175787725551584062e+00
1.175693398261224543e+00
1.175596691222902779e+00
1.175383879352394523e+00
1.175548843253785281e+00
1.175348306092747430e+00
1.175478665033809156e+00
1.175289535459963952e+00
1.175323494683220060e+00
1.175092881158493086e+00
1.175224757049052382e+00
1.175128934548808735e+00
1.175083566919100431e+00
1.174892261711884212e+00
1.175075542420299213e+00
1.174824718700861359e+00
1.175021071606263456e+00
1.174659663848916180e+00
1.174897258558745161e+00
1.174900822094345099e+00
1.174820662919054737e+00
1.174615183695320919e+00
1.174697696966668703e+00
1.174533154718041539e+00
1.174494122543960684e+00
1.174475842261176295e+00
1.174461415718969670e+00
1.174357539757920454e+00
1.174204595108544469e+00
1.174344720254116181e+00
1.174324877601629735e+00
1.174328106743155908e+00
1.174122767986772509e+00
1.174222916251741022e+00
1.174239608049864492e+00
1.174110589045859632e+00
1.174003359426472937e+00
1.174057028355983689e+00
1.173936506100541122e+00
1.173787335274142585e+00
1.173870933194744781e+00
1.173939892661394646e+00
1.173650173511906925e+00
1.173721545193583626e+00
1.173539266083308830e+00
1.173727832394040771e+00
1.173507519964771539e+00
1.173367642597028748e+00
1.173652014767614160e+00
1.173543085160738464e+00
1.173332154021619056e+00
1.173343374075678902e+00
1.173185082314885941e+00
1.173169101469171194e+00
1.173098156350381727e+00
1.172891166628240223e+00
1.172984709666691883e+00
1.172880883675769814e+00
1.172881745213469440e+00
1.172804195202782562e+00
1.172693061700511130e+00
1.172650489927238082e+00
1.172456696198411530e+00
1.172658619331591767e+00
1.172341624596768384e+00
1.172388397742975208e+00
1.172388253635799904e+00
1.172181967987421247e+00
1.172270300012590249e+00
1.172150593222058612e+00
1.171950858462862399e+00
1.172101084986326036e+00
1.171837056391674459e+00
1.171884024259874257e+00
1.171780091044202665e+00
1.171841175226463472e+00
1.171557371054287033e+00
1.171599165819113830e+00
1.171373487023588345e+00
1.171491114995993899e+00
1.171201248962951746e+00
1.171251126074200899e+00
1.171267444487085641e+00
1.171068962672498381e+00
1.171172561405190882e+00
1.171003535561170095e+00
1.171031991575982811e+00
1.170883578174100714e+00
1.170912503039403862e+00
1.170648825686177341e+00
1.170825542706011912e+00
1.170599936106787808e+00
1.170664609428028413e+00
1.170652356658556048e+00
1.170439276886205304e+00
1.170393964386017727e+00
1.170404734579781225e+00
1.170470664214491752e+00
1.170309933030657445e+00
1.170394844504617948e+00
1.170468173420268210e+00
1.170246554861672061e+00
1.170189819531005204e+00
1.170348282336985513e+00
1.170203863034740666e+00
1.170316981669506262e+00
1.170145703110051061e+00
1.170089964984487141e+00
1.170187590976111691e+00
1.169898477347099286e+00
1.169873600208380937e+00
1.169854542244181728e+00
1.169985693105522140e+00
1.169842237166356380e+00
1.169667638472025040e+00
1.169852582035405097e+00
1.169666010444402993e+00
1.169624036810082313e+00
1.169498248612384828e+00
1.169468005028968971e+00
1.169357258452321302e+00
1.169432767964431408e+00
1.169464956543042833e+00
1.169169002780659161e+00
1.169062476037667553e+00
1.169089039435560862e+00
1.169176382489741206e+00
1.169038941293075506e+00
1.169027891325095325e+00
1.168929242350193354e+00
1.168863047812316536e+00
1.169022122797185093e+00
1.168637962414335041e+00
1.168752739362637127e+00
1.168504774138179103e+00
1.168522029525194794e+00
1.168535728882825753e+00
1.168279153572629570e+00
1.168411602973199903e+00
1.168354432392190390e+00
1.168148152554902230e+00
1.168316988018782254e+00
1.168270930392629081e+00
1.168218193485187850e+00
1.168029078702872203e+00
1.168073888403757143e+00
1.167883272262880689e+00
1.168141804261987104e+00
1.167918859273438192e+00
1.167752733236188112e+00
1.167684897303651548e+00
1.167813965577299218e+00
1.167744899548157411e+00
1.167506279210282827e+00
1.167717744327390950e+00
1.167387136687851878e+00
1.167622417293871617e+00
1.167308773187151205e+00
1.167360471671924804e+00
1.167154340027858783e+00
1.167102997870240300e+00
1.167218041591527866e+00
1.167069700701542923e+00
1.167170529185828087e+00
1.166925842292685589e+00
1.166866795474651441e+00
1.167061699096411553e+00
1.166706849859684425e+00
1.166777731672641982e+00
1.166893602446653633e+00
1.166642443187297706e+00
1.166717359859539060e+00
1.166577966038746306e+00
1.166497590984783228e+00
1.166333155123520537e+00
1.166287763879136019e+00
1.166167218712418130e+00
1.166315451730533193e+00
1.166172546827653145e+00
1.166121910502150749e+00
1.166237338414581215e+00
1.165920755965262234e+00
1.166104399152863680e+00
1.165926215350968853e+00
1.165931952113053560e+00
1.165865616228043855e+00
1.165944799343611171e+00
1.165677749581594647e+00
1.165665095678171337e+00
1.165609728378996346e+00
1.165629907344673422e+00
1.165489362584996913e+00
1.165607031432961405e+00
1.165420172209402638e+00
1.165586689730339298e+00
1.165363549110593588e+00
1.165408755675077179e+00
1.165387880356034911e+00
1.165571493992378471e+00
1.165430311558071308e+00
1.165220021294116615e+00
1.165405219176083085e+00
1.165101552427728615e+00
1.165135786227707193e+00
1.165224211255596387e+00
1.165071460145840732e+00
1.164968783039821876e+00
1.165112496067865377e+00
1.165026320244439306e+00
1.164927510625848095e+00
1.164805700362359087e+00
1.164689403649967536e+00
1.164540006214205947e+00
1.164630431061687510e+00
1.164544258965585666e+00
1.164663139184783036e+00
1.164527601849462801e+00
1.164610704565265609e+00
1.164410030221121550e+00
1.164353532113642897e+00
1.164511711369844660e+00
1.164289062314552536e+00
1.164205471271323455e+00
1.164074851455589865e+00
1.164108678127101726e+00
1.164190256619872743e+00
1.164173002241157384e+00
1.163971823247388793e+00
1.163807458816672691e+00
1.163990013209867280e+00
1.163843819069697583e+00
1.163765467377361196e+00
1.163693913583977002e+00
1.163608651976316688e+00
1.163580996810261059e+00
1.163751697161206744e+00
1.163510765325443730e+00
1.163685534028514601e+00
1.163479222637476829e+00
1.163422918186401533e+00
1.163506763909881503e+00
1.163370258594255358e+00
1.163339804341281258e+00
1.163350337378009192e+00
1.163303137582765601e+00
1.163135889238801957e+00
1.163209782691720706e+00
1.163160384782711443e+00
1.163043513417687080e+00
1.163126078885298398e+00
1.162888299162011085e+00
1.162846586443244012e+00
1.162859844358280492e+00
1.162862216787563296e+00
1.162809819095930841e+00
1.162660536128382605e+00
1.162803587323054222e+00
1.162635919636675785e+00
1.162397711436269132e+00
1.162625569055492081e+00
1.162414880468802147e+00
1.162488393152409705e+00
1.162430262549570825e+00
1.162206754270077358e+00
1.162523323045262957e+00
1.162153896736106473e+00
1.162338334140014195e+00
1.162252896364084576e+00
1.162361214281868449e+00
1.162271661449945759e+00
1.162029423314519194e+00
1.162118473084104542e+00
1.162234608911717704e+00
1.162035460423850308e+00
1.162108882429039758e+00
1.162011749844617414e+00
1.162087129109705241e+00
1.161828843382611387e+00
1.162025777385022218e+00
1.161754567620488565e+00
1.161906311961290017e+00
1.161910012202196585e+00
1.161827425201286124e+00
1.161760592436287709e+00
1.161532503739987954e+00
1.161894845542821741e+00
1.161479478666240572e+00
1.161719721853926801e+00
1.161598844993679380e+00
1.161616716265271965e+00
1.161432855510475592e+00
1.161544250113474286e+00
1.161414478938488815e+00
1.161427160024289362e+00
1.161419574864873461e+00
1.161341925063771541e+00
1.161346435074414929e+00
1.161311331338047648e+00
1.161158109936675675e+00
1.161463122635959300e+00
1.161257833329846889e+00
1.161179295919462007e+00
1.161191412810315571e+00
1.161197936149127585e+00
1.161086876963129066e+00
1.161079671794270629e+00
1.161090396401341263e+00
1.160778000102584917e+00
1.161004775943179412e+00
1.160810335836661933e+00
1.161104449627180957e+00
1.160743925885084904e+00
1.160967452137913192e+00
1.160608412492965424e+00
1.160882606807084327e+00
1.160821644398803310e+00
1.160599491229053148e+00
1.160787453023162108e+00
1.160614039356841820e+00
1.160478041893680645e+00
1.160657652118701977e+00
1.160367849190786060e+00
1.160342619749830551e+00
1.160487651040676971e+00
1.160240579994225474e+00
1.160377802186179919e+00
1.160194715287955924e+00
1.160255196325969296e+00
1.160076616153079998e+00
1.160200071253974174e+00
1.160076693326341113e+00
1.159984966237913584e+00
1.160136994217823903e+00
1.159858190463365801e+00
1.159747176152438053e+00
1.159939571634615918e+00
1.159632670612572136e+00
1.159863836229426459e+00
1.159665574251480313e+00
1.159523614605531661e+00
1.159706972829714244e+00
1.159651067310765171e+00
1.159520086317463727e+00
1.159439526118490216e+00
1.159510630769599926e+00
1.159467066765390797e+00
1.159555439732535387e+00
1.159484122848437826e+00
1.159414430182406530e+00
1.159346193074013875e+00
1.159333355483345152e+00
1.159164781234955699e+00
1.159294301415079831e+00
1.159169327991144360e+00
1.159100817899406222e+00
1.159237367818417130e+00
1.159053607531685293e+00
1.159041141146010867e+00
1.159153221044094906e+00
1.158953290431434135e+00
1.158901583672697244e+00
1.159007779151308037e+00
1.158843281215301113e+00
1.158832831661020357e+00
1.158824958772583624e+00
1.158731388049388800e+00
1.158838218907826789e+00
1.158665898431148422e+00
1.158635882255506955e+00
1.158600712426817170e+00
1.158551090048110854e+00
1.158677489401067406e+00
1.158458216250020101e+00
1.158492734831056525e+00
1.158402335446122589e+00
1.158415733665371095e+00
1.158347830198603656e+00
1.158338580997157363e+00
1.158213044400990377e+00
1.158236051982082460e+00
1.158371186351254689e+00
1.158199731608477778e+00
1.158008205774237132e+00
1.157997657754520127e+00
1.157848818136342439e+00
1.158089730830286435e+00
1.157893867611876626e+00
1.157749695188688532e+00
1.157698204905226236e+00
1.157650117284160896e+00
1.157923212438981997e+00
1.157611847254208071e+00
1.157555624413727946e+00
1.157503721960600584e+00
1.157603802511370406e+00
1.157486262982615699e+00
1.157516803328268340e+00
1.157310406815772241e+00
1.157304796228594279e+00
1.157479384104996623e+00
1.157183516482279684e+00
1.157336626152649872e+00
1.157390577295515977e+00
1.157195401041722693e+00
1.157171420249751614e+00
1.156972586605596653e+00
1.157056172967885210e+00
1.157240884234899791e+00
1.157037279653290840e+00
1.156923501699673063e+00
1.156956874719070383e+00
1.156866185519412449e+00
1.157038956684348197e+00
1.156795966370162132e+00
1.157001623132714707e+00
1.156714553205521634e+00
1.156878828399129588e+00
1.156791459041877967e+00
1.156689658208301275e+00
1.156820875580306884e+00
1.156592101985952414e+00
1.156623203830787094e+00
1.156686310454636546e+00
1.156645707091737529e+00
1.156548969499138435e+00
1.156381632256077374e+00
1.156475126176639945e+00
1.156420100239806237e+00
1.156386919928573898e+00
1.156293281775355286e+00
1.156314067864045558e+00
1.156359124513748560e+00
1.156291085868674129e+00
1.156078850307147077e+00
1.156205011938583160e+00
1.156200859050321439e+00
1.156046635616111873e+00
1.156029930789452598e+00
1.156099071798118993e+00
1.155923589789671135e+00
1.155946398751924065e+00
1.155951547642386279e+00
1.155981717622529770e+00
1.155908252824855209e+00
1.155883397989384997e+00
1.155699756319755522e+00
1.155819591965940640e+00
1.155788732209653613e+00
1.155786652560699457e+00
1.155721363921694111e+00
1.155727713476072172e+00
1.155532167180025827e+00
1.155625380545192593e+00
1.155502745172949597e+00
1.155537611389629848e+00
1.155490715620585140e+00
1.155540610369641064e+00
1.155451243174047127e+00
1.155546364032386419e+00
1.155298429990951004e+00
1.155533885690476437e+00
1.155492351290658748e+00
1.155281541949301660e+00
1.155438506619400618e+00
1.155371140474405811e+00
1.155439230086092950e+00
1.155222611384994602e+00
1.155402857071115230e+00
1.155315783150473452e+00
1.155406925445932709e+00
1.155145278012289056e+00
1.155312841404075419e+00
1.155142916567988065e+00
1.155145004300510703e+00
1.155055285768314732e+00
1.155193279647763749e+00
1.155073217470798275e+00
1.155122793157630445e+00
1.155001617860103913e+00
1.154980828227917922e+00
1.154861166162818531e+00
1.154925308814881868e+00
1.154969740484063534e+00
1.154762953956835370e+00
1.154810385285697905e+00
1.154795379182943948e+00
1.154822106537480852e+00
1.154680395929571946e+00
1.154826660155239271e+00
1.154628111993351691e+00
1.154647061589465062e+00
1.154695197334672185e+00
1.154739071103199288e+00
1.154527424211311493e+00
1.154643312295099866e+00
1.154598545303285428e+00
1.154467696817081279e+00
1.154459108283142355e+00
1.154456907931262766e+00
1.154377659429828951e+00
1.154395008741891493e+00
1.154438741865981610e+00
1.154263343695490551e+00
1.154222066869181607e+00
1.154143317439517924e+00
1.154258134596237717e+00
1.154074499632128381e+00
1.154244730890386927e+00
1.154174878259250248e+00
1.153915341565713737e+00
1.154119696526396455e+00
1.154175630038098310e+00
1.154248615595337091e+00
1.153923535664658884e+00
1.154019797653614177e+00
1.154050392766086786e+00
1.153929647326072061e+00
1.153814456754183260e+00
1.153894233586666207e+00
1.153872495293363887e+00
1.153726014030053149e+00
1.153963914793777024e+00
1.153793429378115798e+00
1.153641295757620755e+00
1.153684775069737656e+00
1.153682153041604597e+00
1.153592194672494964e+00
1.153505467138139728e+00
1.153415637297912966e+00
1.153570433578673393e+00
1.153368099791765466e+00
1.153352293116984173e+00
1.153293255687087848e+00
1.153336381939974009e+00
1.153292175443763945e+00
1.153297877697719853e+00
1.153244717747737402e+00
1.153234530928954005e+00
1.153236733739902098e+00
1.153049696545076719e+00
1.153088093933141378e+00
1.152962218238407610e+00
1.153117969366215911e+00
1.153063704141906287e+00
1.152986296934569888e+00
1.153026165677968562e+00
1.152998767908194333e+00
1.152985996767662780e+00
1.152723112180794152e+00
1.152998178073678881e+00
1.152855284458471852e+00
1.152899208110116147e+00
1.152961790959829536e+00
1.152846463321434145e+00
1.152688192140123524e+00
1.152786880665662927e+00
1.152832263030442173e+00
1.152714538964200619e+00
1.152820390143374674e+00
1.152877992716863753e+00
1.152799595926710774e+00
1.152765777433745198e+00
1.152741932899185029e+00
1.152526402128258853e+00
1.152748018190226542e+00
1.152820932475729476e+00
1.152701618815948903e+00
1.152647119003290310e+00
1.152669836395038505e+00
1.152636428293434046e+00
1.152347835313660473e+00
1.152513579818647882e+00
1.152390431290985839e+00
1.152522903811477484e+00
1.152442543355258531e+00
1.152256349449053419e+00
1.152485476981430113e+00
1.152412300383666599e+00
1.152423332888973029e+00
1.152457647690430242e+00
1.152335299255530021e+00
1.152451046076745422e+00
1.152326530739781862e+00
1.152337805382574132e+00
1.152399811626643844e+00
1.152208345014636537e+00
1.152273783610891167e+00
1.152116647843963948e+00
1.152198325665584999e+00
1.152169730922603330e+00
1.152112128393064650e+00
1.152178712002511540e+00
1.151946528518448920e+00
1.152028823937142343e+00
1.152074019628547719e+00
1.152081871201167784e+00
1.152038182180216808e+00
1.152102757789488008e+00
1.152002287437729811e+00
1.151702405594095202e+00
1.151910164861962516e+00
1.151890879019302760e+00
1.151941081940561107e+00
1.151938439584103024e+00
1.151716800114176653e+00
1.151803360346008498e+00
1.151842584989914320e+00
1.151816253910029841e+00
1.151593924753543829e+00
1.151814069017459419e+00
1.151749032322813671e+00
1.151762712411236622e+00
1.151618436235383180e+00
1.151814376155605668e+00
1.151539075070601381e+00
1.151474275574248418e+00
1.151859352058164587e+00
1.151610627006973031e+00
1.151650475490411107e+00
1.151446023416835551e+00
1.151621579582593480e+00
1.151323392627043640e+00
1.151398268467324959e+00
1.151136830375515618e+00
1.151617242810751174e+00
1.151405517187984229e+00
1.151349383328371223e+00
1.151298188199734396e+00
1.151150009146278963e+00
1.151248535043964960e+00
1.151322120896149936e+00
1.151130270954087154e+00
1.151028785033591406e+00
1.151333445996099103e+00
1.151132295924183202e+00
1.151085186145285322e+00
1.151105512152718058e+00
1.151000833978211402e+00
1.151119912012237290e+00
1.150981332402737367e+00
1.151088370229944813e+00
1.150924282156310374e+00
1.150937240756126467e+00
1.150931329036078532e+00
1.151045006121740988e+00
1.150859350324242580e+00
1.150954316216702411e+00
1.150701528668413909e+00
1.150964416828122783e+00
1.150842878459770402e+00
1.150912611557185716e+00
1.150829833928249446e+00
1.150671136419550100e+00
1.150845838224501039e+00
1.150620564386522160e+00
1.150719687493345411e+00
1.150774446529038819e+00
1.150682919081883027e+00
1.150759698695806854e+00
1.150748505151518719e+00
1.150763979272017457e+00
1.150592209723109383e+00
1.150511107078836082e+00
1.150735136605791409e+00
1.150609982256342922e+00
1.150426665681659522e+00
1.150443983650070168e+00
1.150484544262268871e+00
1.150350691268453573e+00
1.150453093776616642e+00
1.150366738494475571e+00
1.150145693492125032e+00
1.150335802062442125e+00
1.150371151167725481e+00
1.150100642863832512e+00
1.150215190242796393e+00
1.150106150656427628e+00
1.150156116879385904e+00
1.150115430678743111e+00
1.150197854180846191e+00
1.149935740449164578e+00
1.150039900865323483e+00
1.150130342472595490e+00
1.150165739900042228e+00
1.150084186003450304e+00
1.149920723300743131e+00
1.150051461889582516e+00
1.150062449841340539e+00
1.149906000478994716e+00
1.149881607091353786e+00
1.149876529356773647e+00
1.149683654480120998e+00
1.149941378125371561e+00
1.149930403894798392e+00
1.149945938169732562e+00
1.149829704345408654e+00
1.149718827434898172e+00
1.149873287683603751e+00
1.149795540213716771e+00
1.149580933471986866e+00
1.149858642071886594e+00
1.149762462375110594e+00
1.149816044694947692e+00
1.149867547621206798e+00
1.149493256954563725e+00
1.149521536475059280e+00
1.149684509374123254e+00
1.149679262188383566e+00
1.149442368906702372e+00
1.149650190161236152e+00
1.149625743653593712e+00
1.149477244710668034e+00
1.149703581051820800e+00
1.149515314589468096e+00
1.149544815244930351e+00
1.149600294250785026e+00
1.149322695396937544e+00
1.149810699028885663e+00
1.149389070182469830e+00
1.149457542350129424e+00
1.149323693356213649e+00
1.149525551321338490e+00
1.149369790854604556e+00
1.149443346974425628e+00
1.149468696986451155e+00
1.149375071522610758e+00
1.149519540114099403e+00
1.149337249993637622e+00
1.149433143443219452e+00
1.149580866036441495e+00
1.149390141698203083e+00
1.149322253551165796e+00
1.149227845492120315e+00
1.149379473322238221e+00
1.149167367082634561e+00
1.149181688017050673e+00
1.149174952068680922e+00
1.149121820909155156e+00
1.149028665773798918e+00
1.148950513866535461e+00
1.148965489766735848e+00
1.148924475067202078e+00
1.148907794359322665e+00
1.148997223500013654e+00
1.148866662920946080e+00
1.148831920694690867e+00
1.148983218033791331e+00
1.148864027725817749e+00
1.148784104957238705e+00
1.148837325406149468e+00
1.148840180890309037e+00
1.148618584312324442e+00
1.148889641526879890e+00
1.148617325898640074e+00
1.148639276247451546e+00
1.148622590289145151e+00
1.148773109996495068e+00
1.148541119125916277e+00
1.148604767616146605e+00
1.148522618931110406e+00
1.148529908436336067e+00
1.148576758081465643e+00
1.148533361766783445e+00
1.148551708213871647e+00
1.148493480643871356e+00
1.148476120761200647e+00
1.148492002461634964e+00
1.148377722088411934e+00
1.148437746618474087e+00
1.148389240328697714e+00
1.148598515388573382e+00
1.148452468470990917e+00
1.148307489924845770e+00
1.148286024124395288e+00
1.148244192427420929e+00
1.148348050908772455e+00
1.148395627423919541e+00
1.148275880826924000e+00
1.148335754537079145e+00
1.148310837135268825e+00
1.148264866588107669e+00
1.148287211884007286e+00
1.148235760927551530e+00
1.148199711860331762e+00
1.148039627882649905e+00
1.148150807773745452e+00
1.148138304401041143e+00
1.148062331367389000e+00
1.148096723185018986e+00
1.147914348822093755e+00
1.148036976999925241e+00
1.148064918604755791e+00
1.147928482394639405e+00
1.148096077003361248e+00
1.147855882360843127e+00
1.148035412795652022e+00
1.147809014246191417e+00
1.147966013987570255e+00
1.147896140033623391e+00
1.147804274314154771e+00
1.147786860207734350e+00
1.147782645691474590e+00
1.147758341978695640e+00
1.147853338465288697e+00
1.147684045092719041e+00
1.147868667159817724e+00
1.147687651719594193e+00
1.147691831336308255e+00
1.147671104713492429e+00
1.147701703397572048e+00
1.147680133031129701e+00
1.147615925975343787e+00
1.147722304617343703e+00
1.147665266022487307e+00
1.147704459567275181e+00
1.147489744551624336e+00
1.147676750236100274e+00
1.147506685805731896e+00
1.147488872283489281e+00
1.147597408630429250e+00
1.147523158688489753e+00
1.147414853028771553e+00
1.147433961751436637e+00
1.147589060919385728e+00
1.147349081483751254e+00
1.147378205029213172e+00
1.147350318047700490e+00
1.147393402226608350e+00
1.147399057634987507e+00
1.147466238562113050e+00
1.147350214545216796e+00
1.147319097632077511e+00
1.147285698389328479e+00
1.147286167244113031e+00
1.147278338646956053e+00
1.147250517778020340e+00
1.147148780072726471e+00
1.147170343010755156e+00
1.147127020840981393e+00
1.146902708524879078e+00
1.147099486191532902e+00
1.146986664789120702e+00
1.147083976766668512e+00
1.146968706358773238e+00
1.146902150856851987e+00
1.147016090193835325e+00
1.146933607316525494e+00
1.147011778171491025e+00
1.146935050477215556e+00
1.146832224763372654e+00
1.147010203970938003e+00
1.146927831784826379e+00
1.146953873856458861e+00
1.146848191448699206e+00
1.146738672205056764e+00
1.146796721935389618e+00
1.146825165045058714e+00
1.146646101041339572e+00
1.146793776305748080e+00
1.146778419534836502e+00
1.146715227002393034e+00
1.146681878590346759e+00
1.146766906399015129e+00
1.146664446757444722e+00
1.146633466962654557e+00
1.146732501319362774e+00
1.146620435001154403e+00
1.146644322121985526e+00
1.146566246774243014e+00
1.146611304897145134e+00
1.146517358029053968e+00
1.146420687212450051e+00
1.146553855892594287e+00
1.146474012668739162e+00
1.146514742212597637e+00
1.146316618244339613e+00
1.146408179999226506e+00
1.146354135121256279e+00
1.146391049069575674e+00
1.146437602485208318e+00
1.146349443630748643e+00
1.146372198709476820e+00
1.146338265318636918e+00
1.146246549997584019e+00
1.146327571208012985e+00
1.146170774827780514e+00
1.146233499230199460e+00
1.146391316335634292e+00
1.146317040896067452e+00
1.146170628343411657e+00
1.146317653342453724e+00
1.146213850974213688e+00
1.146363444008368315e+00
1.146276656999658305e+00
1.146190811142526744e+00
1.146216124842869055e+00
1.146260088119421150e+00
1.146257652340189948e+00
1.146201971508745698e+00
1.146253581380031195e+00
1.146227306001518009e+00
1.146183487066014584e+00
1.146046932176082223e+00
1.146100643885608061e+00
1.146144911966263225e+00
1.145960407695963079e+00
1.146003164883695247e+00
1.146131419457908418e+00
1.146053145276428209e+00
1.146047545097038878e+00
1.145856074424240090e+00
1.146107461018116780e+00
1.146059924350075088e+00
1.145888952656081372e+00
1.145786578832669322e+00
1.145834515508787899e+00
1.145774486035011419e+00
1.145776588144407304e+00
1.145756384109912540e+00
1.145779611262457420e+00
1.145803942314669532e+00
1.145720297559264411e+00
1.145847912696806858e+00
1.145747191391258690e+00
1.145648111111365663e+00
1.145578173896513619e+00
1.145602638707297283e+00
1.145578925203272425e+00
1.145575695721303244e+00
1.145478382005626239e+00
1.145588644933321909e+00
1.145608537024189522e+00
1.145621381465340427e+00
1.145597603117171959e+00
1.145653796117797940e+00
1.145519536585465792e+00
1.145423117108302025e+00
1.145447930665767888e+00
1.145522508487240243e+00
1.145440985504292630e+00
1.145362671472681448e+00
1.145195734366681650e+00
1.145389480844839492e+00
1.145467643876085351e+00
1.145416032718559629e+00
1.145451696163640731e+00
1.145343314776986476e+00
1.145259471713115040e+00
1.145255695134522966e+00
1.145297186909948861e+00
1.145397122666097056e+00
1.145215609051649208e+00
1.145224362012756236e+00
1.145262090204072214e+00
1.145239693707903905e+00
1.145219228125186284e+00
1.145071118182081849e+00
1.145074226383123062e+00
1.145117416719949599e+00
1.145102999637567676e+00
1.145150544415959759e+00
1.145070442092208873e+00
1.145117690567459379e+00
1.145002918689352001e+00
1.145122150980167897e+00
1.145087685390894006e+00
1.144989496954016639e+00
1.145023923156756940e+00
1.145009858272885817e+00
1.144893378608732304e+00
1.144893101077372410e+00
1.145035678636051157e+00
1.145072910136477384e+00
1.144823118771179038e+00
1.144871392993059178e+00
1.144878326768286936e+00
1.144810442318008104e+00
1.144887654787217546e+00
1.144775163253656691e+00
1.144818769255431024e+00
1.144849996446335005e+00
1.144712704329286401e+00
1.144601949740158497e+00
1.144764772444130996e+00
1.144753743502557874e+00
1.144748287383574814e+00
1.144725545038820735e+00
1.144621258280619003e+00
1.144714779633918988e+00
1.144726719104412149e+00
1.144553624996987873e+00
1.144549685661655047e+00
1.144542349949885685e+00
1.144562930557295299e+00
1.144438799615321800e+00
1.144619028414963546e+00
1.144446863573417517e+00
1.144535126766705213e+00
1.144513368630031724e+00
1.144352413289621007e+00
1.144542612522333913e+00
1.144460382823551781e+00
1.144198990350807188e+00
1.144418356548509541e+00
1.144263155745532279e+00
1.144392110235533888e+00
1.144370541015091058e+00
1.144089703884914266e+00
1.144340410167324462e+00
1.144359141646631883e+00
1.144314274374915730e+00
1.144114089160578551e+00
1.144337536381201614e+00
1.144278024083725809e+00
1.144320398375945125e+00
1.144124835814560592e+00
1.144219862329859838e+00
1.143972394594168440e+00
1.144139884935043705e+00
1.144176278153078430e+00
1.144033273563968445e+00
1.144114924921321608e+00
1.143955804559854128e+00
1.144118566521614921e+00
1.143980222790309531e+00
1.143832316329912890e+00
1.144062365060436237e+00
1.144045691002147036e+00
1.143990419704372208e+00
1.143903350223033133e+00
1.143853126977925294e+00
1.144035445006058138e+00
1.143779254683139124e+00
1.144026875394203557e+00
1.143983215084540372e+00
1.143758264862636764e+00
1.143760983268388154e+00
1.143859421133421872e+00
1.143812617376153362e+00
1.143652413409271373e+00
1.143761084665228855e+00
1.143716036183927587e+00
1.143800303201970570e+00
1.143741926236232276e+00
1.143396508238014864e+00
1.143563724813474458e+00
1.143476713945768442e+00
1.143542449617143797e+00
1.143604277635208666e+00
1.143276172015536885e+00
1.143359381504001071e+00
1.143343653304824681e+00
1.143397796069279604e+00
1.143305829280610419e+00
1.143382773558309085e+00
1.143332158250305097e+00
1.143363159346891367e+00
1.143124366585370977e+00
1.143046466083277313e+00
1.143392879608642776e+00
1.143427733760434828e+00
1.143217901814804316e+00
1.143100010400819988e+00
1.143249224784992579e+00
1.143087159727942170e+00
1.143066142967950061e+00
1.143144334302328202e+00
1.143101363637230916e+00
1.143257819174345213e+00
1.142978228358526360e+00
1.143349123600446049e+00
1.142899568033825197e+00
1.142926234791939111e+00
1.142919194680025008e+00
1.142989367335817574e+00
1.143055813146124366e+00
1.143040229378199157e+00
1.142843110845972232e+00
1.142842850162950397e+00
1.142945832853956123e+00
1.142971986084671876e+00
1.142786248809117167e+00
1.142766557127305349e+00
1.142999375296234854e+00
1.142836412775143362e+00
1.142843065778657019e+00
1.142760354284212410e+00
1.142567972184764802e+00
1.142778241443652254e+00
1.142764915573984297e+00
1.142661421583612613e+00
1.142641550464873479e+00
1.142616201953113864e+00
1.142666030956574597e+00
1.142491650797339497e+00
1.142536258744780930e+00
1.142611210013953160e+00
1.142465038821817602e+00
1.142532742412887048e+00
1.142561459236802746e+00
1.142548827040765547e+00
1.142391888573481173e+00
1.142535232589864558e+00
1.142319638203618037e+00
1.142381321918418458e+00
1.142435783264970306e+00
1.142571756229695312e+00
1.142322867150625809e+00
1.142310363655360206e+00
1.142463118360961483e+00
1.142230723468958820e+00
1.142446904240309591e+00
1.142533443847292052e+00
1.142407658262442505e+00
1.142322758671767025e+00
1.142322596706917937e+00
1.142342741669083228e+00
1.142244382622823906e+00
1.142167150625525984e+00
1.142188240537245436e+00
1.142250615081484399e+00
1.142159208921031066e+00
1.142269197246835066e+00
1.142197665587953326e+00
1.142097188234630911e+00
1.142067483354008539e+00
1.141954641606615972e+00
1.141918547633993031e+00
1.142084350206743926e+00
1.141790119136267156e+00
1.142020086424535341e+00
