1.490702609848499606e+03
4.202381983349161487e+02
3.002376210196218835e+02
2.627370891856921844e+02
2.349944315539749766e+02
2.120659866805407603e+02
1.918172997922609966e+02
1.722392987240255877e+02
1.511506180899497735e+02
1.268009385376616791e+02
1.006911454767586065e+02
7.694746701929227584e+01
5.747938728732875546e+01
4.416101009842903835e+01
3.619719645630654270e+01
3.116833737711605679e+01
2.781726086180323776e+01
2.551769321715357819e+01
2.371316669890886786e+01
2.217379790069159995e+01
2.078507487058282166e+01
1.951709529394820564e+01
1.833996936356903973e+01
1.725068551839751407e+01
1.624287096671584152e+01
1.533696510243042788e+01
1.453091343315354322e+01
1.381762137105401855e+01
1.318604348449186858e+01
1.262429227844384805e+01
1.212651773007721268e+01
1.167622529065943304e+01
1.126378755506970997e+01
1.088664831422102708e+01
1.053301601190760373e+01
1.020366142186818870e+01
9.899540097947499007e+00
9.611717496591829502e+00
9.344502160071989749e+00
9.092952366014459997e+00
8.855967666686213491e+00
8.632176938358576024e+00
8.415714286354633700e+00
8.208656434340877439e+00
8.007417549194473239e+00
7.820608292603718148e+00
7.643696930435393888e+00
7.485485210631434683e+00
7.336594900991230794e+00
7.198434771785677810e+00
7.066556487822771793e+00
6.941241179495573732e+00
6.821476907975687176e+00
6.707390997047707693e+00
6.600320038501609865e+00
6.495619368021830375e+00
6.395644184480958394e+00
6.298262275624463946e+00
6.206100550357954937e+00
6.113688361967169804e+00
6.027400360650620570e+00
5.942440018620380293e+00
5.862077241346095313e+00
5.785255090030196889e+00
5.709001922754360692e+00
5.640396400072905436e+00
5.575102371663206213e+00
5.511030087417061019e+00
5.449592301355001389e+00
5.391140014514134826e+00
5.331425576427811563e+00
5.275098352203275276e+00
5.219625199621503064e+00
5.162462730930670318e+00
5.108468026257594552e+00
5.057435311432699976e+00
5.005687336244061925e+00
4.955686042423769422e+00
4.909895148574221047e+00
4.867324287898166624e+00
4.826959615275263182e+00
4.786333166528049965e+00
4.749195384094913486e+00
4.711133687518481494e+00
4.675559450543103956e+00
4.641488864006013237e+00
4.607202098717556815e+00
4.576532520022668749e+00
4.544114778912599739e+00
4.514103721406931058e+00
4.485729513856838935e+00
4.460126017601296233e+00
4.433870940814120587e+00
4.410016196088156981e+00
4.386989210019858199e+00
4.365463285402452875e+00
4.343992940902468014e+00
4.323045259108080351e+00
4.303724916269201728e+00
4.285150468092862042e+00
4.266575885475076824e+00
4.248531228763821943e+00
4.229833425060750329e+00
4.212416605013127757e+00
4.195542009037322551e+00
4.178015884064303798e+00
4.161377792426557143e+00
4.144363026887560864e+00
4.127857730202335595e+00
4.109926529008094853e+00
4.094763115787144692e+00
4.080045239298968340e+00
4.066164764193923808e+00
4.050417225706254065e+00
4.034093354930778474e+00
4.018736163286799723e+00
4.004437542061557664e+00
3.991088215632774716e+00
3.979279528215865724e+00
3.966692816507341401e+00
3.954989552554181831e+00
3.943942171915559403e+00
3.932981317823435408e+00
3.923533400755851996e+00
3.912712349825584912e+00
3.901860307307231324e+00
3.892059326534127894e+00
3.881969469976120024e+00
3.874304587295905211e+00
3.863888153151474381e+00
3.856386141615816943e+00
3.847147996059190334e+00
3.840256042378326740e+00
3.831314549946480241e+00
3.823959959417756682e+00
3.815091980776635694e+00
3.807768065117299372e+00
3.799950539237744618e+00
3.792690826693352779e+00
3.783902648532071922e+00
3.776399554719647611e+00
3.768489620683569630e+00
3.761785558616519864e+00
3.754183268564505571e+00
3.747018421268874189e+00
3.739977015811684513e+00
3.730475046889873969e+00
3.724473339215613077e+00
3.715445880506187848e+00
3.710074781091338370e+00
3.702220408003606078e+00
3.694579634190328310e+00
3.687641098961775388e+00
3.682841611101248080e+00
3.674630657991938332e+00
3.669844482911014172e+00
3.662256135241014565e+00
3.656976069005741792e+00
3.649932485375979141e+00
3.644689368907449545e+00
3.637084749233748138e+00
3.632147205689211233e+00
3.625840764882848344e+00
3.619690882759341477e+00
3.612538377237426435e+00
3.606546693130686876e+00
3.599499078742069091e+00
3.593253239130829169e+00
3.587298506256078934e+00
3.582079787291473583e+00
3.576361861154973454e+00
3.570008249606228645e+00
3.566067804486439119e+00
3.560852677359654717e+00
3.554806187751829327e+00
3.549822024051846991e+00
3.544388612797358729e+00
3.539994367080982585e+00
3.535507641885766716e+00
3.529320576501109752e+00
3.526144771293291402e+00
3.520262136229658889e+00
3.517031809513747387e+00
3.510904212714461625e+00
3.507576249262654766e+00
3.502021901487637923e+00
3.498721005770233816e+00
3.494108330286458841e+00
3.490453528677703421e+00
3.485490917507955810e+00
3.482840171179718336e+00
3.477285803336109371e+00
3.474723120674618304e+00
3.469424361188018668e+00
3.466480449865898095e+00
3.461459264421453241e+00
3.458789429702137763e+00
3.454101561040928470e+00
3.450866972473880079e+00
3.446470979917354516e+00
3.442766782295338501e+00
3.439661598256456898e+00
3.435392352365593371e+00
3.432920092908796850e+00
3.428403056080917111e+00
3.425374344596038068e+00
3.421311647010945034e+00
3.418302906261348806e+00
3.415309431092331760e+00
3.410994736281890649e+00
3.408994317025644705e+00
3.404981093635814471e+00
3.401214551388365148e+00
3.397691070163734839e+00
3.395212585450928078e+00
3.391097362036878504e+00
3.387882320218878807e+00
3.385810454174157158e+00
3.381639546015155151e+00
3.379834373292373684e+00
3.376008305798431142e+00
3.373769926872853375e+00
3.370111397377232532e+00
3.367635310054620135e+00
3.363814030299893343e+00
3.361132685620991989e+00
3.357162680904015151e+00
3.353721895728760227e+00
3.349912865695579001e+00
3.348494057718685024e+00
3.343475160972123827e+00
3.341981531106897219e+00
3.338887948544558615e+00
3.335479286003741439e+00
3.331160361415862692e+00
3.327855979369424677e+00
3.324782031952307815e+00
3.322519902280667292e+00
3.319483324619118658e+00
3.316881726064881075e+00
3.313900346619797599e+00
3.310621190777191192e+00
3.307775199396054244e+00
3.304290987616742115e+00
3.301334938329454349e+00
3.298148096707210986e+00
3.295435232650537838e+00
3.292157793142072464e+00
3.288695861393267972e+00
3.286458293844577216e+00
3.282663301066793604e+00
3.280511807101687438e+00
3.278072577957601208e+00
3.275627622587639731e+00
3.272750544947379936e+00
3.270851796199787387e+00
3.267409079008296136e+00
3.264295280991575954e+00
3.261842939692044752e+00
3.259225789639391024e+00
3.256002042438701505e+00
3.252509738983556886e+00
3.251249765768550848e+00
3.247916453974876827e+00
3.245565093358746100e+00
3.242336400632015003e+00
3.240117641949299188e+00
3.236908759560412907e+00
3.234668629736712209e+00
3.232252586916913639e+00
3.229744295217782835e+00
3.226841537048105835e+00
3.224388748715416142e+00
3.222289695937937015e+00
3.219555055038212377e+00
3.217065877733995549e+00
3.215194513058369008e+00
3.212893606534397595e+00
3.210295116442042573e+00
3.208304606151645810e+00
3.205943514569406627e+00
3.204025018184252005e+00
3.201741850721898430e+00
3.199047317849543770e+00
3.197751090438806898e+00
3.195740106123477364e+00
3.193564576602530014e+00
3.191540547535264505e+00
3.189266693115877516e+00
3.187288715096105118e+00
3.184652117242133595e+00
3.182593998556280557e+00
3.179125130627590945e+00
3.177621915574096345e+00
3.175223894887073683e+00
3.173484339898085427e+00
3.171043849182364038e+00
3.169333007534955282e+00
3.166651784885886389e+00
3.164611024205596923e+00
3.163099017339687347e+00
3.160578150797352937e+00
3.158948199954121350e+00
3.157244268488669903e+00
3.155223974146331045e+00
3.152511844149731512e+00
3.150039420213869956e+00
3.147962189946860168e+00
3.146489844186513896e+00
3.144310853803049088e+00
3.141543627950891260e+00
3.139958537731544208e+00
3.137819496309926848e+00
3.135403569699059201e+00
3.132806662448180735e+00
3.131127012019684130e+00
3.128856271845844805e+00
3.126458906781474312e+00
3.124882930652470581e+00
3.122150092365330476e+00
3.120944122159583056e+00
3.118327408247889121e+00
3.115976031608362451e+00
3.114597149361437278e+00
3.112226224101351857e+00
3.110482241520328373e+00
3.108581452621510532e+00
3.107075811413552824e+00
3.104530436407821892e+00
3.102632221418734293e+00
3.100860748681621093e+00
3.099527212911016960e+00
3.097079126559355799e+00
3.096023789965963502e+00
3.093648662898415669e+00
3.091029004623798926e+00
3.089333132771006518e+00
3.087240571668003142e+00
3.085734921746270398e+00
3.083672988744216692e+00
3.082110849283269172e+00
3.079605073926598990e+00
3.077586693970847165e+00
3.075354565575999288e+00
3.073450738202147203e+00
3.070178130827485585e+00
3.067971886003972859e+00
3.064811546581756474e+00
3.063309760187007402e+00
3.060962379475283601e+00
3.059492434123411098e+00
3.056425357599072523e+00
3.055403111198610855e+00
3.053192706361558706e+00
3.050827008791399120e+00
3.048739514362411640e+00
3.047600202305478234e+00
3.045539850622442923e+00
3.042597211570452931e+00
3.042482165965343821e+00
3.038730371436468403e+00
3.037000362537782383e+00
3.034536834844590913e+00
3.033112669757883850e+00
3.030806428964208266e+00
3.029318448822583054e+00
3.026681849225511201e+00
3.024497943093222840e+00
3.022744794277858915e+00
3.019707874043089380e+00
3.017745851089224995e+00
3.015624331428246041e+00
3.013025646261191071e+00
3.011481112658304315e+00
3.008066049232807959e+00
3.005394251860863619e+00
3.003546171154593214e+00
3.000048899950479964e+00
2.997874202693974421e+00
2.995131913435580273e+00
2.992039792638862661e+00
2.989267440140146004e+00
2.987032735534376204e+00
2.984749393488210334e+00
2.980798289337018847e+00
2.979718258274554277e+00
2.976836816895085835e+00
2.974042782332633195e+00
2.971344138630630294e+00
2.969681138534393749e+00
2.966651651547478341e+00
2.964016593105770259e+00
2.961483196375263915e+00
2.958226069628877131e+00
2.955861850497008003e+00
2.953008281545264069e+00
2.950764171863678342e+00
2.948704029118379477e+00
2.946159861432601446e+00
2.943898000745330368e+00
2.942229799820323510e+00
2.938672177210623015e+00
2.937291529690746916e+00
2.934933204209520863e+00
2.931634380884670321e+00
2.930682221438358770e+00
2.927905175964145013e+00
2.925360223517746050e+00
2.923349283427128853e+00
2.920929058782818277e+00
2.918740937916791012e+00
2.915977708006026514e+00
2.914492033364618262e+00
2.912097386186559778e+00
2.910223558318081771e+00
2.907985968378623109e+00
2.906479340231926667e+00
2.904077126456524383e+00
2.902794783044052362e+00
2.900179811942965369e+00
2.899223025938578946e+00
2.896777195363239077e+00
2.895242146112780190e+00
2.894151249807935589e+00
2.891197491280948828e+00
2.890213367802195066e+00
2.888868009448927854e+00
2.886932097887390913e+00
2.886120057321774013e+00
2.884318618233559395e+00
2.883230745200938472e+00
2.880786925456717551e+00
2.879246128164327789e+00
2.877889793390626227e+00
2.876419761690822696e+00
2.874385002565950753e+00
2.872988524862911230e+00
2.870616839084519256e+00
2.869608279548527374e+00
2.867474668321866371e+00
2.865849035317614479e+00
2.864394405936557586e+00
2.862248395913133070e+00
2.860573257718025175e+00
2.857997718589718517e+00
2.856610062312180620e+00
2.854421800750424065e+00
2.853095027530362149e+00
2.851514885062124804e+00
2.849699367481595136e+00
2.847786625208675648e+00
2.846630697471037141e+00
2.844388363987455204e+00
2.843195632323450184e+00
2.841479669374759265e+00
2.839961277360941505e+00
2.838190553160680807e+00
2.836951140380297165e+00
2.835497642847202737e+00
2.833236714306023973e+00
2.832288204036492729e+00
2.831187569364807644e+00
2.829349337068144621e+00
2.828167265432789179e+00
2.826290398612942401e+00
2.824872925356393338e+00
2.823458098206562905e+00
2.821360214469423866e+00
2.819159597024395669e+00
2.817662854823154372e+00
2.816546835456608111e+00
2.815009710396973563e+00
2.813272783502439367e+00
2.811946714564793393e+00
2.810172325019541173e+00
2.807897760956942879e+00
2.806842736867032340e+00
2.804233098858235351e+00
2.803338595212377715e+00
2.801795475121625412e+00
2.800064437289599084e+00
2.798768140414571004e+00
2.796512745857696824e+00
2.795683295306944149e+00
2.794780234623358783e+00
2.793676036007842090e+00
2.791919976695255823e+00
2.789641259201875112e+00
2.788571210294245706e+00
2.787135829346743865e+00
2.785710387693264067e+00
2.784389176238194263e+00
2.782669007391980642e+00
2.781005173811439857e+00
2.779470600789327950e+00
2.778214044104496239e+00
2.775852657759141362e+00
2.775193876898538914e+00
2.773339599214364792e+00
2.771170767636805810e+00
2.769856912489698786e+00
2.768089358844531223e+00
2.766084017116053673e+00
2.763717045173113451e+00
2.762390205033911972e+00
2.760355483740200455e+00
2.758814454882378531e+00
2.756189186640073174e+00
2.755478243809963868e+00
2.752623940589696172e+00
2.751997526807959726e+00
2.750063782308226124e+00
2.748596496061127770e+00
2.746742986678147869e+00
2.745197794469081298e+00
2.742729522987367385e+00
2.741987625088504910e+00
2.740201538500681266e+00
2.739224050809815125e+00
2.737858726304532198e+00
2.735031971574298115e+00
2.734724007206973173e+00
2.732683887665949385e+00
2.731771374033789002e+00
2.729778212786787339e+00
2.729047842180657657e+00
2.726777511147306043e+00
2.726443109663083231e+00
2.723901038454469070e+00
2.723163462879137242e+00
2.722844747423597500e+00
2.720237241175946341e+00
2.720547096294088973e+00
2.718296542502262714e+00
2.717528725785383070e+00
2.716984846261489839e+00
2.715324742388606882e+00
2.713978599907463263e+00
2.712813575116697962e+00
2.711076314488940042e+00
2.710314048984917790e+00
2.709207425640988376e+00
2.707590898907593413e+00
2.706043436110567857e+00
2.705339790412491396e+00
2.704419217934725950e+00
2.702643380611524204e+00
2.700048529552956378e+00
2.700539429877472752e+00
2.698071789401363940e+00
2.697107856470998488e+00
2.695083245881727763e+00
2.694576697146370048e+00
2.692438577234689490e+00
2.690761534102976693e+00
2.690938706890487975e+00
2.688591579509273632e+00
2.687226527370055518e+00
2.686808489355788421e+00
2.684560988674026039e+00
2.683013297063007840e+00
2.682494022524531285e+00
2.679862755112545347e+00
2.678572171145671366e+00
2.677798695527775497e+00
2.676187783114698959e+00
2.674759702082813106e+00
2.674632183696095122e+00
2.673100246122165569e+00
2.672236135075680252e+00
2.669940536948677945e+00
2.669762298673722611e+00
2.669118756942359116e+00
2.666775220452217710e+00
2.665201095213725946e+00
2.665062394614797547e+00
2.663710315003609441e+00
2.662668121029053925e+00
2.661178661137424406e+00
2.660767790331543647e+00
2.659346720829999899e+00
2.657306828022222511e+00
2.657057819443594315e+00
2.656501198068048186e+00
2.654841142640153695e+00
2.654233031519221964e+00
2.653541318911843749e+00
2.651099491141496234e+00
2.651208045659922075e+00
2.650307577533124626e+00
2.648545280113073552e+00
2.647110590256774643e+00
2.645593792423447166e+00
2.643573509336921479e+00
2.643664558608039172e+00
2.640680404848013030e+00
2.640777101479418132e+00
2.637951170968976466e+00
2.638789648141011579e+00
2.636218906132638207e+00
2.635906843604476801e+00
2.634351052945284266e+00
2.632405083583029715e+00
2.632222047703359546e+00
2.631240366365233729e+00
2.628444576399331378e+00
2.627736197039171717e+00
2.625460326628688001e+00
2.622961970311192825e+00
2.622150943601038176e+00
2.620499507419777885e+00
2.619334263527306472e+00
2.617960783919509371e+00
2.615211921119289240e+00
2.615127853276435932e+00
2.613413082249858466e+00
2.611391193146892054e+00
2.609622742419125618e+00
2.606669381159881560e+00
2.606325638069157513e+00
2.604820644533089702e+00
2.602953913578258227e+00
2.601987929249502951e+00
2.600685597241444658e+00
2.599282723280875729e+00
2.596673640593296195e+00
2.596635449884089564e+00
2.595393737934331924e+00
2.593138058334859775e+00
2.592403021974618138e+00
2.590963575148893749e+00
2.589828109696137748e+00
2.588563869246634841e+00
2.587007885152287745e+00
2.586340589482177155e+00
2.584643442092504184e+00
2.584216744586034675e+00
2.582218701359738855e+00
2.579673336771666659e+00
2.579209882021974654e+00
2.577900029762748790e+00
2.576259337199170218e+00
2.575132302740573031e+00
2.573505616019816422e+00
2.572230289107901413e+00
2.571142373227707889e+00
2.568951608373212903e+00
2.568081010042348566e+00
2.567271447695171904e+00
2.566033097647797856e+00
2.564563709265096580e+00
2.564025995762172716e+00
2.561701850616103560e+00
2.561527626272118052e+00
2.559770330186091680e+00
2.559264373434417816e+00
2.557821210649550370e+00
2.556747416720115851e+00
2.556546919787992422e+00
2.555370518714246142e+00
2.552967584559341141e+00
2.552972882970718782e+00
2.551698190214316764e+00
2.550451099794591059e+00
2.548736002763279718e+00
2.547876360358359182e+00
2.547311211393658237e+00
2.545665676178380021e+00
2.543753057705728793e+00
2.543725218043604297e+00
2.541868235369250772e+00
2.541346521371845579e+00
2.539947898028971363e+00
2.539138393626797274e+00
2.539091838902773013e+00
2.537674449129533993e+00
2.535836876413798624e+00
2.535441476201428124e+00
2.533958680473122449e+00
2.532406571937732220e+00
2.532139571022926638e+00
2.530875362875063317e+00
2.529524043219101959e+00
2.527950254408082298e+00
2.528202795736570696e+00
2.527079293881525413e+00
2.525877825652148356e+00
2.524302686296659548e+00
2.523566770101956624e+00
2.523352010595704353e+00
2.522225082414398578e+00
2.521176886076784474e+00
2.520959825617359762e+00
2.519411090135223130e+00
2.519066946969816811e+00
2.518381532388683564e+00
2.516954896632688676e+00
2.514537675366563807e+00
2.514522103255485863e+00
2.514540636638030069e+00
2.512962878633134167e+00
2.512175676690197701e+00
2.510286668860634673e+00
2.511026443234506189e+00
2.509597792739740818e+00
2.508678911446218240e+00
2.506798725620566604e+00
2.507052797485218143e+00
2.505493215700520526e+00
2.504898342841011871e+00
2.503536870494482702e+00
2.503403263617729912e+00
2.502287046618986821e+00
2.501429460120328852e+00
2.500320634377367846e+00
2.500006651640957145e+00
2.498825360940617468e+00
2.498882284886241312e+00
2.497149697440750327e+00
2.496484756308675390e+00
2.496207461781195569e+00
2.494826036259753632e+00
2.494229453689444487e+00
2.492767943422259602e+00
2.492334063378993658e+00
2.491662786705372667e+00
2.489886662851084065e+00
2.489956687501244215e+00
2.488836900144820063e+00
2.488247536317865105e+00
2.487592318439060701e+00
2.487090369557520830e+00
2.484842730814890377e+00
2.485400753751057401e+00
2.485136469392423830e+00
2.482179506108697087e+00
2.483301375355538188e+00
2.481773428951644878e+00
2.480665980413104155e+00
2.479172426406232255e+00
2.479244395002510704e+00
2.478449321007606176e+00
2.476967207409480842e+00
2.476326774870652780e+00
2.476517825317939625e+00
2.474817719450201903e+00
2.474783790068138867e+00
2.472733920022669452e+00
2.474082078148040598e+00
2.471603778776591209e+00
2.472111672378312530e+00
2.471268882424590974e+00
2.469676479982794159e+00
2.468765729084976712e+00
2.469375642257978232e+00
2.467286388286713539e+00
2.467391639095545486e+00
2.465983497296271754e+00
2.465859965293353273e+00
2.465543711060435683e+00
2.464036839411760216e+00
2.464784272067365389e+00
2.463101416117595033e+00
2.462901218766641254e+00
2.461646104643664845e+00
2.461562553663789732e+00
2.460243368987654833e+00
2.459834378441547287e+00
2.459060198907706773e+00
2.459119808883519553e+00
2.457736827794291035e+00
2.458145163894366547e+00
2.455244390705902280e+00
2.456932104697655106e+00
2.455049159261012637e+00
2.454830127415814633e+00
2.453896764747061532e+00
2.452503007412218050e+00
2.453379642341781963e+00
2.451296003057739537e+00
2.451311554837956042e+00
2.449756208580865735e+00
2.449715910006425634e+00
2.448929270586880147e+00
2.448422902248943878e+00
2.447616828004080869e+00
2.446244497104890225e+00
2.446791981476347022e+00
2.446168814984467144e+00
2.444567106626455821e+00
2.444895501957212058e+00
2.443816058526860679e+00
2.443281631837904033e+00
2.443448799159853912e+00
2.441588085141392916e+00
2.441143818667666388e+00
2.441953813879979229e+00
2.439398408522975625e+00
2.438366080139955816e+00
2.438260825506000540e+00
2.438455170968419239e+00
2.436985851916906309e+00
2.436884098892796224e+00
2.435636799568253519e+00
2.434730206976823741e+00
2.433484909480282177e+00
2.433460015134946364e+00
2.432047323860502708e+00
2.431845549620349711e+00
2.431710402481527478e+00
2.430520783573206334e+00
2.429968572275509775e+00
2.427759545154580589e+00
2.428398494008388919e+00
2.427226716362058223e+00
2.426652651286391293e+00
2.426580536200496407e+00
2.426080202594314894e+00
2.424338711699445259e+00
2.424486440196272685e+00
2.423071515571026957e+00
2.423173322856145617e+00
2.422514401508914172e+00
2.422259502290176503e+00
2.420602952843283528e+00
2.420485567988621245e+00
2.418904240973256847e+00
2.419023817969779611e+00
2.418425378002664328e+00
2.418355941202936066e+00
2.417277950456065749e+00
2.416247186702574101e+00
2.415934585063864048e+00
2.416066078193261912e+00
2.414395507961260900e+00
2.413178355656490304e+00
2.413669224087957588e+00
2.412599024593131691e+00
2.412328166527889284e+00
2.410012080325183881e+00
2.411389395924662171e+00
2.409967601981299890e+00
2.409574730254877117e+00
2.409693980484961084e+00
2.408374687721147822e+00
2.408142056360340177e+00
2.407714887888751765e+00
2.406152841660462283e+00
2.406135641085566768e+00
2.405854370908928619e+00
2.406017144250019335e+00
2.404472060684853307e+00
2.403543982056316697e+00
2.403045933445795423e+00
2.404056563407932501e+00
2.402853330674675103e+00
2.402685876825499722e+00
2.401347659741011942e+00
2.401739078824399076e+00
2.400363730411728458e+00
2.399921158716630032e+00
2.400401007345501547e+00
2.397766726923449276e+00
2.398117799026013408e+00
2.398131685314790484e+00
2.396999194235317265e+00
2.396494681463845922e+00
2.396343996265722698e+00
2.394029815494603142e+00
2.395485836323802076e+00
2.393920325160902252e+00
2.393245131877935972e+00
2.393972917382059418e+00
2.392239555569650289e+00
2.392061239823050744e+00
2.391181408007131637e+00
2.391602032152071011e+00
2.390249057837475544e+00
2.389875677288290756e+00
2.388884831803171682e+00
2.388809104973032671e+00
2.387660209159734759e+00
2.387880254368908606e+00
2.386444685183425118e+00
2.386129922174536677e+00
2.385073047305503735e+00
2.385462185944544178e+00
2.384595359570796713e+00
2.383776197314178447e+00
2.382737478733248704e+00
2.381900716396631701e+00
2.382587943379287587e+00
2.381186315798457187e+00
2.381287324154583107e+00
2.380303891238762404e+00
2.379645283738811568e+00
2.380142706229440908e+00
2.377761427722818066e+00
2.378900118095750749e+00
2.377634596619766949e+00
2.377173694263136294e+00
2.377082704457400109e+00
2.376010436049166952e+00
2.376253388598412730e+00
2.375770881461468864e+00
2.372781431290679865e+00
2.374306801267401124e+00
2.374264754248907483e+00
2.373015186964817502e+00
2.373548576269229660e+00
2.372301171952057697e+00
2.371304378316402950e+00
2.371675190282223511e+00
2.370770472460170364e+00
2.369775759104711721e+00
2.370239676003395246e+00
2.370291725788609138e+00
2.368706338655042209e+00
2.367125448573093482e+00
2.368190086911044379e+00
2.367333720079754844e+00
2.366837863851433355e+00
2.365215473602784613e+00
2.365953467025569967e+00
2.365273907960754318e+00
2.363149342066510616e+00
2.363700339569168474e+00
2.362924837548908918e+00
2.362409401504565576e+00
2.361795301356454768e+00
2.360802497860797100e+00
2.358997341784878632e+00
2.358732510076902766e+00
2.359903636756255363e+00
2.358361706450927020e+00
2.357209423895727518e+00
2.357712342335406053e+00
2.357163589358524991e+00
2.354083619623684509e+00
2.356351835170566122e+00
2.353128077645763039e+00
2.353676274668729196e+00
2.354058930069793387e+00
2.353395415134385882e+00
2.351824216072001317e+00
2.351575927178823466e+00
2.351604418829686960e+00
2.351566968923078260e+00
2.349611791191142718e+00
2.350517977233595346e+00
2.347719680905228312e+00
2.349122395992817580e+00
2.348089363594525913e+00
2.347521843837421240e+00
2.347789348549251809e+00
2.347532824636027637e+00
2.345677805364375423e+00
2.346034167680104865e+00
2.345052321206045676e+00
2.344560513605077112e+00
2.343196321681543459e+00
2.343389188389208400e+00
2.342304770459481045e+00
2.342413441392293016e+00
2.340692804901755242e+00
2.341517045908763084e+00
2.340240671131319949e+00
2.339527977948479887e+00
2.340760889262101241e+00
2.337798499829899068e+00
2.338105314640688270e+00
2.336943055805429381e+00
2.338123235622864726e+00
2.336738933964745524e+00
2.336660488000187552e+00
2.335612478200485231e+00
2.336309528386945278e+00
2.335237473309707656e+00
2.335175577344644093e+00
2.334261514595830533e+00
2.334288647510242676e+00
2.334322138069135022e+00
2.332316723570392103e+00
2.333527208285331778e+00
2.333122463105173239e+00
2.330592397073380617e+00
2.331137351759722254e+00
2.332108236389727640e+00
2.329918452412315322e+00
2.330480609184707230e+00
2.329862914883246372e+00
2.329319894565448745e+00
2.328957053230608754e+00
2.327511572423439201e+00
2.328825184363880751e+00
2.326797344498306774e+00
2.327452034715472795e+00
2.326816122997331870e+00
2.326160989260022127e+00
2.324481655733131813e+00
2.325432087726884589e+00
2.325507324296346656e+00
2.324338261099730740e+00
2.324553879827061298e+00
2.323410907076848719e+00
2.323116397780383036e+00
2.322835917007335382e+00
2.322926527204486113e+00
2.322326228321150765e+00
2.322029023127234026e+00
2.320576675269202749e+00
2.321704108617741902e+00
2.320841625645301942e+00
2.321091899418663118e+00
2.318820319004700981e+00
2.319262592975025683e+00
2.318925352334323620e+00
2.318693777357326180e+00
2.317665900162124260e+00
2.318042405176057752e+00
2.318120576002038469e+00
2.316690075182730180e+00
2.317354870697458491e+00
2.315937605846210001e+00
2.315583121300136771e+00
2.315575114296910986e+00
2.315098534352410642e+00
2.314506580743321162e+00
2.314431112500209053e+00
2.314886723845854366e+00
2.313606830808855985e+00
2.314237381195771270e+00
2.312397381417977016e+00
2.312762941444709508e+00
2.312966251406482154e+00
2.310285323032022387e+00
2.311931327770407663e+00
2.311208771116889604e+00
2.311308712358421946e+00
2.311019161794293897e+00
2.309261741430195247e+00
2.310697554865344561e+00
2.309225420553530750e+00
2.309532692136508469e+00
2.307587680296116162e+00
2.308139008734428899e+00
2.308386933740226077e+00
2.307187357936960392e+00
2.308270978401634199e+00
2.306876974932168700e+00
2.306694187164002319e+00
2.306557674704416083e+00
2.306784108882625528e+00
2.304205366238464503e+00
2.305679639997892938e+00
2.306075133751482653e+00
2.303762796375257604e+00
2.304795017145144342e+00
2.301237372142475035e+00
2.304453542059811788e+00
2.301916682602407338e+00
2.302315513599349384e+00
2.303290785328206969e+00
2.301459431257383503e+00
2.301680305828535555e+00
2.301436928090186740e+00
2.301025965381527261e+00
2.299827042671944266e+00
2.299227873024379587e+00
2.299359640689258910e+00
2.299583193411615323e+00
2.298219768649656380e+00
2.298637655003644475e+00
2.297657522011332443e+00
2.296772763563802666e+00
2.297008656225489887e+00
2.296561320320303246e+00
2.296717848842398269e+00
2.295621810134024443e+00
2.295170937826754631e+00
2.294372689532402365e+00
2.295014536860988219e+00
2.294014850053597065e+00
2.293415254312372920e+00
2.293181563830307912e+00
2.292158511024577461e+00
2.292845040357572639e+00
2.290446295005750699e+00
2.292214043643293397e+00
2.291173510388269552e+00
2.291599726407647974e+00
2.290659941791660881e+00
2.291147143482156867e+00
2.289815471522287371e+00
2.289781283778651755e+00
2.290421816716337933e+00
2.288228415044553099e+00
2.289724853447880903e+00
2.288402870942753520e+00
2.288506026674367089e+00
2.287644260089991111e+00
2.287021969624660311e+00
2.287473818116833701e+00
2.286784666458745896e+00
2.285598640080708677e+00
2.286339000010013223e+00
2.284157098809541875e+00
2.285707670567515226e+00
2.284009292742343433e+00
2.284054612023717290e+00
2.281743596262586049e+00
2.283007779901194745e+00
2.282259958997969296e+00
2.281717270007610043e+00
2.281626829298439407e+00
2.280931949043578655e+00
2.279769158651861805e+00
2.280178412915730757e+00
2.278253401371534981e+00
2.279281313410407517e+00
2.276626645303505558e+00
2.277480229268308509e+00
2.277567348644196077e+00
2.277000760798560730e+00
2.276348814938987442e+00
2.276309332929985718e+00
2.275276714523243982e+00
2.275259638349084845e+00
2.273730814683727619e+00
2.273265234067613161e+00
2.273627359393051162e+00
2.273408029737750802e+00
2.272542012055791982e+00
2.270705653071507069e+00
2.270573538073348718e+00
2.268349730705008671e+00
2.270136073178338432e+00
2.268265808414955842e+00
2.269213183963552982e+00
2.266465292844550117e+00
2.266281799222099824e+00
2.266600924034202880e+00
2.266562296005677712e+00
2.266166996788070875e+00
2.265174893498647091e+00
2.265072776092129647e+00
2.263456287090550578e+00
2.264352396740351825e+00
2.262107171366436464e+00
2.261795769690359670e+00
2.261835087587462212e+00
2.261455643508575086e+00
2.260558188215794129e+00
2.258857224854943002e+00
2.260144170915186823e+00
2.260265678210422013e+00
2.257889632582351869e+00
2.259434175590838034e+00
2.258402501273160556e+00
2.257512381134200385e+00
2.257456386218863020e+00
2.257149823663176846e+00
2.255848316599368797e+00
2.254437018929202008e+00
2.254936023817360802e+00
2.255000280996427797e+00
2.254564853235453192e+00
2.252808396413566339e+00
2.253820718334349493e+00
2.252808896074497191e+00
2.251114864515901370e+00
2.252023019769431311e+00
2.250934759765501614e+00
2.250519231685117916e+00
2.250835465325061957e+00
2.250685595396632710e+00
2.248747568940257846e+00
2.248825060454548552e+00
2.248818986918313723e+00
2.247173064048376911e+00
2.248199769137796178e+00
2.246639172146967844e+00
2.246450872197458537e+00
2.246104332126236169e+00
2.245095324013114180e+00
2.245925331717055773e+00
2.244321778605342210e+00
2.244128708018163554e+00
2.243914046806865237e+00
2.242656884849701715e+00
2.242486863672529473e+00
2.242474185561029731e+00
2.241175341604427107e+00
2.241263464189795940e+00
2.239628803398311607e+00
2.240248416043349788e+00
2.240403573972145956e+00
2.239214637480770431e+00
2.239043449850004475e+00
2.238461608983052020e+00
2.238019448173500070e+00
2.237959743683350045e+00
2.238027242417116813e+00
2.236578273998634625e+00
2.235736058034426321e+00
2.235929763900806666e+00
2.236472883528641376e+00
2.235342930349168089e+00
2.235271558980227891e+00
2.235192777051054680e+00
2.234907373988181511e+00
2.233012183946486040e+00
2.233272165168617374e+00
2.233283192803068307e+00
2.233155120303307317e+00
2.231457455830772929e+00
2.230392025120164323e+00
2.229506956442132815e+00
2.227391523487610936e+00
2.228221401590054551e+00
2.226412208837689644e+00
2.227039364320003045e+00
2.225502233868918545e+00
2.225330930213186953e+00
2.226004115857048493e+00
2.224192304416728216e+00
2.223647259674343957e+00
2.223505516563391904e+00
2.223493239294304313e+00
2.221727590818121101e+00
2.222282356898154454e+00
2.221558119367056161e+00
2.220872217551630445e+00
2.220672265577356530e+00
2.219876969809544853e+00
2.219403631595094684e+00
2.217775933836162228e+00
2.217495155835891740e+00
2.217838724092830560e+00
2.215793979821494286e+00
2.217469359286272645e+00
2.215932804285785984e+00
2.214876591805536865e+00
2.215088202180170107e+00
2.215501695540975202e+00
2.214171331690117039e+00
2.213268885414218179e+00
2.213737659917359490e+00
2.212334081344531356e+00
2.212947066949427555e+00
2.211803929783079159e+00
2.211739427941206149e+00
2.211344013719871437e+00
2.211602650294605343e+00
2.209883871726094462e+00
2.209528691681116985e+00
2.210131757347801873e+00
2.208351731847618460e+00
2.209021118039947496e+00
2.208064062961913265e+00
2.207976743967566602e+00
2.207564547540390887e+00
2.207372540396465244e+00
2.206864990793349524e+00
2.205820179129053038e+00
2.207192372337067887e+00
2.205079131158524941e+00
2.205973303431097321e+00
2.204362788990828381e+00
2.205425630199805198e+00
2.204025161741526961e+00
2.204867012469105436e+00
2.203096363253634671e+00
2.203968114827449476e+00
2.202247505436123465e+00
2.203885418235651539e+00
2.201859261780035215e+00
2.202717021695951516e+00
2.201488424718519799e+00
2.202441982815096733e+00
2.201496463143287396e+00
2.201278893784085255e+00
2.200403766048336873e+00
2.201216656113342385e+00
2.199050361348958038e+00
2.200297267074588614e+00
2.198974572276494399e+00
2.199731454347539916e+00
2.198470954409291966e+00
2.199067257899673056e+00
2.197990957209535967e+00
2.198812298418019395e+00
2.197177686120541651e+00
2.197801128086910971e+00
2.196780424309496826e+00
2.197856620033934227e+00
2.195688838171437229e+00
2.197107596669315654e+00
2.195687622908580217e+00
2.196246585949558572e+00
2.195504970661607658e+00
2.195203830477375551e+00
2.194919037515661753e+00
2.194958149227985711e+00
2.193444271590243133e+00
2.194608448902063635e+00
2.193723629770212735e+00
2.193310152344137176e+00
2.193236919275085572e+00
2.193346100223259487e+00
2.191774086930338594e+00
2.192612888845760111e+00
2.191579830137964091e+00
2.191827124738769506e+00
2.190354404573560565e+00
2.190913223525107423e+00
2.191322515967625062e+00
2.188858472883916662e+00
2.190317998805647814e+00
2.190237326925843941e+00
2.189595587078674299e+00
2.188023393936337602e+00
2.189508590015099898e+00
2.187626903217182672e+00
2.188640127938349167e+00
2.186887098582336986e+00
2.187787430397402755e+00
2.186228001808207200e+00
2.187477306008234645e+00
2.186119620719135792e+00
2.186153806142363099e+00
2.185036169844829512e+00
2.185912782660933473e+00
2.184861789469652038e+00
2.185551830816889751e+00
2.184708194901456846e+00
2.183628303152731043e+00
2.184640430186454818e+00
2.183679303821669748e+00
2.183875646490214706e+00
2.182998439240036337e+00
2.183648434727940124e+00
2.181886608122834748e+00
2.183119869247120537e+00
2.182077610711197213e+00
2.182217134417879123e+00
2.181887868764163851e+00
2.180774464960319126e+00
2.181926641058059335e+00
2.180071003121323070e+00
2.181372288360303724e+00
2.179744537834280127e+00
2.180363778614212045e+00
2.180217066371899381e+00
2.179554547825200306e+00
2.179585850774417022e+00
2.178821056907035203e+00
2.179089081537780359e+00
2.178003548293411473e+00
2.178585021478452788e+00
2.178197961360235801e+00
2.178414613706211700e+00
2.177123172687306596e+00
2.178270220225628773e+00
2.176783695273399211e+00
2.176652811449603764e+00
2.176374748985308027e+00
2.175752257866380379e+00
2.176630256180109857e+00
2.175172354678413633e+00
2.175236261849313735e+00
2.174883200579555975e+00
2.174755424068826493e+00
2.173382944382496351e+00
2.173930691472170995e+00
2.173708467237572606e+00
2.172749848243979098e+00
2.173288805056112327e+00
2.172731483278272702e+00
2.171832151534276889e+00
2.172498563081699530e+00
2.171212764182024468e+00
2.170650053036008664e+00
2.171544131986257398e+00
2.170522184655343079e+00
2.171253383792318470e+00
2.170500689341567924e+00
2.169796152698042935e+00
2.169102527979588579e+00
2.169724718657563667e+00
2.169440382269179235e+00
2.167476846395492540e+00
2.169267989999463797e+00
2.168165860851025695e+00
2.167638781722665886e+00
2.167732147878588922e+00
2.167480914304087847e+00
2.167261444442932561e+00
2.166131020907567706e+00
2.166816091657733256e+00
2.165966482234017665e+00
2.164476350563226514e+00
2.165654110804067667e+00
2.164674696791987873e+00
2.164458162095444838e+00
2.163980963641726429e+00
2.164362830427858153e+00
2.164424307183244967e+00
2.161726540828821985e+00
2.163700489383721504e+00
2.162923951729817773e+00
2.162475784489901631e+00
2.161317947659921135e+00
2.162130908440012877e+00
2.161710424413937570e+00
2.161588111535170942e+00
2.160368203629697614e+00
2.160997933586520592e+00
2.161622380650352504e+00
2.160574342048087626e+00
2.159766355749485278e+00
2.160514810759479598e+00
2.160203258901836509e+00
2.159854478750681483e+00
2.158845952680538804e+00
2.158981423525441645e+00
2.159315578649977585e+00
2.159266455128954210e+00
2.158521894122761076e+00
2.157771122822522258e+00
2.158620106302637343e+00
2.157836863281650253e+00
2.157095916823597914e+00
2.157302843822718863e+00
2.156342962091381210e+00
2.157040413361783759e+00
2.156790129563100233e+00
2.155889170947620670e+00
2.155866512513235467e+00
2.154838027750383578e+00
2.156261428451870632e+00
2.155428554822500065e+00
2.155466230727492327e+00
2.155270022200479030e+00
2.154387658395673366e+00
2.154816813702919998e+00
2.154189677640828027e+00
2.153250164839656033e+00
2.154310509373771332e+00
2.153573423332075354e+00
2.153331024568344798e+00
2.153232462483312570e+00
2.152916260295763440e+00
2.152639993345906166e+00
2.152863805185277535e+00
2.151748323056805745e+00
2.151107269414739509e+00
2.152078140897495384e+00
2.152009869754637261e+00
2.150796337708177131e+00
2.151143095954123563e+00
2.150476102966591530e+00
2.150224976155856282e+00
2.150550720016352724e+00
2.149616677433979550e+00
2.150032942472508868e+00
2.148992363921818693e+00
2.149153036200181166e+00
2.149466562354749311e+00
2.148464070535211601e+00
2.148095972376426577e+00
2.148306472244554399e+00
2.148041134686139220e+00
2.148341753528688169e+00
2.147652786214932608e+00
2.145664522212802350e+00
2.147792114583681577e+00
2.147245612361094569e+00
2.146565687937993960e+00
2.146420836565105628e+00
2.145845636487488495e+00
2.146422925642482049e+00
2.145329301556687884e+00
2.144421905391107774e+00
2.145751293292601503e+00
2.146408100963287158e+00
2.144329413377108029e+00
2.144380284767445577e+00
2.144974540800012708e+00
2.143274292285869631e+00
2.143696991606282687e+00
2.143573752211338057e+00
2.143450934753958759e+00
2.143090941845947395e+00
2.143879760153231562e+00
2.142641485923170386e+00
2.142349648235229331e+00
2.142480767294171695e+00
2.141266397313517533e+00
2.141279047654422119e+00
2.140686687022568258e+00
2.140591629745781432e+00
2.140718136507461455e+00
2.141134711592372675e+00
2.138531164816690033e+00
2.141013182267841319e+00
2.140303675992935251e+00
2.139240266370722399e+00
2.139038984411663069e+00
2.139484016723022908e+00
2.138858447687656206e+00
2.138177755765248822e+00
2.136784215695070710e+00
2.138160194663260238e+00
2.137952181977202049e+00
2.136611618139947044e+00
2.136871248470841422e+00
2.137601993395190636e+00
2.135791570321432964e+00
2.135422074630070721e+00
2.137668159696259451e+00
2.136015076588826833e+00
2.134102034935169367e+00
2.135807436842526830e+00
2.134688609421059535e+00
2.132814658739145219e+00
2.134855262374109497e+00
2.133212404904606618e+00
2.133912126868096504e+00
2.134634589248546099e+00
2.133030605045602268e+00
2.132498202601045723e+00
2.133557722990557792e+00
2.132584289504084740e+00
2.131729312499917484e+00
2.132218041765832073e+00
2.131514102350944295e+00
2.131045312696544070e+00
2.132112126163512755e+00
2.130623876261372285e+00
2.130699749316128599e+00
2.129314301567386991e+00
2.130722963252671853e+00
2.130651788045958117e+00
2.127112027510110082e+00
2.129479650180306827e+00
2.129009345646188489e+00
2.127704262637568622e+00
2.128355582729114737e+00
2.127213497288349409e+00
2.126318330002345824e+00
2.128181694065355511e+00
2.127039839146991351e+00
2.125120626579773742e+00
2.125790380870073548e+00
2.126647023177804741e+00
2.124455062433617591e+00
2.126507971288267740e+00
2.124973895487837883e+00
2.124944485077032486e+00
2.124974893795190667e+00
2.124193286526018021e+00
2.125037574764038872e+00
2.124073701572700035e+00
2.123268023470461952e+00
2.123554039882842748e+00
2.123363376306333095e+00
2.122305087618561625e+00
2.122143638441371660e+00
2.121805632025376642e+00
2.123494823336152582e+00
2.121371932771757507e+00
2.122831060470561582e+00
2.121748351922124076e+00
2.121489286596324852e+00
2.121593506481407321e+00
2.121109111902599764e+00
2.120765473453927630e+00
2.120886131191131341e+00
2.120035751017393277e+00
2.120572133172484275e+00
2.119540544850053720e+00
2.120150342763035045e+00
2.118740637910568214e+00
2.119092909069418607e+00
2.119168052310198114e+00
2.118119570969910104e+00
2.118669045298797737e+00
2.117140406251776241e+00
2.117904151620859654e+00
2.116828914367569592e+00
2.116565316075983194e+00
2.117323923755165094e+00
2.115034472843432045e+00
2.116524191860342796e+00
2.115738097829110931e+00
2.114591644824479033e+00
2.114832118490244550e+00
2.115575826106777413e+00
2.114208036888503006e+00
2.114128486754132563e+00
2.114379816843810378e+00
2.112949367403754053e+00
2.112497697685481679e+00
2.112504676632041445e+00
2.111302702335336789e+00
2.112248377673033417e+00
2.112078118871057786e+00
2.110178930768959571e+00
2.111816382542435644e+00
2.110559179980706190e+00
2.110274914525202217e+00
2.110450735246566456e+00
2.110030357705034110e+00
2.108572641971353523e+00
2.110003285542275453e+00
2.109305594292391728e+00
2.108098845888415340e+00
2.108471165318972051e+00
2.108627502269404097e+00
2.107847868581930850e+00
2.108399677661908722e+00
2.107253169046168662e+00
2.106001656443961423e+00
2.107737616119750967e+00
2.105721526641543662e+00
2.107274961010837444e+00
2.105330946758150912e+00
2.106018043383193206e+00
2.105327552708911920e+00
2.104929413963986917e+00
2.104832157739739973e+00
2.103713479864596447e+00
2.103983249609189254e+00
2.103632183636785502e+00
2.104233652169874791e+00
2.103129760233484635e+00
2.102483231602210179e+00
2.102940854458440700e+00
2.102994734012070044e+00
2.101877834494788821e+00
2.100883501297659439e+00
2.102075234781876745e+00
2.101301686437848648e+00
2.100438601346000578e+00
2.100461785626723366e+00
2.099669750836854920e+00
2.100590037511460562e+00
2.098428270048975808e+00
2.099711834468500182e+00
2.098760974492708709e+00
2.098538249515244036e+00
2.098566778052247006e+00
2.097843125042875290e+00
2.098163711285557564e+00
2.095927047288295153e+00
2.097495827747577479e+00
2.097466239132618426e+00
2.096309026863858005e+00
2.096718818929148132e+00
2.095832658914519087e+00
2.095496009223697165e+00
2.094214970700724709e+00
2.095230905059361159e+00
2.094369636290516201e+00
2.094137938359240447e+00
2.095038795544175603e+00
2.093687599082017847e+00
2.094731143462960521e+00
2.093740114224975191e+00
2.092885245768622671e+00
2.092925180362364301e+00
2.093162547475801549e+00
2.091458644695649127e+00
2.092968769128229045e+00
2.091383567228759954e+00
2.091693575497922009e+00
2.091420285878416774e+00
2.092343688330496665e+00
2.089918647394616524e+00
2.090578399891317662e+00
2.090742664750067092e+00
2.088834385358491197e+00
2.090413381242402835e+00
2.089457387112606312e+00
2.089068596347929851e+00
2.088873834189683976e+00
2.089015935160658533e+00
2.088027442530025812e+00
2.089263317957548161e+00
2.087758202137107499e+00
2.087763199516951218e+00
2.086581712830357205e+00
2.087972474046814408e+00
2.086120233026824256e+00
2.087203033819203579e+00
2.086430955883562532e+00
2.086299300592666661e+00
2.085590450446536792e+00
2.086243105864210801e+00
2.084736777756319714e+00
2.084842080463065184e+00
2.083708778719733701e+00
2.082624681522835974e+00
2.082935166557124518e+00
2.082639169583287764e+00
2.082259228518094307e+00
2.082011929986265830e+00
2.081773230551831499e+00
2.080256164103654992e+00
2.080550343352675302e+00
2.079192710072435002e+00
2.080158951381855026e+00
2.078770925250292390e+00
2.079403117807891999e+00
2.077844160298638165e+00
2.079211680599402534e+00
2.078428723747240081e+00
2.077856659367691705e+00
2.077756777318614301e+00
2.077360549446615412e+00
2.077254150340059002e+00
2.077163320393790702e+00
2.075134383119055848e+00
2.076311483604383668e+00
2.075856493026082106e+00
2.075189331140826265e+00
2.075498835063753322e+00
2.074069709541924933e+00
2.073632146810657773e+00
2.074303428068765331e+00
2.073626761438986055e+00
2.073302080957623250e+00
2.072667574216120912e+00
2.073868798928354629e+00
2.071962700623628972e+00
2.072227450288569361e+00
2.072160585014901191e+00
2.072123063008456167e+00
2.071721931660635452e+00
2.071869801289411672e+00
2.070616615680749728e+00
2.070715250223026604e+00
2.070782253131192352e+00
2.069802568961440770e+00
2.068917505231916198e+00
2.069382651377257964e+00
2.070130413910503453e+00
2.069308552382814526e+00
2.069334881121931424e+00
2.067311515966134383e+00
2.068770138715206208e+00
2.067611454636937296e+00
2.066753330502828057e+00
2.066486084515240407e+00
2.067551410587178395e+00
2.066569975302686490e+00
2.066273425324864466e+00
2.065555463437664496e+00
2.065275618664919044e+00
2.065170421513550902e+00
2.065722492589542991e+00
2.064777194230309032e+00
2.065198951048604403e+00
2.065409986172070944e+00
2.062489083879532448e+00
2.063923778194677094e+00
2.064041270853306020e+00
2.062737754180710592e+00
2.063666350739703059e+00
2.061617748001610462e+00
2.062033809028247955e+00
2.059403249082407239e+00
2.061764092220396360e+00
2.059650801594754999e+00
2.060154255592822281e+00
2.058797619187584527e+00
2.059147126212180989e+00
2.058806911419595487e+00
2.059151926026776103e+00
2.058152382638015698e+00
2.058456206293414859e+00
2.058580261815109225e+00
2.057018663235305578e+00
2.057068734699540435e+00
2.056087259187768357e+00
2.057576985399138358e+00
2.056641960979297856e+00
2.055588187074245621e+00
2.056046016612368632e+00
2.055856978993076734e+00
2.055267494125992300e+00
2.055095459136324187e+00
2.054668685803289208e+00
2.054624735791659162e+00
2.053851091751668800e+00
2.053344245285682934e+00
2.053300085459098590e+00
2.052141887627310979e+00
2.052952381543321714e+00
2.051574444402272768e+00
2.051729994724002637e+00
2.052149234623041441e+00
2.051310155026251802e+00
2.050362678218354606e+00
2.050494432334970085e+00
2.050261803029807428e+00
2.050108173694763725e+00
2.048310999008828848e+00
2.049663597969770379e+00
2.048692268784731763e+00
2.048522502445051074e+00
2.048654918430841132e+00
2.048026116881616066e+00
2.047967573244923400e+00
2.046610916113058121e+00
2.047429838064628527e+00
2.047619445374080360e+00
2.046478347462114211e+00
2.046085674574909863e+00
2.046252625725180074e+00
2.046086303058413325e+00
2.044583106012623830e+00
2.045391083095020157e+00
2.046011835597507211e+00
2.044795376099229678e+00
2.044099614192268266e+00
2.043523150278050871e+00
2.044005371108601476e+00
2.043056857579112595e+00
2.042961260016538549e+00
2.042851471720776413e+00
2.042446292153674570e+00
2.042124640051373508e+00
2.041774326891528712e+00
2.041243314374994178e+00
2.042467140536538661e+00
2.040814559864782662e+00
2.040766454984726419e+00
2.040558312249522110e+00
2.040158305758877688e+00
2.040546239645110393e+00
2.040539297209547520e+00
2.039370901966602645e+00
2.039165321794873531e+00
2.039338848463643661e+00
2.038845665265963891e+00
2.039384040656299302e+00
2.038294938213826235e+00
2.038773742415325607e+00
2.037669448427519736e+00
2.038339811128093260e+00
2.037706314254535744e+00
2.037523427203912885e+00
2.036974281566390488e+00
2.037349268605795682e+00
2.036418185385250990e+00
2.036355623228082390e+00
2.036305707552543254e+00
2.035439097524170293e+00
2.035562669264086022e+00
2.035133427712209730e+00
2.035220357464072816e+00
2.035059414719941007e+00
2.033544872238524981e+00
2.035110534069933141e+00
2.033926512737768810e+00
2.033775514382048843e+00
2.033651672387263520e+00
2.033607673221789813e+00
2.032830191245110552e+00
2.032811052631001036e+00
2.032416879730912118e+00
2.032787051774479270e+00
2.031170085912055612e+00
2.032649388369990984e+00
2.031664182690043230e+00
2.031414294528714581e+00
2.031178048480666298e+00
2.031798616563909476e+00
2.030325501234483632e+00
2.030979768145317443e+00
2.030544619002380369e+00
2.029475791771859772e+00
2.031239469681751064e+00
2.029364989604316438e+00
2.029945525636136061e+00
2.028668652259442151e+00
2.030162615602549625e+00
2.029420983962528791e+00
2.028536715808223700e+00
2.029294855275732612e+00
2.028595111457241362e+00
2.027722866810993008e+00
2.028399632506888484e+00
2.027871211760241987e+00
2.028975845627719377e+00
2.026878310200690425e+00
2.026864442721532544e+00
2.027970050539005253e+00
2.026535004064334622e+00
2.027513408722276367e+00
2.027128454690094284e+00
2.026172874613909602e+00
2.027062137302377831e+00
2.026128946727220104e+00
2.026454771379877062e+00
2.025304719777398343e+00
2.025451197479993137e+00
2.025378805216208722e+00
2.024401370125646249e+00
2.024367338749966994e+00
2.024767293698056747e+00
2.024673000768101083e+00
2.024548532798592593e+00
2.023218058339050440e+00
2.023791114497762056e+00
2.022831400965083848e+00
2.023581205014800322e+00
2.022680082510140309e+00
2.022054257678979283e+00
2.023051036486168019e+00
2.021932601840672472e+00
2.022887143336006499e+00
2.022172061515670638e+00
2.021565863299908283e+00
2.022837581641760529e+00
2.021244818617706329e+00
2.021236982503429314e+00
2.021913875955263951e+00
2.021808887740031757e+00
2.020668050581508890e+00
2.021171207974762130e+00
2.020434494173379836e+00
2.020539216273149918e+00
2.020082457503104667e+00
2.019035960256081452e+00
2.020125705747180422e+00
2.019501706949723197e+00
2.019412126702323729e+00
2.019646914443912866e+00
2.018343307082097748e+00
2.019221999622624164e+00
2.017495847202652293e+00
2.017648634316540512e+00
2.018381972768389598e+00
2.017539599356675151e+00
2.015955800743774340e+00
2.017275011878089774e+00
2.016533973948943181e+00
2.017187033568558885e+00
2.015878045201975777e+00
2.016498831861027075e+00
2.016185805909754158e+00
2.016110373409730538e+00
2.015659902382334945e+00
2.015678038170416020e+00
2.015587036939254784e+00
2.015357767152035517e+00
2.014972002976195053e+00
2.015301258137031759e+00
2.014645472699938100e+00
2.014946092796219723e+00
2.013611624183980986e+00
2.014220060387108990e+00
2.014318182174104965e+00
2.014131880477460612e+00
2.013599365041490064e+00
2.013487563089442212e+00
2.013236573327130241e+00
2.013307263462410734e+00
2.013030766197174692e+00
2.012528319925777520e+00
2.011789601687080875e+00
2.012991347143093801e+00
2.011201494559406555e+00
2.011868504216659748e+00
2.011769487028736592e+00
2.011560852505616115e+00
2.011596441779272215e+00
2.010765003241492987e+00
2.011243860318852494e+00
2.009512515702633895e+00
2.010960470162100666e+00
2.010721421916548124e+00
2.010066572768834270e+00
2.010529821537604178e+00
2.009409863212516356e+00
2.009651035721098378e+00
2.008357712765951764e+00
2.009239600140419135e+00
2.008438028515894036e+00
2.009469966098869076e+00
2.008027988868634761e+00
2.008510809721170798e+00
2.007482844621158780e+00
2.008514229744761348e+00
2.008038659198787990e+00
2.007782830624359693e+00
2.007138929771420610e+00
2.008171422181430632e+00
2.006948223400096598e+00
2.006104743370583865e+00
2.006860189811136674e+00
2.006961797246100243e+00
2.005948105809021609e+00
2.005864401719141377e+00
2.005687610960440903e+00
2.005101704976948174e+00
2.004574431720034688e+00
2.006341785739880201e+00
2.003718190494469198e+00
2.005466980183691295e+00
2.004466583974686245e+00
2.004884597984031736e+00
2.004111778296888247e+00
2.004742585130594446e+00
2.004140026099081151e+00
2.004061907373081652e+00
2.003168229515214005e+00
2.003323544656154365e+00
2.002466933404311256e+00
2.003398391008338830e+00
2.003196184161966986e+00
2.002489021161701466e+00
2.002422275860890721e+00
2.001607782633571642e+00
2.002221620191765084e+00
2.002019656724109531e+00
2.000909493035686104e+00
2.001914370006200539e+00
2.000951020069811293e+00
2.001986001737956489e+00
2.001766711820285760e+00
1.999820050336024613e+00
1.998371099345496615e+00
1.998097809714386441e+00
1.997968540534994730e+00
1.996954905605693442e+00
1.996002063983970842e+00
1.996791327604976685e+00
1.996968378466758898e+00
1.995013292770640101e+00
1.994971406980973194e+00
1.995042526274766859e+00
1.992950813035373914e+00
1.994640463589316459e+00
1.993632319312286905e+00
