4.011713335349547265e+02
1.242617750479795831e+02
9.623702119626337037e+01
8.435735916877862905e+01
6.932256547473353692e+01
4.828681652252998191e+01
2.549403795500718317e+01
1.034447519265591531e+01
5.857088436512374763e+00
5.052074938290799899e+00
4.678790771116005942e+00
4.339429111868339461e+00
3.970728205307671121e+00
3.573980861004966147e+00
3.209075559277139167e+00
2.902801311109655114e+00
2.662651196395070752e+00
2.477829089040061827e+00
2.334403848593904485e+00
2.220135021931695984e+00
2.120678671732374010e+00
2.033587640104671745e+00
1.955791992184397365e+00
1.884704680284975176e+00
1.820935086380075729e+00
1.759233471492773093e+00
1.703426923741708565e+00
1.651219474287567879e+00
1.602167295230821908e+00
1.554324484212523450e+00
1.509944970864112390e+00
1.468253419380733282e+00
1.428793920262299677e+00
1.391532228431228368e+00
1.356262191583827326e+00
1.322295696487771899e+00
1.290105368115430862e+00
1.257936959247717867e+00
1.229337722544464606e+00
1.201450982518641242e+00
1.177226173368315587e+00
1.151936145993219363e+00
1.129130668497399403e+00
1.106946523663380422e+00
1.086472104838830388e+00
1.066350900961468895e+00
1.046907502900175979e+00
1.027837459612587212e+00
1.011393119123990658e+00
9.939845484752235505e-01
9.768339008970085002e-01
9.622774855984382869e-01
9.467241907481388496e-01
9.324915093148287148e-01
9.175694660397563096e-01
9.036438015193920537e-01
8.924130747687661902e-01
8.784027290863137827e-01
8.726508752364504629e-01
8.580916227363589721e-01
8.484426546839278771e-01
8.396767142967043185e-01
8.295732777439789318e-01
8.215544483571978196e-01
8.125044582603423438e-01
8.032271168820486196e-01
7.935951342193550140e-01
7.866518015558039423e-01
7.803416334736944515e-01
7.708918300952087854e-01
7.644377929959786933e-01
7.579183282760563189e-01
7.533212247878068313e-01
7.436504657141026486e-01
7.402115459528011421e-01
7.315434675599677972e-01
7.273271656773544480e-01
7.229746043953279022e-01
7.143126777016063356e-01
7.121309229484290571e-01
7.067547480545278704e-01
7.006339621229153991e-01
6.953718061113763893e-01
6.913811813331198763e-01
6.839422851224612465e-01
6.823213097022664542e-01
6.736502235531465210e-01
6.715470985776678114e-01
6.673825690817509759e-01
6.615571948835451410e-01
6.569928668150261108e-01
6.537512717085592895e-01
6.476264286486229649e-01
6.441161085505672235e-01
6.417507448639759859e-01
6.367779120522483183e-01
6.326286900245505773e-01
6.271579624475484005e-01
6.239572846719595445e-01
6.196713635785700003e-01
6.167269342762572437e-01
6.115048892514164391e-01
6.073581476572974536e-01
6.051600045308949127e-01
6.007988001539514844e-01
5.958551255841368910e-01
5.954445502358601816e-01
5.888312595190136056e-01
5.862840901114444447e-01
5.831487400618761141e-01
5.804335341391581027e-01
5.747876538544798297e-01
5.725719901730522698e-01
5.700370104084603318e-01
5.680282655265908032e-01
5.620295729006511420e-01
5.586239043784138047e-01
5.560679392209443295e-01
5.532286723279310481e-01
5.499217312235731292e-01
5.472868964348120979e-01
5.454491946606422337e-01
5.422434748051129239e-01
5.390414980435963566e-01
5.335064145896267762e-01
5.346402899778068818e-01
5.316384623679339949e-01
5.288051729153681046e-01
5.262455759455976212e-01
5.216383265520020407e-01
5.217959126271486392e-01
5.190914287306406250e-01
5.166387090268518278e-01
5.129552273944292251e-01
5.117780588299766231e-01
5.095876495784360527e-01
5.065846221972386543e-01
5.019397871213493456e-01
5.022836568854341932e-01
4.999286636372519688e-01
4.953708981132995959e-01
4.932158625587220180e-01
4.935370998197213255e-01
4.902143171943548761e-01
4.888556732091660639e-01
4.849338019956652146e-01
4.844333462256953937e-01
4.829835225360426532e-01
4.795056542095800789e-01
4.760205311733354261e-01
4.768693462414808071e-01
4.754571458253120664e-01
4.724053631179139234e-01
4.709569431659267891e-01
4.699361675899553781e-01
4.636979187430416705e-01
4.642515217223707746e-01
4.637733080994630441e-01
4.620367079834390989e-01
4.547263390496860680e-01
4.568667595374590884e-01
4.565297311049336670e-01
4.529441377540193159e-01
4.512967348353619790e-01
4.496765560147950591e-01
4.465337711143460009e-01
4.450339970484284424e-01
4.457755745060587582e-01
4.408658623190860326e-01
4.408385604322159756e-01
4.395753691444221900e-01
4.368547495247752654e-01
4.356437422765611633e-01
4.339755265771355064e-01
4.323010115938185627e-01
4.278824573282468680e-01
4.303253314409225538e-01
4.265286063737361300e-01
4.231754669378647304e-01
4.240086774246562551e-01
4.245214341212410480e-01
4.181288824197360587e-01
4.181203480895421265e-01
4.191831740213869950e-01
4.158689956404486021e-01
4.139726034482089645e-01
4.150267170895942659e-01
4.121597190579584513e-01
4.099850871868180313e-01
4.073329450756242864e-01
4.065268475227135636e-01
4.024611357936720424e-01
4.059435649492654785e-01
4.037283742542837062e-01
4.004571876848346812e-01
3.996037989888303610e-01
3.965060724457131758e-01
3.975398048693387643e-01
3.929249091840350538e-01
3.960992503726441516e-01
3.932946733595595323e-01
3.948322282522898630e-01
3.897412821254250814e-01
3.888325601362529471e-01
3.875422960620187318e-01
3.877942970309749549e-01
3.842822170046427122e-01
3.830558929143474955e-01
3.833287233285232465e-01
3.831901080559418360e-01
3.790495328328011282e-01
3.773130131063675563e-01
3.789024888573247485e-01
3.785800729875538617e-01
3.766452417807662489e-01
3.706480896366801114e-01
3.759931885628124415e-01
3.704925091058512976e-01
3.714464006453799816e-01
3.679530312084045574e-01
3.672319067662091485e-01
3.713181807538207813e-01
3.654681971361142256e-01
3.628646451674450435e-01
3.638334672835565886e-01
3.644896843089333593e-01
3.627384191687119674e-01
3.606093147701463497e-01
3.571371272746329262e-01
3.567880426632456525e-01
3.583521050202349012e-01
3.588771764912359608e-01
3.555058768643319378e-01
3.520629296529391161e-01
3.541518548395388710e-01
3.538447037900566694e-01
3.496575651435285259e-01
3.503454937483525544e-01
3.500806478086704865e-01
3.494379416796468685e-01
3.482181974108605194e-01
3.465486094721288435e-01
3.449849465887250832e-01
3.494988064490566759e-01
3.429970324815591609e-01
3.395634749267015251e-01
3.423705987922394667e-01
3.449155259907181748e-01
3.416985343302081368e-01
3.424746221480075015e-01
3.383957885333384041e-01
3.423737508864599377e-01
3.354273909882023452e-01
3.369207513223204664e-01
3.327834802354468491e-01
3.357807719278300684e-01
3.350193596002544183e-01
3.351406521660401094e-01
3.329536482719723245e-01
3.369794597424083382e-01
3.281332453401709093e-01
3.300514884318855868e-01
3.319866547540867852e-01
3.319609174798679452e-01
3.267420594828538971e-01
3.308996348562162626e-01
3.244131095625224503e-01
3.292104810973800477e-01
3.225552978000212900e-01
3.245030089732793277e-01
3.256055051691188473e-01
3.238640016730555682e-01
3.237340851466541380e-01
3.215584834409825343e-01
3.190455032581240302e-01
3.216219521532481251e-01
3.204814136359898646e-01
3.217032058887544510e-01
3.191234332097591109e-01
3.173452281220853211e-01
3.208771272862975255e-01
3.170319291224639180e-01
3.134960723659396264e-01
3.143626291784522020e-01
3.153789332113910993e-01
3.176210837071313242e-01
3.118144396578086952e-01
3.144134547906040078e-01
3.103559622328744827e-01
3.173748259453421094e-01
3.090987391480526369e-01
3.093511334540562374e-01
3.083386072025572910e-01
3.072334313298936137e-01
3.090765485118938671e-01
3.090364024675764099e-01
3.064551810632281659e-01
3.079112399265510058e-01
3.044755561786123832e-01
3.052903547775354109e-01
3.071707677265920200e-01
3.008813050020623936e-01
3.021565063119014405e-01
3.013114502088118374e-01
3.022003281834562682e-01
3.021775010868689715e-01
3.013562483813330140e-01
3.013432612578275660e-01
2.989579099793843175e-01
2.967978742892679600e-01
2.990970172264026949e-01
2.964635261179632275e-01
2.992897039482005916e-01
2.970165940208290833e-01
2.944523407524526348e-01
2.984125670655127793e-01
2.943163733269393845e-01
2.943711229125321460e-01
2.942756254121876580e-01
2.916066596771060282e-01
2.952641330601827874e-01
2.926023338335904667e-01
2.918481638526836952e-01
2.891918249530118779e-01
2.906046414564191216e-01
2.920047823170371926e-01
2.922185552272829057e-01
2.900396588450268598e-01
2.875306269118926283e-01
2.888437374057072349e-01
2.884318045759299287e-01
2.895218347510655210e-01
2.880202653486174103e-01
2.882998999024841136e-01
2.832880221113794339e-01
2.872550011495278999e-01
2.828042135187664452e-01
2.841356409797867744e-01
2.878079947425950524e-01
2.825801078051864978e-01
2.843106883891777792e-01
2.846328542382043358e-01
2.802215395495847861e-01
2.841288200095089533e-01
2.823593428706356323e-01
2.820283752267642163e-01
2.809056343693323576e-01
2.770162136972547096e-01
2.797144139241906635e-01
2.800397704580815939e-01
2.825596422286371090e-01
2.763133175153305587e-01
2.772008401073660644e-01
2.779887057165228992e-01
2.795369609552674772e-01
2.751092581949801663e-01
2.785317259599482953e-01
2.759435796970124977e-01
2.748277201876130893e-01
2.759890969350528023e-01
2.726193315089016633e-01
2.767807584237786389e-01
2.719899773056111969e-01
2.744631840456383531e-01
2.749213076669931866e-01
2.753017770719691781e-01
2.694963826291571496e-01
2.731923555967382122e-01
2.732259362750618092e-01
2.726197206805767714e-01
2.716642737250218320e-01
2.700304897798629367e-01
2.702011423135218804e-01
2.724264898497888443e-01
2.701902792863304370e-01
2.684573999774705899e-01
2.701848137033041608e-01
2.682493554241634492e-01
2.679636046338733091e-01
2.676017983519328181e-01
2.665602010265782362e-01
2.666896137444167980e-01
2.667030571030006292e-01
2.664822864091065946e-01
2.671284671917180109e-01
2.643254569364375528e-01
2.628330922115739710e-01
2.672651617882297326e-01
2.622686371515983161e-01
2.645266708293034230e-01
2.642946312085875937e-01
2.645049406971989314e-01
2.626341278171870353e-01
2.618482916079982181e-01
2.616588680575718251e-01
2.609490721988690365e-01
2.649876731265796703e-01
2.596183909472092322e-01
2.629863615769379992e-01
2.593853838263289191e-01
2.616536236537765903e-01
2.594165971648498270e-01
2.630860133532381684e-01
2.566052524472197671e-01
2.576427728751927160e-01
2.573558005765357870e-01
2.554356013894430455e-01
2.587088257213894793e-01
2.596771600601104901e-01
2.594683103273754954e-01
2.533883039757577338e-01
2.573373168551946200e-01
2.570413549707319389e-01
2.548041667173832070e-01
2.568253631519119007e-01
2.581125533949058526e-01
2.552639240971691925e-01
2.545799917470280005e-01
2.527642346041659160e-01
2.527555239817700361e-01
2.550390391527515566e-01
2.527420915731191653e-01
2.539561113352913901e-01
2.528232974557300117e-01
2.533946162612991659e-01
2.517381445554261465e-01
2.542145969554679974e-01
2.510871803789372914e-01
2.487531241431038820e-01
2.509071860445239444e-01
2.523327920538049884e-01
2.546590842303260160e-01
2.498539992605090798e-01
2.498930799104421840e-01
2.507858677139163661e-01
2.486487338170464134e-01
2.485099098621751379e-01
2.454191289945695520e-01
2.491947196263761821e-01
2.485752436629805884e-01
2.483499478352018397e-01
2.477607627765245901e-01
2.472918300370321176e-01
2.497534536641664304e-01
2.441499367023428901e-01
2.456935434351461833e-01
2.485982510403584866e-01
2.411752470202425946e-01
2.447105341676082124e-01
2.451102460830919538e-01
2.436914561490029774e-01
2.449713080303015378e-01
2.408609650942822034e-01
2.458552186302193354e-01
2.426624716433261886e-01
2.457118710801034778e-01
2.428523217569744652e-01
2.393526971439134954e-01
2.441645354686085845e-01
2.392110755603014949e-01
2.418486152985928062e-01
2.437263998079393090e-01
2.393017427549792853e-01
2.384647503319905215e-01
2.387810091771703780e-01
2.408516844869195150e-01
2.373952581431964248e-01
2.390901131423334991e-01
2.424045510443809670e-01
2.390709549204701190e-01
2.370411094002034258e-01
2.378136160098090757e-01
2.370689270096153212e-01
2.371773691485262736e-01
2.412407966559313444e-01
2.376183892515279783e-01
2.379283174973962633e-01
2.345846907707177798e-01
2.364291425226510979e-01
2.366580114172103233e-01
2.329343951021024817e-01
2.355501956572656763e-01
2.358865527176633170e-01
2.322893224888694930e-01
2.353563891652363516e-01
2.346742584183575397e-01
2.337167103319023054e-01
2.319754699738120485e-01
2.344903216126744405e-01
2.312258158758961624e-01
2.339609371118296088e-01
2.315822232545202419e-01
2.312146062464199847e-01
2.306696823931733975e-01
2.339738619376162676e-01
2.289941695305439673e-01
2.317575213271992618e-01
2.285873772964148731e-01
2.319917138313285221e-01
2.322535954109412881e-01
2.306175722783669613e-01
2.291018318574870316e-01
2.301351273260668906e-01
2.284677695050013890e-01
2.275471723524620238e-01
2.297392206390325986e-01
2.267945806308331591e-01
2.255965421172107244e-01
2.305130765579370689e-01
2.268279910415266498e-01
2.242220014006786055e-01
2.255962536970184396e-01
2.298073507529732051e-01
2.236008758903066107e-01
2.275446491866225662e-01
2.281702847915143550e-01
2.214629005339881218e-01
2.294630606679691487e-01
2.229333360522146867e-01
2.239793209198009116e-01
2.237596063083672482e-01
2.276531616682763437e-01
2.248452057079833033e-01
2.250086827314309590e-01
2.257315245706889018e-01
2.255921894937296113e-01
2.192086244683568719e-01
2.268680232282707931e-01
2.243306376491294163e-01
2.201985376548294682e-01
2.224939710795791614e-01
2.237371290034945448e-01
2.226616228981167234e-01
2.242650535221264729e-01
2.218643871123286149e-01
2.236694193540239572e-01
2.236384181571150487e-01
2.207340123289263378e-01
2.214760077538505956e-01
2.206582550721960245e-01
2.259335049426432762e-01
2.222868083770839498e-01
2.168250616841189415e-01
2.225180734450972475e-01
2.242224241100666260e-01
2.206939029360131255e-01
2.163103942551356240e-01
2.231069072655633978e-01
2.206225035170794324e-01
2.202219914021430469e-01
2.221666866156329079e-01
2.170861084825384812e-01
2.167663103471814401e-01
2.228997827899224238e-01
2.173476936195994635e-01
2.168806917261435485e-01
2.204812371048641140e-01
2.194521758159198033e-01
2.188993138746444522e-01
2.180380546799739749e-01
2.157660937743130780e-01
2.211851167600823453e-01
2.159214503728712764e-01
2.174180616686226253e-01
2.189405480909643875e-01
2.138397069808933015e-01
2.140049738778908861e-01
2.237823088049921416e-01
2.133110439517794943e-01
2.179841484181128386e-01
2.154844029698788355e-01
2.169872999995072493e-01
2.147444581483547443e-01
2.160404165085493267e-01
2.143734276105816738e-01
2.126446640318880033e-01
2.179552437708250634e-01
2.159562744682204105e-01
2.130100204736444791e-01
2.176761307090988862e-01
2.104631946740427029e-01
2.136868823804377870e-01
2.101653668497425187e-01
2.163006492541958981e-01
2.110890855667234556e-01
2.173139280330906864e-01
2.145251605969783759e-01
2.107143117928899356e-01
2.143633402453229142e-01
2.115106705502172446e-01
2.117858096294945314e-01
2.140740885589877129e-01
2.176272992556086139e-01
2.093857830814363219e-01
2.102833238807807759e-01
2.112528038445314893e-01
2.145776231812957791e-01
2.102261287682959112e-01
2.186552806580347730e-01
2.097013615418475696e-01
2.118754929994177416e-01
2.098004159018717896e-01
2.147573910715425693e-01
2.088270877635435285e-01
2.117498110496515429e-01
2.114911816914426257e-01
2.144451312648558983e-01
2.076093650018798753e-01
2.129902591583075766e-01
2.089572011910551252e-01
2.117881425623648617e-01
2.110333330163615961e-01
2.135077608591933462e-01
2.076537582347836863e-01
2.175053129356433190e-01
2.063852447310533245e-01
2.093446557426883181e-01
2.088647645444692003e-01
2.094497669938425177e-01
2.078154773965048552e-01
2.099935545134628823e-01
2.043246241459752699e-01
2.133014133413159985e-01
2.007167080394395564e-01
2.086072962960093813e-01
2.092296844097607800e-01
2.114687829256769735e-01
2.067199537286903699e-01
2.067118234902363405e-01
2.099808692143422251e-01
2.021982049840968798e-01
2.069544375688096294e-01
2.077379077636070936e-01
2.072499233794651563e-01
2.061822941464903913e-01
2.060953695390750628e-01
2.032660406455047142e-01
2.074571277822695459e-01
2.093952469456450416e-01
2.051004465229659124e-01
2.044080412692235171e-01
2.093570632713102064e-01
2.031217042152832775e-01
2.092120227418590439e-01
2.026621145439630733e-01
2.056828168695779002e-01
1.998922512527943895e-01
2.084146605467831204e-01
2.070542098118480501e-01
2.016567169947461047e-01
2.069363341774985710e-01
2.008686447132746744e-01
2.031867111333853504e-01
2.034123952347181852e-01
2.047912228197692475e-01
2.009802610065994644e-01
2.056670280291269803e-01
2.016820307122914879e-01
2.051409252214450307e-01
2.017488949283493815e-01
2.016886478606339794e-01
2.023958401994504219e-01
2.019462673776880601e-01
2.027258343881703506e-01
2.038997487967038891e-01
2.031345712127011482e-01
2.018380376060595616e-01
2.027411998331502263e-01
1.987698546647315989e-01
2.027144903979740953e-01
2.046125356803618345e-01
1.980976044425067084e-01
2.029729158607530282e-01
2.022337163842101715e-01
2.013791310224782860e-01
1.998973635081478240e-01
2.024014107274886565e-01
2.017921699568359373e-01
2.026157715160606110e-01
1.970892228446275707e-01
2.023906931104274554e-01
1.978767217570791270e-01
2.010768606567207017e-01
1.944758448680818930e-01
2.101411840530549024e-01
1.961079857275042915e-01
1.985455781803283914e-01
1.976089581968904774e-01
2.004154093538753900e-01
2.041889808684550778e-01
1.976578968842239992e-01
1.967862318827810209e-01
1.988973345492637546e-01
1.998662481787574219e-01
1.981099758906856578e-01
1.988357528403274233e-01
1.942099849961019808e-01
2.003259026428572953e-01
1.961258445729098521e-01
2.015531743885935201e-01
1.968402373774642278e-01
1.974278885107030312e-01
1.928772998657393434e-01
2.038628851055960256e-01
1.944558364303561604e-01
2.009626533447910479e-01
2.031563553935354094e-01
1.945850018706642981e-01
1.940733326351884447e-01
1.953207199838156161e-01
1.962221921152786652e-01
1.990199059104195423e-01
1.951838639933373143e-01
2.013992483682973400e-01
1.938310832806422468e-01
1.994226455828454203e-01
1.917228002178675006e-01
1.958514245689378097e-01
1.929086343015197491e-01
1.922399042518868340e-01
1.987379513658893426e-01
1.909911418404812988e-01
1.989873673287286815e-01
1.947872830658137211e-01
2.000179217722578562e-01
1.932761501323792264e-01
1.928023423141938253e-01
1.982794624047055920e-01
1.930545389416202795e-01
1.894321757914302073e-01
1.949246436497648061e-01
1.975844121546740662e-01
1.912457261730029501e-01
1.995059331912789891e-01
1.925013175193481529e-01
1.947173788004028239e-01
1.914849401480056834e-01
1.944169707656543677e-01
1.911033406994353534e-01
1.940814657235716834e-01
1.951830691374689675e-01
1.956009769719765368e-01
1.936480465651735094e-01
1.933429688756919951e-01
1.929323311692197340e-01
1.928476624545508722e-01
1.922489199466974608e-01
1.931447223970786664e-01
1.942692111624083895e-01
1.927349555760039523e-01
1.942397301375870800e-01
1.881030100963890506e-01
1.946722486458060397e-01
1.916547268089734413e-01
1.970007189706867168e-01
1.899724262121827156e-01
1.906463948072642245e-01
1.878503109082169942e-01
1.938245596139824833e-01
1.920598850920257339e-01
1.893456249238358591e-01
1.929480977959592281e-01
1.930266288351895343e-01
1.862004784996268147e-01
1.951676083672835016e-01
1.894737794289767796e-01
1.931313268063745703e-01
1.886216757189855819e-01
1.903602409180118471e-01
1.905133733573105559e-01
1.928067969155783101e-01
1.896506407787135473e-01
1.948840578884996066e-01
1.881122976341083053e-01
1.905837418950729056e-01
1.853238359290593218e-01
1.919075343517202548e-01
1.908129347751378324e-01
1.947847198453176720e-01
1.846404631902392179e-01
1.920246503333714605e-01
1.882663506848618329e-01
1.878567733395841710e-01
1.862804149283319444e-01
1.866499670221610507e-01
1.950067414700610013e-01
1.867766574933318047e-01
1.855825168246913182e-01
1.903310919657864586e-01
1.867389344304792587e-01
1.891454619265524884e-01
1.863325854778961344e-01
1.889644565229552375e-01
1.834379918412878396e-01
1.914060601425870978e-01
1.839802416073268443e-01
1.897929609343762536e-01
1.847497539623380869e-01
1.950039118672773075e-01
1.866408986686751426e-01
1.865680998135366975e-01
1.867900350777429719e-01
1.864023947903953593e-01
1.929405647128625001e-01
1.828924793475668054e-01
1.887259247385510152e-01
1.923561966375491317e-01
1.841431032517018007e-01
1.849344034868960762e-01
1.908483244886187702e-01
1.858626833708565407e-01
1.814363084219410283e-01
1.886915053440932077e-01
1.867994176643793247e-01
1.846471221466673696e-01
1.904217231449201186e-01
1.866058647032620976e-01
1.856181683135349203e-01
1.879744530501956945e-01
1.850654104464033167e-01
1.848155722094585174e-01
1.870368842441135493e-01
1.892900776964110410e-01
1.787246996604765215e-01
1.852698751535061528e-01
1.864780771685692340e-01
1.869380391625487248e-01
1.873834729764903007e-01
1.845081761121807606e-01
1.879355629242589198e-01
1.815991864250626475e-01
1.833015214526101111e-01
1.826292875346788580e-01
1.890336639888225700e-01
1.831393221026458018e-01
1.878710060234450863e-01
1.816219757549678293e-01
1.788710543486921878e-01
1.837857738606503144e-01
1.839459103993758837e-01
1.838873997697541285e-01
1.838985673217402306e-01
1.823433058636820536e-01
1.834850894369464969e-01
1.842013927238955462e-01
1.891609293817051451e-01
1.757135692840184060e-01
1.805814328573520644e-01
1.861563287094604169e-01
1.848868782798772370e-01
1.800677660800631408e-01
1.863303522174668825e-01
1.795198350522529962e-01
1.820559141582864804e-01
1.826603514329694367e-01
1.849869696413213305e-01
1.761686739635247301e-01
1.930017143074703734e-01
1.790608861662486284e-01
1.775306556808556868e-01
1.799721327654983938e-01
1.836645007596862389e-01
1.834249042581627132e-01
1.782463278818431640e-01
1.864362358400558362e-01
1.821215810650755051e-01
1.826904551080459627e-01
1.795867139843420057e-01
1.810341875817053359e-01
1.812677256042602159e-01
1.888618328653885736e-01
1.760479392107671404e-01
1.766686259590677377e-01
1.874008309908709313e-01
1.825876629790552930e-01
1.776645141776120040e-01
1.784285571587759522e-01
1.774042091950808198e-01
1.854556837182274043e-01
1.776356467917147575e-01
1.776388682311909328e-01
1.872124430181257848e-01
1.788588854495500591e-01
1.824343077377015010e-01
1.837487620244634690e-01
1.765149795287156431e-01
1.845355631168436872e-01
1.818363085190089767e-01
1.755103968527756964e-01
1.813188053685189371e-01
1.846559059877457554e-01
1.876576320568107692e-01
1.789507928978452955e-01
1.773715664814914383e-01
1.749941236666021915e-01
1.819915601553645512e-01
1.841650434363217570e-01
1.762178559682313628e-01
1.787474906341227354e-01
1.822974745806270613e-01
1.742658346246757084e-01
1.887086848338221934e-01
1.726229147855248280e-01
1.748157329688447836e-01
1.850099976209012009e-01
1.741373380848594554e-01
1.729389156719006726e-01
1.827227101021478839e-01
1.735691108499271829e-01
1.746961952795803574e-01
1.772134054939524805e-01
1.751664987778264182e-01
1.748254926960548794e-01
1.809693023067829865e-01
1.743527477164822648e-01
1.731814632267021370e-01
1.758381498586359670e-01
1.796730125497457697e-01
1.753886720187234627e-01
1.683913688240215867e-01
1.791615803515790306e-01
1.773892558900729277e-01
1.740324178720168147e-01
1.804608942428106433e-01
1.677394624942430690e-01
1.748877088867110963e-01
1.715538704511924417e-01
1.788481255510608048e-01
1.712239524345303410e-01
1.727435987937688822e-01
1.742113493396227064e-01
1.714467680411097261e-01
1.772808037317060437e-01
1.760081043968221570e-01
1.752606521713804544e-01
1.681339440775470873e-01
1.752234197654607140e-01
1.727985511713368838e-01
1.690705182613395641e-01
1.807285422158468047e-01
1.784937392884753393e-01
1.722184874625068973e-01
1.743792226955579727e-01
1.687839371006434608e-01
1.709892395929723252e-01
1.725220754332653927e-01
1.740842678480125361e-01
1.827161365183488373e-01
1.699634229703542443e-01
1.651128814181389293e-01
1.750605297361228774e-01
1.718426349766579708e-01
1.738281141217752346e-01
1.815940819491333735e-01
1.715397122930548968e-01
1.693795498245453668e-01
1.751414942028316768e-01
1.678946045471350346e-01
1.756851578618073839e-01
1.679089229606121336e-01
1.715935604565388684e-01
1.762903666487483922e-01
1.711597815118648391e-01
1.678590977041357346e-01
1.692420892027091395e-01
1.734723403229474215e-01
1.701176829871431095e-01
1.688785174405800227e-01
1.739720467329506082e-01
1.736922762171261569e-01
1.765983561933190116e-01
1.781515696601080612e-01
1.684012430772111601e-01
1.747200973279907643e-01
1.691596625969878087e-01
1.671254775936992509e-01
1.746267522411012463e-01
1.709605955259514420e-01
1.709655777356083872e-01
1.785149889488687192e-01
1.653542416723273178e-01
1.790377151123119237e-01
1.678956178083256257e-01
1.794546687247535466e-01
1.636566813337751169e-01
1.688503854796906678e-01
1.761469320046673837e-01
1.676087224383460972e-01
1.664004859232895706e-01
1.712613778471595571e-01
1.783629757947803596e-01
1.649631230333253318e-01
1.755357090616709304e-01
1.722967824122018377e-01
1.667143102974230351e-01
1.739354507384362758e-01
1.693186717678029363e-01
1.695093664766536279e-01
1.665725608374445110e-01
1.722221514143423560e-01
1.663609484755114720e-01
1.720220445001139631e-01
1.758913696229749968e-01
1.580867344095871208e-01
1.749210889262295676e-01
1.758845679528621975e-01
1.690796127923368530e-01
1.695070493588825833e-01
1.687940123510174306e-01
1.636568031082795971e-01
1.638949741272401062e-01
1.661555094523469167e-01
1.650473705388856016e-01
1.783432219777164596e-01
1.712383403052919473e-01
1.650688336437545478e-01
1.699690633037504173e-01
1.680621624225799582e-01
1.662140324584092388e-01
1.616370635386322474e-01
1.694130892520345488e-01
1.604656902485166181e-01
1.764838087899072983e-01
1.638705854472657097e-01
1.634191370954223843e-01
1.668954057292453552e-01
1.733336455487811401e-01
1.573734513775848221e-01
1.664212865184334922e-01
1.725340074533553703e-01
1.602035906510557717e-01
1.705765275410360549e-01
1.685025023236165209e-01
1.689140887476890673e-01
1.605351309811520188e-01
1.678562733567638132e-01
1.693916193175681872e-01
1.639286947655281546e-01
1.671851945405948558e-01
1.628825273612558855e-01
1.669347871754909562e-01
1.644155049157758341e-01
1.626909001694649415e-01
1.672946541892048611e-01
1.564674026190148171e-01
1.574801270086080840e-01
1.664458296834935291e-01
1.578804389402437836e-01
1.673788212928187524e-01
1.570232349418495543e-01
1.609101921336070773e-01
1.704466938014084221e-01
1.677279681383849752e-01
1.723127306192571151e-01
1.564419201664788983e-01
1.590150883672765136e-01
1.587763557854047491e-01
1.646347685409366990e-01
1.586610547977202468e-01
1.650998078225946741e-01
1.640847304016450070e-01
1.661220547773794298e-01
1.633109253210623946e-01
1.550396861392044356e-01
1.588818368240377255e-01
1.540680764036267136e-01
1.685051743176706474e-01
1.608637299543498045e-01
1.585329614416622346e-01
1.667400944497141324e-01
1.631809882578598991e-01
1.646576940869567962e-01
1.598799930480495901e-01
1.506109440813822864e-01
1.639582372412691225e-01
1.741747261241780309e-01
1.594067140520752102e-01
1.559362570905821477e-01
1.558116451356429122e-01
1.603606684960643680e-01
1.582706623304938054e-01
1.648680737880735270e-01
1.567667755260122031e-01
1.563994158756288055e-01
1.497389970439599038e-01
1.636285121376256646e-01
1.640953352787278274e-01
1.561440696127460448e-01
1.554848755280070771e-01
1.536492841944619991e-01
1.597242174982811957e-01
1.529662522437105487e-01
1.591218884074037110e-01
1.685354460688394118e-01
1.558087151965398542e-01
1.580647393792237454e-01
1.515036511964949206e-01
1.618607419646785062e-01
1.566170057489784939e-01
1.526731843957053469e-01
1.686580604861111776e-01
1.596986974499046974e-01
1.534815006186457942e-01
1.648523950405504368e-01
1.536661370708174712e-01
1.603174119624130034e-01
1.484300305582085810e-01
1.583905208203703896e-01
1.573916921564159077e-01
1.571028721175940501e-01
1.590859103740802361e-01
1.499796861796620362e-01
1.566732722787150534e-01
1.622294965868870953e-01
1.599577805526908592e-01
1.496351993661708679e-01
1.492361359786800734e-01
1.638264082034208147e-01
1.530767034144318861e-01
1.674339396135139102e-01
1.516688993038680933e-01
1.552513635428174055e-01
1.535776282397080250e-01
1.489553733430480364e-01
1.680968072012347658e-01
1.550861508229127439e-01
1.497378911540688251e-01
1.493315847026241150e-01
1.555555252441216119e-01
1.613214864804834447e-01
1.551123434365167253e-01
1.641243581772613425e-01
1.536144916454436071e-01
1.495481041831009938e-01
1.507153275105712897e-01
1.573965079969370240e-01
1.428126138010247237e-01
1.643135763256092508e-01
1.562015715092809343e-01
1.512448813216537291e-01
1.459121240379926965e-01
1.616127949267503194e-01
1.538706615889257889e-01
1.509951292740704665e-01
1.537418706681442648e-01
1.592564966714825059e-01
1.626321060166122656e-01
1.546841724926329986e-01
1.496803327335437528e-01
1.478974218151629105e-01
1.456040948304435090e-01
1.591426538909424815e-01
1.505516954343041891e-01
1.560751375030286214e-01
1.537119838666161642e-01
1.517993597197431488e-01
1.431028309542253241e-01
1.555459951850785005e-01
1.547613508444194430e-01
1.437141733648524544e-01
1.494930707909027101e-01
1.506383695497975073e-01
1.592902553255903797e-01
1.574024692731691710e-01
1.507253375551329266e-01
1.507011772948571027e-01
1.500676968140752521e-01
1.505984088869119220e-01
1.553069090875717762e-01
1.471588709014468865e-01
1.547289233826505128e-01
1.486821614572275407e-01
1.464690403369025840e-01
1.472251998786992255e-01
1.560818308181616543e-01
1.622513473101621084e-01
1.445258494751995026e-01
1.501729329475044450e-01
1.513570670705456089e-01
1.488687929077119887e-01
1.492521098655694434e-01
1.448848816492665503e-01
1.451484573000728640e-01
1.497665970511909139e-01
1.489079005290289970e-01
1.517354700259494760e-01
1.405939122879702186e-01
1.532884261033920226e-01
1.598602495275820434e-01
1.496604387851194207e-01
1.409810553793145738e-01
1.539067472586912733e-01
1.452099790854237960e-01
1.425716006729693952e-01
1.468727643211457934e-01
1.492212506903022040e-01
1.497588593209067676e-01
1.547555104138901017e-01
1.435270470400031584e-01
1.482107771921122030e-01
1.543292612327336333e-01
1.431165166098138930e-01
1.540309061277601310e-01
1.466051902610852053e-01
1.438377882359364590e-01
1.450825752250316236e-01
1.451768436999786027e-01
1.402597190450490527e-01
1.481277288202997033e-01
1.502611033187765954e-01
1.445151485860147467e-01
1.559065618819832910e-01
1.525943028152451919e-01
1.461417551582775975e-01
1.471499234698541436e-01
1.464905482575977191e-01
1.453015778807533187e-01
1.425707230364031963e-01
1.488760087536913634e-01
1.469933409095733889e-01
1.402645205885481305e-01
1.465256577083183520e-01
1.461951941913892938e-01
1.462538158473995764e-01
1.520071203013069472e-01
1.496015202380215070e-01
1.444082210560089508e-01
1.438114731216381392e-01
1.472730108714537522e-01
1.421165747587160577e-01
1.413038696150525908e-01
1.434551002526003038e-01
1.427253051533686479e-01
1.451142590178793046e-01
1.463866755002253273e-01
1.518437746091962914e-01
1.425584824732170075e-01
1.511117750108740831e-01
1.384438084306759409e-01
1.506929377907543499e-01
1.385582934757164375e-01
1.487606757937534607e-01
1.468821516775534464e-01
1.473929440964914517e-01
1.464231578071944206e-01
1.506143802201783954e-01
1.512321548164141383e-01
1.379858451126201868e-01
1.407348015038748235e-01
1.509116245724767824e-01
1.420141709640957706e-01
1.447747785604663606e-01
1.421149354957198241e-01
1.478072169609082331e-01
1.439007521151209057e-01
1.509547959311300647e-01
1.438111912458444885e-01
1.449360055096295674e-01
1.452348946977801425e-01
1.382022088789624514e-01
1.419593449751746783e-01
1.351555792097886011e-01
1.450389545320044105e-01
1.484540418913181670e-01
1.403739218001959499e-01
1.515981000863581285e-01
1.383947514622533848e-01
1.363320905663341631e-01
1.395053106062390524e-01
1.414383960190615797e-01
1.411556805868740549e-01
1.419566349025190299e-01
1.362143736199126487e-01
1.355165030680572091e-01
1.464676404364109175e-01
1.390941914645691668e-01
1.461472706857854520e-01
1.494828768898739668e-01
1.453730436796036030e-01
1.409392008525148787e-01
1.382825375617826313e-01
1.431825030448068692e-01
1.465171147181237032e-01
1.450237297199696018e-01
1.380175056962477942e-01
1.430287966314736370e-01
1.371358665800992693e-01
1.334295276744202619e-01
1.386622796260857104e-01
1.458487788408722452e-01
1.399726277278745268e-01
1.426375753856004569e-01
1.466798847611024137e-01
1.413316081513611433e-01
1.395788639118670793e-01
1.360598103898394418e-01
1.437121960846725888e-01
1.347718293082229568e-01
1.400640013001503703e-01
1.404941951131080391e-01
1.427310901017940781e-01
1.355293435424094195e-01
1.354997539375556725e-01
1.388154913203586138e-01
1.461582384430739068e-01
1.391302880338889103e-01
1.344643645369967555e-01
1.401429362213791052e-01
1.396122963642961179e-01
1.411173432402322570e-01
1.420191461448428727e-01
1.426786378570380209e-01
1.398923013631514778e-01
1.338431759925140241e-01
1.357103364687509972e-01
1.372612972339993520e-01
1.328807519734637455e-01
1.395722017531729198e-01
1.363872931759987084e-01
1.351539824957782299e-01
1.506114259280972867e-01
1.376803895196145322e-01
1.454768774938945686e-01
1.366905810111130049e-01
1.356744751680006023e-01
1.295468663186004898e-01
1.302944694109812729e-01
1.413417794229873403e-01
1.323566826913017691e-01
1.441640976544825981e-01
1.446386352408914611e-01
1.363600397941446829e-01
1.432319492094319136e-01
1.399489066598620657e-01
1.369906250254324664e-01
1.313785958233703310e-01
1.387529075148637714e-01
1.356642661710912856e-01
1.305716370588196618e-01
1.459721860694702666e-01
1.352562238653891580e-01
1.374548066749384512e-01
1.363428450936673142e-01
1.410157361371887907e-01
1.372776799592599073e-01
1.381335918499838888e-01
1.331093092897945029e-01
1.435153768842584721e-01
1.339005119720526882e-01
1.313921469496084071e-01
1.331737754891598735e-01
1.290428812032056727e-01
1.355597108814414198e-01
1.407059073010563932e-01
1.478368883646634380e-01
1.331660304542838236e-01
1.352668606992316336e-01
1.306766802345889211e-01
1.274010444978554701e-01
1.354312099629147170e-01
1.441649420312943741e-01
1.366969946302717676e-01
1.424980229338625448e-01
1.309246137685508293e-01
1.321385937809440025e-01
1.385968905482025948e-01
1.320499135512828437e-01
1.385392974601759308e-01
1.321730043785629138e-01
1.336697152854464388e-01
1.357747423242360585e-01
1.248958825737713774e-01
1.357490016229299934e-01
1.373618060120511963e-01
1.373580029802507207e-01
1.369216184805414349e-01
1.317157223171579461e-01
1.303100153927838067e-01
1.289932933777729052e-01
1.422213861631344278e-01
1.361405343598541817e-01
1.304788265694847849e-01
1.320360923126568664e-01
1.365210997570661944e-01
1.474592735299714574e-01
1.453555297126999102e-01
1.368903999786452719e-01
1.303766926114706959e-01
1.379328562440576000e-01
1.268176035898894993e-01
1.325601702515037672e-01
1.378129129122780128e-01
1.398888135259687415e-01
1.373705007054197846e-01
1.312617042931096267e-01
1.259361056603243711e-01
1.345817802665399965e-01
1.511519141759018470e-01
1.294415941260012304e-01
1.342506124182831495e-01
1.265754147380903083e-01
1.271083778742234938e-01
1.395904777937914953e-01
1.417237340870149132e-01
1.345039967056254893e-01
1.383550529439255272e-01
1.353929588812422813e-01
1.313939895262239699e-01
1.331608914282106926e-01
1.482122599664534579e-01
1.283209297316054154e-01
1.309494483998047965e-01
1.258730661057104738e-01
1.270818437694852254e-01
1.424549576422399766e-01
1.322920939191519207e-01
1.380927126511831970e-01
1.327807579977554608e-01
1.299693876813100835e-01
1.304854514796146836e-01
1.324437127861107233e-01
1.261947940064037932e-01
1.334351444277508403e-01
1.417334942024893463e-01
1.317134084386426263e-01
1.271563018606930162e-01
1.261210917575297241e-01
1.349122259433330195e-01
1.293860823151235517e-01
1.398267370278388488e-01
1.358339984753920981e-01
1.305824734910906726e-01
1.321489109020498598e-01
1.392252997121454505e-01
1.364389402204856105e-01
1.435765468552895885e-01
1.297247988867952229e-01
1.336195066282236665e-01
1.267431073977018097e-01
1.242790962480411210e-01
1.355404126784352792e-01
1.269515719371172580e-01
1.308491537121102832e-01
1.319093761232927042e-01
1.336003474544652792e-01
1.381540842647017153e-01
1.231894705976925297e-01
1.389450590061153401e-01
1.263752802848900625e-01
1.368021104857636283e-01
1.370590150612333580e-01
1.298928490225791932e-01
1.259791188325144751e-01
1.347447912392373270e-01
1.388958495358879330e-01
1.325377227202569341e-01
1.316785991727367489e-01
1.312478972686494105e-01
1.263855051426300002e-01
1.256279934284584010e-01
1.397300880691380864e-01
1.380022129171305789e-01
1.307430890332489104e-01
1.402080892764054620e-01
1.357088080263377239e-01
1.289259012403306814e-01
1.327157335819895423e-01
1.343353394669915823e-01
1.267022204925668249e-01
1.251589701092991613e-01
1.265482878428004776e-01
1.364944649189093473e-01
1.312422019563541931e-01
1.266601550755895866e-01
1.370788768427959048e-01
1.277090558091445449e-01
1.407076220206592010e-01
1.274009064955332615e-01
1.313856147243505634e-01
1.274180644860603007e-01
1.436384596285815163e-01
1.212606671799046493e-01
1.270613883562334845e-01
1.314666647344455985e-01
1.281546748487864817e-01
1.279036601449879684e-01
1.349395975201465592e-01
1.324615235855308992e-01
1.287379892045227847e-01
1.327654376786514268e-01
1.253524718697832940e-01
1.484139590997607672e-01
1.254375822141216568e-01
1.335039930025740118e-01
1.306867443093515935e-01
1.225893096328963122e-01
1.251294095291771158e-01
1.425619521276524637e-01
1.345001093912035761e-01
1.231684615226528307e-01
1.291569465745573686e-01
1.334968634730007986e-01
1.204734544956577585e-01
1.285568433015416845e-01
1.329820980766650840e-01
1.302972061809654358e-01
1.364333820511857420e-01
1.250841278933571554e-01
1.240679580321199654e-01
1.371048475448249093e-01
1.250370134113397425e-01
1.265663658280507531e-01
1.308003864644387282e-01
1.315058373211595300e-01
1.269156818908909468e-01
1.250588677396693438e-01
1.328727270627308998e-01
1.235603639909550050e-01
1.369094907494516067e-01
1.222291206980888334e-01
1.258874148953994798e-01
1.268583824663274962e-01
1.311581772548807423e-01
1.309114114646683924e-01
1.329247493624317877e-01
1.385661977830655589e-01
1.242671094483954186e-01
1.415241681139318697e-01
1.275809792653009034e-01
1.277198964025295924e-01
1.318714039443107944e-01
1.380265542510828725e-01
1.186926848741428481e-01
1.294324075700828691e-01
1.266157861292033227e-01
1.293361356836044140e-01
1.246775359365274866e-01
1.415368245518315582e-01
1.244630929546521880e-01
1.356864866713732298e-01
1.306663327953072329e-01
1.223739993803540926e-01
1.183801451416290479e-01
1.307483882624917160e-01
1.367825357832152533e-01
1.330982446075198167e-01
1.316733859070224055e-01
1.212066628452241890e-01
1.239638490947186228e-01
1.191333322911942716e-01
1.361900569170373110e-01
1.187430366213722971e-01
1.303909467060510308e-01
1.346570637089480049e-01
1.340211282787922842e-01
1.368793598095853770e-01
1.245614620043593579e-01
1.285751214646582430e-01
1.297102688503742052e-01
1.164725202482266297e-01
1.218936112777063846e-01
1.349917849529937153e-01
1.228002934127581519e-01
1.220176974534209063e-01
1.437606075441920372e-01
1.278278568579387930e-01
1.236353617327527465e-01
1.211835873277766068e-01
1.328701342747684311e-01
1.340121865114251576e-01
1.185449334798418380e-01
1.277040574685834873e-01
1.274258636666995292e-01
1.176579700603197498e-01
1.284049852600485930e-01
1.306904024580420598e-01
1.164638751618145979e-01
1.363062842531221619e-01
1.318688292234976578e-01
1.251217830541214160e-01
1.260201940210118887e-01
1.173261694740450473e-01
1.277748246809966848e-01
1.315954750477960344e-01
1.368627511618261128e-01
1.217597633619367931e-01
1.285566228588842230e-01
1.276016596745625509e-01
1.196563977783602906e-01
1.201919761839983641e-01
1.292110265363805022e-01
1.160055109210881702e-01
1.411844088459900393e-01
1.221511960269749814e-01
1.295669163758599307e-01
1.249362882170980127e-01
1.235528794670070901e-01
1.168666649958084447e-01
1.193537728646503621e-01
1.338344923939886744e-01
1.336501134403415003e-01
1.475633831930125983e-01
1.242376304925589814e-01
1.265444260873224980e-01
1.278761245059418794e-01
1.313640803530045087e-01
1.264279867127482693e-01
1.241136398763730969e-01
1.210178679881428326e-01
1.213529368340165587e-01
1.333685935798518407e-01
1.149597238087158996e-01
1.442818176379182804e-01
1.218263212579774463e-01
1.201607335452944542e-01
1.194441083576625179e-01
1.199588217018698194e-01
1.234321061814308007e-01
1.244474762768157522e-01
1.573804451274493088e-01
1.243627711851881257e-01
1.168615716044739822e-01
1.243981891888804175e-01
1.232262148154209952e-01
1.219191008897661660e-01
1.332156826708514874e-01
1.208285521398231310e-01
1.164506452271200088e-01
1.191376148184597611e-01
1.322629532090311977e-01
1.239876584237124546e-01
1.194652217173513969e-01
1.175467285692950586e-01
1.299052147882676367e-01
1.464016152845182550e-01
1.239113106876417320e-01
1.284788734412736777e-01
1.282037403853764079e-01
1.154455709547081571e-01
1.206721023038052759e-01
1.174722525988239202e-01
1.209713350638522145e-01
1.265711600251201718e-01
1.530301502744579045e-01
1.233233683798584807e-01
1.169134597429806327e-01
1.164849187709633416e-01
1.166501083350902773e-01
1.269275552010122043e-01
1.486203531160757152e-01
1.244024642822347260e-01
1.122140475831956974e-01
1.239184651954542277e-01
1.177891743844675793e-01
1.217666464378574925e-01
1.256493477960674565e-01
1.222921255649042777e-01
1.202325371164152806e-01
1.255678103120397016e-01
1.214435207684679274e-01
1.401437026171907518e-01
1.180353940371568072e-01
1.252743549869865247e-01
1.242369250187433521e-01
1.299704129565571742e-01
1.265034174453431026e-01
1.271949593437490533e-01
1.155449417600082213e-01
1.317816007137898870e-01
1.255759073328571729e-01
1.353121737916954948e-01
1.164031271356185809e-01
1.329497626143512634e-01
1.251221697861937820e-01
1.144134324593841651e-01
1.166531460801262660e-01
1.283732669795708548e-01
1.166203657425436413e-01
1.192340943029487899e-01
1.196350784788639959e-01
1.219690192040964322e-01
1.260003713832038019e-01
1.220198786094243565e-01
1.124382389467890736e-01
1.255492332514742959e-01
1.252682794868074101e-01
1.339879369460294234e-01
1.238082511995211993e-01
1.312665332531867679e-01
1.149093422976759094e-01
1.203256216384179650e-01
1.264266597370058698e-01
1.250483780701167336e-01
1.166502786496973892e-01
1.185838585614241020e-01
1.191166375408145156e-01
1.262110401953229211e-01
1.233772688770555237e-01
1.485869670387797159e-01
1.206279439115973545e-01
1.234810517385933754e-01
1.162236529874546426e-01
1.167896606760727013e-01
1.178254548521386197e-01
1.233521178408259339e-01
1.191866852586282999e-01
1.127918796569774146e-01
1.302269749806147792e-01
1.351147614864801338e-01
1.179160016716032100e-01
1.240816885115324369e-01
1.137690064826101660e-01
1.303187213084861240e-01
1.180231203110791022e-01
1.159013099217177239e-01
1.289974503510849246e-01
1.140263964993894624e-01
1.212990762149805807e-01
1.118808874962745753e-01
1.223563477361704899e-01
1.190087131206225973e-01
1.516654687801903267e-01
1.147496639623577508e-01
1.184249498848882060e-01
1.143603521445819698e-01
1.277341352799230834e-01
1.210888776717737453e-01
1.333847824422604578e-01
1.208388923774458140e-01
1.208471124040570305e-01
1.170390319045585964e-01
1.251118603590028744e-01
1.228185832149797929e-01
1.279425232917857091e-01
1.139982178356436920e-01
1.195558003390453372e-01
1.149430520261031097e-01
1.166615341030283332e-01
1.273805572891565374e-01
1.226574854804702852e-01
1.320441973960855830e-01
1.194367838876700949e-01
1.202733661482369154e-01
1.225461972090493012e-01
1.160202241183556221e-01
1.143025683807182280e-01
1.279923537684521384e-01
1.182514303944012385e-01
1.259667109248780170e-01
1.404141615057775960e-01
1.243809715694094570e-01
1.175133197937610063e-01
1.124481042632333588e-01
1.148864156090370070e-01
1.103610683832861178e-01
1.119272490730262581e-01
1.123101709931271924e-01
1.128430849883694381e-01
1.412742812529109993e-01
1.211762060517036638e-01
1.157544932710009161e-01
1.173798654906789279e-01
1.192233323918120425e-01
1.245871791542699225e-01
1.227803168359665881e-01
1.164307571351945320e-01
1.286667407027773380e-01
1.192655651641337938e-01
1.199504023542539571e-01
1.224644270834381460e-01
1.099450584079254556e-01
1.189706901201546124e-01
1.231866722501314820e-01
1.222636897164730008e-01
1.153738885665455127e-01
1.180385491190630992e-01
1.184084782968138488e-01
1.288979754244019282e-01
1.173499184575997195e-01
1.269274950391384160e-01
1.230788386239157900e-01
1.126476717888704182e-01
1.256223442715793115e-01
1.103496453890843582e-01
1.110181969841008698e-01
1.162713882932368964e-01
1.171953485939177253e-01
1.131323462642622873e-01
1.134744366597742332e-01
1.111913400231855503e-01
1.302190744805043210e-01
1.473330902420346977e-01
1.137413407064491455e-01
1.121825561237133617e-01
1.226678124054669111e-01
1.153040051800257454e-01
1.155179186914028766e-01
1.250554368312503939e-01
1.095161803125664357e-01
1.143978320696302786e-01
1.103538163493542473e-01
1.183866196623258177e-01
1.167176140490653186e-01
1.298965245373006061e-01
1.176213314960724565e-01
1.337158419765676065e-01
1.176955505164544585e-01
1.145169371296291955e-01
1.148172084434176399e-01
1.157293692755903963e-01
1.121856104782380931e-01
1.134290844465876830e-01
1.183275656288027416e-01
1.353833031211117421e-01
1.135410266159219278e-01
1.219669252671859994e-01
1.160269128208810813e-01
1.211775159285379683e-01
1.221871148380917899e-01
1.051113461874516042e-01
1.125888682805734203e-01
1.120651329047616246e-01
1.248065838219749035e-01
1.177732248322268388e-01
1.141570060524539770e-01
1.160179176767345971e-01
1.112623952867736049e-01
1.161864760478164560e-01
1.252781040725774175e-01
1.201892222669200122e-01
1.181824365842745611e-01
1.211076171202336710e-01
1.073488429627449253e-01
1.069329314219390897e-01
1.223854230344947891e-01
1.348943399646682362e-01
1.159939366165102098e-01
1.118800265319213477e-01
1.168877684539921247e-01
1.123251449643920402e-01
1.051860807024589811e-01
1.154624976213741022e-01
1.156310199579302783e-01
1.153653734311785722e-01
1.257684135388204005e-01
1.391289618428684094e-01
1.197731595221376150e-01
1.155552776499534501e-01
1.079640360116005948e-01
1.137412048406186704e-01
1.123596767699266835e-01
1.112578952077873523e-01
1.093328360139570882e-01
1.088086521589910483e-01
1.542597776335449533e-01
1.162151747849849981e-01
1.119831782838376366e-01
1.083620227915697704e-01
1.074087553353516994e-01
1.051665172378061647e-01
1.208397582429494577e-01
1.095935288450183287e-01
1.079040547497640556e-01
1.234938117512434097e-01
1.118428863616999780e-01
1.057920430555843311e-01
1.073399703340153222e-01
1.264973180075167070e-01
1.109358017282471714e-01
1.216916348140992948e-01
1.191433890235689685e-01
1.238806825448458687e-01
1.084222756000076254e-01
1.099703549518476070e-01
1.210183002536942415e-01
1.173900892152072023e-01
1.148996488729602666e-01
1.098164255906718401e-01
1.192160385525941474e-01
1.131297807991043514e-01
1.176979171633383142e-01
1.147998022586953076e-01
1.168122766660646267e-01
1.222472617445679588e-01
1.102312589322201192e-01
1.231100617392712482e-01
1.152815122858858315e-01
1.197614165979920126e-01
1.096485683201626343e-01
1.159691834251162096e-01
1.080595638899296967e-01
1.084687357758036402e-01
1.064215960552223894e-01
1.202642487008205308e-01
1.304799150138194197e-01
1.229883777037085318e-01
1.136505377479434947e-01
1.232065401270256988e-01
1.103319466754046352e-01
1.097308735299882265e-01
1.027826461966682564e-01
1.172338333921227188e-01
1.029190671844506105e-01
1.150857112400210380e-01
1.365415608168741024e-01
1.259546747840392389e-01
1.153049488642294423e-01
1.065597383081575006e-01
1.105450528081294848e-01
1.067555343115513256e-01
1.108097981678293348e-01
1.095571020640904725e-01
1.082517106595046047e-01
1.083948876823916802e-01
1.087319593165330112e-01
1.229201663062773758e-01
1.310083581835364830e-01
1.093161526020886426e-01
1.080237288254003447e-01
1.006906604271462086e-01
1.188823857074423063e-01
1.148801289787578089e-01
1.045414944937195223e-01
1.098230088060769272e-01
1.089364517687300138e-01
1.450313837686665330e-01
1.288949857879234662e-01
1.046171210141983582e-01
1.145212667752359276e-01
1.119024030761039262e-01
1.180852500919953446e-01
1.044267697458409749e-01
1.045662034960533476e-01
1.188379766724584341e-01
1.057014536177411368e-01
1.031900603325271865e-01
1.086702384066038918e-01
1.207873059028218982e-01
1.124064182740928813e-01
1.146368443678690979e-01
1.059462495408853983e-01
1.154187568498885597e-01
1.171992962829727508e-01
1.064982452054638040e-01
1.040934828636615045e-01
1.233730962279445675e-01
1.116849255400744756e-01
1.014528915299652279e-01
1.099309147105607676e-01
1.087498997749426349e-01
1.112458470788397630e-01
1.099865052665539161e-01
1.022854023359456160e-01
1.157788416388492170e-01
1.213094169846358622e-01
1.285104915603088038e-01
1.215029149313420764e-01
1.099358238190399212e-01
1.175904172947900422e-01
1.121040457592717005e-01
1.134136424101713780e-01
1.082157089118069848e-01
1.144995387392891278e-01
1.062367424423176360e-01
1.090904161377377890e-01
1.223577503223549495e-01
1.147554554229850560e-01
1.089597433268022358e-01
1.101499478718191288e-01
1.070805194444087172e-01
1.122709655057490125e-01
1.042540223506294855e-01
1.034487425143771483e-01
1.135719910730826343e-01
1.070858815760163257e-01
1.172549750034327931e-01
1.399079341208196714e-01
1.366151063828878465e-01
1.102783313508739899e-01
1.136137699700077164e-01
1.095351489576726900e-01
9.861061701917371580e-02
1.199465374730964706e-01
1.029157928568935482e-01
1.039494137418756209e-01
1.144312937089728699e-01
1.159591205115636930e-01
1.031289517712211806e-01
1.173784538661517690e-01
1.050983253315026095e-01
1.098781298569085768e-01
1.121831404706984808e-01
1.012645135734904916e-01
1.072384480556295427e-01
1.140559513036470546e-01
1.070808909163014494e-01
1.139381582137111576e-01
1.107183715329475709e-01
1.078916676877211128e-01
1.012512370708435888e-01
1.190524649191856965e-01
1.199014647183477694e-01
1.054930440879453535e-01
1.065745054281775905e-01
1.020910967586927121e-01
1.070567911195598881e-01
1.282209907073510180e-01
1.272729236135899389e-01
1.088447691754363955e-01
1.147892778105539108e-01
1.023534789959090613e-01
9.923022060383590581e-02
1.208918803986694379e-01
1.155829694904813576e-01
1.115119034593650832e-01
1.075449646853916391e-01
9.498794986789177441e-02
1.160100439481025342e-01
1.024595382177965752e-01
1.072564876725082689e-01
1.045340810799332415e-01
1.319943030626658242e-01
1.066476213246592836e-01
1.078934713849211552e-01
1.121377027192796832e-01
1.076757777393504284e-01
1.098163509545929117e-01
1.039781901265052350e-01
1.050379756977683626e-01
1.042363631254791950e-01
1.096157717803990933e-01
9.858621203871974215e-02
1.116660361845909083e-01
1.099276471655653148e-01
1.133870233879810119e-01
1.378481293059885815e-01
1.158513291111257226e-01
1.164102827759131847e-01
1.136471843601413317e-01
9.576273262655921048e-02
1.063929734303718649e-01
1.192969072951789306e-01
9.993191275462449952e-02
1.071613156066853617e-01
1.173293708178988620e-01
1.125898067588219642e-01
1.069919650072806566e-01
1.094945325209922826e-01
