3.966671679842195886e+02
1.166208332983226654e+02
9.307531520423161453e+01
8.137514839209234196e+01
6.917126171513709210e+01
5.266740045854293584e+01
3.104495591928704457e+01
1.402912853330270337e+01
7.531545212041414139e+00
5.889348222699329227e+00
5.193782672803615164e+00
4.652862777568630648e+00
4.172423057713429806e+00
3.747529636694230337e+00
3.390640621472261085e+00
3.091125244705002828e+00
2.838132707241153962e+00
2.618103154205721150e+00
2.434066711793403837e+00
2.282445399337794445e+00
2.156010395940424207e+00
2.053526452896421883e+00
1.964026012781819652e+00
1.884730886258044968e+00
1.815158833584814779e+00
1.751164828310133537e+00
1.696500650522897002e+00
1.643553380833615796e+00
1.599758921529091049e+00
1.558586369865678334e+00
1.518174376271845816e+00
1.485139155770886399e+00
1.451617639602009513e+00
1.420678203732688161e+00
1.389488915799097279e+00
1.363854944074434306e+00
1.337978142368165813e+00
1.313598514766195047e+00
1.291072796221877539e+00
1.269823402291877512e+00
1.248490125171947351e+00
1.229932217343585821e+00
1.211796006800962333e+00
1.194263718133281360e+00
1.177823659723617133e+00
1.162096493649044326e+00
1.147369707171819631e+00
1.132767997524873893e+00
1.119380034732619267e+00
1.106155545780925120e+00
1.091863700554239314e+00
1.080017626238322093e+00
1.066770366898827982e+00
1.051297448585858829e+00
1.038074245221590308e+00
1.026149028721338397e+00
1.013947266515467627e+00
1.003864372998015453e+00
9.915750696967541300e-01
9.815731324213837761e-01
9.707156458905820129e-01
9.603165307831639241e-01
9.507334218813272564e-01
9.402099777918335732e-01
9.312042770698822913e-01
9.213489344477565623e-01
9.136065573176933574e-01
9.036844325050478188e-01
8.954563913614775883e-01
8.855231790917200696e-01
8.769471482855099032e-01
8.671550993480713343e-01
8.580956179351929558e-01
8.494422372040335567e-01
8.399472462524943950e-01
8.292427927919489017e-01
8.220968778168681323e-01
8.137411817913760004e-01
8.047976338728580759e-01
7.963531578118332455e-01
7.881982786951708952e-01
7.809903802662444550e-01
7.695958619902111275e-01
7.645060130183369829e-01
7.543971394556107102e-01
7.476880364847798832e-01
7.393454691445270344e-01
7.341029948089228263e-01
7.264636027162804099e-01
7.215964615344748756e-01
7.147507403314609098e-01
7.101508789271306910e-01
7.055249880037450794e-01
6.977255346134397795e-01
6.946816853486276200e-01
6.883590878103968969e-01
6.815436573046179669e-01
6.809021065570397546e-01
6.729333258493569447e-01
6.693910903616363539e-01
6.633333629131488163e-01
6.604434594088969268e-01
6.543675759074355502e-01
6.520817877027386134e-01
6.453786273740013124e-01
6.432485577113673525e-01
6.362795910806507971e-01
6.364553799244380139e-01
6.281406841291503618e-01
6.277571916877678904e-01
6.232177548671394840e-01
6.190740332475458407e-01
6.143814793094334314e-01
6.112274355539377702e-01
6.095024387386814846e-01
6.043806680921687269e-01
6.026037461097238923e-01
5.971946770863021392e-01
5.961900039581635724e-01
5.934638631927442454e-01
5.891483514020460222e-01
5.877684219334246007e-01
5.854147766565392930e-01
5.834930289874432630e-01
5.793952766915729802e-01
5.767961024037587814e-01
5.747146340001163534e-01
5.726910905579758460e-01
5.680532316024399231e-01
5.667754026721231186e-01
5.640962765960141345e-01
5.632751204856182303e-01
5.584092425711251195e-01
5.580433653366903002e-01
5.534271931070734452e-01
5.543761527298659564e-01
5.504765816346867124e-01
5.476595395072491046e-01
5.440864931744099353e-01
5.446689176424240886e-01
5.438313384341721957e-01
5.388143299512694329e-01
5.406822739847952919e-01
5.366999454165920502e-01
5.359789624835049615e-01
5.319084270073199949e-01
5.328528999060599958e-01
5.289165867354210793e-01
5.279752864656279687e-01
5.266711269578218113e-01
5.214848122054420720e-01
5.236729841079673653e-01
5.205505770094441820e-01
5.225169622443383011e-01
5.160861619332559602e-01
5.174605755136810759e-01
5.152489201057265378e-01
5.121591809981558274e-01
5.132876840292505127e-01
5.107373650842434998e-01
5.104734472804558498e-01
5.055640740058958693e-01
5.070877626960181850e-01
5.062755269873741026e-01
5.023644769586074199e-01
5.021881791573757914e-01
5.038008272442475732e-01
4.969210286713659497e-01
5.014947157695478497e-01
4.953997222678012124e-01
4.950823882070040649e-01
4.932192591558373640e-01
4.925004532625059106e-01
4.920232854419870905e-01
4.897695420704625824e-01
4.864659435003661492e-01
4.870846363921567668e-01
4.870197681610162199e-01
4.837585484454354767e-01
4.835108096268532218e-01
4.824769019271116233e-01
4.787775532221376085e-01
4.817295357982744330e-01
4.764004568683610219e-01
4.774979628895752448e-01
4.729766667538341518e-01
4.726906475641585170e-01
4.717488740595956465e-01
4.697957664035672942e-01
4.687750143616122300e-01
4.664610772878424183e-01
4.682625433745808419e-01
4.655958668924899957e-01
4.635263647524891506e-01
4.601309179702841590e-01
4.624952754536563737e-01
4.573491355526224100e-01
4.563319262281515520e-01
4.551290471785349734e-01
4.558292232492855978e-01
4.517916089461540552e-01
4.500011637818486787e-01
4.511063545361467253e-01
4.480378968233316161e-01
4.473846867012946649e-01
4.452961242849386991e-01
4.436652066169517461e-01
4.436849539269664966e-01
4.416341597054244672e-01
4.409589897390085445e-01
4.395553496381539027e-01
4.374750939762308555e-01
4.395859340261018544e-01
4.365066429486987309e-01
4.337960127736793514e-01
4.356421436441033079e-01
4.341810516962887334e-01
4.341982087974149973e-01
4.307876191999590598e-01
4.323047954525813252e-01
4.288534121580223069e-01
4.297102522153921633e-01
4.268207498490348972e-01
4.261125627403413163e-01
4.250909172070115871e-01
4.251258284957086797e-01
4.256141537528510543e-01
4.227594471922311858e-01
4.213747439426463459e-01
4.240932409691264282e-01
4.203528674690060751e-01
4.183669081312039739e-01
4.203491884864036243e-01
4.201406968217135662e-01
4.172982394239144743e-01
4.154501060889510544e-01
4.190974758469823702e-01
4.148325595957177980e-01
4.146702986133529723e-01
4.147200043471928610e-01
4.145024870254783722e-01
4.114152413960408539e-01
4.109234029563339496e-01
4.118019719913171284e-01
4.093987451542676070e-01
4.084147253818737333e-01
4.097586607545442572e-01
4.076785923698576508e-01
4.060784284789469289e-01
4.079617783031742051e-01
4.056101783840693753e-01
4.051272217582149171e-01
4.015015210345118102e-01
4.038003766446200404e-01
4.016089767431887947e-01
4.033637872013124404e-01
3.999483512768045035e-01
4.005510040822994888e-01
4.004808872040384049e-01
3.974775376693630569e-01
3.995038618748700254e-01
3.955110923630115738e-01
3.973262173796743846e-01
3.958274578081211192e-01
3.974914439663371213e-01
3.944432680887487996e-01
3.937370429983995668e-01
3.931917588206867986e-01
3.946746155952665092e-01
3.929220011550085823e-01
3.904399978086379175e-01
3.909734623290124222e-01
3.882479844770003741e-01
3.904660608660002752e-01
3.875437227633578563e-01
3.861527789924165677e-01
3.860680289337671822e-01
3.871533392650001737e-01
3.842938685677160238e-01
3.835870418356379652e-01
3.864332810183336853e-01
3.795807760946241505e-01
3.843058119876403556e-01
3.833724645656735874e-01
3.852211145073653475e-01
3.815768220522570142e-01
3.810614602810385443e-01
3.840466607744768557e-01
3.765242698441770286e-01
3.781395120049195202e-01
3.779917501529659329e-01
3.758858046091949068e-01
3.800978494794137741e-01
3.755981244555000043e-01
3.761231414344463619e-01
3.754628015928669349e-01
3.770175458137696722e-01
3.761710627955407449e-01
3.723389445573930812e-01
3.730153772509245957e-01
3.752251503842631841e-01
3.722148682254933783e-01
3.730444932029114979e-01
3.702383820729515662e-01
3.720150146380505896e-01
3.661322274815881350e-01
3.717294345107353126e-01
3.665155115563717980e-01
3.667073504848715193e-01
3.665944810550372801e-01
3.591924925445413863e-01
3.664293815750519490e-01
3.621858406303586908e-01
3.649279209973888549e-01
3.583924186295376901e-01
3.644510563723907803e-01
3.585192911064851717e-01
3.598922217851140970e-01
3.597421625647747589e-01
3.600866528235815989e-01
3.583466807739586479e-01
3.557374656741460472e-01
3.567871937244599390e-01
3.548085855724095183e-01
3.574360503217683394e-01
3.581854489528981667e-01
3.527653407152668286e-01
3.547195319412632109e-01
3.537284337929977318e-01
3.567895814057607251e-01
3.477802256082929699e-01
3.583442513789691364e-01
3.473051559708514868e-01
3.542648954432776609e-01
3.486754529787548518e-01
3.475452792717538819e-01
3.477628585898976943e-01
3.501842398475849549e-01
3.474799895144224937e-01
3.489369638208312252e-01
3.487772796578647583e-01
3.491249262943030285e-01
3.463050490021286065e-01
3.451752512746645851e-01
3.434689197896105273e-01
3.466703943091875018e-01
3.404517705308455766e-01
3.444226870543143915e-01
3.428614541788412295e-01
3.412289980460562755e-01
3.408664272285055752e-01
3.421433207057491543e-01
3.369109659968222981e-01
3.415982751499162529e-01
3.381965170823570399e-01
3.399725113424841294e-01
3.368030935789430580e-01
3.381527660334990859e-01
3.368925048878718687e-01
3.340791495405875389e-01
3.355377379600978371e-01
3.354244121423090585e-01
3.318481142267887818e-01
3.321748299827957385e-01
3.334143046478623140e-01
3.283521909164356933e-01
3.296177289117032116e-01
3.308214304347315005e-01
3.297031237795265413e-01
3.293693445978687628e-01
3.319331682878836620e-01
3.292861235299172074e-01
3.238357911404834977e-01
3.278093071574426087e-01
3.245050713739336401e-01
3.262410408984381949e-01
3.219720383883148407e-01
3.257142545054456662e-01
3.253767284315766672e-01
3.265421470436319362e-01
3.248370352977515418e-01
3.235327319873540497e-01
3.206209321322040506e-01
3.265486586897278776e-01
3.183505504078820159e-01
3.228907830645202925e-01
3.199698611009139104e-01
3.212631657336660340e-01
3.186428939263479809e-01
3.194864949448415481e-01
3.171523334267341565e-01
3.224121563545108704e-01
3.178693929797709039e-01
3.200620071173496672e-01
3.163497870236866572e-01
3.105737539590961993e-01
3.221202135100402764e-01
3.189842883148062413e-01
3.136503242278649295e-01
3.163015305646693087e-01
3.123136348892391889e-01
3.168100660369564392e-01
3.103504143781742886e-01
3.161276968421798395e-01
3.107184592865900319e-01
3.152448828891147303e-01
3.127317659865890831e-01
3.116668873563285258e-01
3.126100268549150685e-01
3.085740646708235446e-01
3.063120410243120317e-01
3.036255016865285761e-01
3.072009781831062103e-01
3.128924988732420531e-01
3.060211299211587632e-01
3.074922275453355613e-01
3.089639792895147452e-01
3.088502634295778870e-01
3.061939334807500801e-01
2.988270702780436161e-01
3.070806986604011635e-01
3.092539083252465737e-01
3.059029132070527068e-01
3.017630656263762812e-01
3.066101733159568576e-01
3.032865022609765315e-01
3.060490905139268691e-01
3.027353284321300797e-01
3.043649297082347549e-01
3.037766671907334293e-01
3.004811740938401199e-01
3.061597243275894220e-01
2.952527460212391319e-01
3.013819299539715613e-01
2.965467500300283388e-01
2.997996813544464012e-01
2.957110647172178086e-01
3.000017423328656396e-01
2.992435839757028315e-01
2.960319680558095023e-01
2.946198498342569860e-01
2.968159889248297989e-01
3.024892256512008992e-01
3.042817206816929576e-01
2.947756155648543208e-01
2.962655596574730876e-01
2.946805709899396608e-01
2.930371839942960688e-01
2.971817663451546410e-01
2.905355678882562409e-01
2.949159875741268477e-01
2.901515915052073624e-01
2.943092374975619374e-01
2.953003260273239783e-01
2.921891733824011350e-01
2.932216891319264218e-01
2.911451495389399957e-01
2.950387480537022822e-01
2.887604030287209134e-01
2.911069517471681078e-01
2.884699204671004602e-01
2.837041805999456767e-01
2.948415329785748495e-01
2.814814747904950121e-01
2.902599331580328346e-01
2.913348294606297739e-01
2.855277860968057912e-01
2.889692912728889507e-01
2.879511271380509885e-01
2.828952971894366231e-01
2.838831592455269281e-01
2.844767270651252233e-01
2.874371294038821634e-01
2.842028264094091927e-01
2.841766950449387541e-01
2.807806696052299045e-01
2.897741437766765960e-01
2.876637745120439460e-01
2.852374803871057796e-01
2.883763179906597141e-01
2.806837190145711203e-01
2.823230309137284011e-01
2.783998301087495242e-01
2.864029486016536619e-01
2.815853261274968156e-01
2.821702385916491918e-01
2.776338380368663095e-01
2.822065791543358348e-01
2.806452994184792105e-01
2.834593933294939361e-01
2.862393233278103799e-01
2.785128869436357957e-01
2.771568482167446335e-01
2.845304218963584653e-01
2.858069072715813674e-01
2.768399003673530645e-01
2.797841532095569628e-01
2.770259505593082872e-01
2.758671691620877553e-01
2.814509431922004867e-01
2.751376149436834395e-01
2.778304585602637822e-01
2.804228432696138085e-01
2.775987918257233900e-01
2.768080792237766485e-01
2.772965396823892648e-01
2.742279113543782953e-01
2.797543772304049159e-01
2.694600217507248652e-01
2.786251863751346702e-01
2.715770131008471977e-01
2.743978961041650955e-01
2.751582994456179820e-01
2.698304928750966947e-01
2.751135493046459879e-01
2.805185707959569341e-01
2.729856997738471236e-01
2.717093802178490169e-01
2.672863783544062177e-01
2.749541813705978499e-01
2.740873623537565806e-01
2.752986728639167935e-01
2.778673142009180919e-01
2.718292400057136238e-01
2.737616131133729369e-01
2.762968804751563812e-01
2.772779571181947511e-01
2.640057738611378269e-01
2.731613178236563244e-01
2.708726212689881452e-01
2.699460722540571456e-01
2.702124557769592372e-01
2.666938605120243166e-01
2.663013696324478263e-01
2.732065384552391785e-01
2.710552095876263556e-01
2.666490724952989000e-01
2.677027390631370740e-01
2.667950280042781785e-01
2.706293930834712813e-01
2.720531594669209907e-01
2.728225210586697758e-01
2.767872347181051795e-01
2.597037413191821131e-01
2.685038833151811577e-01
2.738993424192583959e-01
2.662119503755061012e-01
2.644894262949497032e-01
2.663926244360445006e-01
2.641389971132499515e-01
2.626341895261189996e-01
2.615871286760095837e-01
2.643442477188609474e-01
2.697516726110099627e-01
2.694663011076044445e-01
2.676956346466936032e-01
2.658640886906301626e-01
2.548798477954971053e-01
2.640187450329425922e-01
2.571650734558642015e-01
2.588132269766074689e-01
2.621569366574051374e-01
2.561005228446260329e-01
2.635973508046063896e-01
2.624595850689237508e-01
2.623635254611810241e-01
2.622745236442023398e-01
2.548918747894889925e-01
2.582387990207223871e-01
2.627833120736192685e-01
2.593443726376948866e-01
2.557781038346550462e-01
2.624110694791635390e-01
2.553160069673839350e-01
2.620543773327829173e-01
2.599094864552186634e-01
2.510499471497226742e-01
2.570937197619262982e-01
2.596980344240054084e-01
2.542347183578945180e-01
2.584776346438585892e-01
2.576389672845971757e-01
2.505264195708848396e-01
2.569374642541672471e-01
2.507926882584785577e-01
2.570872045143342000e-01
2.543237501387952681e-01
2.510563866606549399e-01
2.544149258074019926e-01
2.528793083887538318e-01
2.550415550965907108e-01
2.507044775491212851e-01
2.534865711353304074e-01
2.528684934957036168e-01
2.534585063619730350e-01
2.474944668702611095e-01
2.482085261190082603e-01
2.561434502704556526e-01
2.430262168461266026e-01
2.558736627978165923e-01
2.487803782541892217e-01
2.482852757721907277e-01
2.449879606408568167e-01
2.518295932220952493e-01
2.468062482901011434e-01
2.526318216403015682e-01
2.472101598230357078e-01
2.462207271389008356e-01
2.457895967726326514e-01
2.515899769838300659e-01
2.432644580126482881e-01
2.458529067823256031e-01
2.494128149968570518e-01
2.469072258981322709e-01
2.464302929295862088e-01
2.457815425508903251e-01
2.463560346369099152e-01
2.442448075192392709e-01
2.498217133946080970e-01
2.486146569655321714e-01
2.412220790919805402e-01
2.414425019278553242e-01
2.432252343125831662e-01
2.478663636224180677e-01
2.526209413988662611e-01
2.415250278138206808e-01
2.449118205367647738e-01
2.403304145651169177e-01
2.405914436881100016e-01
2.409631442302712090e-01
2.422469505024917868e-01
2.428663739726208692e-01
2.442363044109029657e-01
2.479633950384389218e-01
2.426091811741262483e-01
2.451589173521316889e-01
2.495792509721524166e-01
2.368548197578420333e-01
2.376980503879168316e-01
2.425596741631714792e-01
2.419002499969386821e-01
2.424700171562468309e-01
2.409627818627936013e-01
2.466852313616266501e-01
2.376249401005399164e-01
2.400573651798449670e-01
2.336091461969797278e-01
2.389402794412966713e-01
2.402846144099175518e-01
2.357037011738580823e-01
2.394576831931346239e-01
2.439226818233290739e-01
2.377906731866697709e-01
2.378044969550637544e-01
2.368256416014912213e-01
2.355386296630846976e-01
2.387802169417868325e-01
2.397316773942444190e-01
2.324328819729872542e-01
2.367518304150558472e-01
2.303378258985204485e-01
2.358251343892331098e-01
2.376958171798581876e-01
2.356986849907222459e-01
2.364182143288662552e-01
2.400214633257731212e-01
2.242418462338150176e-01
2.397888504723003633e-01
2.344432349027349982e-01
2.342412238135783420e-01
2.391336375694727012e-01
2.306835455306260885e-01
2.342733550134873666e-01
2.221029836880480390e-01
2.419730971189715252e-01
2.451153572872954711e-01
2.361058182967761543e-01
2.340382289026650131e-01
2.320224105628046762e-01
2.282607704003505045e-01
2.361848395968511871e-01
2.382173398822855503e-01
2.286239287475394233e-01
2.301170061763113672e-01
2.261936167703660627e-01
2.422038897747748887e-01
2.269598530663408387e-01
2.389526686476368678e-01
2.269730863265555509e-01
2.359835550022490180e-01
2.326267312273821997e-01
2.335228923824345104e-01
2.233003319398608466e-01
2.431567790189373135e-01
2.305181825874856871e-01
2.541344210313823404e-01
2.354618716852983351e-01
2.283283940167127601e-01
2.282249799992768224e-01
2.291986551697131891e-01
2.259061256443638810e-01
2.383301958840907397e-01
2.242157603018002654e-01
2.248460129215806014e-01
2.304769938812963603e-01
2.262132417276648544e-01
2.313883865194229228e-01
2.280917779014878521e-01
2.327393300377389729e-01
2.255608013457612859e-01
2.434456269604650391e-01
2.217368886470901523e-01
2.374060359996751357e-01
2.238097541662917578e-01
2.163716592420409646e-01
2.270399735790069595e-01
2.314690397323745652e-01
2.342609707486243142e-01
2.265368890563162763e-01
2.351519699768040983e-01
2.153564480764232070e-01
2.243420179762188049e-01
2.178579980620550527e-01
2.323410813177770873e-01
2.261376197365631002e-01
2.160686777592030483e-01
2.125584223316090149e-01
2.378219420633809200e-01
2.451527266794904236e-01
2.264558965766573229e-01
2.237430987629440704e-01
2.230505867637393447e-01
2.248923413249792336e-01
2.257650817215705874e-01
2.340983700950539925e-01
2.186446050357192805e-01
2.191196929789040737e-01
2.309424901113172612e-01
2.163153542209352576e-01
2.276514170317551766e-01
2.152624641104879111e-01
2.274086161764944380e-01
2.154472648159719839e-01
2.215804056291420798e-01
2.200764966421148439e-01
2.198105143345711332e-01
2.197748531262038174e-01
2.136588689254227402e-01
2.435403025056248616e-01
2.099171674517583963e-01
2.254784727594948690e-01
2.216719023444951586e-01
2.121831934057978319e-01
2.224714470723000714e-01
2.239412055304816074e-01
2.062364199441747148e-01
2.387722651296539655e-01
2.233954351828463525e-01
2.244758133336595129e-01
2.168350494169749287e-01
2.214433667181074650e-01
2.084488599768025141e-01
2.089398105997712918e-01
2.074665737232846696e-01
2.288668704155855382e-01
2.129577208349931194e-01
2.111292622762286075e-01
2.173063215030343331e-01
2.186370521104635811e-01
2.140565923925230318e-01
2.088736914452800075e-01
2.135529974920216401e-01
2.175527048317508483e-01
2.173037382263527661e-01
2.146786139160756779e-01
2.156912584973377234e-01
2.049173653709190634e-01
2.210047710087461592e-01
2.173455975853350042e-01
2.096137266888823403e-01
2.176390975495809676e-01
2.134180372708651408e-01
2.196443288864528276e-01
1.971881993311463965e-01
2.250128730627394547e-01
2.147323656015538151e-01
2.109388900892807117e-01
2.192306815561232136e-01
2.211635458540790466e-01
2.308174668347577896e-01
2.024298943665996386e-01
2.240402787129341100e-01
2.092085099494417066e-01
2.058424660674994799e-01
2.088090387088506750e-01
2.032778893736972015e-01
2.007235449161435259e-01
2.105438281249496502e-01
2.120536431989604453e-01
2.065042395988982982e-01
2.195838235288366525e-01
2.088118920082848717e-01
2.273325043481748686e-01
2.055004006716350251e-01
2.091436642559128811e-01
2.042905093638689162e-01
2.246272177889908628e-01
1.957207947947936511e-01
2.083789283721999841e-01
2.134415224828924984e-01
2.027088039946977338e-01
2.151149881234480921e-01
2.135977559572131701e-01
2.045732453984776267e-01
2.109172935349340194e-01
2.108777420592501117e-01
2.097971086584847489e-01
2.068830706144435261e-01
2.032480553147087143e-01
2.075192550869044972e-01
2.096735579248110992e-01
2.119110687444203389e-01
2.237256134525754947e-01
2.025706049098902894e-01
2.116595600376446618e-01
2.019622569364437903e-01
2.011591886275449215e-01
2.118384568156869985e-01
2.106049792143926958e-01
2.233570564950131121e-01
2.090614331695035133e-01
2.117326832233756007e-01
1.989884282317927466e-01
1.978485987458857842e-01
2.143269526223316734e-01
2.061375060681476246e-01
2.154927576224534846e-01
2.001661839687253475e-01
2.088470029614369061e-01
2.008597731430473432e-01
2.163844998105857176e-01
1.943492981375591622e-01
1.995892824211888961e-01
2.118415721147957897e-01
1.987736275260230945e-01
2.306616018400855783e-01
2.027739752018122010e-01
2.113797728787792651e-01
1.992831847076927676e-01
1.966139532516276434e-01
2.110491929893075769e-01
2.026224637076498858e-01
2.054876553145899842e-01
2.053450393963517362e-01
2.010237436301887115e-01
2.148045658942281666e-01
2.088001572271853956e-01
2.061246104119132394e-01
2.046634665864803526e-01
2.079623982049532971e-01
2.178064098587604580e-01
1.898676257853925409e-01
2.054965719784379308e-01
2.090064519458895431e-01
2.110851692532001167e-01
2.107378568071076319e-01
1.996039279657035037e-01
2.002787064405753270e-01
2.055160422497684103e-01
2.020764213544346266e-01
1.943589421469449074e-01
2.083146444733174896e-01
1.946806803945432263e-01
2.215814578582382122e-01
1.943529272173708800e-01
2.002518113294282642e-01
2.051883309736176886e-01
1.979042321743567368e-01
1.969178817262699221e-01
1.936395013239438356e-01
2.050111040800061957e-01
2.039930814703523054e-01
1.907327671593957719e-01
1.931672626620145328e-01
1.966174659775077327e-01
2.140327167770713912e-01
1.974592555773897473e-01
2.234925754589056346e-01
2.087899189285474799e-01
2.157486189882722449e-01
1.885314123611677439e-01
1.970424481375025183e-01
1.944169443351122795e-01
1.986730277394392619e-01
1.948627624788381862e-01
1.914275092478025797e-01
2.007561144376036888e-01
1.913019010313856683e-01
1.821134213577898231e-01
2.085481478845544467e-01
1.834191550629576950e-01
1.991304073571534550e-01
1.949987967736975525e-01
1.928119776189152201e-01
1.814935351321392554e-01
2.114529699231238180e-01
2.104351031820948792e-01
2.003564800353875019e-01
2.125464988522743903e-01
2.084814964373997714e-01
1.829755637841951332e-01
1.941542387125853864e-01
1.934902607521952200e-01
2.002969891845053363e-01
1.977254767246585943e-01
1.975261619615246989e-01
1.956341896997421947e-01
2.074597782594509721e-01
1.902037385300016092e-01
2.052328163906750602e-01
1.973725410366321542e-01
2.010224422837366409e-01
1.922118144585945043e-01
1.930908647791768351e-01
1.776885858029984278e-01
1.949758121954465462e-01
2.018301962612765454e-01
1.952738792788193123e-01
2.041451116976196190e-01
1.879135728919481829e-01
1.991469164923328206e-01
1.916983715852328685e-01
1.940206079369091452e-01
1.987937581003230425e-01
2.054328199495724927e-01
1.949843881499977449e-01
1.953869437714966517e-01
1.975967741576720449e-01
2.008203429829078512e-01
1.978444027579579212e-01
1.905685766877100173e-01
1.843700455869947963e-01
1.970472494680849118e-01
1.915782742488294499e-01
1.969464639492892466e-01
2.019586323041674680e-01
2.011945256663812964e-01
1.930032492962856505e-01
1.919296505006300724e-01
1.932127769833208719e-01
1.885197955106742429e-01
1.785838788078505379e-01
1.870046577806161181e-01
1.970969039046144566e-01
1.980588753739340735e-01
1.913733455287119911e-01
2.115780747112518956e-01
1.874345251356744901e-01
1.878253632473157186e-01
1.807600984807252453e-01
1.914916702713661545e-01
1.925818205174567310e-01
1.874917330427786355e-01
1.952693904863580798e-01
1.905248334438458813e-01
1.928119381169189628e-01
1.917876681573379150e-01
1.804982654334423564e-01
1.898131756014849181e-01
1.902211884168125700e-01
1.952870819740122055e-01
1.842868648344300198e-01
1.833428415066442330e-01
1.844455558086457447e-01
2.065520122724403829e-01
1.925144667182806801e-01
1.854336584532762788e-01
1.890630755832399812e-01
1.895594566729934816e-01
1.810164682946580894e-01
2.068528548826823743e-01
2.167224886319401855e-01
1.787428735476976893e-01
1.857867571441678134e-01
2.118144292342016011e-01
1.822047434025256540e-01
1.924445296336412536e-01
1.849802805424987096e-01
1.878020191933003069e-01
1.933967512418573176e-01
1.860928532106798372e-01
2.014013149142933889e-01
1.813384549134587909e-01
1.993105383186651869e-01
1.919347653499633433e-01
1.840559439545468301e-01
1.882807080120661170e-01
1.803548353688182726e-01
1.783453651773361515e-01
1.857976067850578561e-01
1.874827860508157806e-01
1.761190700447983482e-01
1.772750143817065360e-01
1.882296886701424754e-01
1.902669891947781633e-01
1.964699398657445695e-01
1.959659052698997650e-01
1.858190711587387745e-01
1.766662230865253536e-01
1.894685251587219232e-01
1.759400235014872693e-01
1.823360005764489422e-01
1.691930264771361603e-01
1.877077777207935283e-01
2.039461349017538672e-01
1.807596648909960135e-01
1.895706149132699581e-01
1.807895234407424223e-01
1.897091579600491407e-01
1.846839173755851216e-01
1.800261125859513311e-01
1.830175020660383678e-01
1.779025210058377271e-01
1.850025365456935411e-01
1.795282111215890375e-01
2.455954494369552155e-01
1.832136269390533811e-01
1.842176230281052929e-01
1.756221670403984580e-01
1.783389295927643448e-01
1.755378903321116180e-01
1.912150581752457557e-01
1.842542966806490490e-01
1.847206251063193416e-01
1.867387547633154732e-01
1.700694897192045474e-01
1.832683464469025691e-01
1.857643061937047924e-01
1.651457674238416273e-01
1.841086426042880531e-01
1.781029546715220402e-01
1.848950708199534609e-01
1.878306430914022662e-01
1.723853621704086458e-01
2.199220522802816102e-01
1.738132134194386447e-01
1.759396878655098695e-01
1.777818937633397767e-01
1.759394833208294262e-01
1.829937577874461152e-01
1.769701814236285253e-01
1.943596772787259674e-01
1.693072973449316343e-01
1.765479706534660576e-01
1.792015729818238201e-01
1.851033957825508891e-01
1.716735680704506162e-01
1.753303974254922792e-01
1.836642946055567494e-01
1.652458741367713591e-01
2.086460708955711618e-01
1.906584149071825773e-01
1.880440555783060297e-01
1.707874708441086131e-01
1.792735001026900810e-01
1.904440740607101501e-01
1.655744132517601719e-01
1.667169686346478275e-01
1.674780009540900449e-01
1.740341432570518820e-01
1.731073707434207798e-01
1.829245833969227741e-01
1.937243945419742097e-01
2.127202371691339355e-01
2.138765235142729981e-01
1.710380639221623644e-01
1.771804731649172238e-01
1.746940001489492023e-01
1.761529708331271982e-01
1.677337723201805797e-01
1.666055126398233721e-01
1.614748847986788027e-01
1.727057054939125091e-01
1.742697878141462597e-01
1.635582737056433256e-01
1.759093000534175666e-01
2.014314245164885442e-01
1.993481421759643324e-01
2.096915882009334486e-01
1.968287355522076176e-01
1.618672688395310644e-01
1.643729915728211199e-01
1.630294153665760026e-01
1.706176645246000323e-01
1.680488552897422549e-01
1.603300581102041489e-01
1.714522871725210063e-01
1.683918631558334322e-01
1.791413035747340954e-01
1.821677885840112809e-01
1.942818595744030263e-01
1.737676149243424506e-01
1.666899976662466754e-01
1.897129039103686854e-01
1.824283724128538398e-01
1.719907783921105493e-01
1.686250418977589260e-01
1.775488850803429441e-01
1.772213867775084273e-01
1.827865323689451538e-01
1.832629639538122801e-01
1.812365185179755922e-01
1.670147898684331278e-01
1.715808815177217728e-01
1.613072250945632169e-01
1.585197675983090748e-01
1.665307147699474355e-01
1.532112296010751662e-01
1.713318143610980393e-01
2.062484596615843380e-01
1.731949733317736106e-01
1.551733948364768800e-01
1.603764067151029760e-01
1.686753166312857655e-01
1.642781334711322094e-01
1.726100107737109646e-01
1.826868169309683598e-01
1.606343169490225542e-01
1.666714331304220975e-01
1.584961931213952069e-01
1.745882322952635457e-01
1.697323316946011962e-01
1.705388437328906603e-01
1.721948560658236038e-01
1.748079688538786980e-01
1.596497652681690693e-01
2.010406185589600492e-01
1.814972013723820110e-01
1.798539475764359408e-01
1.609273014036322336e-01
1.651775888230204714e-01
1.584216140595704203e-01
1.935743676761612353e-01
1.751980813971190098e-01
1.781069573020382102e-01
1.733988154417006600e-01
1.567614265822066533e-01
1.660526247483695983e-01
1.488235913758977624e-01
1.622546618067290114e-01
1.682029435093179981e-01
1.835228770386593267e-01
1.675452444168565869e-01
1.514747107292830075e-01
1.541376477679189394e-01
1.841698588692776972e-01
1.832765213438694030e-01
1.875681442225918538e-01
1.827686518853347819e-01
1.649366586084777542e-01
1.572202325327572703e-01
1.516426090072250654e-01
1.578161404650929023e-01
1.584893100479810024e-01
1.677267024948052576e-01
1.528439605348435315e-01
1.600127963814725052e-01
1.559728239092170732e-01
1.733906381460178781e-01
1.863078575572938711e-01
2.032807199549476473e-01
1.688039433075161078e-01
1.660488927457159647e-01
1.554117639984392285e-01
1.653929093649607052e-01
1.588615175268128787e-01
1.552667025965981107e-01
1.620514811781713638e-01
1.619987389512832221e-01
1.634123905263504262e-01
1.545697740760312577e-01
1.430089911481106646e-01
1.643263934925545400e-01
1.707079563345744455e-01
1.596078629971220408e-01
1.711776734963288138e-01
1.567190487887009931e-01
1.970730520303910216e-01
1.937998559233607698e-01
1.976435999271784760e-01
1.628702075214915335e-01
1.510234644925319836e-01
1.548026578778456119e-01
1.521313441395266697e-01
1.500873464057455864e-01
1.582137582127486619e-01
1.564154034910518465e-01
1.580115650370085556e-01
1.405644081601605255e-01
1.558350996300571223e-01
1.617119200446881788e-01
1.506671490194698426e-01
1.736733680203061125e-01
2.236787647510585508e-01
1.553058713795099355e-01
1.536996534662989633e-01
1.674878998192706747e-01
1.551491644512278945e-01
1.445157765706952258e-01
1.554901645090292772e-01
1.505112688410054633e-01
1.656120191490003946e-01
1.720657787228493663e-01
1.949374947942292824e-01
1.477179051581231362e-01
1.512228668343521820e-01
1.484128929036527544e-01
1.517596715728185275e-01
1.509647669801601200e-01
1.600607992811736158e-01
1.585369480722652880e-01
1.731188692186376998e-01
1.497797807454744612e-01
1.528917115806172344e-01
1.496336744371591088e-01
1.602662556716829834e-01
1.570559519100366286e-01
1.670209760011940603e-01
1.636056881648874362e-01
1.724757785885609185e-01
1.651332199272471934e-01
1.442279413960325107e-01
1.559444783588217476e-01
1.538906743610185257e-01
1.498019632491137954e-01
1.597910333365559488e-01
1.902605036918083858e-01
1.752920906481240937e-01
1.777270707045612852e-01
1.658089793104382259e-01
1.604420840104072987e-01
1.486708208084065452e-01
1.525181325501849539e-01
1.438863426413560243e-01
1.514555264559231673e-01
1.540890270103835447e-01
1.520475953619649101e-01
1.657393615424634370e-01
1.518660480089788212e-01
1.467399615944068314e-01
1.579937122529475879e-01
1.528393750173954457e-01
1.663966350001700178e-01
1.703788862374624458e-01
1.582853100304169869e-01
1.589392044727616360e-01
1.533520225381952706e-01
1.511475371490190733e-01
1.645015702142878233e-01
1.736209494569589118e-01
1.568668774355922169e-01
1.486671124220316498e-01
1.348315194712036424e-01
1.425437894100330949e-01
1.488222788476048219e-01
1.470450614501782050e-01
1.448975223643551857e-01
1.582648964091062649e-01
1.552040917617769633e-01
1.533364351129658798e-01
1.639804925900849586e-01
1.596143702600233416e-01
1.634883353514828830e-01
1.736293921023999154e-01
1.598029872879823121e-01
1.487454873374813302e-01
1.451138314269608265e-01
1.325289275613663331e-01
1.418226467309160188e-01
1.456947170075752751e-01
1.388314837091299270e-01
1.430200149933124887e-01
1.491399395750578893e-01
1.634454061118404689e-01
1.665871957231916112e-01
1.467992683781213226e-01
1.473172256636390565e-01
1.470315008370551568e-01
1.500587591387026742e-01
1.456523016585100361e-01
1.520970210768828601e-01
1.597847184827725364e-01
1.530772800837188197e-01
1.596659035331401133e-01
1.708583248254846032e-01
1.526007903245565067e-01
1.471283496698771731e-01
1.479292557864088364e-01
1.453551866208469823e-01
1.360451600427972085e-01
1.328693279136578254e-01
1.378541562117731045e-01
1.356772833498137987e-01
1.562331222796616570e-01
1.493410239035668774e-01
1.602436088665865066e-01
1.612390634071500795e-01
1.905787568416551225e-01
1.481162580540228701e-01
1.509916440880448574e-01
1.471916789325768415e-01
1.369557849279467721e-01
1.347272947525698927e-01
1.396192495630366459e-01
1.295412489176983872e-01
1.402139846965713144e-01
1.474902399789223828e-01
1.377964985731165160e-01
1.355469103120965912e-01
1.328697322541235737e-01
1.922404889092884650e-01
1.859098320897208945e-01
1.631630557982796381e-01
1.337247310465410066e-01
1.499149005262769563e-01
1.381301242836891763e-01
1.360668367419745894e-01
1.302021459875981335e-01
1.321184598621979733e-01
1.408392456603764775e-01
1.454089757680315509e-01
1.596503615901852247e-01
1.864323153883211404e-01
1.834995931055833918e-01
1.590499736839241784e-01
1.435617074584763231e-01
1.406451373453732057e-01
1.272352530668598436e-01
1.292721478778012523e-01
1.261950311361445531e-01
1.295597832750237655e-01
1.380738362819466380e-01
1.492062232947091449e-01
1.488833995003411015e-01
1.338088501382854734e-01
1.350332904887341645e-01
1.755571001101446094e-01
1.980695802293419294e-01
1.554683056497246640e-01
1.366239943176251748e-01
1.522974433863334975e-01
1.522990526587203186e-01
1.367326869515111676e-01
1.270177497638093345e-01
1.353890017543391278e-01
1.322874282711698768e-01
1.334539965566207409e-01
1.509374388204413331e-01
1.797475594144465338e-01
1.637482423057236569e-01
1.411966476149926208e-01
1.662639153900810352e-01
1.488569632814765453e-01
1.429068955305669852e-01
1.345050374563291073e-01
1.321728386535475641e-01
1.347855229827255863e-01
1.366760592225126081e-01
1.283657439445994031e-01
1.405936843594952912e-01
1.375849249793789919e-01
1.319376721889842230e-01
1.913396863035131401e-01
1.705088949360899775e-01
1.640024354571651966e-01
1.375036846568364612e-01
1.494957413418528391e-01
1.475675466740063169e-01
1.299407357828574472e-01
1.302750363867592187e-01
1.272068878930916191e-01
1.382699206562723604e-01
1.412813036200954164e-01
1.668053703641684260e-01
1.573230939619257029e-01
1.556427956410044444e-01
1.504124040986928035e-01
1.490878077501502086e-01
1.444339480889597072e-01
1.447367783423876841e-01
1.321717622320071339e-01
1.345369223189736008e-01
1.319415809852303445e-01
1.358951221720065827e-01
1.280078383301467837e-01
1.281088228993344791e-01
1.449600926696722192e-01
1.532815190251604343e-01
1.452352582534536252e-01
1.639709373070529774e-01
1.832586397984850013e-01
1.460490994039351231e-01
1.418681904306090258e-01
1.258227966570098499e-01
1.328475464564940756e-01
1.432970164634150556e-01
1.318960068403405850e-01
1.347411278900928211e-01
1.420861929792787970e-01
1.396882600667129215e-01
1.385793804885840086e-01
1.468371278004332592e-01
1.425269964085316421e-01
1.677503193852556140e-01
1.443709916751531874e-01
1.443771104296003305e-01
1.383103785860737844e-01
1.400444560507324299e-01
1.364472719996936978e-01
1.457160961530773180e-01
1.268134102711489797e-01
1.353172660309104047e-01
1.382524708253506651e-01
1.648404157629169420e-01
1.455399250349194706e-01
1.574132125630033074e-01
1.341789950567910950e-01
1.349955458209951553e-01
1.319504593388425850e-01
1.376298111621976072e-01
1.278683163701399839e-01
1.245624641252255499e-01
1.262699432632576335e-01
1.313524539418919057e-01
1.381415160825899824e-01
1.728101848827920117e-01
1.663113352843862136e-01
1.535496813523110349e-01
1.476318038462823001e-01
1.378123212911329942e-01
1.312097459652785403e-01
1.280563586563652212e-01
1.380494503586519317e-01
1.202151285897914840e-01
1.476109068807130165e-01
1.396624292737571327e-01
1.428097662624102926e-01
1.557439633129827639e-01
1.265973804024837779e-01
1.338274389669583397e-01
1.383033668478918787e-01
1.293312606024031308e-01
1.455254826360014575e-01
1.450901857135400153e-01
1.676517693351499971e-01
1.347082421773580785e-01
1.332772867073930279e-01
1.496599421493880200e-01
1.398210921577785759e-01
1.232903045660020819e-01
1.393314667524850614e-01
1.412662445743994855e-01
1.499250262833943526e-01
1.437886423422688464e-01
1.407619612662517616e-01
1.287007897917700205e-01
1.276208361044381123e-01
1.303743468038864317e-01
1.404448434045638960e-01
1.315347002682331901e-01
1.541030524630861154e-01
1.391791357000176366e-01
1.410639653071162902e-01
1.429404077805098705e-01
1.464994807768208729e-01
1.242005780369720008e-01
1.353976112777365293e-01
1.274987799186202975e-01
1.472254396857698155e-01
1.258217805719601678e-01
1.483421743273688753e-01
1.388992041497906227e-01
1.556954059793232148e-01
1.391162899539065134e-01
1.349286797799349735e-01
1.454811587167066655e-01
1.315591137988944281e-01
1.296605573393661281e-01
1.223140155232518428e-01
1.239131709041418478e-01
1.390284402996204982e-01
1.299164889059642725e-01
1.604108325348111153e-01
1.435201135419763296e-01
1.320330585362394504e-01
1.478828805399104995e-01
1.340596736695553737e-01
1.194859729885263677e-01
1.286899419801012523e-01
1.284948469853945119e-01
1.448823589080235619e-01
1.448553206549396954e-01
1.459711890366798548e-01
1.271468130646351835e-01
1.395031441066695854e-01
1.532727341731812409e-01
1.397601677544108856e-01
1.266865873113902363e-01
1.346652918581786595e-01
1.318338748081840095e-01
1.409147977731628198e-01
1.375649193101688150e-01
1.421896834363159112e-01
1.230789774507949352e-01
1.284716489556602670e-01
1.282917910101875891e-01
1.391258860130588915e-01
1.208113818813442847e-01
1.490197399516322574e-01
1.301443763757748340e-01
1.475691211673418046e-01
1.436030732788388387e-01
1.406665651035173825e-01
1.260147757783333100e-01
1.276597429343972745e-01
1.265440079887709124e-01
1.494896929271431751e-01
1.356177557888300078e-01
1.345501858468787504e-01
1.360485123964722542e-01
1.368735248405223703e-01
1.223855939604710924e-01
1.430282447134361146e-01
1.318816185005626251e-01
1.401403225710828593e-01
1.393758549032561855e-01
1.392162738814234635e-01
1.194006789269190655e-01
1.203166665960062609e-01
1.193777852379477450e-01
1.392900236051577700e-01
1.498109697878390600e-01
1.470101020056830687e-01
1.311847437470793909e-01
1.380214639940936239e-01
1.400787221339444832e-01
1.355791677818342922e-01
1.272727316367343320e-01
1.266260329961647890e-01
1.167908694047439244e-01
1.221587922751576766e-01
1.208262018624264716e-01
1.521406160018522746e-01
1.368529769617909397e-01
1.422448557648848810e-01
1.460085204408426429e-01
1.333534953391700695e-01
1.234193609200273656e-01
1.215853250073169328e-01
1.167511607185538342e-01
1.263505095463471617e-01
1.272398930859751920e-01
1.489816111214256888e-01
1.452321300237638391e-01
1.458080825804060898e-01
1.351779694252226716e-01
1.364098939697418744e-01
1.371785096611284893e-01
1.469810501656906576e-01
1.158055482358975458e-01
1.261675983771063103e-01
1.246097070870210849e-01
1.338724771353683451e-01
1.429604890468768319e-01
1.465224007759201308e-01
1.167605513578763160e-01
1.215819034738277599e-01
1.444287471268183853e-01
1.413963786849570803e-01
1.256630999153506290e-01
1.279982811655258623e-01
1.217301885120953414e-01
1.319803096266771447e-01
1.254333647124506457e-01
1.611416517659503278e-01
1.224653549447935336e-01
1.377476749655462684e-01
1.430027310037786659e-01
1.307864078056525658e-01
1.154898649524963988e-01
1.302357476511981360e-01
1.261043683135266713e-01
1.240480686279923223e-01
1.315201251430235529e-01
1.462196156598267738e-01
1.305991998753285588e-01
1.392884747337981011e-01
1.361022617138421820e-01
1.216562959980542064e-01
1.162283613814479311e-01
1.338408040279573386e-01
1.277666372113306914e-01
1.306414983395761120e-01
1.245687734783879480e-01
1.397031386857573720e-01
1.281824135224877426e-01
1.343847094493719474e-01
1.166939687973345824e-01
1.411715679448823924e-01
1.293341530344082058e-01
1.419524086370811400e-01
1.432985945885311141e-01
1.362307744377296015e-01
1.237918532109669872e-01
1.183433947202020414e-01
1.176374684294855394e-01
1.206996979066569803e-01
1.402220128825716616e-01
1.337754188405799738e-01
1.245292629730479356e-01
1.361972362240945478e-01
1.210287670377881292e-01
1.340508060101701926e-01
1.147585326454550469e-01
1.558850876004815311e-01
1.523352709508901393e-01
1.325997086433023109e-01
1.182603247944941649e-01
1.315841807800735563e-01
1.157511848717908687e-01
1.252767420899693895e-01
1.261931789208363963e-01
1.205708685374110162e-01
1.328462070870254919e-01
1.231037087327608859e-01
1.159492419728497953e-01
1.456907666546985725e-01
1.189419359503152140e-01
1.262159633944446857e-01
1.528728765902851727e-01
1.333789860485906364e-01
1.157122390920012900e-01
1.192183635291107907e-01
1.203415657677641276e-01
1.274181118129518175e-01
1.276742685522832543e-01
1.319954302661222878e-01
1.217888433491879918e-01
1.276680135927984183e-01
1.440424899107797252e-01
1.427834698408664005e-01
1.114075510526073010e-01
1.131212348313196808e-01
1.253144890315084914e-01
1.309317906048112490e-01
1.217270744098983976e-01
1.380381620227018880e-01
1.392596092082776515e-01
1.322512153522479306e-01
1.177391649356497733e-01
1.246482041244498934e-01
1.351334357775539619e-01
1.335628690546840913e-01
1.129248328144536878e-01
1.185741379941711721e-01
1.261792474452312074e-01
1.228733005707574738e-01
1.135016647506290055e-01
1.279219123207482045e-01
1.410103416025600132e-01
1.267287548058429192e-01
1.217739605681085330e-01
1.369160100233191568e-01
1.206135824808616391e-01
1.319008383124833650e-01
1.322406551463286839e-01
1.254809494057856079e-01
1.148223752934561109e-01
1.398176433997388723e-01
1.187183533716358458e-01
1.224360727850764968e-01
1.307506840567746742e-01
1.216324293227891012e-01
1.143718972992785882e-01
1.159417416692332253e-01
1.245582146788036387e-01
1.247953662011697246e-01
1.244713447253229521e-01
1.452082154337826780e-01
1.281599679926390400e-01
1.369898777780294841e-01
1.272289706431166956e-01
1.278432520401999728e-01
1.321961463031628425e-01
1.321070682452395173e-01
1.139364597716881339e-01
1.162262083843827870e-01
1.202711267101369136e-01
1.196633706148825249e-01
1.177664394128206810e-01
1.356427638057341178e-01
1.183638405583903735e-01
1.492477548353958461e-01
1.193985828496137436e-01
1.217132038122960697e-01
1.434659956216216281e-01
1.228633630935809795e-01
1.106765674579568565e-01
1.238458902769823955e-01
1.145403371621440680e-01
1.224258373972972325e-01
1.237869274467020136e-01
1.225071840705744680e-01
1.190939168183458019e-01
1.263688439320667933e-01
1.185353780847918648e-01
1.247803971106585252e-01
1.386430268201104543e-01
1.337433216941893710e-01
1.153846926474845630e-01
1.255167920739823362e-01
1.174881736436483859e-01
1.081904743872693780e-01
1.381452591466471314e-01
1.324989833134238293e-01
1.138662952133244338e-01
1.175841132884905965e-01
1.318659394933710816e-01
1.154872457359960441e-01
1.122904822694455462e-01
1.435645190215229794e-01
1.177790450264931538e-01
1.264485619828244201e-01
1.270315051228448067e-01
1.160973854772647251e-01
1.134907663809452821e-01
1.232391951105332728e-01
1.326245278495661040e-01
1.224411754788630874e-01
1.198579340198634297e-01
1.205236077134393402e-01
1.186897313239115431e-01
1.337160434839877732e-01
1.093676453830726980e-01
1.365531982505184816e-01
1.268919699614449725e-01
1.294105381561432566e-01
1.512018560760345354e-01
1.297255707691142013e-01
1.090122562856335880e-01
1.149066600942442729e-01
1.090032695754455383e-01
1.170875913023388809e-01
1.222287140572338587e-01
1.231378039250725781e-01
1.163122288948043592e-01
1.280250840607204676e-01
1.378915590106949696e-01
1.286504863473975913e-01
1.284305431211295034e-01
1.232346083819840926e-01
1.099057910774363100e-01
1.122057905705580727e-01
1.143428527040168396e-01
1.223913740575953563e-01
1.273487088299792569e-01
1.351587573162073841e-01
1.171756380483222199e-01
1.221000586721299741e-01
1.313545055797695482e-01
1.138905562682353129e-01
1.150720864076296701e-01
1.115614040555690939e-01
1.191352640835517535e-01
1.133903531424582806e-01
1.225468728357429898e-01
1.511557704083060782e-01
1.208373368709160234e-01
1.170332469838583495e-01
1.241056801394728737e-01
1.203712845770291001e-01
1.108620035133702220e-01
1.118408699241235510e-01
1.416251104545751816e-01
1.171028460503440588e-01
1.160329323511868488e-01
1.252563169199141513e-01
1.209951006878093455e-01
1.211951701433433698e-01
1.237976861922168298e-01
1.241045328353050925e-01
1.157299567118786204e-01
1.324611995553028609e-01
1.170360198140426439e-01
1.244719073191819514e-01
1.393071567862505800e-01
1.167929631578873279e-01
1.165659737782990257e-01
1.036115188888117461e-01
1.088309556488917806e-01
1.162108282913668633e-01
1.159472645637473071e-01
1.233642925930512058e-01
1.305698293699169843e-01
1.549632638031765153e-01
1.162132537787725628e-01
1.114499620628485177e-01
1.244090577561131616e-01
1.169054508632825923e-01
1.085961216077312996e-01
1.134001367707789948e-01
1.211482868591098466e-01
1.135656231144765577e-01
1.167462211871097694e-01
1.357903326403404332e-01
1.334234036075144514e-01
1.286805559145515476e-01
1.224466533554836450e-01
1.122118250695187114e-01
1.057719139807893755e-01
1.206592252659539205e-01
1.199058133618592925e-01
1.131157196035649376e-01
1.341183458500110615e-01
1.204623799839900228e-01
1.155828700108523233e-01
1.150455508029145646e-01
1.261876287341968383e-01
1.205534420132311907e-01
1.205080882497479577e-01
1.169201626390442006e-01
1.190786589341000373e-01
1.102870363045862501e-01
1.129925310220599305e-01
1.434433646205785784e-01
1.138330038850850490e-01
1.060046087931050818e-01
1.316349055852788774e-01
1.229692130183310944e-01
1.130043459036048220e-01
1.122008294738542772e-01
1.188902760404872000e-01
1.049305304371949132e-01
1.101208342584139438e-01
1.358388809963123334e-01
1.229436842337333219e-01
1.200267613599890898e-01
1.233909237670501452e-01
1.187469564102458658e-01
1.106508889678199797e-01
1.172412875297627610e-01
1.261962233336337280e-01
1.109918822766577801e-01
1.174643897450897007e-01
1.357345604763008085e-01
1.159030638526802881e-01
1.154573941247979407e-01
1.293602110776023717e-01
1.151887377713047833e-01
1.085686651798425800e-01
1.068347553245033582e-01
1.083886448290236476e-01
1.249322797968467902e-01
1.202666094510432410e-01
1.161136199967124499e-01
1.329531928044013211e-01
1.184847334762866855e-01
1.031103392832924820e-01
1.233979856399969183e-01
1.326864454975926755e-01
1.171400264208008468e-01
1.154415283834969025e-01
1.221242376546566449e-01
1.092072258975054638e-01
1.197610589185394009e-01
1.189964454914831798e-01
1.171953216714379936e-01
1.143261122832052584e-01
1.174859079549895186e-01
1.284274989188531058e-01
1.133194351828176877e-01
1.081594345330058049e-01
1.084204815610742695e-01
1.209987806914229608e-01
1.149752606458502441e-01
1.210299221456686697e-01
1.266374502200617036e-01
1.132802421681941979e-01
1.173025908076629348e-01
1.339929399686249356e-01
1.220268554316827903e-01
1.062657971334519114e-01
1.104683038767599323e-01
1.152308425500768174e-01
1.215894588225403111e-01
1.140988923515716819e-01
1.376869305725715031e-01
1.138042348358906386e-01
1.109950323530270594e-01
1.162070497584207218e-01
1.155387602879093117e-01
1.031567982823076712e-01
1.290783305985237217e-01
1.248781853610726050e-01
1.144465563604534358e-01
1.359353516057182909e-01
1.146269181069806270e-01
1.020825987585476519e-01
1.014682256673639232e-01
1.119423012546815616e-01
1.334599274478921183e-01
1.279488778414188954e-01
1.050950486758414487e-01
1.215768582110720586e-01
1.125631573382984835e-01
1.044371473995175797e-01
1.155221346979751901e-01
1.299476422133357956e-01
1.165729826899167404e-01
1.262042136943118398e-01
1.139197847907539307e-01
1.114851443325432651e-01
1.044736933201606127e-01
1.031972381664942318e-01
1.217659351888463193e-01
1.157590588281233596e-01
1.110664153874864751e-01
1.098034705323828880e-01
1.254993680053669292e-01
1.189957857627838428e-01
1.275398115448530545e-01
1.119239700053165643e-01
1.116839662681331363e-01
1.105971478661716412e-01
1.085760422195562458e-01
1.176441977981473735e-01
1.187740104662252799e-01
1.085314830448586149e-01
1.122663353319211521e-01
1.093355536624698171e-01
1.033664944304514138e-01
1.068333207140560875e-01
1.504682088852455635e-01
1.262177810175916792e-01
1.122899288502168802e-01
1.360942658429108165e-01
1.185510056204702317e-01
1.016412718958695227e-01
1.095976018046133094e-01
1.069771825330213949e-01
1.071190046413863090e-01
1.026085081318076075e-01
1.069793088790632479e-01
1.139050435963612218e-01
1.312897366007943767e-01
1.427751921292501336e-01
1.434941273493511027e-01
1.069988829071464864e-01
1.152375833312896947e-01
1.060778257243438216e-01
9.951235025296865933e-02
1.110767388898105112e-01
1.235267529564870598e-01
1.066721643412873594e-01
9.746016799122886320e-02
1.140015242314909583e-01
1.170500575038290053e-01
1.016227598192201570e-01
1.025100864522791727e-01
1.044930582963611437e-01
1.069034432037909155e-01
1.293726580515124625e-01
1.586167007345610502e-01
1.316828523645207916e-01
1.085210260427487000e-01
1.016219710307253582e-01
1.124700862499708881e-01
9.763231555084354862e-02
1.193859533865110761e-01
1.114871791556695940e-01
1.185196834275695082e-01
1.263096740990373446e-01
1.141419711076602922e-01
1.131183060866895324e-01
1.063416757133419654e-01
9.979497881826858430e-02
1.006578668359467826e-01
1.116563717541471240e-01
1.094070345059569432e-01
1.059037706949358393e-01
1.246038107721959415e-01
1.311452763430043245e-01
1.128019302761030102e-01
1.141660004385741806e-01
1.095730494766792434e-01
1.039883530777137993e-01
1.242023033305426488e-01
1.048979627179875557e-01
1.083244132144471905e-01
1.154842263495723248e-01
1.099832545405479284e-01
1.066272721364597970e-01
1.362243854243403995e-01
1.099577298018217658e-01
1.043423857688918627e-01
1.110831220880153514e-01
1.039351637370837245e-01
1.109089937973565809e-01
1.117860980761271605e-01
1.046124875859825720e-01
1.268797480561997815e-01
1.063892638534051360e-01
1.045583722606301808e-01
1.150611083624801800e-01
1.266268254860888343e-01
1.157575439993993455e-01
1.160595283630873054e-01
1.154905432074330301e-01
1.204807229422740350e-01
1.004134218414253765e-01
9.674711567105696852e-02
1.032211150048984311e-01
1.026136894296233587e-01
1.044620863654119464e-01
1.226179025547655538e-01
1.249014901770005986e-01
1.195182046057006869e-01
1.178114850832242544e-01
1.100072566588402023e-01
1.031975168458282160e-01
1.079586721898681961e-01
1.117194909956665677e-01
1.077298351044413821e-01
1.059106041649097579e-01
1.114815413573578828e-01
1.057609367166276043e-01
1.121330761660643272e-01
1.173113162267042098e-01
1.188656589789162527e-01
1.122814088988410980e-01
1.011742450544458327e-01
1.152254352995383674e-01
1.160719764045645142e-01
1.113924463086327504e-01
1.079351839765240045e-01
9.658466576978547158e-02
9.887377457398176250e-02
1.030499692048549437e-01
