1.576022422020269914e+03
4.541923102026996730e+02
3.113446280738656355e+02
2.715321271596211545e+02
2.422024391071101945e+02
2.187091926822821222e+02
1.979991476120733012e+02
1.776618559747627160e+02
1.567640466541326418e+02
1.337807915483157615e+02
1.077984217282932633e+02
8.152828158463297825e+01
6.001632058073101206e+01
4.623102053488292995e+01
3.838567522963410994e+01
3.347872256972257077e+01
2.999054679927782630e+01
2.727263035495079535e+01
2.500900907801633721e+01
2.305554328816677057e+01
2.134681421617710484e+01
1.984973625330292535e+01
1.853528416281652369e+01
1.737362612634015946e+01
1.634719176638088456e+01
1.542804751741740965e+01
1.460365986060365628e+01
1.386108700408230021e+01
1.317391039833849398e+01
1.253859850650873398e+01
1.195583328180957317e+01
1.142566069740202295e+01
1.093792804657505080e+01
1.048705452418826845e+01
1.007155219949180669e+01
9.685868761592240972e+00
9.325354730294568739e+00
8.989769056629723920e+00
8.676608385748098229e+00
8.378662535521417709e+00
8.110543117343366859e+00
7.866241147343479234e+00
7.640737397708700307e+00
7.432396449772174840e+00
7.241707699614774008e+00
7.061691933733299287e+00
6.890759770965498632e+00
6.735168400512315579e+00
6.591080479320596375e+00
6.455597943742404254e+00
6.327033273937533231e+00
6.205718120885022948e+00
6.092328099766469940e+00
5.985459448135098448e+00
5.885129787863271567e+00
5.790880443934599775e+00
5.700850955719377389e+00
5.615041481859336159e+00
5.532728234825150970e+00
5.458514937673705880e+00
5.387745503006331482e+00
5.320806299459170496e+00
5.257769051708893748e+00
5.198690872419801323e+00
5.142735453444289284e+00
5.090001419747791189e+00
5.039321961731592303e+00
4.989947476295067297e+00
4.943646019243861822e+00
4.898031785099954405e+00
4.852819579674064521e+00
4.810576380973338395e+00
4.769568096838752602e+00
4.729237761133307849e+00
4.692346757206950159e+00
4.655559594492266307e+00
4.620034680665589200e+00
4.585828189962536605e+00
4.552737251404937346e+00
4.520667513431813056e+00
4.489725964128822078e+00
4.461181666839767246e+00
4.433757203479698816e+00
4.408411646798286121e+00
4.384082338654605948e+00
4.359907816873288766e+00
4.335478572296183053e+00
4.313187834516040375e+00
4.291716329568522781e+00
4.270689552494537189e+00
4.250136967998124682e+00
4.229635551963078832e+00
4.209763648424778459e+00
4.190948125612742992e+00
4.173659056406915369e+00
4.155522390570814295e+00
4.138191303792183362e+00
4.120242251214089713e+00
4.103867541364732752e+00
4.087342714697972390e+00
4.071716637609885225e+00
4.057407886470756786e+00
4.043020088471765305e+00
4.028085253138412369e+00
4.011965471353977186e+00
3.997951725124142985e+00
3.984817997288512270e+00
3.970219052471466892e+00
3.956989908880137907e+00
3.943666314700374986e+00
3.931124823506545241e+00
3.917576026915900567e+00
3.903979075705322987e+00
3.891058222184565096e+00
3.876088177179552563e+00
3.862758838598388866e+00
3.848464678468111355e+00
3.837118575397649778e+00
3.824745344065725305e+00
3.813564988092922547e+00
3.802814646179422553e+00
3.791591083936427964e+00
3.780766565403226309e+00
3.770820418606002367e+00
3.759744187118592151e+00
3.748283458116187905e+00
3.737603202021692272e+00
3.727341535990123855e+00
3.716426835545604046e+00
3.706348109292024962e+00
3.696476064426860830e+00
3.686394743911256100e+00
3.676048773392761149e+00
3.665719885669147526e+00
3.655295348665760002e+00
3.645340019420125088e+00
3.636117265209772853e+00
3.625210679998561059e+00
3.614778147652742302e+00
3.606349229802008338e+00
3.597127786262809490e+00
3.589483959973312821e+00
3.580891948405715564e+00
3.573123149363378825e+00
3.566156079057909434e+00
3.557246177638419216e+00
3.549299746320692339e+00
3.542249726273045241e+00
3.535018173651359508e+00
3.528197006860870122e+00
3.519985754174665971e+00
3.512266481157189535e+00
3.504474183815479815e+00
3.496642482034996391e+00
3.488845628729256632e+00
3.481036104459317215e+00
3.473302747715663497e+00
3.465828160292470539e+00
3.458654466751344358e+00
3.451783971144767538e+00
3.444756480571065982e+00
3.437625959813696230e+00
3.431084358655587696e+00
3.425507347644359601e+00
3.417898645369064070e+00
3.411436847569468966e+00
3.405338617965909531e+00
3.399257601889004832e+00
3.392745678162296219e+00
3.386516338222742117e+00
3.380031025601128558e+00
3.373812627435850420e+00
3.367610632603255993e+00
3.361698445709553784e+00
3.355703063883861414e+00
3.349976923193854983e+00
3.344598964634297733e+00
3.339100420906281119e+00
3.333712658091903425e+00
3.328285322685867076e+00
3.322968888994175529e+00
3.317996875397582812e+00
3.312871101882136404e+00
3.307048907508561175e+00
3.301909551208282334e+00
3.296252234841121176e+00
3.291297982326558458e+00
3.286727570091445116e+00
3.280961625870151277e+00
3.276222807450915209e+00
3.270759831643799576e+00
3.265423208557905355e+00
3.259794937398549308e+00
3.254566025192715983e+00
3.250240294059940194e+00
3.244580024835122867e+00
3.239704786197703523e+00
3.234943160061728662e+00
3.230112861127660384e+00
3.224956692092485255e+00
3.220014357856639808e+00
3.215708037921302775e+00
3.210387743860545928e+00
3.206176437575232185e+00
3.201870822019842411e+00
3.197710617899353736e+00
3.193357043099024128e+00
3.188145665566171072e+00
3.183928724360861384e+00
3.179821324862615040e+00
3.176444931582209197e+00
3.171769887059765924e+00
3.167633748615986899e+00
3.163853605519582057e+00
3.159317315932371972e+00
3.155993303812070661e+00
3.151599015841240359e+00
3.147393288420474722e+00
3.143609566465169092e+00
3.139275185984706340e+00
3.136294297151869248e+00
3.133098819685386616e+00
3.129710094034928058e+00
3.125915920106324464e+00
3.122690753401861752e+00
3.119903799076073625e+00
3.116389046158067000e+00
3.113438534034786986e+00
3.110225179653895555e+00
3.106142217823872453e+00
3.103455771095283477e+00
3.100279229576270001e+00
3.097660389993862839e+00
3.094810728987558601e+00
3.091948724076128752e+00
3.089187695885506013e+00
3.086162437202286224e+00
3.082556009453797596e+00
3.080204890230919812e+00
3.076916896209477503e+00
3.074482670362415959e+00
3.071961097228581128e+00
3.069413317395140783e+00
3.066337019456879087e+00
3.063700839815354016e+00
3.061558013522143629e+00
3.058625811808203476e+00
3.055493621582753505e+00
3.052967541188298384e+00
3.049494378702775066e+00
3.046899277238286796e+00
3.044636281233235042e+00
3.041557992627520246e+00
3.038532248430683591e+00
3.035990747524413891e+00
3.033306142316243736e+00
3.030374697614410362e+00
3.028103716542284829e+00
3.025558253904653494e+00
3.022933764961708292e+00
3.020278742109332892e+00
3.018273543490327615e+00
3.015204715854478135e+00
3.012583497640536567e+00
3.010285381770768875e+00
3.007666557095494131e+00
3.005087428516413528e+00
3.003127340341921414e+00
3.001486636415803488e+00
2.999246477619504692e+00
2.996962724790414256e+00
2.994719983135071928e+00
2.993218666778772796e+00
2.991158157590238176e+00
2.988678418201917264e+00
2.986863278448113945e+00
2.984678882246350806e+00
2.982583014689700107e+00
2.980651356882702885e+00
2.977659918032645958e+00
2.976029086339293972e+00
2.973427300297768472e+00
2.970855355805956055e+00
2.968601590729044393e+00
2.966963311093432143e+00
2.964320672272247492e+00
2.962615947269172878e+00
2.960417476708455009e+00
2.958238357593393264e+00
2.956478821129200796e+00
2.954613727831590708e+00
2.953206017313133369e+00
2.950846485796523311e+00
2.949387242885063376e+00
2.946985159945880728e+00
2.945729251153283546e+00
2.943421978491688407e+00
2.942161485409568566e+00
2.940195592278747938e+00
2.937477571339098592e+00
2.934750237702877129e+00
2.933107612126477637e+00
2.931178661326876433e+00
2.929446410236026477e+00
2.927553181576220354e+00
2.925730194045158772e+00
2.923728951460272896e+00
2.921908881690329363e+00
2.920113237329902578e+00
2.918856691428564076e+00
2.917060626363797926e+00
2.915408652256708866e+00
2.913693613964221996e+00
2.911778620870093093e+00
2.910211903569159375e+00
2.908273244446077044e+00
2.906787295224205980e+00
2.904927716460029341e+00
2.903179889617568676e+00
2.901496237942329248e+00
2.899927140826231042e+00
2.898558854519865946e+00
2.897087547741197255e+00
2.895053017439467968e+00
2.893231776692994917e+00
2.891994247363240067e+00
2.890805019710154244e+00
2.889251440561341866e+00
2.887771974748648329e+00
2.886326691987972648e+00
2.884701568266847094e+00
2.883061825088822250e+00
2.881809734539392043e+00
2.880299410735414511e+00
2.878642044756653195e+00
2.877097543236670774e+00
2.875573227392000053e+00
2.873965859426139247e+00
2.872817551754456300e+00
2.870648700024901245e+00
2.869397803383491041e+00
2.867470595976421510e+00
2.865939120669664941e+00
2.864301766971988794e+00
2.862846795330950656e+00
2.861071583350357717e+00
2.859569087965319056e+00
2.857955805640350899e+00
2.856511827979037133e+00
2.854771310339919044e+00
2.853287987917233703e+00
2.852269673770349456e+00
2.850435141117232618e+00
2.848784093744724633e+00
2.846972502838577501e+00
2.845450661459242525e+00
2.843304945089943470e+00
2.841618828728690094e+00
2.839868557075289957e+00
2.837770720871325647e+00
2.835671715309361129e+00
2.834405511839358294e+00
2.832112911670644717e+00
2.830598844964125060e+00
2.829016879806845797e+00
2.827378202964434539e+00
2.824846872768008055e+00
2.823587876321347778e+00
2.821453008155943909e+00
2.819748256527869756e+00
2.817556749289735762e+00
2.816337283262324576e+00
2.814272332597563153e+00
2.812852262450453722e+00
2.811021553024673825e+00
2.809272335040022384e+00
2.807821332756022414e+00
2.806299448956293130e+00
2.804251063196785854e+00
2.802105773952042966e+00
2.800786525304298724e+00
2.799124232900200848e+00
2.797540547549836276e+00
2.796114181139849553e+00
2.794791421540251619e+00
2.793450063750991585e+00
2.791824408959001413e+00
2.790341127633551910e+00
2.788449895104842202e+00
2.787739159390132837e+00
2.785749349799770069e+00
2.784854419630864886e+00
2.782658648996901629e+00
2.781706236587771830e+00
2.780139150320686259e+00
2.778665941728283073e+00
2.777233277875502893e+00
2.775301124643764439e+00
2.773393772725631923e+00
2.771636996001268116e+00
2.770432086435977492e+00
2.768500288618676475e+00
2.766922989981487557e+00
2.765299765925282927e+00
2.763694391307346621e+00
2.762011397291046944e+00
2.760404055340667906e+00
2.759421712441912700e+00
2.757794600696833687e+00
2.756528835290456225e+00
2.754391415050008618e+00
2.753482273270245528e+00
2.751790407200906952e+00
2.750040719508719977e+00
2.748822405070082908e+00
2.746917787562699331e+00
2.745429901984415277e+00
2.744363550555414921e+00
2.742342252277817582e+00
2.740699753453986975e+00
2.739283726317335521e+00
2.737597352868901712e+00
2.735867657358668215e+00
2.734675710424530504e+00
2.733001530661746781e+00
2.731229109246270159e+00
2.730332079090107111e+00
2.727992591986811544e+00
2.726733617402871790e+00
2.725273821716742262e+00
2.723523169524808552e+00
2.722312475651455177e+00
2.720323911230956071e+00
2.720411311703671675e+00
2.718798312496044645e+00
2.717514600999160646e+00
2.715272310513049181e+00
2.715380088027551597e+00
2.712909852066120120e+00
2.712859615539439329e+00
2.711621968670727245e+00
2.708961116668828328e+00
2.709152459174172467e+00
2.707792305009675271e+00
2.705748830770943414e+00
2.706238892539543084e+00
2.704798342677433798e+00
2.701618864776737183e+00
2.702100276810115442e+00
2.699987603359291999e+00
2.700693651441575582e+00
2.698834177003648360e+00
2.696575094653690385e+00
2.696852806128861690e+00
2.695732530016836659e+00
2.693580198913762214e+00
2.694149004305179673e+00
2.691479209133272210e+00
2.692244865910281337e+00
2.691162610562339186e+00
2.688538211646462006e+00
2.688700591317012112e+00
2.687857409498574768e+00
2.685253984986905262e+00
2.686136009677600356e+00
2.685162871321029154e+00
2.682579598104064544e+00
2.683201750568462440e+00
2.682666774962115586e+00
2.679871779413922184e+00
2.680604160471107722e+00
2.679194136896926093e+00
2.677427927780296368e+00
2.677594198275286885e+00
2.676405565960980670e+00
2.674331385846933085e+00
2.675408008849401664e+00
2.674094166592649646e+00
2.671095064009559650e+00
2.671845435073811448e+00
2.670144954331623577e+00
2.667814466243204397e+00
2.668179058585903984e+00
2.667437403276813779e+00
2.665059820656525691e+00
2.665671978928324748e+00
2.664629184388575656e+00
2.662540390255481615e+00
2.663236068065625073e+00
2.661964294870244885e+00
2.659790299521685331e+00
2.659518400516566405e+00
2.657015384557258386e+00
2.657643252959168034e+00
2.656829984263268329e+00
2.654133494746286015e+00
2.654913754350063382e+00
2.653536527904566622e+00
2.650836798334757827e+00
2.651314805328069735e+00
2.650325741355586295e+00
2.648116334809210937e+00
2.648306613450813973e+00
2.647185788798612105e+00
2.644852994125050483e+00
2.644969653379113605e+00
2.641760349000588981e+00
2.642124367842952903e+00
2.640820759513641480e+00
2.638461096808444761e+00
2.638161974450560443e+00
2.637177363059747481e+00
2.634995304050265386e+00
2.634947065403638433e+00
2.633390364344037060e+00
2.631793801674879418e+00
2.632218015697464164e+00
2.630537226225202030e+00
2.628286917374058174e+00
2.628641300411749260e+00
2.627689361530617163e+00
2.624743921006971625e+00
2.625641196102401320e+00
2.624451999093021737e+00
2.622020479319060016e+00
2.622502190255927790e+00
2.621107680561319597e+00
2.619046942573274528e+00
2.619939502007649246e+00
2.618942367691967199e+00
2.616532984776986037e+00
2.616998572443959059e+00
2.615902992908202496e+00
2.613576392078654997e+00
2.614354415828373579e+00
2.613364893483220541e+00
2.611501941070360377e+00
2.612119862453956554e+00
2.610724770136321649e+00
2.608524611430152351e+00
2.609439135690785339e+00
2.607864825155546740e+00
2.605940600157549358e+00
2.605757946961174021e+00
2.604856649465281837e+00
2.602591111362140719e+00
2.603003845162396690e+00
2.602394841121780988e+00
2.600226805927819740e+00
2.600032706998351983e+00
2.599074454410660540e+00
2.597535042056720922e+00
2.597374719578370961e+00
2.596289364399598565e+00
2.594431895248545228e+00
2.594729741476924367e+00
2.593941257949171408e+00
2.591515149897361425e+00
2.592352714892253385e+00
2.589979798091730068e+00
2.590522216771261377e+00
2.589584549716735129e+00
2.587654325298986091e+00
2.588429045525674876e+00
2.586900861130194240e+00
2.584657201794208436e+00
2.585128753056560313e+00
2.584350219934562265e+00
2.582326652363423847e+00
2.582492274032278434e+00
2.580058669739814459e+00
2.580033034182573903e+00
2.579324746691532777e+00
2.576502110929786316e+00
2.576445138368333332e+00
2.574478364373617101e+00
2.574755968305486586e+00
2.572050509990476463e+00
2.572502093916038124e+00
2.569555905678641228e+00
2.570841030786566339e+00
2.567533692239678533e+00
2.568307679969556112e+00
2.564976728481560553e+00
2.565591544925760914e+00
2.563187837373659850e+00
2.563666577536976465e+00
2.560802860308099671e+00
2.561208633219276720e+00
2.558631993518326819e+00
2.559011154015632616e+00
2.556866495565456532e+00
2.557003795301210580e+00
2.554347547868136559e+00
2.555603859284028001e+00
2.553306704679017436e+00
2.552763421363832830e+00
2.551310856710753416e+00
2.548920406810200046e+00
2.550033456630593331e+00
2.547201476303366352e+00
2.547134502066018324e+00
2.545425897528060588e+00
2.546010366606041408e+00
2.543590038249070151e+00
2.544246979845682599e+00
2.541392484797712736e+00
2.542109927853481555e+00
2.539293270751739939e+00
2.539657939838897871e+00
2.538905331726109882e+00
2.536375853357113463e+00
2.537102384923126230e+00
2.534905066282931330e+00
2.535505965577272480e+00
2.532513689551039171e+00
2.533786248749511305e+00
2.532281982779022833e+00
2.529640076141978167e+00
2.529996544986298890e+00
2.527751725946164818e+00
2.528603234642991637e+00
2.525459315265403237e+00
2.527203276282520950e+00
2.524510864812204769e+00
2.524482657750582337e+00
2.521181785532275565e+00
2.522620758478322678e+00
2.520202342056868439e+00
2.517234966536334273e+00
2.518463969061226493e+00
2.515850285992534907e+00
2.515262241873714277e+00
2.512632467818400439e+00
2.513119113214842493e+00
2.509358040793083333e+00
2.510494131954938535e+00
2.508682729232909470e+00
2.508453631865006805e+00
2.505218629708588551e+00
2.506376856736046488e+00
2.504922132098414078e+00
2.501695787714931285e+00
2.503563023659751696e+00
2.499883102457086448e+00
2.500808791118273700e+00
2.499081904711125457e+00
2.497479810131328914e+00
2.496829018386367061e+00
2.495211281433523443e+00
2.494811761716438259e+00
2.492659654883575993e+00
2.492117470590342165e+00
2.491884711557870613e+00
2.487972088831585271e+00
2.489703555757603937e+00
2.485954261754038885e+00
2.487499077936567993e+00
2.485350323318292975e+00
2.482550397167317069e+00
2.484591832689017288e+00
2.480529170582834286e+00
2.481714364755464697e+00
2.479179652831676517e+00
2.480288535816942641e+00
2.477787537194686251e+00
2.475712456024938835e+00
2.475502732243186621e+00
2.473397406813972133e+00
2.472988426894564551e+00
2.472063166288705371e+00
2.471067531924089344e+00
2.469264406098027997e+00
2.469602588529991483e+00
2.467799704537491756e+00
2.468008104814496839e+00
2.464323229708464957e+00
2.465516887550069480e+00
2.463573737314841416e+00
2.460834765996818607e+00
2.462262084362497383e+00
2.458221913635222577e+00
2.459978719614536846e+00
2.456772795845557855e+00
2.457841645281981346e+00
2.454326032043653072e+00
2.455861254384519743e+00
2.453816870317554688e+00
2.452310956686117205e+00
2.451772025395031473e+00
2.450079372446536841e+00
2.450242886232304240e+00
2.447150776992628618e+00
2.448498233053920003e+00
2.444656593095095420e+00
2.445536249719521660e+00
2.442526304279348803e+00
2.443443996673312135e+00
2.440622032388151119e+00
2.441105784778125898e+00
2.438199500904297601e+00
2.438056867092193603e+00
2.437191931430005010e+00
2.436012422404303823e+00
2.434991387514561456e+00
2.432708688502376315e+00
2.432338317104086212e+00
2.430516786168231302e+00
2.430038543784778238e+00
2.428270083377530586e+00
2.427533766337351295e+00
2.426115149901526991e+00
2.425436553393982564e+00
2.424069269928469161e+00
2.422352870739577835e+00
2.421551846612704839e+00
2.420545698129453971e+00
2.419195672298322553e+00
2.418899325009974621e+00
2.416924049108426953e+00
2.416650771545004961e+00
2.415016292739052162e+00
2.414539170637127530e+00
2.413121466437744278e+00
2.412842405490611686e+00
2.410806352733453117e+00
2.410867247413307712e+00
2.408645545657017717e+00
2.408148274357519991e+00
2.408032373245442059e+00
2.405210338802865166e+00
2.406782072636608927e+00
2.402893503007991871e+00
2.404562095294286994e+00
2.401838557235983274e+00
2.402839594479289964e+00
2.400290401194270729e+00
2.401242391593096048e+00
2.397796507629919027e+00
2.399214502476187061e+00
2.395548904851928729e+00
2.396955060043473029e+00
2.394598484987831011e+00
2.395416337317701760e+00
2.393174329672621337e+00
2.392955422388577613e+00
2.391511423936044434e+00
2.389780803349141003e+00
2.390203895180416094e+00
2.388076085313220798e+00
2.388195749719184580e+00
2.385328785986997602e+00
2.387655930764143175e+00
2.384101998680863144e+00
2.385744480366271514e+00
2.383483328010557400e+00
2.384251073292525280e+00
2.381387948772384799e+00
2.382236126819550659e+00
2.379105854713465806e+00
2.381333605740104886e+00
2.377052641798980126e+00
2.378967387330075844e+00
2.377931690863317016e+00
2.374635601688111830e+00
2.376171216434865840e+00
2.373218876663179433e+00
2.374224977354325805e+00
2.371084396625741331e+00
2.373116790707760160e+00
2.371194590259466661e+00
2.369775517714665103e+00
2.370425599715804577e+00
2.367277053795616926e+00
2.368777299742041986e+00
2.365970489251675524e+00
2.367412192495573553e+00
2.364336470293821879e+00
2.364987687322776644e+00
2.365069427045570105e+00
2.362374429529650488e+00
2.362596936998166974e+00
2.361085185894023386e+00
2.361767455205836530e+00
2.360240473325228017e+00
2.360426289909753894e+00
2.357724505565675255e+00
2.359748293812811593e+00
2.357967918803748120e+00
2.355522879661740010e+00
2.357515548881048861e+00
2.355102997670574183e+00
2.355938503737528666e+00
2.354910051767486578e+00
2.352929291776742371e+00
2.353870298964103824e+00
2.351292054499223294e+00
2.352623894977725172e+00
2.349927962286035843e+00
2.351069202705684091e+00
2.349450174363050703e+00
2.349105709094808425e+00
2.347611749641575152e+00
2.348030432110391086e+00
2.345280963484067893e+00
2.347505194468461287e+00
2.344288160059124326e+00
2.344875319123250090e+00
2.343552263180765483e+00
2.343318672250045420e+00
2.342087523053025588e+00
2.341996425780456637e+00
2.340782484359553717e+00
2.341480905186041017e+00
2.339083764893030715e+00
2.340150695487073218e+00
2.337194308913285390e+00
2.339505253778751293e+00
2.335896390157980562e+00
2.337869517037408862e+00
2.335200794553028647e+00
2.336211094841606162e+00
2.334504269505408125e+00
2.336103504819944110e+00
2.333085652489143680e+00
2.333550025717984422e+00
2.332091898806912145e+00
2.332572434709364373e+00
2.330704090596608768e+00
2.331253506901799888e+00
2.329105579660955438e+00
2.330221256555007336e+00
2.329309363231161889e+00
2.329162795851062118e+00
2.326895034857004330e+00
2.328327800662157276e+00
2.325720561541370746e+00
2.326911281645170693e+00
2.324432923100128168e+00
2.325424984702528342e+00
2.324167212463313703e+00
2.323676406181757415e+00
2.322278530643482330e+00
2.323364022906794890e+00
2.322210225875088074e+00
2.322593024066679224e+00
2.319859571602416626e+00
2.321617986403143430e+00
2.319027727163456287e+00
2.319338419377407590e+00
2.317814412587665185e+00
2.318677478934486391e+00
2.316384123402126072e+00
2.317493904321333620e+00
2.314949048019707245e+00
2.316579415027177458e+00
2.313163495313095286e+00
2.315022024072594053e+00
2.311903015066990363e+00
2.313915031388541266e+00
2.310444041371993773e+00
2.312583142830926697e+00
2.309237004029717433e+00
2.311889557276525231e+00
2.309254690760897955e+00
2.309969231830699687e+00
2.308187886577043990e+00
2.308732178345747510e+00
2.307557782897039278e+00
2.308082838033152839e+00
2.305569776670845616e+00
2.307694839496963191e+00
2.303700650338926348e+00
2.306407574135681759e+00
2.303266962595931222e+00
2.304525575328241427e+00
2.302081497118119824e+00
2.303055454403228453e+00
2.300772939335779643e+00
2.301864175145624358e+00
2.299219344165922774e+00
2.300934492303339685e+00
2.298701602381910014e+00
2.299735128084916536e+00
2.297967588839576081e+00
2.298783278176313782e+00
2.296639458258944888e+00
2.298242376917647878e+00
2.295737840437284127e+00
2.296813384780609812e+00
2.295012798076394578e+00
2.294700467319418902e+00
2.294011688697829232e+00
2.293831451365158092e+00
2.293650903482548298e+00
2.293780809352815364e+00
2.290742119162311408e+00
2.293524400805438290e+00
2.289589076853666416e+00
2.291905096988487323e+00
2.288779059322039178e+00
2.291063300665093116e+00
2.288762728687026904e+00
2.288991521020907083e+00
2.287781254204510173e+00
2.289386278112828688e+00
2.285688345211660533e+00
2.288463145243562646e+00
2.285361907624045674e+00
2.286842791597972102e+00
2.284516758845852813e+00
2.285773398557330527e+00
2.284121175428313943e+00
2.284108623094670776e+00
2.283616512115017372e+00
2.284129390371458346e+00
2.281363198460056640e+00
2.283651249865047195e+00
2.281719953303847248e+00
2.281751005553171119e+00
2.280100949021673706e+00
2.281398209141109579e+00
2.279054540348331326e+00
2.280458697387087508e+00
2.278061057472786199e+00
2.277678754612943113e+00
2.278667638683012697e+00
2.276316948574289345e+00
2.277640245174369138e+00
2.274492907436636457e+00
2.276399117467147182e+00
2.273824093396191515e+00
2.273995864961846358e+00
2.272257152891331788e+00
2.271548586791750868e+00
2.272136713888060822e+00
2.270459633516948461e+00
2.271193536116809408e+00
2.270296480397318017e+00
2.269293973089499872e+00
2.268345050394728002e+00
2.269119517050818935e+00
2.267636660387332359e+00
2.266848370966898063e+00
2.268119296817607822e+00
2.266335301511698042e+00
2.267734373687214866e+00
2.265254418460165287e+00
2.266091250944215929e+00
2.264671047807764293e+00
2.263971949286084584e+00
2.265984205107902216e+00
2.263287830465063877e+00
2.264506837971790532e+00
2.262947734515186049e+00
2.261360563145881741e+00
2.263388526677018842e+00
2.262334375689858401e+00
2.261026383141413465e+00
2.261253104727104724e+00
2.260586214862541965e+00
2.259283037777583214e+00
2.260020878172361858e+00
2.258343842403989221e+00
2.259700438558471802e+00
2.257979571223469151e+00
2.258119468625719772e+00
2.257955078516462155e+00
2.257037974614743980e+00
2.256736190943426035e+00
2.256636735541323713e+00
2.255414475256638962e+00
2.254743177972080126e+00
2.255628949579563169e+00
2.253210153863264953e+00
2.253895199435656860e+00
2.254246695145754931e+00
2.252075237027402199e+00
2.252241113078402801e+00
2.252558833769533031e+00
2.251082116154601298e+00
2.250260369455009180e+00
2.251028413179094745e+00
2.249717504350547070e+00
2.248467916184814896e+00
2.250257452866192498e+00
2.247800707728653258e+00
2.247433145198966642e+00
2.248513889232199414e+00
2.247390686710652563e+00
2.246918902626963810e+00
2.246097755225153314e+00
2.245757681483033341e+00
2.245433863850650358e+00
2.245371387253293438e+00
2.243813650920002623e+00
2.245245469461619514e+00
2.242664803266079865e+00
2.242622844434460916e+00
2.243583949751737361e+00
2.241882082806604171e+00
2.241651381223797923e+00
2.242000269581534866e+00
2.240348541107656022e+00
2.241273613411675747e+00
2.239923559829516186e+00
2.239308548883913286e+00
2.239792542543074916e+00
2.238949135263953227e+00
2.237635913216194705e+00
2.239558343647664707e+00
2.237323300193422071e+00
2.237090491545691506e+00
2.237754580899997681e+00
2.236520771690069243e+00
2.236785828006012888e+00
2.236190614210513683e+00
2.235860833968671191e+00
2.235081527583616445e+00
2.235801051938330453e+00
2.233948409727730677e+00
2.234075001956076889e+00
2.233247994957383131e+00
2.233288310750905836e+00
2.232240150662583300e+00
2.233621652641700539e+00
2.231411223397822052e+00
2.231377398919452748e+00
2.231495105616898567e+00
2.231165899599577784e+00
2.229666888352519916e+00
2.231083580695769619e+00
2.229055926180179004e+00
2.229467289860643575e+00
2.229542455289475367e+00
2.228786845939794592e+00
2.228029795574692162e+00
2.229227251100760032e+00
2.227280497885054000e+00
2.227350979667324982e+00
2.226674646295487392e+00
2.226793768146297925e+00
2.225231635633183380e+00
2.227142856063170751e+00
2.224900039896850590e+00
2.225405023729281506e+00
2.225581474935067749e+00
2.224464566724817960e+00
2.223533976834615178e+00
2.225068353866169524e+00
2.223013262640769039e+00
2.223232352432241488e+00
2.223742225788041260e+00
2.222072896197236691e+00
2.222144054415331471e+00
2.222086732425802680e+00
2.221712825327266216e+00
2.220677802486597407e+00
2.221874058358193071e+00
2.220917845489108089e+00
2.219430224647072514e+00
2.220994210659754220e+00
2.219665739783659664e+00
2.218436700767213221e+00
2.219073117309362519e+00
2.218868085531720435e+00
2.218336653563119487e+00
2.217804035606425916e+00
2.217914362663823802e+00
2.216925270434821460e+00
2.216164749895324526e+00
2.216374735864881540e+00
2.216447449428529559e+00
2.214975767098136483e+00
2.215389304072947763e+00
2.215680283684841267e+00
2.213961602000541262e+00
2.214408793139300169e+00
2.214245107802728985e+00
2.213941447249353711e+00
2.212943338229108381e+00
2.212081826909894744e+00
2.213505435848177161e+00
2.211379256037033780e+00
2.211919444574831584e+00
2.212531658427232539e+00
2.210749942932852985e+00
2.210633310953606934e+00
2.209629618639616933e+00
2.211302562390994542e+00
2.208922678329978240e+00
2.209006602753909920e+00
2.208976561743541733e+00
2.207685328210974518e+00
2.207989371919455657e+00
2.206568790573951500e+00
2.208668832118282133e+00
2.206576371982421403e+00
2.205971045157138377e+00
2.207716012888478296e+00
2.205360173496779819e+00
2.205535941012080947e+00
2.206387514295542918e+00
2.204473869319542256e+00
2.204586838591542364e+00
2.205069859195275317e+00
2.203145958210468436e+00
2.203461705346962507e+00
2.202445358090319161e+00
2.202943156554853399e+00
2.202116746493553379e+00
2.201588742491153106e+00
2.201769759406268179e+00
2.201207506038972195e+00
2.200383024322530190e+00
2.201164795186056455e+00
2.199200815708032053e+00
2.199668011340230489e+00
2.199722319781730828e+00
2.198356602889510736e+00
2.198509360287043357e+00
2.199081265324340340e+00
2.197427170809963304e+00
2.197429300762167248e+00
2.196518503940452671e+00
2.197209972282894608e+00
2.196100897544584374e+00
2.195419074606506538e+00
2.196546440913562659e+00
2.194907079335856714e+00
2.194967593391659921e+00
2.195380937985440983e+00
2.193932791190200238e+00
2.193818026390218723e+00
2.194622237124086439e+00
2.193020306349405590e+00
2.193106792365703495e+00
2.193205106256039816e+00
2.192688197287871787e+00
2.191583086427681071e+00
2.192185880086598093e+00
2.191644587212462358e+00
2.190487360160121799e+00
2.191200991657598518e+00
2.190253309363517698e+00
2.190208714230319931e+00
2.189087154756315545e+00
2.189810432859976341e+00
2.188741826810634006e+00
2.187648954603419682e+00
2.188350582268713485e+00
2.187442551226951526e+00
2.186714572110814547e+00
2.187048974156327485e+00
2.185432539950970199e+00
2.186233959129252113e+00
2.185549054949790015e+00
2.184392577867118934e+00
2.184930209897131714e+00
2.185221317462296309e+00
2.183394811369516741e+00
2.183520914835959115e+00
2.184476096769609299e+00
2.182673388160635497e+00
2.182626645857157488e+00
2.183356544306916280e+00
2.181462692702698103e+00
2.181309731339266644e+00
2.182148545739289958e+00
2.180710548444392938e+00
2.180559728472004632e+00
2.180685147041198757e+00
2.179404263429458144e+00
2.179360217882070572e+00
2.179668367333630563e+00
2.179181369914404698e+00
2.178249220538520436e+00
2.178732119024544556e+00
2.177848142063229631e+00
2.177439137954193527e+00
2.177728430314221253e+00
2.177031932192820651e+00
2.176532390775578030e+00
2.176685343927458050e+00
2.175970032218037531e+00
2.175320440478734518e+00
2.175636148513846457e+00
2.174910148877860827e+00
2.174543997153787434e+00
2.174856018431182481e+00
2.173807091871729380e+00
2.173669887215516017e+00
2.173740490152146432e+00
2.173081906099664895e+00
2.172810073355467608e+00
2.173305816940212853e+00
2.171330414582195889e+00
2.171490063802330006e+00
2.172600530627798232e+00
2.171082719688051998e+00
2.170532947544259184e+00
2.171527774625857887e+00
2.170570563530538788e+00
2.169536068478036039e+00
2.170739815596497646e+00
2.169325955374223458e+00
2.168769535123706405e+00
2.169236923271371076e+00
2.168381250132807025e+00
2.167529929666528687e+00
2.168609979251885367e+00
2.167355811603920657e+00
2.166719125172722915e+00
2.167312118177263436e+00
2.166020733807402454e+00
2.165179585274026319e+00
2.166131499135585781e+00
2.165009037667664504e+00
2.164466171739439559e+00
2.165181831924058553e+00
2.163654840790548040e+00
2.163439933946610605e+00
2.164784959166064837e+00
2.162777024649492841e+00
2.162788122700027404e+00
2.163503505615694600e+00
2.162008388620310750e+00
2.162310111240114185e+00
2.163158159184185525e+00
2.160718646006154486e+00
2.161071538862020081e+00
2.161414669942571809e+00
2.159809976112563756e+00
2.159412491744477247e+00
2.160514618804791898e+00
2.159233904252425340e+00
2.158664598556994552e+00
2.159441295577596787e+00
2.157769556041809533e+00
2.157763114651426672e+00
2.158572904768707446e+00
2.156787658030788979e+00
2.156644812630355013e+00
2.157674038216025547e+00
2.156097171642334054e+00
2.155968194130138293e+00
2.155586555040667651e+00
2.156191333931658516e+00
2.155111502422604186e+00
2.154738772165963212e+00
2.155287784914569293e+00
2.154187299197194427e+00
2.154229861135522395e+00
2.153985937171499110e+00
2.153353614466049670e+00
2.152528539867914592e+00
2.153314450926660850e+00
2.152661371531628731e+00
2.152455934673093818e+00
2.152750145036302687e+00
2.151985398585176235e+00
2.151406459585202935e+00
2.152001374543047074e+00
2.150858567113568043e+00
2.150581946874164707e+00
2.150131511127201023e+00
2.150588278754273830e+00
2.149544268882013665e+00
2.149015257905030118e+00
2.150088076912485935e+00
2.148446320041639268e+00
2.148197269489653838e+00
2.149351308220353030e+00
2.147363229906827709e+00
2.147554512964675588e+00
2.148174950290564045e+00
2.146693349957105479e+00
2.146552981424499684e+00
2.147159376078920712e+00
2.145956291001353211e+00
2.146126721198866161e+00
2.146412965007274298e+00
2.144678053077351265e+00
2.144508687247781875e+00
2.144172950681902279e+00
2.144533816440108875e+00
2.143752853613850373e+00
2.144042599081588119e+00
2.143986908967976390e+00
2.142420644507959882e+00
2.142824560307047044e+00
2.142271755095974672e+00
2.142923942374479918e+00
2.141277604491511166e+00
2.140663106646517377e+00
2.140573117503409950e+00
2.141488074510688122e+00
2.139943299199600357e+00
2.139394345583311097e+00
2.139323070978296659e+00
2.140034506440075202e+00
2.138628135793795959e+00
2.138029168333725138e+00
2.138643972741147703e+00
2.138028886852828325e+00
2.137642779269063986e+00
2.137863999680859273e+00
2.136533522745242664e+00
2.136692581974891869e+00
2.136055459826708525e+00
2.136533585936057467e+00
2.135521313629816120e+00
2.135005477860763001e+00
2.135920030757526344e+00
2.134747472930226930e+00
2.134225033450193543e+00
2.133638845969995312e+00
2.134946646586327379e+00
2.133563354737896933e+00
2.133160573228367607e+00
2.133732925623291976e+00
2.132556232227021287e+00
2.132656692231697626e+00
2.131805335824839442e+00
2.132505265572696818e+00
2.131239509272796706e+00
2.131256388831814785e+00
2.131677118170886231e+00
2.130299186071599848e+00
2.129675220206454167e+00
2.130469077565846359e+00
2.129447107934456351e+00
2.129373545602798234e+00
2.129455589209949817e+00
2.128484665289193334e+00
2.127977483594995611e+00
2.127651768999568649e+00
2.128922809361158297e+00
2.127480298963892125e+00
2.127079076456693585e+00
2.127450048436414054e+00
2.126778663191508212e+00
2.126536982789186681e+00
2.126797112772984111e+00
2.125778276221660601e+00
2.125484054262777089e+00
2.125568352096312008e+00
2.124904533313641153e+00
2.124637038754746410e+00
2.124041540253229332e+00
2.124934989834867061e+00
2.123607415115008390e+00
2.123564707661904638e+00
2.123386031501691473e+00
2.123819481910124818e+00
2.123011728188896274e+00
2.122400322830496844e+00
2.123332564708347192e+00
2.122186428486597887e+00
2.122075458164745410e+00
2.122531969780792505e+00
2.121699033325509021e+00
2.121140424511996248e+00
2.121153885784773596e+00
2.121356838154935698e+00
2.120831456912049440e+00
2.119998788976672710e+00
2.120574382461655638e+00
2.119893678047165775e+00
2.119064789241285940e+00
2.120479902784709658e+00
2.118831277495784704e+00
2.118563601046478784e+00
2.119608920780745809e+00
2.118381291606331818e+00
2.117908295474667302e+00
2.118144823724007253e+00
2.118516245207147097e+00
2.117187718299400334e+00
2.117273180573214564e+00
2.117688926504743829e+00
2.116718337589199361e+00
2.116133414595931406e+00
2.117245164246600808e+00
2.116004765320593783e+00
2.115789090602180789e+00
2.115453255664928367e+00
2.116085959916209180e+00
2.114866982950848406e+00
2.114757423496897548e+00
2.114601968335188431e+00
2.115890553360576742e+00
2.114036727091444412e+00
2.113498850509092364e+00
2.114550374167829982e+00
2.113604654278765427e+00
2.113027581431465851e+00
2.113386225259384243e+00
2.113694447152532518e+00
2.112617816351627376e+00
2.112386717328473384e+00
2.112921875775739089e+00
2.111655787054440570e+00
2.111626643641427936e+00
2.111702108814136114e+00
2.112436191716190681e+00
2.110613554989945850e+00
2.110733264657488117e+00
2.111178357589508447e+00
2.110411293778242214e+00
2.110190037521566975e+00
2.111307337081020918e+00
2.110101957789896066e+00
2.109024276301760814e+00
2.109767943947331137e+00
2.109781550644502790e+00
2.108813816307628208e+00
2.108737007509243533e+00
2.109497111941596170e+00
2.107900990316947887e+00
2.107526925700635712e+00
2.108263231561005036e+00
2.107366259878919124e+00
2.106517980217068153e+00
2.108129234374374494e+00
2.105035836805173144e+00
2.105226875297487865e+00
2.106198994018289472e+00
2.104091526331432149e+00
2.103843459906999058e+00
2.104546935808521368e+00
2.103912229610924278e+00
2.102782466151924989e+00
2.103994058646013521e+00
2.102396474059526899e+00
2.101953958573570258e+00
2.102817378219946409e+00
2.102097774831649613e+00
2.101321864506357606e+00
2.101975633659031839e+00
2.100409489754021752e+00
2.100260129586775992e+00
2.101210956614471659e+00
2.099968953361361912e+00
2.099312544085605303e+00
2.100480232390988355e+00
2.099307572122385945e+00
2.098895506926726551e+00
2.099497767047936225e+00
2.098821921619776543e+00
2.098272591672264209e+00
2.098887960554733478e+00
2.097655843220263439e+00
2.097226691134324028e+00
2.098123523248117017e+00
2.096917162747997221e+00
2.096467484556543415e+00
2.097148924768605482e+00
2.096297838362243038e+00
2.095867849332561317e+00
2.096438515154816606e+00
2.095495215149071999e+00
2.094999191740720246e+00
2.096217778312293500e+00
2.094822362710453412e+00
2.094159516096246509e+00
2.093911859777153328e+00
2.094891539201430231e+00
2.093994212015190204e+00
2.092985368255479983e+00
2.094521063614624534e+00
2.092927242073254313e+00
2.092670170485616765e+00
2.092662323230998211e+00
2.093237602570573674e+00
2.091691540603259458e+00
2.091954611230757433e+00
2.092710131045208310e+00
2.090894922059236105e+00
2.091066432126599928e+00
2.091206103987943266e+00
2.089679035680938046e+00
2.089467920316754768e+00
2.090182933156319312e+00
2.088977537490361858e+00
2.088097880506639470e+00
2.088052683818474531e+00
2.089363221619944255e+00
2.087006684079720120e+00
2.087219435227427144e+00
2.086531903866133408e+00
2.087591191030937043e+00
2.085890720808723398e+00
2.085999226228854031e+00
2.086216814604132441e+00
2.085159151309587511e+00
2.084557791735984988e+00
2.084917034097869770e+00
2.084314763167662843e+00
2.083759616331512188e+00
2.083457786818680102e+00
2.082958930251374685e+00
2.083639228109498642e+00
2.082168094565676419e+00
2.082351771653895955e+00
2.081630731774217313e+00
2.081973661733301117e+00
2.081074380796268830e+00
2.080672655854149955e+00
2.079850761178134722e+00
2.080961895505268444e+00
2.080009675576918848e+00
2.079358756038415912e+00
2.079451689568474482e+00
2.078883080775811631e+00
2.079298935982518248e+00
2.078483219143752780e+00
2.078174248976265570e+00
2.076691157119020303e+00
2.078112316334784104e+00
2.077181161324761494e+00
2.076252423492037646e+00
2.076995146501523060e+00
2.075986362048142464e+00
2.076046819471649041e+00
2.075512319000570649e+00
2.075972627612964416e+00
2.075377427811767372e+00
2.075403413735948721e+00
2.074165664236507389e+00
2.074922282568135490e+00
2.073756968840962944e+00
2.073659856791729705e+00
2.073219173523104697e+00
2.074581216216275781e+00
2.072016034019608544e+00
2.072895389283153644e+00
2.073260206578850795e+00
2.071960643610209818e+00
2.072323511528484374e+00
2.071874917954263484e+00
2.072577254394494695e+00
2.070631367013047619e+00
2.071332758055355772e+00
2.071153951627744405e+00
2.070166288298313173e+00
2.070366427863530312e+00
2.070866270075881310e+00
2.069813547719443481e+00
2.069087391834130152e+00
2.069423545172377477e+00
2.069741864470131087e+00
2.068272423066906729e+00
2.069228860822898142e+00
2.067978475683364792e+00
2.068263953107073227e+00
2.068618835629477015e+00
2.067556774421466681e+00
2.067190406979719786e+00
2.068049669781575783e+00
2.067091518851257526e+00
2.066760577298274004e+00
2.067244541509559497e+00
2.065815394797117843e+00
2.067288987717246229e+00
2.065349529097333825e+00
2.066137197801037662e+00
2.065376298636242058e+00
2.065345548538622733e+00
2.064214133995486922e+00
2.065007499459228679e+00
2.064648466779166913e+00
2.064201495082174542e+00
2.064310762773038821e+00
2.063954573425879513e+00
2.063020549242788437e+00
2.064191974186591949e+00
2.063595356084772181e+00
2.062395198439890720e+00
2.063641411397986847e+00
2.061854185357767211e+00
2.063691497816951603e+00
2.061881393750814695e+00
2.062046337131575591e+00
2.062374962837269177e+00
2.061879737068488705e+00
2.060698843036102179e+00
2.061784613173388792e+00
2.060515857221494773e+00
2.061121104272206406e+00
2.061224606089448130e+00
2.060409240704906164e+00
2.060340705834969199e+00
2.060375414593361931e+00
2.059823325540842021e+00
2.059899456352092706e+00
2.058997634437675917e+00
2.059800446117801886e+00
2.059680461038793542e+00
2.058424677459401497e+00
2.058743405006569382e+00
2.058834272820026623e+00
2.057972839830927381e+00
2.058498675287392832e+00
2.058307052897451417e+00
2.057645765387092762e+00
2.057835590860687791e+00
2.056520709457556162e+00
2.056742781805001030e+00
2.057256325760071558e+00
2.056529544439060775e+00
2.055666867275021126e+00
2.056243892595078115e+00
2.055498824981407235e+00
2.055614588044117674e+00
2.055753838574121861e+00
2.054914912024599971e+00
2.054956438661022400e+00
2.055238757217994650e+00
2.053578921015637881e+00
2.054812247921506074e+00
2.054267127201009124e+00
2.052979263504108420e+00
2.054039199115753611e+00
2.052984989993358766e+00
2.052687260270245062e+00
2.053836646359372242e+00
2.052608422794023113e+00
2.051734477632094489e+00
2.053543969344039155e+00
2.051353009131996252e+00
2.051356829696584949e+00
2.053172091790779863e+00
2.051093568672992085e+00
2.050788313828399101e+00
2.052319457444607309e+00
2.052392331961454097e+00
2.050999594145782812e+00
2.051072296622993729e+00
2.050643010022694224e+00
2.049986790505267109e+00
2.049949898433012230e+00
2.049867516905754083e+00
2.048436187923497354e+00
2.049593523313476329e+00
2.048923004348468968e+00
2.047765031767516675e+00
2.048473309168855838e+00
2.048207075176394110e+00
2.045849909995566485e+00
2.047430681871828639e+00
2.046963211162974527e+00
2.045532522704274658e+00
2.046955770334333735e+00
2.044951153252253295e+00
2.046309084058168803e+00
2.045490397472861321e+00
2.044746868463157785e+00
2.043591887389202277e+00
2.045856665386104556e+00
2.043344768900031472e+00
2.043837751432133309e+00
2.045065065784758662e+00
2.043222506631617197e+00
2.043065302135143035e+00
2.044068404411770956e+00
2.042865534099608471e+00
2.043062543396545028e+00
2.041963685572362408e+00
2.042043928120683027e+00
2.042420572682546176e+00
2.041754992308281391e+00
2.040720930358301821e+00
2.042188404341395369e+00
2.041071416145697093e+00
2.040366650327097187e+00
2.040646133491018421e+00
2.040170177959523823e+00
2.039499753462705289e+00
2.041005405325938771e+00
2.038383082164719085e+00
2.039736696138759076e+00
2.039184942520037236e+00
2.038933680646062285e+00
2.038123329475539425e+00
2.039629088453183581e+00
2.037389695998792494e+00
2.039507750976104372e+00
2.036918025979183255e+00
2.037172975440730394e+00
2.037452768977698003e+00
2.037280235387135097e+00
2.036428849911116057e+00
2.037744141497206396e+00
2.035533292926041238e+00
2.036987220910799312e+00
2.036328914218511255e+00
2.035424382984497793e+00
2.036310782680346154e+00
2.035340630685173569e+00
2.034148093244610767e+00
2.036707305956446667e+00
2.034310635514233745e+00
2.034522506124336605e+00
2.035383262436686991e+00
2.034547849797572194e+00
2.034157292183477406e+00
2.034579161908198763e+00
2.033422980444163475e+00
2.033514366100562132e+00
2.034028171165318977e+00
2.032506827893013401e+00
2.033256759498258237e+00
2.032926573524753255e+00
2.032681531251942619e+00
2.032567686574557886e+00
2.032092062064621452e+00
2.032803374814393660e+00
2.031685219463692516e+00
2.031375655766774813e+00
2.031365414866449726e+00
2.030647478073507539e+00
2.030625818315297426e+00
2.032257120683592433e+00
2.030023040070217721e+00
2.030936101917170777e+00
2.029933511176850836e+00
2.030434438241697670e+00
2.029812996581474405e+00
2.028921887963009763e+00
2.028885730060574488e+00
2.030610012852701374e+00
2.028328018151562162e+00
2.027889522305438508e+00
2.029239856713851431e+00
2.028943370188596163e+00
2.027626049539612563e+00
2.028654946114442748e+00
2.027350917105656958e+00
2.028907698173640473e+00
2.026793283624162445e+00
2.026777387352540316e+00
2.027198286082497969e+00
2.026971756501681821e+00
2.025775901729588657e+00
2.027038603507929082e+00
2.025515771211734428e+00
2.026605257940334859e+00
2.025197288390886641e+00
2.025221447185529211e+00
2.025674933390332111e+00
2.025121305086230006e+00
2.024799865524125053e+00
2.024796915036298106e+00
2.024505195456876017e+00
2.024126628938132111e+00
2.024850143974892713e+00
2.023632570446770362e+00
2.024159981715509371e+00
2.023395464219045703e+00
2.023402068054704905e+00
2.024153794247370186e+00
2.023079430836782766e+00
2.022878847347507225e+00
2.023406876183662551e+00
2.022206876883450466e+00
2.022637022403022566e+00
2.021989642290200617e+00
2.021612747986241576e+00
2.022303104601695711e+00
2.020990913996863814e+00
2.021374332016905750e+00
2.021498566367819105e+00
2.020066233731379945e+00
2.021086095558789264e+00
2.019830345613636169e+00
2.020847721152819521e+00
2.020364448790496592e+00
2.019504512799847440e+00
2.019187753436049615e+00
2.020611686764879789e+00
2.018368180183023330e+00
2.019844770688128399e+00
2.017948200267428494e+00
2.019005471899575799e+00
2.018863855707301980e+00
2.017948893703586766e+00
2.017896848943445232e+00
2.018636735463480658e+00
2.016620067701920593e+00
2.018512658560640549e+00
2.016888214831632720e+00
2.018429095655986050e+00
2.016645613915562851e+00
2.016330551176375163e+00
2.017628672281817526e+00
2.016549730146990793e+00
2.016116306812112402e+00
2.016131925501757127e+00
2.015863109464102187e+00
2.016510807558935969e+00
2.014959337381982518e+00
2.017110543931857070e+00
2.014870613506333452e+00
2.016454962942521245e+00
2.014649314458067497e+00
2.015077122274156363e+00
2.015078383386304850e+00
2.013958855384452296e+00
2.014695639947722938e+00
2.015216934217650468e+00
2.013226591954679900e+00
2.014807871581011156e+00
2.013305866286049461e+00
2.014291904519390108e+00
2.012550695707151949e+00
2.013608482347773343e+00
2.013385258549153622e+00
2.012138774491437854e+00
2.012652090012228445e+00
2.012789354094689731e+00
2.010921541930717371e+00
2.012677268066580538e+00
2.011176536217444966e+00
2.012641743408364992e+00
2.010131212132589162e+00
2.011704168388404490e+00
2.010502402412552847e+00
2.011235567582327466e+00
2.010154542990091553e+00
2.010324548774856890e+00
2.010150226400449380e+00
2.010005540242632893e+00
2.009351766914371673e+00
2.009830121296618533e+00
2.008743456344984413e+00
2.009034441387782977e+00
2.009269275709793856e+00
2.009171744258460901e+00
2.008326108522298981e+00
2.008322408784145363e+00
2.009080411548372691e+00
2.007081958674015620e+00
2.008386245800414027e+00
2.006505479943033077e+00
2.008687929855437204e+00
2.006280714782155528e+00
2.007562741348460911e+00
2.007284800759971066e+00
2.006758101110888148e+00
2.007054800447368059e+00
2.006820984684608344e+00
2.006649720119903169e+00
2.005686976452542236e+00
2.006865321839152561e+00
2.006014999711146274e+00
2.004620086039661242e+00
2.006302195801551225e+00
2.005111074629483792e+00
2.005618580510978965e+00
2.004465566391921971e+00
2.005532191600846392e+00
2.005061797531892065e+00
2.004264866836557690e+00
2.004988731050461492e+00
2.003906752499334587e+00
2.004751568930287942e+00
2.003909533725862779e+00
2.003517864918077596e+00
2.003818201006887456e+00
2.003771245770858300e+00
2.004000144464816557e+00
2.002502342442544325e+00
2.004190132457844609e+00
2.002169989846533937e+00
2.002626702638907741e+00
2.002711904857060521e+00
2.002940234291980204e+00
2.002132538304189691e+00
2.002584308189838680e+00
2.002234869833177111e+00
2.000801191564371084e+00
2.001856620809392862e+00
2.001720473479317697e+00
2.001149596599720137e+00
2.001251530108014709e+00
2.001202630107041802e+00
2.000717141015093237e+00
2.000859906695570789e+00
2.000187668061407020e+00
2.001069196114078963e+00
1.999259207838814723e+00
2.000298340726427870e+00
1.999006898107201557e+00
1.999720442489828054e+00
1.999571039746115275e+00
1.998147084233447446e+00
1.999325972025735254e+00
1.998365639022677165e+00
1.999492173763746328e+00
1.997909980399348306e+00
1.997577272929232928e+00
1.998077307328792074e+00
1.997193666514262445e+00
1.998881308166831738e+00
1.996879507713405166e+00
1.997698049417322430e+00
1.996807833198916526e+00
1.996219631605365974e+00
1.997674758963392749e+00
1.997086072106706744e+00
1.996921018856302021e+00
1.995554664139838508e+00
1.995670773933947872e+00
1.996068371999033308e+00
1.995657554880031048e+00
1.996279148912490919e+00
1.995138292753714460e+00
1.995239795013969308e+00
1.994940575820787210e+00
1.994827123884302722e+00
1.995483586026449041e+00
1.993384439074564751e+00
1.994287951700476569e+00
1.994661540812277645e+00
1.994164138346880222e+00
1.994279608098677103e+00
1.993948766709080056e+00
1.993577337180472808e+00
1.993369143789647469e+00
1.992575159669765172e+00
1.994079046613730144e+00
1.992393444426773241e+00
1.993815750800491671e+00
1.992107808305999095e+00
1.994057995973821162e+00
1.991856660370777909e+00
1.991598198352451332e+00
1.991899930038107058e+00
1.991828506938466026e+00
1.991721086626622172e+00
1.991020024011239675e+00
1.991381360161627923e+00
1.990912839814223290e+00
1.991047485364814351e+00
1.990799318539919094e+00
1.989639780972166205e+00
1.991034247666860546e+00
1.988806268154211798e+00
1.990306596276937290e+00
1.989025108703198486e+00
1.989512482156506001e+00
1.988877230854121159e+00
1.989300725086272204e+00
1.988412406325568371e+00
1.988582786604772723e+00
1.988717254226404663e+00
1.988197651521933729e+00
1.988159001904923118e+00
1.986922401786084924e+00
1.988027812585183796e+00
1.987565163270706092e+00
1.986631252863393371e+00
1.988196669661768778e+00
1.985977738246590851e+00
1.987583823270582917e+00
1.985968929246294978e+00
1.987089094544357559e+00
1.985578796362585718e+00
1.986757285261147254e+00
1.985349512851663834e+00
1.986069605632678092e+00
1.984653254013833523e+00
1.985273751963337219e+00
1.985891375311340745e+00
1.984616273095223926e+00
1.985558607836528155e+00
1.983584569475079995e+00
1.985426524552420746e+00
1.983954905479048625e+00
1.984367076891379478e+00
1.984165519543205525e+00
1.983840931864379264e+00
1.983966582196020179e+00
1.983281723134481256e+00
1.983160210102370202e+00
1.983072139361479636e+00
1.982442753652870371e+00
1.983568885336690846e+00
1.982320490136990188e+00
1.983055886693093406e+00
1.982716976293309896e+00
1.982332179152392904e+00
1.982230365576665321e+00
1.981434531673161858e+00
1.982036879855858302e+00
1.981428172198400395e+00
1.981493320886406062e+00
1.981201928839968263e+00
1.979756099605831876e+00
1.980996258174002600e+00
1.979426749905882188e+00
1.980392549796668566e+00
1.978649816619222790e+00
1.978494420798179609e+00
1.979276199350858745e+00
1.978042829241817513e+00
1.978086608662409596e+00
1.977780440184443655e+00
1.977990079922666178e+00
1.977399704905094202e+00
1.977628906598151159e+00
1.976540498444423699e+00
1.977487641966394927e+00
1.976460385815784093e+00
1.975894230792478723e+00
1.976367437889074319e+00
1.975519376586619913e+00
1.976118226134304656e+00
1.975176165721051147e+00
1.975271852143692719e+00
1.975348578183708126e+00
1.974875796446370346e+00
1.974474820076216330e+00
1.975132483514390414e+00
1.973590470551392029e+00
1.975149669464205893e+00
1.973046203861776426e+00
1.973998131525437572e+00
1.972391557272328733e+00
1.973840597863338431e+00
1.972381453465083645e+00
1.972985304204827095e+00
1.972223012828671962e+00
1.972154200774276278e+00
1.972593450284197525e+00
1.971059342352107002e+00
1.972652780851967380e+00
1.970791192033709116e+00
1.971679806905381582e+00
1.970275806412618236e+00
1.971351979449305958e+00
1.969547516551582333e+00
1.971516443000720598e+00
1.968968617795447740e+00
1.970409724611317914e+00
1.969097570246619355e+00
1.968203456071839108e+00
