1.530240235012412313e+03
4.257243927258723488e+02
3.076430417818492629e+02
2.715211868062072540e+02
2.429810426608898979e+02
2.182314257220736238e+02
1.959763458276772781e+02
1.745392111154393717e+02
1.518927174323822840e+02
1.260187722267302775e+02
9.844720180977520840e+01
7.340344450735227610e+01
5.374012129543629612e+01
4.132544389194646328e+01
3.422359266296732017e+01
2.985647971351571073e+01
2.681480881966709617e+01
2.447548291062372527e+01
2.260902182122303472e+01
2.107035463905663519e+01
1.975604837425191818e+01
1.858286142418343090e+01
1.751716141093056578e+01
1.654115359314156919e+01
1.565471312894708866e+01
1.482697617934080903e+01
1.405122466277013871e+01
1.332813517005205206e+01
1.265285694291070939e+01
1.202224601455858277e+01
1.144245175475988496e+01
1.091478157611242672e+01
1.042893556870789240e+01
9.992019397472487796e+00
9.608773937079941874e+00
9.258580249351339830e+00
8.939685898477685910e+00
8.656616254559500234e+00
8.401149478031300077e+00
8.168301539663056943e+00
7.951918299634133547e+00
7.758718728411506227e+00
7.580311257749888121e+00
7.414522356995001395e+00
7.260610290100243169e+00
7.116655376622197160e+00
6.984530473460961453e+00
6.858201249259749943e+00
6.732937689958473193e+00
6.613258995275377750e+00
6.498227488843667743e+00
6.390503143281727638e+00
6.291215529837720588e+00
6.195438900891179657e+00
6.103789219799654830e+00
6.016889823333998244e+00
5.936955887145603405e+00
5.860853486927690703e+00
5.789147302548492746e+00
5.724171251570354002e+00
5.660025920181705139e+00
5.597909884491894417e+00
5.537058796316233433e+00
5.480586700695440960e+00
5.425361829648448264e+00
5.370562850552052403e+00
5.318686047423225816e+00
5.268384666710967501e+00
5.221957293213899121e+00
5.174586085104116329e+00
5.130459642414530563e+00
5.086382401484755178e+00
5.044180245830736986e+00
5.005294718948349875e+00
4.965622698976550176e+00
4.928140275637088230e+00
4.891470976742224863e+00
4.856754949870501825e+00
4.821400419147614969e+00
4.788073112385910157e+00
4.755252615588616116e+00
4.722774526031712661e+00
4.690225283598342898e+00
4.658968914734430200e+00
4.630694074591972687e+00
4.601361923076823679e+00
4.574827712348040087e+00
4.549390921369098173e+00
4.524534255288526374e+00
4.501051899126673028e+00
4.478268723925787675e+00
4.455525326061128943e+00
4.432314545348295276e+00
4.409426553915819724e+00
4.388064746702675656e+00
4.365247019980320609e+00
4.344002835037318100e+00
4.322932916228471534e+00
4.303319764233624056e+00
4.281802040480030769e+00
4.262315593718584594e+00
4.242687056011107849e+00
4.223971661525417254e+00
4.204841179418937536e+00
4.186684624822343714e+00
4.168516151606188380e+00
4.150003196816300033e+00
4.133345517355429877e+00
4.115918048599101375e+00
4.099702268952728268e+00
4.082877398266233193e+00
4.067025115356874387e+00
4.051365600547632617e+00
4.035831919849919736e+00
4.021036754010313352e+00
4.006550416657024272e+00
3.992141943369817980e+00
3.976980452040299152e+00
3.963012042748179642e+00
3.947858243979724957e+00
3.934221641848123951e+00
3.920040241498667033e+00
3.906223500849922647e+00
3.892209521640163317e+00
3.878220998224877647e+00
3.865270142260550212e+00
3.851704429822234932e+00
3.837641819856302039e+00
3.824611979272304563e+00
3.812757079235493674e+00
3.800248573363440574e+00
3.788691629950980744e+00
3.778175537788548422e+00
3.766888993717202982e+00
3.756908321642709936e+00
3.745339702416769612e+00
3.733217695888210841e+00
3.721915435110302539e+00
3.711000436233191646e+00
3.700247728927566815e+00
3.689019120570074861e+00
3.679550801502955437e+00
3.668596034382900939e+00
3.658697860205901264e+00
3.648736077945823109e+00
3.639582650156115040e+00
3.630299994120880669e+00
3.620663030963097828e+00
3.610780375959304678e+00
3.602880019068583461e+00
3.593224242937250068e+00
3.584867954186856220e+00
3.576710623584771209e+00
3.567291695860703715e+00
3.558871671975689210e+00
3.549422936174930765e+00
3.540162497754040682e+00
3.532042534075255258e+00
3.523010653325382879e+00
3.514084228287389422e+00
3.504789911543732206e+00
3.497749942144281032e+00
3.489367703856169456e+00
3.480423534931366358e+00
3.472620548176585942e+00
3.464386355268886941e+00
3.456173216138077375e+00
3.448640569718774529e+00
3.440838492003222004e+00
3.432924318287012166e+00
3.425448393780762046e+00
3.418595441614650898e+00
3.411365934974298408e+00
3.404369230890003539e+00
3.397560471502826918e+00
3.390674622291478091e+00
3.383148269671753194e+00
3.376290888213128394e+00
3.369917094028814120e+00
3.362837929025320083e+00
3.355914632476501680e+00
3.349067116805647171e+00
3.342989088602110304e+00
3.336406996806298153e+00
3.330972238930411944e+00
3.324657286758458952e+00
3.318658349485879455e+00
3.312708958382662328e+00
3.306541423937042534e+00
3.299781782988372214e+00
3.294198573331709401e+00
3.287551567226914884e+00
3.281079983467909855e+00
3.274537268613274765e+00
3.268881912876018259e+00
3.263018575671269961e+00
3.256816603186100778e+00
3.250807449039132990e+00
3.244480842687516020e+00
3.238223625982041387e+00
3.231650967180765388e+00
3.226423566399319043e+00
3.219986781449946989e+00
3.214467653254601043e+00
3.208798005171898726e+00
3.202643605854468944e+00
3.197193743740630367e+00
3.190764057516723096e+00
3.185516682145041134e+00
3.180192579480875636e+00
3.174456766391423823e+00
3.169382885027669960e+00
3.164176433343091066e+00
3.159118441160936985e+00
3.153557586824132120e+00
3.149433638810281710e+00
3.144499983122114539e+00
3.139607385117997751e+00
3.134976959657924667e+00
3.130741956714897967e+00
3.125315354711013516e+00
3.120588810498556409e+00
3.116413929113379222e+00
3.111053169295972420e+00
3.106722672471172952e+00
3.102309408636363397e+00
3.097615148516640549e+00
3.093084091410171155e+00
3.089053911968992594e+00
3.084227913432105783e+00
3.080287698829985654e+00
3.074586176068677457e+00
3.071682843241772431e+00
3.066524609287624603e+00
3.061661221591754245e+00
3.057581519185994079e+00
3.053864300121919229e+00
3.050071512561732590e+00
3.046462240814816980e+00
3.042405969174478031e+00
3.038217683288725102e+00
3.035317884099281827e+00
3.031472543128899133e+00
3.027760237102274488e+00
3.024424971951071850e+00
3.020652387121836924e+00
3.016862734485071140e+00
3.013780009258576253e+00
3.009786452899631204e+00
3.005737636531872869e+00
3.002050001093732323e+00
2.998672756895315761e+00
2.994524148472821778e+00
2.990260118517406251e+00
2.987054834099897249e+00
2.982563842084211547e+00
2.978556586268757300e+00
2.975590444965919179e+00
2.972180761154845641e+00
2.968430059967635426e+00
2.964712519845309924e+00
2.961603116853034567e+00
2.957649299141904109e+00
2.954538440750731354e+00
2.950044540160484896e+00
2.946654404883721767e+00
2.943093171001096575e+00
2.939370841339881135e+00
2.936478926351798080e+00
2.933379725619625233e+00
2.930047526292653526e+00
2.925979821309366624e+00
2.923196323022401177e+00
2.920839556464359443e+00
2.917172054165894313e+00
2.914560601875929802e+00
2.911839930396102449e+00
2.909120012440792546e+00
2.905507117426930463e+00
2.902717710412870744e+00
2.899688876919964908e+00
2.896715934292844352e+00
2.893821889127272673e+00
2.890639707557783655e+00
2.887735190928275131e+00
2.885126904389908375e+00
2.882037958672169164e+00
2.878852253628158220e+00
2.876719905601715865e+00
2.874133448019525527e+00
2.870798621593329880e+00
2.868488449428026055e+00
2.865888557363155176e+00
2.863393685233274422e+00
2.860794392677561859e+00
2.858125095632173984e+00
2.855682927627941847e+00
2.853272582941710045e+00
2.850600020823743197e+00
2.848474945102288824e+00
2.846097591428501161e+00
2.843427147210352501e+00
2.841013491202764474e+00
2.838613911964898762e+00
2.836332527206815168e+00
2.833825073462525879e+00
2.831292123324316901e+00
2.828794586555296586e+00
2.826993373993992975e+00
2.824528167321678662e+00
2.822300124967932700e+00
2.820415963786153668e+00
2.817987739041392103e+00
2.815747286475855038e+00
2.813761777811301101e+00
2.811591955403418552e+00
2.809716684596238689e+00
2.807377175813513315e+00
2.805244201824859118e+00
2.803400112367688379e+00
2.800750105297552750e+00
2.799027483137715766e+00
2.796856039125705795e+00
2.794910945134240432e+00
2.792573649087032539e+00
2.790231169835854619e+00
2.787884439090809963e+00
2.785818979964568509e+00
2.784035560740147464e+00
2.781887875906637220e+00
2.779725441603728697e+00
2.777646038677376694e+00
2.775269261422499412e+00
2.773461598225923641e+00
2.771966259709274905e+00
2.769653086901195049e+00
2.768358979159369238e+00
2.766856154804605339e+00
2.765482448034686680e+00
2.763493105644270642e+00
2.761961926985220028e+00
2.760095319430950322e+00
2.758276551738320759e+00
2.756364410861528835e+00
2.754763918361873731e+00
2.753501344294730036e+00
2.751650370554647562e+00
2.749805281936675172e+00
2.748603705726703428e+00
2.746638128598680506e+00
2.745471645172229191e+00
2.743512440974171795e+00
2.742137221036160977e+00
2.740258131059845947e+00
2.739427116978461640e+00
2.737315034118376289e+00
2.736268985126926179e+00
2.734082372912034042e+00
2.733133018545220505e+00
2.730959696524861702e+00
2.730294652709874370e+00
2.728533887897638177e+00
2.726686607177366550e+00
2.725703159937321374e+00
2.723917866623796868e+00
2.722887290798689630e+00
2.721101443738455306e+00
2.719972306775996440e+00
2.718194298336449766e+00
2.716772889991105888e+00
2.715698118288389917e+00
2.714517009730743613e+00
2.712502610262360836e+00
2.711548348727961244e+00
2.709702782913611774e+00
2.708630632975029595e+00
2.707383579695274545e+00
2.706271126373219094e+00
2.704180866372545733e+00
2.703255015047066667e+00
2.701739992185395511e+00
2.700048639072569756e+00
2.698859605883782375e+00
2.697611389196713727e+00
2.696029003475424179e+00
2.694919095808099296e+00
2.693528169722704035e+00
2.691971450170230540e+00
2.690870331271017601e+00
2.688935279779416376e+00
2.688037207821131869e+00
2.686582472149761092e+00
2.685222474393478720e+00
2.683765045786138614e+00
2.682752916659346010e+00
2.680865558125252957e+00
2.680096289537666987e+00
2.678658673599910056e+00
2.677534566672434835e+00
2.676452759215752319e+00
2.675479767821773880e+00
2.673922444900215023e+00
2.672628696588011721e+00
2.671381555735561353e+00
2.670839956818019889e+00
2.668556897320805366e+00
2.667965645347084802e+00
2.666692972073831047e+00
2.664951899446764916e+00
2.663504463885310702e+00
2.662162554022235117e+00
2.661441855000607593e+00
2.659492277174559494e+00
2.658779483382700537e+00
2.657822428734678777e+00
2.656070246401756485e+00
2.655264622724750279e+00
2.653193562432694996e+00
2.652920815985135405e+00
2.651665604637465812e+00
2.650080850306761882e+00
2.649139616776898354e+00
2.647841054867014154e+00
2.646843439828630462e+00
2.645890955447583348e+00
2.644434135930381569e+00
2.643567780760632591e+00
2.642200907621471195e+00
2.640734714029778996e+00
2.639752365805495327e+00
2.638800849822182659e+00
2.637203110972829112e+00
2.636273884124429312e+00
2.635725196513653668e+00
2.634079848822069803e+00
2.633308124676692064e+00
2.632409599861281979e+00
2.631188994665011105e+00
2.629840422086511253e+00
2.629259660240921725e+00
2.628053642159733361e+00
2.626916885680797176e+00
2.626088475143750767e+00
2.624841077940179623e+00
2.623730399678477543e+00
2.622781043018514335e+00
2.621785233632992540e+00
2.620727165891319821e+00
2.619868734441993752e+00
2.619047918820768039e+00
2.618550473287484248e+00
2.617236717441925542e+00
2.616668721226953931e+00
2.615249367766180999e+00
2.614518673451638353e+00
2.613040939479772895e+00
2.612635864303726851e+00
2.611301105708198289e+00
2.610478153901366394e+00
2.609657610070343470e+00
2.608731544423400273e+00
2.607575018461655958e+00
2.606776942739458480e+00
2.606096466991740801e+00
2.604914977523664632e+00
2.604050203165647392e+00
2.603183984957572861e+00
2.601767384957420326e+00
2.601360424420458006e+00
2.600289545210856534e+00
2.599787015033962589e+00
2.599046084890160646e+00
2.598132200419024596e+00
2.597882482658358416e+00
2.597111458580890098e+00
2.596089025859771748e+00
2.595388382689478135e+00
2.594841636793772111e+00
2.594229678945805695e+00
2.593430510018404966e+00
2.592281059405697974e+00
2.592012543176739126e+00
2.590911480885446760e+00
2.590186299906120038e+00
2.589713993403825576e+00
2.589052317153625271e+00
2.588256769688443537e+00
2.587531259182346943e+00
2.587198489799668710e+00
2.586197873507725120e+00
2.585810147571267148e+00
2.585256495059184534e+00
2.584413060560350583e+00
2.583475476152675032e+00
2.583111118584633825e+00
2.582240249797346898e+00
2.581755763299725892e+00
2.580703395134826383e+00
2.580559319637606652e+00
2.579714226957471990e+00
2.578959384977474567e+00
2.578122971357470927e+00
2.577808556878296908e+00
2.576772460925296659e+00
2.576608157555498213e+00
2.575648324268646316e+00
2.575086758850360535e+00
2.574476551778445366e+00
2.573676915610435323e+00
2.573249190673449593e+00
2.571951079449047661e+00
2.571382274488370978e+00
2.570832530009888206e+00
2.570255936138463149e+00
2.569427157856746913e+00
2.568555424796684417e+00
2.567748613746785313e+00
2.567286465743513268e+00
2.566273360505987533e+00
2.565657091898617903e+00
2.565305348821486309e+00
2.564467318302399601e+00
2.563881609795101379e+00
2.563215320267830055e+00
2.562774926915445395e+00
2.562350018563748666e+00
2.561576145108409364e+00
2.560826633081032533e+00
2.560140413088237032e+00
2.559741130233021078e+00
2.559220056249991604e+00
2.558284098697038988e+00
2.557402816537613699e+00
2.557142136461604043e+00
2.556487520484644449e+00
2.555831775156024666e+00
2.555366759805468568e+00
2.554832608785600367e+00
2.554110096344613723e+00
2.553522954142423806e+00
2.552622763623588309e+00
2.552509569393917044e+00
2.551881231197845601e+00
2.551230206904022690e+00
2.550220447201321683e+00
2.550208536927897285e+00
2.549708453455135970e+00
2.549271545324318655e+00
2.548505240595487109e+00
2.547969685847015331e+00
2.547635605660552915e+00
2.546643919470882533e+00
2.546632445057224192e+00
2.545768584071297358e+00
2.545524852500621993e+00
2.544775519647191953e+00
2.544200461160838866e+00
2.544070101517975413e+00
2.543099103868760480e+00
2.542914842308082957e+00
2.542316319682300207e+00
2.541894474826796202e+00
2.540929377172651105e+00
2.540541527897298923e+00
2.539984714012996303e+00
2.539424211216518845e+00
2.538520343335509466e+00
2.538155104447837207e+00
2.537650922122596242e+00
2.536867981211637701e+00
2.536336252603838659e+00
2.535798700650548021e+00
2.535570627475959959e+00
2.534764886828491992e+00
2.533991966952051644e+00
2.533704195303406070e+00
2.533112923671699601e+00
2.532269580712312784e+00
2.532015115130572536e+00
2.531821083311834641e+00
2.531097993350561293e+00
2.530567359619854795e+00
2.529752256952471967e+00
2.529403471679153359e+00
2.529013495160762126e+00
2.528537822068479102e+00
2.527834970400972381e+00
2.527531049062346824e+00
2.527382298224567503e+00
2.526592846787450330e+00
2.526312869337179468e+00
2.526205889260678017e+00
2.525556736539233071e+00
2.524866885312744724e+00
2.524952490364097635e+00
2.524490087453346465e+00
2.524001583821610772e+00
2.523599096408921216e+00
2.523303863837520922e+00
2.523000030727346132e+00
2.522374378287792762e+00
2.522284435392210700e+00
2.522107962924858171e+00
2.521776480149562349e+00
2.521422161178416665e+00
2.520955377272791953e+00
2.520483285900359860e+00
2.519861043594634253e+00
2.519990724631531620e+00
2.519275544768245556e+00
2.518919738923601326e+00
2.518599369431113733e+00
2.518214674612959225e+00
2.517455575817721058e+00
2.517283421231215623e+00
2.517066223517808510e+00
2.516081048979171175e+00
2.515820897858319860e+00
2.515268305202124299e+00
2.515022578614396043e+00
2.514735107670701630e+00
2.514297270676130847e+00
2.513798553313638884e+00
2.513566237249714064e+00
2.512820445969938365e+00
2.512333285677958994e+00
2.511757667326488974e+00
2.511373385348535159e+00
2.511070118105264370e+00
2.510751642826150931e+00
2.509725416612403226e+00
2.509679068054690543e+00
2.509113760942150773e+00
2.508381130516357249e+00
2.508102440427717017e+00
2.507503369979149799e+00
2.506785133242930730e+00
2.506515324220592422e+00
2.506002780231298743e+00
2.505740664192452005e+00
2.505385866692815267e+00
2.504861491399018814e+00
2.504532179939421344e+00
2.504003739673582807e+00
2.503716929830092308e+00
2.502882601889890868e+00
2.502297242877047800e+00
2.501833209932950997e+00
2.501353032876877602e+00
2.500734438328291898e+00
2.500463984046505939e+00
2.500058291740109517e+00
2.499640443399111511e+00
2.498809708617712122e+00
2.498784535526426431e+00
2.498091089455268143e+00
2.497927415592158251e+00
2.497359420639329919e+00
2.497210381403031310e+00
2.496706387184474796e+00
2.496131339035776886e+00
2.495688334067128533e+00
2.494984878205274814e+00
2.494831131047923201e+00
2.494212142843112989e+00
2.493496455807302947e+00
2.493563516275620007e+00
2.492732690562401210e+00
2.492516783121891510e+00
2.492065371263761708e+00
2.491458851864814417e+00
2.490774232683173661e+00
2.490995514050552195e+00
2.490168410639278296e+00
2.490010877927206767e+00
2.489448569120348953e+00
2.489399364399570214e+00
2.488735439908524416e+00
2.488745353532494153e+00
2.487930642968743111e+00
2.487228409953133212e+00
2.486750829189030565e+00
2.486341783099120573e+00
2.485655511162609521e+00
2.485319381673072314e+00
2.484787002604537332e+00
2.484512117513056229e+00
2.484016529095233405e+00
2.483620439792758372e+00
2.483407276283236431e+00
2.482654385908010131e+00
2.482291066395440282e+00
2.482120339970921297e+00
2.481701473292220239e+00
2.481138309152673305e+00
2.480434633685256962e+00
2.480641846788020910e+00
2.479982366380767189e+00
2.479868160605923411e+00
2.478907507842855740e+00
2.478357522582877781e+00
2.477861035754999275e+00
2.477870875540138851e+00
2.477285481128506106e+00
2.476339153406323934e+00
2.475861581551045631e+00
2.475954799805805351e+00
2.475506352502069962e+00
2.475365949602229332e+00
2.474620308704134519e+00
2.474180993520404659e+00
2.473868020231036358e+00
2.473341288762744394e+00
2.473060324861031667e+00
2.472755760045589390e+00
2.472047739269668476e+00
2.472019640013314312e+00
2.471739300256682093e+00
2.471424174024206000e+00
2.470336591817962280e+00
2.469935791053530227e+00
2.469761890869324183e+00
2.469227207525456880e+00
2.468813621152320170e+00
2.467989819878280588e+00
2.467344555303254250e+00
2.467350773416635779e+00
2.466802605171009244e+00
2.465891197482525499e+00
2.465096344984496035e+00
2.464239474899941218e+00
2.463472459662701564e+00
2.462778353186378943e+00
2.462267355753464226e+00
2.461836003286174801e+00
2.461552755724636832e+00
2.460796595626512762e+00
2.460447375036109552e+00
2.459929044148299493e+00
2.459011662117089880e+00
2.458940241542353800e+00
2.458127646407793687e+00
2.457723322348391637e+00
2.457488867541095967e+00
2.456669743660261584e+00
2.456161205454332919e+00
2.455637279129537998e+00
2.455268180072823991e+00
2.454539648561112397e+00
2.454484728534929605e+00
2.453905184975690990e+00
2.453152219436965709e+00
2.452758908540329408e+00
2.452169860203772256e+00
2.451652566562100954e+00
2.451076597925984757e+00
2.450758100821267771e+00
2.450473040388790213e+00
2.450180646070126755e+00
2.449346835811511802e+00
2.448908415807276473e+00
2.448645821489429775e+00
2.448412000518588982e+00
2.447433345786148795e+00
2.446680130367721251e+00
2.447145387221187018e+00
2.446980751743641047e+00
2.446600100867839078e+00
2.445689436942073414e+00
2.445743378702700976e+00
2.444942610663896954e+00
2.444801489543694029e+00
2.444192838979719173e+00
2.444131995784678324e+00
2.443305510665931823e+00
2.443053499832509523e+00
2.442788640115594490e+00
2.442356939821642481e+00
2.441733953742792007e+00
2.441657065326963583e+00
2.440910441218129723e+00
2.440827057756307816e+00
2.440501278579777722e+00
2.440469767885643737e+00
2.439724490235744003e+00
2.439695995864842093e+00
2.439246873107641544e+00
2.439337653076172341e+00
2.438655011556544405e+00
2.438331310878281588e+00
2.437943544075827251e+00
2.437377210540660588e+00
2.436580752777096848e+00
2.436507714846593231e+00
2.436119206330454201e+00
2.435655810597171733e+00
2.435184377309279391e+00
2.435030384557999472e+00
2.434350713758163032e+00
2.434124624425427541e+00
2.433678217058858007e+00
2.433282866230228603e+00
2.432654065674011434e+00
2.432601689999489114e+00
2.432303313189743577e+00
2.431956887467483064e+00
2.431343954166619081e+00
2.430697218721326269e+00
2.430767142494556499e+00
2.430010324535572863e+00
2.429685449365605265e+00
2.429087923053101061e+00
2.428897134015545856e+00
2.428167906430610312e+00
2.428095687638679223e+00
2.427372445489298425e+00
2.426344842076804120e+00
2.425644026545318521e+00
2.425781703689308788e+00
2.424661582690217365e+00
2.424009752240183335e+00
2.423172839834692116e+00
2.423269194034148644e+00
2.422286437284826288e+00
2.421917608295537594e+00
2.421519675698363017e+00
2.420599489654392755e+00
2.420221317752520918e+00
2.419986380130344283e+00
2.418746681266148890e+00
2.418393464314792407e+00
2.418289415115194352e+00
2.417663753049065445e+00
2.416821308317762096e+00
2.416892703080695703e+00
2.415635610265043365e+00
2.414739883011258748e+00
2.415092062170182796e+00
2.413979738251954998e+00
2.414296348875816012e+00
2.412851888455011196e+00
2.412996447290383095e+00
2.412467466969939522e+00
2.412084457544735105e+00
2.411527647239521066e+00
2.411246110205917059e+00
2.411294249379319687e+00
2.410589194064603813e+00
2.409772252339134280e+00
2.409050941015494107e+00
2.409343293801775143e+00
2.408217974104479797e+00
2.407856888492807546e+00
2.407348159210843441e+00
2.407341175939988087e+00
2.406738347067061579e+00
2.406097122518000564e+00
2.405287025556958280e+00
2.405914090845290954e+00
2.404942092237198903e+00
2.404451326357357921e+00
2.402594969241687917e+00
2.402960903924657554e+00
2.402032028700711752e+00
2.401179484458487057e+00
2.399942922167630055e+00
2.399710067963898741e+00
2.398023018836378917e+00
2.396745410888938999e+00
2.395882808833417421e+00
2.396016518648943272e+00
2.394806704177808498e+00
2.393944949063678163e+00
2.393203099786808341e+00
2.392857751280251133e+00
2.391967008987684107e+00
2.391198481332150738e+00
2.390444982115283334e+00
2.389178323185089159e+00
2.389140997055124949e+00
2.388401977060005787e+00
2.387825561792384033e+00
2.388038109945400223e+00
2.386859613621062248e+00
2.386426174993180549e+00
2.385340754452690337e+00
2.385252796510134221e+00
2.384283128705542154e+00
2.384044984332601036e+00
2.383276058774038919e+00
2.382706479374799624e+00
2.381989402608220452e+00
2.381783259808945452e+00
2.381637844931263182e+00
2.380498272128399595e+00
2.379998527300479783e+00
2.379808238132209652e+00
2.378937636944667311e+00
2.378465330685928247e+00
2.378688797938372179e+00
2.377174956518830928e+00
2.376503645679041821e+00
2.376523319867140049e+00
2.375783754870420150e+00
2.375236348252204532e+00
2.374112357346912727e+00
2.373991356658082807e+00
2.373906967351482322e+00
2.373060338810437653e+00
2.372225790416219837e+00
2.372473674681508715e+00
2.371438586146557004e+00
2.370853430151122154e+00
2.370700861261599179e+00
2.369308009619381483e+00
2.368673783327025273e+00
2.368712097320508025e+00
2.367470885187739960e+00
2.366159061878935876e+00
2.366285592595933185e+00
2.365028612459976198e+00
2.364261540533727057e+00
2.363643242596429328e+00
2.363185581277407632e+00
2.362390327907780918e+00
2.361721147833500734e+00
2.360995385355940890e+00
2.359879148916702363e+00
2.359940513408257612e+00
2.358311209421208421e+00
2.357854446516946645e+00
2.357406333631120177e+00
2.356993928795547699e+00
2.356141043945414904e+00
2.356051380316017241e+00
2.355122112636495846e+00
2.354367731974545297e+00
2.354274693925472395e+00
2.353385161509125467e+00
2.353063554565494986e+00
2.352508960040906150e+00
2.351981778748269303e+00
2.351050096370471021e+00
2.350937099481605674e+00
2.349879211578772775e+00
2.349501359304307258e+00
2.349345847308903057e+00
2.348713859256153835e+00
2.348601958659018329e+00
2.347707845587641007e+00
2.347254207853106678e+00
2.346205559409495489e+00
2.345692618807810437e+00
2.345481935311662713e+00
2.344653724215763013e+00
2.344515515119470539e+00
2.343879539005931711e+00
2.343555273155256025e+00
2.343413970229430543e+00
2.342241969926651457e+00
2.342029552992231256e+00
2.341555557408370181e+00
2.341183648183187582e+00
2.341094633004529246e+00
2.339974083966892771e+00
2.339495656148110836e+00
2.339357664847539819e+00
2.338453386686197177e+00
2.338289428500821554e+00
2.338008309968469867e+00
2.337339085785047121e+00
2.336979868511619873e+00
2.336232447393411515e+00
2.335461410369270574e+00
2.335486660031711459e+00
2.334868196193032208e+00
2.334165786697067979e+00
2.334353030940918838e+00
2.333334098980024862e+00
2.333332319026258705e+00
2.332697981871330484e+00
2.332178730810125167e+00
2.331063646217720997e+00
2.331785415452498622e+00
2.331176315676461108e+00
2.329785436122029374e+00
2.330457974682271338e+00
2.329836621744753256e+00
2.328611833307269396e+00
2.328989061792572368e+00
2.329111351523112550e+00
2.327531061788041367e+00
2.327705954036653146e+00
2.327417300553679791e+00
2.326760879117904857e+00
2.326584686769221921e+00
2.325608948972128776e+00
2.325842943929206985e+00
2.325256199672939506e+00
2.325148945669150535e+00
2.324131862378701285e+00
2.324425518867981655e+00
2.323353766114971020e+00
2.322956320463238189e+00
2.323580665652821065e+00
2.322640573294444177e+00
2.321930791008595119e+00
2.321722437086004565e+00
2.321490687427138155e+00
2.320586076153179800e+00
2.320784867189773504e+00
2.320398182370087437e+00
2.319976409553648811e+00
2.319316988750940389e+00
2.319629796410540568e+00
2.318332599160713325e+00
2.318488005787227468e+00
2.317981288775109672e+00
2.317401413747766092e+00
2.317336336576338862e+00
2.316885284534996092e+00
2.316382119446644960e+00
2.316222417639629771e+00
2.316345837658757123e+00
2.315641484185524401e+00
2.315284171794583123e+00
2.314976525656403883e+00
2.314504505641547194e+00
2.314101868267081752e+00
2.313789670244387420e+00
2.313473439147414101e+00
2.312682525102202735e+00
2.312990303582944218e+00
2.312287341697512044e+00
2.312041876178581479e+00
2.311645966371945526e+00
2.311418570202902423e+00
2.311511512345492125e+00
2.310586236783201741e+00
2.310493241018196642e+00
2.310355793651230893e+00
2.309732221957558007e+00
2.309253786501892503e+00
2.309155589071445913e+00
2.308532884278339026e+00
2.307638733816463006e+00
2.308308449707609622e+00
2.307624225392885808e+00
2.307237681883353542e+00
2.307066572021869710e+00
2.306316530281824040e+00
2.306025182455200717e+00
2.306428359093475766e+00
2.305320190219669829e+00
2.305266265545662829e+00
2.305012763288765143e+00
2.304558468172153596e+00
2.304393252055228825e+00
2.303866025930766614e+00
2.303165757535345914e+00
2.303431744256118741e+00
2.302324080934553763e+00
2.302630194777953498e+00
2.302162979103543172e+00
2.301038165831505111e+00
2.301813997676579682e+00
2.300966566793908985e+00
2.300634745184491070e+00
2.300725161220304571e+00
2.300382111684942110e+00
2.299649310516345135e+00
2.300053745547268935e+00
2.299122248351934239e+00
2.299187348287905497e+00
2.298990000742274997e+00
2.298584393180872265e+00
2.297968652672139456e+00
2.298480316067120999e+00
2.297881871272826171e+00
2.296842049553054821e+00
2.297571783854615468e+00
2.296829054648511725e+00
2.296306445502584115e+00
2.296216007125944092e+00
2.296448423031574038e+00
2.295683007967620259e+00
2.295365353632449867e+00
2.295749648082193062e+00
2.295372462918783274e+00
2.294763410528552594e+00
2.295114391739920823e+00
2.294350207752132942e+00
2.294189467648878100e+00
2.294119506454776580e+00
2.293337662816151035e+00
2.293422681057327939e+00
2.293118566247584145e+00
2.292768230300494370e+00
2.292498038150708961e+00
2.292601608339712715e+00
2.292221418048364434e+00
2.291479574118376661e+00
2.291951150914587565e+00
2.290903873302063687e+00
2.290954196556011624e+00
2.290680182006320731e+00
2.290318222048642660e+00
2.290084990085690109e+00
2.289487779299831161e+00
2.289356489630718361e+00
2.289479416021709124e+00
2.288731777987002669e+00
2.288582435782832381e+00
2.287999618459927387e+00
2.288401188886626247e+00
2.287522513023411808e+00
2.286887507537890496e+00
2.287526716048881692e+00
2.286974588715341650e+00
2.286643957458148080e+00
2.286113559122417982e+00
2.285927219023388801e+00
2.286215375227325097e+00
2.285354398363729000e+00
2.285187125466330293e+00
2.284761889106827315e+00
2.284536562430033335e+00
2.284284968377101155e+00
2.283702992014331468e+00
2.283636221594106619e+00
2.283331526634874820e+00
2.283333368372395533e+00
2.283070746719026101e+00
2.282930165719303073e+00
2.283126005108793155e+00
2.281645145183313073e+00
2.282484909071074153e+00
2.281423542326326270e+00
2.280675682623208633e+00
2.281762867801307770e+00
2.280149694183095210e+00
2.280210185499990327e+00
2.279854548867477071e+00
2.279358285771652337e+00
2.279665756254394715e+00
2.278963213941197274e+00
2.279701155134963297e+00
2.279053268165993185e+00
2.278507119060194430e+00
2.278615233694139874e+00
2.278267827411760482e+00
2.277885240533065847e+00
2.277448072933276446e+00
2.277516397098484635e+00
2.277534983898587662e+00
2.276958380535119897e+00
2.276437121961295773e+00
2.277168653902954532e+00
2.276222472622802417e+00
2.276271093939459256e+00
2.275783396934476066e+00
2.276057955270822664e+00
2.275060647931293811e+00
2.275367427774570128e+00
2.274909509097838178e+00
2.275361193907264212e+00
2.274416401488573936e+00
2.273796366589357021e+00
2.274167755812618097e+00
2.274014465900004556e+00
2.273639886650858255e+00
2.274103533935966759e+00
2.272673544040297422e+00
2.273191139067322730e+00
2.273087113107767454e+00
2.272270299686804496e+00
2.272120770389962185e+00
2.272319278806499643e+00
2.271878628827903590e+00
2.271706706881736704e+00
2.271507296859028191e+00
2.271308696101302704e+00
2.271193939909644133e+00
2.270779703181532660e+00
2.270283336104217842e+00
2.269653513437257519e+00
2.270113232372010792e+00
2.270182072051035060e+00
2.269491183876966467e+00
2.268934980824870884e+00
2.268567642852799437e+00
2.269230803120867446e+00
2.268601135413865766e+00
2.268676691469207807e+00
2.268488133266063134e+00
2.267233476592921626e+00
2.267687015516716365e+00
2.267207564826644983e+00
2.267256978287083946e+00
2.266939951247400220e+00
2.266496612459034221e+00
2.266157490619328474e+00
2.266679968471732476e+00
2.265484562114616907e+00
2.265488662125981545e+00
2.264804285561954345e+00
2.264991471199121253e+00
2.265013633031861318e+00
2.264801873852466230e+00
2.264723143511234937e+00
2.264145492580540431e+00
2.263753556416985280e+00
2.263121410102581166e+00
2.263200745329948749e+00
2.263225230452396097e+00
2.262994566006232500e+00
2.262747367402772269e+00
2.261721414108060824e+00
2.262930633983741391e+00
2.262200694408422308e+00
2.261620706425972127e+00
2.262156057455324998e+00
2.261236759648489691e+00
2.260474371467261268e+00
2.261044066714368306e+00
2.261213334302108358e+00
2.260352171301881707e+00
2.260172567029335777e+00
2.259985358813294543e+00
2.259564619602662194e+00
2.259521293839917178e+00
2.259658131295907424e+00
2.258749645642898596e+00
2.258802349341822779e+00
2.258867245005775182e+00
2.259063726436179920e+00
2.258406869114237381e+00
2.258189649680722777e+00
2.257307164706972902e+00
2.258208471880427393e+00
2.257251086020483744e+00
2.256833880586257557e+00
2.257203419095845209e+00
2.256612692223754379e+00
2.256402406596644372e+00
2.255589066895593131e+00
2.255838511555715797e+00
2.255552051295735438e+00
2.256092717996475372e+00
2.255547924538950699e+00
2.255138695110170399e+00
2.254912039735299079e+00
2.254711587420957564e+00
2.254489244409310977e+00
2.254204760326464108e+00
2.254310506370877487e+00
2.253695402482319476e+00
2.253866906520576752e+00
2.253469164919223111e+00
2.253422765390485250e+00
2.252552316118032305e+00
2.252991299790150670e+00
2.252476164537513537e+00
2.253164632676716739e+00
2.252324554305648263e+00
2.251998828220844739e+00
2.251868936977152291e+00
2.251927364124715503e+00
2.251731341369708428e+00
2.251136153735898482e+00
2.251697694017014140e+00
2.250983826719829661e+00
2.250878725306086015e+00
2.250336690732551492e+00
2.251095505527076046e+00
2.250337180564193407e+00
2.249719985784946363e+00
2.249852940190514961e+00
2.249474612175506483e+00
2.249268699619704659e+00
2.249643957939964078e+00
2.249760292549848550e+00
2.248927004186926926e+00
2.248861080910058430e+00
2.248982250428172680e+00
2.248164392239752729e+00
2.247644936572062324e+00
2.248240040197045264e+00
2.247798384265310201e+00
2.247372782832493865e+00
2.247196264936044408e+00
2.246809612948844848e+00
2.247286283333381984e+00
2.247309459615401739e+00
2.246552135797192928e+00
2.245951164072043760e+00
2.246161305428052035e+00
2.245853187501521298e+00
2.245797201750459493e+00
2.245316015424418499e+00
2.245316409336811425e+00
2.245278642621093557e+00
2.244510055006114779e+00
2.244431952902638638e+00
2.244620174831410964e+00
2.243812838707273549e+00
2.243819993353557418e+00
2.243896486251858668e+00
2.242940347241043852e+00
2.242795213485119454e+00
2.242896746083794746e+00
2.242150110794115303e+00
2.242344242229826090e+00
2.241547099935010223e+00
2.241299245942691698e+00
2.241179271227226266e+00
2.241313441477960744e+00
2.240578692858089305e+00
2.240892855242675896e+00
2.240330015975979361e+00
2.240380531578066492e+00
2.240409976492551802e+00
2.239153998591700390e+00
2.239648909512328423e+00
2.239426581015067974e+00
2.239145703353015104e+00
2.238560025971176426e+00
2.238661282892540516e+00
2.238274476543397284e+00
2.237951591165189047e+00
2.238265103892462360e+00
2.237297404006629797e+00
2.237595901036844914e+00
2.236752407557526023e+00
2.236654400016451216e+00
2.236459391759185511e+00
2.236653836930654116e+00
2.235647053822416463e+00
2.236206755241193722e+00
2.235688027577606540e+00
2.235156457826460663e+00
2.235557837918736634e+00
2.234629042684327160e+00
2.234819980909333648e+00
2.234028019554016975e+00
2.233647200970568125e+00
2.233733497119324785e+00
2.232825342602926089e+00
2.233084605885282681e+00
2.232192441646509540e+00
2.231084625601147398e+00
2.231860989509742321e+00
2.230913126334579832e+00
2.230408552066188488e+00
2.229231538890231068e+00
2.229695590789518178e+00
2.228886917035428628e+00
2.228091015757746263e+00
2.227212376417067485e+00
2.226961740445155602e+00
2.225968764773728292e+00
2.225123632770468429e+00
2.225126977684011464e+00
2.224338981598793286e+00
2.223714186929194536e+00
2.223625943002456751e+00
2.223116253968722589e+00
2.223950433086177458e+00
2.222620682332819175e+00
2.223451560553503459e+00
2.223051995443454221e+00
2.222111746323675252e+00
2.222982423044241429e+00
2.222031937193505780e+00
2.221802568584680948e+00
2.221556450758996437e+00
2.221214055094642426e+00
2.221341851346463780e+00
2.220682712409969728e+00
2.220080487432289029e+00
2.220268143573321140e+00
2.220339927629299659e+00
2.219855466631440510e+00
2.219848390393436954e+00
2.219234164812829313e+00
2.218927096323800807e+00
2.219086747164079387e+00
2.219100500732736236e+00
2.218582890325095480e+00
2.217873804236139890e+00
2.218516718838318358e+00
2.217546938917500210e+00
2.217756297114011677e+00
2.217336434676330903e+00
2.216850738766350304e+00
2.217304609282404027e+00
2.216464016782955238e+00
2.216009256601363386e+00
2.216499895006556198e+00
2.215689058560552649e+00
2.215015288555628015e+00
2.215414120736020731e+00
2.214830786550691322e+00
2.214657215331812257e+00
2.214798399598869594e+00
2.213880524003317252e+00
2.214255054347413321e+00
2.213509272136762629e+00
2.213445799063954667e+00
2.212693789664443855e+00
2.212583397189902268e+00
2.212323728376949905e+00
2.212231047667097439e+00
2.212000393815293897e+00
2.211690584047249608e+00
2.211794605902833055e+00
2.211051309757493311e+00
2.211064082142580656e+00
2.210668476996758613e+00
2.210293370517948830e+00
2.210001054984823465e+00
2.209978883519262638e+00
2.209026329474442996e+00
2.209057896920532116e+00
2.208256041149678772e+00
2.208431933156298932e+00
2.208111366811250864e+00
2.207854246836176593e+00
2.207343379594875366e+00
2.207570241852371939e+00
2.207395026337169330e+00
2.206985661752413286e+00
2.206520493760710355e+00
2.206637455881629517e+00
2.206204434430156791e+00
2.206072445011023841e+00
2.205804431245002029e+00
2.205949484499912572e+00
2.205349341770345362e+00
2.204952840873200426e+00
2.204963526949803576e+00
2.205014517127258156e+00
2.204700871910147963e+00
2.204228984841375638e+00
2.204378397260238653e+00
2.204114286672199885e+00
2.203554893315913699e+00
2.203917661248755877e+00
2.203148339828651547e+00
2.202891888338403881e+00
2.202716394773152064e+00
2.202522547052927937e+00
2.202447559397124888e+00
2.202576889159635787e+00
2.201698719078527322e+00
2.201736069337016044e+00
2.201068400073748599e+00
2.201162133697163181e+00
2.201625505111497905e+00
2.200592889953473019e+00
2.200774567597934439e+00
2.200220790464783249e+00
2.200036329515109745e+00
2.200304827635124028e+00
2.199991323295372947e+00
2.199249188319283732e+00
2.199455719123978970e+00
2.199180813133648549e+00
2.198885786242129381e+00
2.198051742772193506e+00
2.198522874642647285e+00
2.199056357175103837e+00
2.198072016755209912e+00
2.197712114388456595e+00
2.197832770301618943e+00
2.197119170876669081e+00
2.197740888354576594e+00
2.197017187201771637e+00
2.197105073418346155e+00
2.196563794568218153e+00
2.196175199261152233e+00
2.195581494463437977e+00
2.196412775137576379e+00
2.195677798097984024e+00
2.195723593410208174e+00
2.194883721876276894e+00
2.194971607937941993e+00
2.195394757828160959e+00
2.195418877628418475e+00
2.194682547531636718e+00
2.194564908255407509e+00
2.193775498105041688e+00
2.194213294965372985e+00
2.194906344108206842e+00
2.194040104100409838e+00
2.194211101217056203e+00
2.193283152588411333e+00
2.193191474002316177e+00
2.193734202027524116e+00
2.192904478833124227e+00
2.192541485258421297e+00
2.191770702234356438e+00
2.192175983635446190e+00
2.192186075938515444e+00
2.191838535414782463e+00
2.191751300412240866e+00
2.190982689395941208e+00
2.191294665048411527e+00
2.190931032747281293e+00
2.190187888182122844e+00
2.191137059583593061e+00
2.190370335988929718e+00
2.189126759036354120e+00
2.189846048151240065e+00
2.189551482749938938e+00
2.189254712193362540e+00
2.188861949408107410e+00
2.188348399581418136e+00
2.188434786346138861e+00
2.187762217752205363e+00
2.187880870993177851e+00
2.188454103049519706e+00
2.187731192376773937e+00
2.187765597512464133e+00
2.187752902032444435e+00
2.187224662324109836e+00
2.187263166677930304e+00
2.186987716959849060e+00
2.186675307127191825e+00
2.186026855812229552e+00
2.185795240422694352e+00
2.186206712794567242e+00
2.184980579294194758e+00
2.185886089391248621e+00
2.185890412056970877e+00
2.185223936963230695e+00
2.185427154813433415e+00
2.184014326149962049e+00
2.184630303650444194e+00
2.184629000313479619e+00
2.184720702825072358e+00
2.183921051964028859e+00
2.183516697253209848e+00
2.184367521557208036e+00
2.183879583131349111e+00
2.183487836627888701e+00
2.183284928847521122e+00
2.183614107464397325e+00
2.181506031951766733e+00
2.182852398086112977e+00
2.183177529268678807e+00
2.182227437277153737e+00
2.182525999307623810e+00
2.180941259642408259e+00
2.181080790631159338e+00
2.182182227173699474e+00
2.180986292470728838e+00
2.180790513929963925e+00
2.180888526052982446e+00
2.180246121506675738e+00
2.180228712799690882e+00
2.180157110069966375e+00
2.179991374659976167e+00
2.179999620937674187e+00
2.178746237755098569e+00
2.179992365645461394e+00
2.179221849450358572e+00
2.178825557344572506e+00
2.179149382446968541e+00
2.178590132910150690e+00
2.178863707588854837e+00
2.176776509573257190e+00
2.178660891398435773e+00
2.177966489331151667e+00
2.177911462049463065e+00
2.177684381507449807e+00
2.177399238722793839e+00
2.176860850167148254e+00
2.176622441580885248e+00
2.176560931320491221e+00
2.176758769869196364e+00
2.176522163440574698e+00
2.176180424534992941e+00
2.176071138390559767e+00
2.176067836358571039e+00
2.175387399496309548e+00
2.176153718912264612e+00
2.175433160918941233e+00
2.175428496620213981e+00
2.175479451694720012e+00
2.174947569904257083e+00
2.174373761284182915e+00
2.174573024425289436e+00
2.173314914693835309e+00
2.174351614399083754e+00
2.173867815542096960e+00
2.173138098266135021e+00
2.172410221376769979e+00
2.172753784627197593e+00
2.172860426124205713e+00
2.172812801560185303e+00
2.172705478635934551e+00
2.171787871758123156e+00
2.172061464215044868e+00
2.171672596002351963e+00
2.171889745715588127e+00
2.171050127337908808e+00
2.171551781606767317e+00
2.171719013446459456e+00
2.170972055655897570e+00
2.171132148638656112e+00
2.170021094197744471e+00
2.170896972330819352e+00
2.170215326467985317e+00
2.170226451345373508e+00
2.169958201020869115e+00
2.170583898654353305e+00
2.169796179789952983e+00
2.169730461993924830e+00
2.169692485825932327e+00
2.169421905899272307e+00
2.169084503625022364e+00
2.168882368619654777e+00
2.168070882849805425e+00
2.168330716852703510e+00
2.168962346394273322e+00
2.168211887860671983e+00
2.168678167580871285e+00
2.166837030644579443e+00
2.168125946070426746e+00
2.168086724260991804e+00
2.167442603711860372e+00
2.167410116403833964e+00
2.167326079900119051e+00
2.166799854762456956e+00
2.167703364862922921e+00
2.166389008188938536e+00
2.167155385389663014e+00
2.166678476072584569e+00
2.166276516632942517e+00
2.166438224180774252e+00
2.165620463789260874e+00
2.166817101357297215e+00
2.166026972250826521e+00
2.166070551066482164e+00
2.165798687064397487e+00
2.165419686383722730e+00
2.164912810321499403e+00
2.165251302521445265e+00
2.165065885020347469e+00
2.164981036911700407e+00
2.164883263793503598e+00
2.164399033719623500e+00
2.164366889399895300e+00
2.163041945360576257e+00
2.164309071784874750e+00
2.163294298375709079e+00
2.162813534696402140e+00
2.163360809413001018e+00
2.163042883424695528e+00
2.162514838702473963e+00
2.161964362091867375e+00
2.162485991847018951e+00
2.162593201767912365e+00
2.162447696720170676e+00
2.161653170133387203e+00
2.162368048138165744e+00
2.161870450118355880e+00
2.162051394444377550e+00
2.161781447899577380e+00
2.161388132466295353e+00
2.162104031516990155e+00
2.161309765623585566e+00
2.161380099918180697e+00
2.160840879684009064e+00
2.160794838213591085e+00
2.161258350313643106e+00
2.160525166468048042e+00
2.160256402871465031e+00
2.160672543855442385e+00
2.160465992616834363e+00
2.160241693880042835e+00
2.158770072157153219e+00
2.160219631997453593e+00
2.160257601451813780e+00
2.159607230115274223e+00
2.159443672499021805e+00
2.159312058410296498e+00
2.159355144009845962e+00
2.158968995848224992e+00
2.158816434743170642e+00
2.158821421562494347e+00
2.158633125727796198e+00
2.158737823409308199e+00
2.158051076355747888e+00
2.158160315697461140e+00
2.158380810721634457e+00
2.158085390795519753e+00
2.157321966536795088e+00
2.158176600897428798e+00
2.157835278162992143e+00
2.157678906434035593e+00
2.156682121582801148e+00
2.157183126392456796e+00
2.157383717919933996e+00
2.157067468030364754e+00
2.156778512304739603e+00
2.156749957538418361e+00
2.156898541004918179e+00
2.156812475871742407e+00
2.156009561974287170e+00
2.155805362219424648e+00
2.156185696032497656e+00
2.156084358104676912e+00
2.155816836461202701e+00
2.155974699951476836e+00
2.155844400072527201e+00
2.155179223741829020e+00
2.155455687367084927e+00
2.155609861730363175e+00
2.154851608476199498e+00
2.154869384899003038e+00
2.154447685168954685e+00
2.155062930780729857e+00
2.154234728196532611e+00
2.155385641788346351e+00
2.154525936325830227e+00
2.154330351548904510e+00
2.153911228171807135e+00
2.153493674011420111e+00
2.154095544077420765e+00
2.153486256571234492e+00
2.153930642974891452e+00
2.152623637318131333e+00
2.153286848488233485e+00
2.153278667603404362e+00
2.153031383375406893e+00
2.153083652191309483e+00
2.153067376205627159e+00
2.152192163423621185e+00
2.152543942579003389e+00
2.152086362290414723e+00
2.151923590982293355e+00
2.151559743559715798e+00
2.151153137339686161e+00
2.151421749544403905e+00
2.151589019104372280e+00
2.150974973792194600e+00
2.151178708189813715e+00
2.150287047267067653e+00
2.151490935146570749e+00
2.150951857885874396e+00
2.150052651540150794e+00
2.150433817346909304e+00
2.149459849104957687e+00
2.150375680959395908e+00
2.149536830934047682e+00
2.149274591664239953e+00
2.148956384888062399e+00
2.149421738515846947e+00
2.149220923082810319e+00
2.149248847590890854e+00
2.148852952061972577e+00
2.148483897688032052e+00
2.148607350153960649e+00
2.147578801530287240e+00
2.148391101358159805e+00
2.147368416922414980e+00
2.147782982661605278e+00
2.147723235278399478e+00
2.148217289997077284e+00
2.147475539376594966e+00
2.147405466743843583e+00
2.146299846907154585e+00
2.147780169312907272e+00
2.146619133548735459e+00
2.146950179358317445e+00
2.146437324280334291e+00
2.146965806682788802e+00
2.145321719243124203e+00
2.146335449200988510e+00
2.146409792705913144e+00
2.145806535591139319e+00
2.145908900312194056e+00
2.145042668272365116e+00
2.145555483387136420e+00
2.146296228761952474e+00
2.145366959929039030e+00
2.145490217852372261e+00
2.145461695201195784e+00
2.145279934963697510e+00
2.144237413437018791e+00
2.144475899795316831e+00
2.145250339210246882e+00
2.145105536584464456e+00
2.143969571528962614e+00
2.143939054711839542e+00
2.144119886592969149e+00
2.144257521700514868e+00
2.144042176157946678e+00
2.143147755867143456e+00
2.143464616305844839e+00
2.143687115904832741e+00
2.143272154685083919e+00
2.143656016774424966e+00
2.142978834688327616e+00
2.142364632912633571e+00
2.142351421811903300e+00
2.143011411097329066e+00
2.142199893980155423e+00
2.142632707331111330e+00
2.141992178390619728e+00
2.142546790209773899e+00
2.141192491774916551e+00
2.141924233285296353e+00
2.142036612750644053e+00
2.141833349257359131e+00
2.141219958559510417e+00
2.141295100303463261e+00
2.141855274957144228e+00
2.141518667436242307e+00
2.141129322577290051e+00
2.141354340291831804e+00
2.140588892006084265e+00
2.141354655220919501e+00
2.140468512224497299e+00
2.140135538061799014e+00
2.140457880677098856e+00
2.140430345125422296e+00
2.140348232250652405e+00
2.140279496401090942e+00
2.138732435899162621e+00
2.140453246103026785e+00
2.139620975849477524e+00
2.138995645757648667e+00
2.139366701771366674e+00
2.139833033635905934e+00
2.139192178473833472e+00
2.139088642642400728e+00
2.138899975585818236e+00
2.137747797377320680e+00
2.138963397028688096e+00
2.138988513173012862e+00
2.137973195688269268e+00
2.138651436879373424e+00
2.138578183267493049e+00
2.138179646452468941e+00
2.138048099785041956e+00
2.137789379034786830e+00
2.137508192909028715e+00
2.137682525343791884e+00
2.138011333475353659e+00
2.136615632901824657e+00
2.137593660095344017e+00
2.137304149144799492e+00
2.136907952279427203e+00
2.136477941105479506e+00
2.137299718457162712e+00
2.137242286664148061e+00
2.136739022249725117e+00
2.135736656564641844e+00
2.136079686599675842e+00
2.136543692347988355e+00
2.135822265068644032e+00
2.135860068714498627e+00
2.135309412290247622e+00
2.135297828782990681e+00
2.135581110413885320e+00
2.135677329535455637e+00
2.134851547697955709e+00
2.134827422444604661e+00
2.136107531757956313e+00
2.134951327465864690e+00
2.134152401172543456e+00
2.134925657177516367e+00
2.134415448812684524e+00
2.134572724000492805e+00
2.134300694482570204e+00
2.133535681676970164e+00
2.134082139973857650e+00
2.133943305023655146e+00
2.133263609924597404e+00
2.133664266894258255e+00
2.133315684959860459e+00
2.133151675445942086e+00
2.133504872136924746e+00
2.132898331092990318e+00
2.132103105740090765e+00
2.133232238082036769e+00
2.132152153768088088e+00
2.131813831081573518e+00
2.132344127832781933e+00
2.132977345491683163e+00
2.130779210086156006e+00
2.131927175919584361e+00
2.132836269898158221e+00
2.131371525240855380e+00
2.132373506980221656e+00
2.132135443228090121e+00
2.130594481221439018e+00
2.132064005916063376e+00
2.131306939912176457e+00
2.131197891006231693e+00
2.131043976393282247e+00
2.131117690196076442e+00
2.131405676087816836e+00
2.131561799481396235e+00
2.130777491803840018e+00
2.130080566667817088e+00
2.130921812633291612e+00
2.130099993606096032e+00
2.130298416738793499e+00
2.129544305418145544e+00
2.130249437976772242e+00
2.130132517038762163e+00
2.129488087696142173e+00
2.130058310247417541e+00
2.129561398508217351e+00
2.128893197356649836e+00
2.129917393752047250e+00
2.128933822289341027e+00
2.128829838027831212e+00
2.129118497503962093e+00
2.128866867752922776e+00
2.128309481606084130e+00
2.129265508402207630e+00
2.128332407143811889e+00
2.129071993906320071e+00
2.127931112235490030e+00
2.128298314367196742e+00
2.128465693232691525e+00
2.128190818261306294e+00
2.127667083923529656e+00
2.127787864863745160e+00
2.128245320942534047e+00
2.127754782304162262e+00
2.127596000533184206e+00
2.127665739530868905e+00
2.127198805275515525e+00
2.127564275986967957e+00
2.127050401256480594e+00
2.127382524844640077e+00
2.127136362732812369e+00
2.126534427988593823e+00
2.126982061474519625e+00
2.126757014108414889e+00
2.126621688732250881e+00
2.126135898543707103e+00
2.126875382065696929e+00
2.125962832268493141e+00
2.126729180611428571e+00
2.125837764983267153e+00
2.126046532060635652e+00
2.126050578008120251e+00
2.125484103293489024e+00
2.125512617147562011e+00
2.125475234579984996e+00
2.125276487204540654e+00
2.125457891394525678e+00
2.124483204860051710e+00
2.125217795020158729e+00
2.124930796864852756e+00
2.124575514036765700e+00
2.124916014555362498e+00
2.124761393536031218e+00
2.124316073017427531e+00
2.124876683344735451e+00
2.124959572679833375e+00
2.123587678904426124e+00
2.124660003561723798e+00
2.124089063652701448e+00
2.124228395641465816e+00
2.123720499227313319e+00
2.124212809495225951e+00
2.123753206971890961e+00
2.123980084702479232e+00
2.123576332707326486e+00
2.123160456212730196e+00
2.123616443409719334e+00
2.122467921155883008e+00
2.122818136663237709e+00
2.123253798596915765e+00
2.122196863558503122e+00
2.123035208848610633e+00
2.122712689081148962e+00
2.122572036460174782e+00
2.122820907017522796e+00
2.122071194941407501e+00
2.122660319107473104e+00
2.122392453604347917e+00
2.122094500745343559e+00
2.122003643496372938e+00
2.122237430638008515e+00
2.121455060936532799e+00
2.121581869306335300e+00
2.121424028595037203e+00
2.121762418809389761e+00
2.121425953032252121e+00
2.121079008869539262e+00
2.121087908249104093e+00
2.120431153777798006e+00
2.120374288083958003e+00
2.120971782997184807e+00
2.120862564459432331e+00
2.120074178137571597e+00
2.120508060899108482e+00
2.120261009719880185e+00
2.119132048136527668e+00
2.119973567699040995e+00
2.119170192136446307e+00
2.119791414115179684e+00
2.119287552487446824e+00
2.119045343106465751e+00
2.119307673150508720e+00
2.119105711320225627e+00
2.119078298269141403e+00
2.118977154899808202e+00
2.118727255328320069e+00
2.118891843295386490e+00
2.118287083854899500e+00
2.118372860055330431e+00
2.117968582275194134e+00
2.117905937340487821e+00
2.118354964132380669e+00
2.118354396954623464e+00
2.117610070140378387e+00
2.117602535428119825e+00
2.117686250615546051e+00
2.117372512557996966e+00
2.117783694269475436e+00
2.117617788131598733e+00
2.116901256026373357e+00
2.117342325195493036e+00
2.117176503630971762e+00
2.116732399504654527e+00
2.117149737410060961e+00
2.116992600293808646e+00
2.116490144307455079e+00
2.116652704480423086e+00
2.116629586898026272e+00
2.116046943367654087e+00
2.116334159988580765e+00
2.116114337518374189e+00
2.115812162172382660e+00
2.116212236274408909e+00
2.116099537346361803e+00
2.115732541836683467e+00
2.115739832061901193e+00
