3.838181469498986758e+02
1.158406935818674697e+02
9.293388474574373959e+01
8.210229754122109114e+01
7.115245360644946970e+01
5.583251065233704935e+01
3.378319040268015527e+01
1.433737481550786974e+01
6.658653838850795204e+00
5.129410486740154873e+00
4.591367335097310765e+00
4.201435330151036318e+00
3.868478274751554924e+00
3.566523345123834066e+00
3.298946973089112333e+00
3.047848980585593726e+00
2.805670730001270652e+00
2.582445998417803423e+00
2.376501937015810473e+00
2.188891278393417128e+00
2.020160123922720263e+00
1.883412128611421599e+00
1.773024803065243127e+00
1.686172309410733705e+00
1.615199200365375454e+00
1.557372779774777394e+00
1.510342049719863633e+00
1.467519404302879193e+00
1.430138045776249811e+00
1.395106637801543981e+00
1.363401259235485163e+00
1.332731277439034523e+00
1.306278069274890319e+00
1.280689281651324896e+00
1.258737793870216004e+00
1.238006403697330837e+00
1.219132388744587736e+00
1.201634997386788140e+00
1.183589109131151007e+00
1.167900696985437969e+00
1.150729941204901685e+00
1.135113031729497957e+00
1.119909775879304847e+00
1.104873733938008806e+00
1.092929975163819956e+00
1.079135784453951086e+00
1.066195084714428587e+00
1.052116266973205816e+00
1.040021311214309518e+00
1.026306576444322882e+00
1.015620370599108258e+00
1.000283883787643324e+00
9.916791429046879491e-01
9.795945852437776269e-01
9.702045255086336750e-01
9.600084595475588678e-01
9.490262019281501260e-01
9.410117806055130485e-01
9.311471755449733934e-01
9.211745295712238102e-01
9.144532999831485043e-01
9.060764962670085909e-01
8.966521484959025790e-01
8.905772119648025509e-01
8.844372473886727981e-01
8.768273895187382871e-01
8.713824032961792199e-01
8.630792695413199711e-01
8.553005313998226500e-01
8.483424481993139254e-01
8.407720746511855303e-01
8.353404564431848867e-01
8.283681218193068574e-01
8.217863690700069057e-01
8.154616630107572872e-01
8.105121393735705837e-01
8.029445268288416537e-01
7.964479255192271623e-01
7.895675081557347319e-01
7.847654872275966476e-01
7.790112603103044320e-01
7.744519425080708119e-01
7.675637614382284646e-01
7.640691066126058528e-01
7.583526437372437590e-01
7.530582231798113035e-01
7.468413115046232953e-01
7.424982610031060082e-01
7.388901713743684097e-01
7.353438766545882244e-01
7.296864225837887963e-01
7.271874406933688251e-01
7.219546638966599650e-01
7.157417935168308709e-01
7.140489913144000278e-01
7.098555327499384004e-01
7.055802711083883905e-01
7.020342243134427562e-01
6.989465570267291428e-01
6.930621071185470994e-01
6.895240705682538218e-01
6.869276446321336271e-01
6.813080551012702379e-01
6.788188048446420764e-01
6.762918944982950764e-01
6.718174392966470565e-01
6.669663732845595439e-01
6.633691450888540286e-01
6.599547067889514063e-01
6.558819700714089151e-01
6.532538180011883133e-01
6.489485169264854747e-01
6.430856415538530602e-01
6.425077443334531457e-01
6.383822642115192236e-01
6.342494220841378150e-01
6.316434926168382757e-01
6.265686230227036635e-01
6.266276840406811433e-01
6.203576696990541484e-01
6.195287907034890962e-01
6.148687099474238194e-01
6.126395126290477000e-01
6.091173054099919826e-01
6.055488520749953141e-01
6.053345135074299499e-01
6.008211943353338746e-01
5.982420693715265747e-01
5.936634018379109978e-01
5.929785592086594948e-01
5.890494451602470427e-01
5.881705575417187637e-01
5.838391327620442439e-01
5.810819776377905699e-01
5.787172279739710712e-01
5.758958295171607844e-01
5.754389517835207801e-01
5.701150110803450133e-01
5.687486487440760463e-01
5.652884921885884539e-01
5.658185603501275640e-01
5.607206329563622083e-01
5.596310863990169304e-01
5.582568573493670305e-01
5.538485810189541780e-01
5.546799033979638027e-01
5.475894408379879952e-01
5.461578889119348412e-01
5.477385575071390678e-01
5.422397980309400234e-01
5.409517435032896726e-01
5.410837928363981808e-01
5.333809343455920837e-01
5.330124823585917770e-01
5.333913407857501232e-01
5.296468740401795161e-01
5.289626408358165666e-01
5.218864683255808323e-01
5.243451907696461411e-01
5.197229153573339477e-01
5.168761145701409321e-01
5.157704410599507350e-01
5.133118410958771305e-01
5.131964625767740928e-01
5.079843262185785857e-01
5.101544661949833914e-01
5.031302967560713491e-01
5.013308911208974594e-01
5.027998202851903242e-01
4.976365982291999779e-01
4.973898810125734760e-01
4.932884767520368530e-01
4.964259752696706385e-01
4.916351982283677091e-01
4.905807980302218652e-01
4.859448671954273991e-01
4.891204912766409785e-01
4.843528705172604476e-01
4.836736014263522399e-01
4.817958614661548289e-01
4.789111472268838821e-01
4.807286756986122178e-01
4.757824896667583459e-01
4.758082483896685644e-01
4.750219333674625122e-01
4.710910398212824202e-01
4.707866436839331370e-01
4.699069529234549125e-01
4.652878588684268846e-01
4.672673579827520407e-01
4.647791645182037246e-01
4.615768779510379116e-01
4.619218685612176967e-01
4.621636719019223682e-01
4.586815256931864870e-01
4.586558183400210598e-01
4.569485319171862070e-01
4.547765940764409986e-01
4.544859496307541158e-01
4.527304931779369546e-01
4.502554934775275797e-01
4.500738639545978637e-01
4.464703316357643836e-01
4.449094133283412744e-01
4.480625765189068521e-01
4.441896884071367957e-01
4.420484424024512804e-01
4.419881620973798442e-01
4.380701042066847961e-01
4.388539027823801231e-01
4.404408710491738432e-01
4.332154447891005122e-01
4.343242232987518103e-01
4.320568661429755042e-01
4.333124668646914368e-01
4.319834934375557101e-01
4.314623171532447898e-01
4.264259926893291808e-01
4.266245882663917133e-01
4.248958570970023385e-01
4.238963482990356080e-01
4.207250059776448392e-01
4.220543512085122573e-01
4.208969985985442364e-01
4.207288763661179432e-01
4.192875640615029709e-01
4.177327360060296702e-01
4.137407055726675664e-01
4.176894348569815674e-01
4.157131128101181905e-01
4.115387013691588769e-01
4.069929720339340862e-01
4.131951773624839563e-01
4.062898480940038137e-01
4.067681520532356321e-01
4.090471356474021380e-01
4.027624816754653558e-01
3.986339942791679025e-01
4.054313742151707256e-01
4.015496467640989331e-01
4.007970434043976460e-01
3.999414472773452633e-01
4.012767922961408829e-01
3.952691781638456026e-01
3.948203325026860000e-01
3.955632799092032026e-01
3.929172772628622412e-01
3.925548142313787792e-01
3.920923115149805849e-01
3.888814410688501977e-01
3.836222320649766426e-01
3.903406842155070500e-01
3.881105126801202565e-01
3.857595909589702221e-01
3.829971867469799673e-01
3.842632784086470465e-01
3.805245330111093338e-01
3.827315037781544027e-01
3.780092463983091289e-01
3.814301378162261447e-01
3.811181385127271337e-01
3.745242814639368478e-01
3.766753978676906089e-01
3.775931355622024754e-01
3.726025142149765323e-01
3.743458186748496730e-01
3.723764526637862171e-01
3.723873138383503867e-01
3.703211397139135053e-01
3.693289340966532386e-01
3.683445058025069385e-01
3.650540726935749269e-01
3.667666878664084806e-01
3.670586905527552513e-01
3.663850543925461500e-01
3.630707939177837962e-01
3.599950324308073824e-01
3.653723394501869337e-01
3.608073837668379635e-01
3.563603275910229851e-01
3.635405434847565065e-01
3.594033439463609203e-01
3.581290934963961559e-01
3.597193911503219765e-01
3.516844668939070329e-01
3.550608797422143414e-01
3.582571036567520628e-01
3.495478900239457620e-01
3.555829609726511298e-01
3.524030406853227437e-01
3.482071210086672419e-01
3.512341454528920548e-01
3.489975679272206421e-01
3.493005705238743097e-01
3.483043659144702819e-01
3.486315914710305108e-01
3.468250604042488749e-01
3.450554670113036848e-01
3.455641930134827899e-01
3.456395083862301987e-01
3.430067716859812044e-01
3.428059159578531467e-01
3.431481052498566719e-01
3.413374954419376994e-01
3.422486722015230520e-01
3.395829786366357794e-01
3.372822921068139301e-01
3.396048622869917710e-01
3.388187338767905676e-01
3.394180114574372187e-01
3.342432411841217976e-01
3.371595481689822482e-01
3.376032078877975184e-01
3.364015287833734269e-01
3.313879692807564781e-01
3.355787628297624003e-01
3.337341894765332717e-01
3.319037306801609355e-01
3.313507891458578603e-01
3.329398964061731081e-01
3.284431420898124010e-01
3.336496223212765400e-01
3.284305128660394701e-01
3.301263423586364154e-01
3.283409084014827228e-01
3.286784613342538797e-01
3.242835341934478532e-01
3.256369008891984440e-01
3.251068269216019213e-01
3.281096444655551836e-01
3.227393457721668413e-01
3.260453185136892862e-01
3.207770335929363004e-01
3.236769182638754017e-01
3.225123217049150059e-01
3.245020390970789759e-01
3.197783437535868800e-01
3.173911569861398441e-01
3.226060644778352970e-01
3.158090498296078352e-01
3.177267049311129354e-01
3.180147740007875923e-01
3.191656754334745161e-01
3.149437708666538160e-01
3.160697829341246323e-01
3.162499020597537291e-01
3.164614983633101120e-01
3.125467823230997921e-01
3.132483337584244798e-01
3.130373422583668241e-01
3.124452827130991817e-01
3.144593155652933847e-01
3.106264546739314070e-01
3.028483891871094902e-01
3.149702567790429453e-01
3.114119755555589397e-01
3.083490981329936598e-01
3.071487271079930692e-01
3.047093413176774068e-01
3.118180586010025901e-01
3.033012694568428258e-01
3.084769219295410703e-01
3.072790517246470343e-01
3.026573260345050143e-01
3.037015702145721141e-01
3.031609404302499367e-01
3.038470463418603829e-01
2.984581288376578212e-01
3.016393749864786367e-01
2.981254497527606184e-01
2.939937942504081136e-01
2.992287012331423246e-01
2.989812941832742932e-01
3.001918661275790323e-01
3.034842258202473664e-01
2.936183890311833133e-01
3.066508249869179803e-01
2.896756468925738015e-01
3.013797392975615108e-01
2.946608304089033958e-01
2.978887208006305021e-01
2.979367659531057533e-01
2.921029000298026035e-01
2.929373642397397060e-01
2.950599491255782580e-01
2.857767394807679273e-01
2.939693421428001829e-01
2.888906933597665816e-01
2.928784364085555425e-01
2.873800344252828709e-01
2.908378779213186549e-01
2.905444304931101285e-01
2.847909850997495940e-01
2.908936898694958195e-01
2.862833163939967895e-01
2.786861483819558782e-01
2.867478323238166760e-01
2.862997196128220234e-01
2.860749330061254647e-01
2.857755371976276604e-01
2.897043865090812020e-01
2.747752785458985048e-01
2.882318429163692186e-01
2.892096224748820776e-01
2.824041495296987780e-01
2.782872417782860652e-01
2.721224648998082363e-01
2.807669566260098670e-01
2.809451967295895081e-01
2.728435041030277675e-01
2.840594443767814892e-01
2.724117670779475642e-01
2.834487680551014410e-01
2.692916160578694429e-01
2.721600005524795196e-01
2.842781503193329562e-01
2.690929831404392236e-01
2.757292960831870254e-01
2.795862404503390297e-01
2.769033395411284459e-01
2.755070943274722794e-01
2.840409700478439547e-01
2.651102520794271222e-01
2.644214261908751085e-01
2.814156216955296386e-01
2.658497521228802563e-01
2.792465256822964093e-01
2.616077996401233174e-01
2.832397799273739247e-01
2.632562657376850690e-01
2.774018081669929470e-01
2.622509645913919107e-01
2.775768164007558769e-01
2.588471819220188874e-01
2.788475772813385212e-01
2.595580671995658117e-01
2.752517004738896378e-01
2.608460929711118870e-01
2.749192963820678570e-01
2.608695522754597151e-01
2.720357392438592092e-01
2.577702166822392615e-01
2.783121559481024909e-01
2.609796684599405281e-01
2.723290553711604223e-01
2.544333620776020877e-01
2.772131914000735553e-01
2.531876886547279049e-01
2.683918745511550408e-01
2.551876950049563608e-01
2.735398523030430629e-01
2.517063874294035442e-01
2.712633306018770729e-01
2.645679661843666208e-01
2.600550955600707259e-01
2.510825864320089251e-01
2.641792443887738262e-01
2.674244835644821738e-01
2.493099664612219157e-01
2.503457823565424234e-01
2.675817314381039869e-01
2.519663771417381959e-01
2.524872175668979590e-01
2.712240896463893880e-01
2.504902764579966523e-01
2.640725952414536004e-01
2.466697268044429625e-01
2.651458848769017163e-01
2.479414184692262102e-01
2.708208094555049628e-01
2.497465256905058162e-01
2.648069358457253997e-01
2.488606033061721845e-01
2.739443507886926699e-01
2.439044928993218120e-01
2.638502525048043168e-01
2.418029425696675838e-01
2.622597857340415173e-01
2.494409172546568632e-01
2.531618532121119314e-01
2.467207175108426520e-01
2.408540002273924507e-01
2.412394074848183967e-01
2.602747072561469865e-01
2.427974569726308596e-01
2.563502845333267000e-01
2.440671519668763667e-01
2.651840618276299910e-01
2.379970439369942514e-01
2.423088477259986717e-01
2.457806619064575593e-01
2.510918265235668745e-01
2.372385154297561305e-01
2.547116408480651906e-01
2.421794787670823457e-01
2.553183597655554471e-01
2.386444983157967048e-01
2.537272935818630226e-01
2.442244764187871120e-01
2.642880493142565346e-01
2.407544681793378494e-01
2.606631110417749753e-01
2.381500844514947701e-01
2.559275611944808460e-01
2.337139908737795035e-01
2.455630363769834290e-01
2.339482854658015976e-01
2.411002157454995576e-01
2.488121180037567715e-01
2.318855115678714329e-01
2.393243800772400232e-01
2.429096102644771049e-01
2.493235062029373894e-01
2.345333112285208355e-01
2.359762742122251955e-01
2.329094741598526641e-01
2.639229734528927840e-01
2.312833075213598655e-01
2.569275301480334894e-01
2.298204498178879340e-01
2.498698719141427549e-01
2.290589947898542256e-01
2.419477422493695185e-01
2.360520483175104489e-01
2.448525754684972300e-01
2.360706162669512220e-01
2.474988562059307340e-01
2.280358051979265721e-01
2.469344301758318039e-01
2.262761737766421088e-01
2.382080489359736652e-01
2.330209692395021903e-01
2.448313140097186924e-01
2.282094485625992542e-01
2.506648076454723317e-01
2.278470903520216639e-01
2.438208593641078004e-01
2.266957004490717242e-01
2.371723149410858988e-01
2.279870431518149498e-01
2.211070619678205673e-01
2.280312393616004130e-01
2.360870403201724699e-01
2.206026617867990203e-01
2.426572663966685417e-01
2.281542087834838306e-01
2.523846706146167240e-01
2.185573371991159641e-01
2.432608768361895490e-01
2.158327158992331130e-01
2.401573229984559354e-01
2.218486088315431426e-01
2.353513222974392416e-01
2.157643560087435242e-01
2.397904494739304948e-01
2.249956225055853576e-01
2.405355713887896707e-01
2.208171145120502166e-01
2.405263746313396622e-01
2.180063993728963423e-01
2.358922753605337819e-01
2.217514222555105885e-01
2.329686667220614016e-01
2.209363789006537904e-01
2.364344031016989423e-01
2.186833437237121203e-01
2.374974712169910518e-01
2.152432283220119258e-01
2.331448478313283001e-01
2.152395944659022398e-01
2.344251569144673308e-01
2.079664755345142779e-01
2.152517153199196009e-01
2.158963195133747071e-01
2.168529380438891374e-01
2.306437159442890072e-01
2.138455089301841416e-01
2.477478741400680751e-01
2.153548231338752172e-01
2.366696407475379071e-01
2.143980211317622064e-01
2.296812685850733171e-01
2.106630119800562972e-01
2.161573293369743742e-01
2.154416290208789053e-01
2.246052559376382207e-01
2.131111279854263074e-01
2.300597378184906505e-01
2.081456390982543703e-01
2.301181260713374144e-01
2.112424300549413381e-01
2.240970516489081410e-01
2.109913083016786428e-01
2.319516384578747814e-01
2.131607933782043995e-01
2.331670192532061536e-01
2.042150505099016300e-01
2.287137779367378332e-01
2.090683656927894984e-01
2.267045248839386629e-01
2.073412807205821107e-01
2.095130491328700273e-01
2.130329215998528480e-01
2.146205820666071407e-01
2.084057577741797174e-01
2.248194894780771724e-01
2.065971528712266247e-01
2.252677910286791374e-01
2.074205641469571704e-01
2.338488311558160060e-01
2.085996728434091063e-01
2.276431596511848954e-01
2.046807666852169527e-01
2.055406685840261150e-01
2.014358818730165035e-01
2.063317057791924369e-01
2.093919548452821411e-01
1.997929089374717027e-01
2.046384637422306307e-01
2.043903845752160497e-01
2.046420938382647048e-01
2.051450956487332611e-01
2.242894863487164547e-01
2.008942610143659435e-01
2.064193406294944910e-01
2.120640411820945148e-01
2.025009828692657388e-01
2.098763043482746449e-01
2.047574934285306680e-01
2.278435206407820324e-01
1.986934428925422325e-01
2.117177455061754754e-01
2.035356271876709033e-01
2.153744879311717264e-01
1.994111714383597633e-01
2.198101286118431252e-01
2.020380853903371576e-01
2.145960689939170607e-01
2.047733306066615577e-01
2.087870694690932005e-01
2.007171980679005596e-01
2.019505202710558944e-01
2.127419779065576055e-01
1.995827097172480080e-01
1.964299073278659435e-01
1.998173103784093574e-01
2.028805968977447083e-01
1.994391391757380783e-01
2.012588432665077809e-01
1.991653629553917504e-01
2.204746088563118434e-01
1.919017669543342242e-01
2.018734181084305135e-01
1.957637037007438907e-01
2.073367638840370175e-01
1.922077928846072092e-01
1.917546314602505964e-01
1.977904365047308266e-01
2.140899163874686595e-01
1.978655949810688985e-01
2.189405064417347668e-01
1.923227904656037157e-01
1.922812884073356043e-01
2.060233885644000562e-01
1.907670398451982441e-01
1.989594552013361495e-01
2.226314063909583807e-01
1.955762773818971734e-01
2.003297506509345294e-01
1.971193923094048950e-01
2.079863043240250120e-01
1.902350722798515081e-01
2.010973683591120997e-01
1.864412723168636932e-01
2.093860251092530822e-01
1.904708991185910527e-01
2.138828293681052095e-01
1.903984660442429588e-01
1.982891484104054858e-01
1.878333899633020387e-01
1.909511615782082394e-01
2.079637726084563043e-01
1.821124451125536725e-01
2.073192588774055156e-01
1.917615673860481318e-01
2.126720769456089399e-01
1.874210156279293160e-01
2.065699550488201419e-01
1.850471201093845108e-01
1.918846922948142797e-01
1.894989625388591170e-01
2.108777275534206019e-01
1.909809547416732867e-01
2.037327765455994311e-01
1.916806712771435273e-01
1.865874757087625235e-01
1.835368974116503571e-01
2.024629459040728496e-01
1.857906285210643160e-01
1.913822293854936241e-01
1.817334081536230439e-01
2.084821023401167706e-01
1.863606098582096526e-01
1.920654005243339901e-01
1.983828735668989873e-01
1.806831490314508848e-01
1.954825149154713892e-01
1.940595788041726000e-01
1.815403427475367482e-01
1.815385969001773458e-01
1.898785746171728350e-01
1.816474482846015537e-01
2.118253384878315548e-01
1.832293353933599489e-01
2.090010428937415232e-01
1.847738552396426259e-01
1.948224271061852753e-01
1.797265801540944841e-01
1.838805816203141485e-01
1.953316113289597367e-01
2.267211279975388516e-01
1.766535967219062531e-01
1.753802349459745169e-01
1.761897447533930794e-01
1.834615602514976240e-01
1.878496239021284209e-01
1.779277506207560255e-01
1.939786233379073854e-01
1.823977121706603644e-01
1.802394878303620607e-01
1.938316047172280732e-01
1.801953129460767411e-01
2.115554679146926242e-01
1.780060897102373196e-01
1.874568141654922304e-01
1.780433240918709581e-01
1.930093864077985499e-01
1.779787822301275302e-01
1.840444153134163374e-01
1.760523689302498085e-01
1.933548125190625300e-01
1.779481135104683809e-01
1.797323007932326855e-01
1.820293772548733646e-01
2.096184046329006012e-01
1.735008411214270241e-01
1.826030307872378577e-01
1.756577025316964080e-01
2.066273961151528227e-01
1.709098925959385840e-01
1.835199385945492090e-01
1.753647833443939819e-01
1.984981023887394114e-01
1.725480283198215226e-01
1.753766623513964007e-01
1.757336875817109012e-01
1.924849053350910777e-01
1.735699777803989263e-01
1.677046195742769863e-01
1.801155333034701045e-01
1.761966372522597579e-01
1.729557528700075564e-01
1.866846102613055891e-01
1.684948134871725733e-01
1.779830489448086528e-01
1.770115093598438882e-01
2.094741939453693691e-01
1.723898554098417246e-01
1.709413392081475802e-01
1.711991397336458665e-01
1.858521238376593943e-01
1.686591971381976585e-01
1.693860432161390372e-01
1.848099931249679306e-01
1.651172315478041941e-01
1.656114822352170446e-01
1.686167316811019445e-01
2.064382178132052603e-01
1.763855423616164930e-01
1.936952939007979546e-01
1.661645236007066317e-01
1.884945183268083024e-01
1.712941638211998574e-01
1.833664067985960322e-01
1.658603203633598200e-01
1.780795330002298560e-01
1.709387419153521048e-01
1.929402694411326002e-01
1.675417050876037151e-01
1.690783737942980203e-01
1.657978321335248362e-01
1.764410431430064319e-01
1.813923494617708521e-01
1.666269526917097399e-01
2.103413700609614023e-01
1.702633320207617151e-01
1.660054132527553905e-01
1.689671034828804375e-01
1.771961373115804594e-01
1.633957570767809730e-01
1.653505291408803035e-01
1.635124167388134209e-01
1.694000077185953412e-01
1.617689109443011530e-01
1.704724460593386448e-01
1.734983441085211353e-01
1.724845179054187438e-01
2.016218417990447431e-01
1.698292532623545403e-01
1.708372525819392418e-01
1.579172661583005122e-01
1.689051656472750074e-01
1.606986077539895585e-01
1.810610320047638389e-01
1.577508883522346361e-01
1.721803603526120552e-01
1.603948679165819458e-01
1.888106212821513141e-01
1.593262163872500303e-01
1.824239345558769376e-01
1.652867534525113702e-01
1.942521683314107628e-01
1.566908126722294237e-01
1.631116840574940163e-01
1.590518934769240833e-01
1.908239134539149173e-01
1.631583401646822529e-01
1.642749639536610629e-01
1.592666055810517400e-01
1.856231512928034622e-01
1.539246280639097464e-01
1.662857810078588183e-01
1.650799481196582041e-01
1.718108049793558856e-01
1.608405648250309239e-01
1.881355735837619003e-01
1.624688371784071828e-01
1.737195819443065059e-01
1.570282594627735173e-01
1.748746437401542675e-01
1.508772821100524686e-01
1.628817951455275304e-01
1.522300631075979849e-01
1.924053538018096754e-01
1.552441328330829984e-01
1.657207539831650200e-01
1.467449111005411366e-01
1.685611785976425248e-01
1.611170113081836497e-01
1.628873063502394025e-01
1.539035717137044179e-01
1.873072086907082434e-01
1.620538424280328627e-01
1.820881882496020732e-01
1.501774339267595293e-01
1.706176532697141479e-01
1.502923774589543793e-01
1.731209252354243555e-01
1.510248707524003420e-01
1.525619641663683579e-01
1.596854074364834342e-01
1.582753790635790525e-01
1.571667407588853704e-01
2.251431108363026456e-01
1.613642406316875000e-01
1.570107716224919681e-01
1.534750161588240014e-01
1.605752221891138254e-01
1.551566373736815718e-01
1.552299111151081989e-01
1.592617038171194876e-01
1.517877403196520036e-01
1.541315916473679215e-01
1.686850816076471693e-01
1.489963765350552916e-01
1.897105235714905136e-01
1.559619663541864376e-01
1.731323727812532354e-01
1.497231412748412649e-01
1.757074464127599545e-01
1.484932668077728335e-01
1.613909985364315736e-01
1.561123240634369191e-01
1.769653574799651408e-01
1.495831806698077748e-01
1.698077268821653885e-01
1.411106381307961344e-01
1.592437461998256476e-01
1.513878052276003416e-01
1.539507216244606624e-01
1.533292500644833634e-01
1.614950210453117985e-01
1.951675222874288684e-01
1.515922006726574678e-01
1.451956272825520311e-01
1.536820952277588026e-01
1.993914271130959037e-01
1.442053546767426975e-01
1.517029392526358933e-01
1.502833878001586798e-01
1.564367466676693519e-01
1.491127079941621525e-01
1.864657311792766725e-01
1.387112240651021677e-01
1.500931008907965269e-01
1.636064647852770171e-01
1.880858938076589437e-01
1.476075079029950110e-01
1.394823484058179686e-01
1.535927015571672272e-01
1.662381061502020141e-01
1.388546789296705719e-01
1.467031961417877006e-01
1.551558248386297190e-01
1.643013722603744176e-01
1.386805782488570171e-01
1.692127058694638253e-01
1.419881309780987311e-01
1.623168683650327015e-01
1.675791259611975337e-01
1.859303887136343203e-01
1.445973656686002917e-01
1.459864197200927693e-01
1.425500044719932857e-01
1.643019413803027962e-01
1.499433354054058032e-01
1.610894382109262224e-01
1.451347433106876250e-01
1.667795212874141619e-01
1.455914612091314952e-01
1.619894979920591671e-01
1.373364101701953777e-01
1.584655339366693172e-01
1.553841934137164538e-01
1.614158006318232308e-01
1.500861109291375117e-01
1.630945532309650559e-01
1.334718100184408007e-01
1.537705743559538707e-01
1.748847234260273720e-01
1.901251552013884794e-01
1.362123942575495794e-01
1.381141111582491476e-01
1.450410998389379258e-01
1.545295201370081861e-01
1.426053284290896284e-01
1.418510106091778467e-01
1.487650969370921950e-01
1.505844549530896415e-01
1.471700317349091958e-01
1.776059977302585635e-01
1.441764445811141437e-01
1.883323128341811703e-01
1.451231682901718001e-01
1.482895213889541264e-01
1.456548340429284216e-01
1.581582872257793204e-01
1.332054090499115440e-01
1.481932336032436015e-01
1.536187384220164265e-01
1.488203480219887076e-01
1.444383863391397460e-01
1.513352791219673421e-01
1.612494883052431882e-01
1.945836451191188254e-01
1.397991144089915927e-01
1.345476734797074747e-01
1.389328928835749932e-01
1.396511918288413090e-01
1.434076887042364801e-01
1.463013953662796462e-01
1.452987152457289599e-01
1.763888551775039948e-01
1.333913187724400096e-01
1.387257313002262238e-01
1.519945086685093871e-01
1.554390878598192194e-01
1.343880842617734550e-01
1.689384574834636166e-01
1.323596988316574075e-01
1.578335212000742949e-01
1.384733953600942313e-01
1.823247581363413861e-01
1.364230120644975564e-01
1.466526382022242947e-01
1.554315202082446612e-01
1.657116754091779998e-01
1.283593861196447861e-01
1.426562170335934632e-01
1.470038802128562916e-01
1.623362366393571732e-01
1.297777010210980075e-01
1.399118542694635370e-01
1.456396262402685493e-01
1.815033299044970516e-01
1.381132028231830400e-01
1.364475759756569040e-01
1.502554912391555753e-01
1.814956486610361519e-01
1.282505928075492185e-01
1.444486577777250869e-01
1.386687658246023302e-01
1.421473271137658201e-01
1.339593431632719323e-01
1.437368877794030497e-01
1.632938784415964295e-01
1.600251754783350855e-01
1.398841579068687002e-01
1.378699158964082627e-01
1.377590423465629155e-01
1.523695653849118370e-01
1.285148762769582620e-01
1.481075385891126028e-01
1.810552528103796244e-01
1.333592689047938262e-01
1.396329463294577189e-01
1.583223985288670366e-01
1.544910296990578413e-01
1.343429851949894116e-01
1.409154233565006187e-01
1.427406900849645111e-01
1.551204160886981431e-01
1.311918281946652665e-01
1.628610796654477999e-01
1.363657852321295827e-01
1.517217626401038411e-01
1.382063160350510411e-01
1.631931177215531215e-01
1.362382120820035680e-01
1.446543891382433278e-01
1.406804085026892859e-01
1.601301646212166807e-01
1.301459401448671060e-01
1.386746278538757149e-01
1.572595040405660727e-01
1.695024422380636275e-01
1.258107798605472560e-01
1.400169318311324518e-01
1.363350595418533762e-01
1.304808934885855753e-01
1.495720295363079100e-01
1.414951360898766552e-01
1.620719908084234384e-01
1.291923763575613671e-01
1.481898310806947505e-01
1.328433825463053719e-01
1.329087596113405212e-01
1.351148328616909866e-01
1.357810215397916576e-01
1.643288147105573249e-01
1.206151906025463155e-01
1.440637942850357678e-01
1.346643436362134350e-01
1.345963097629947480e-01
1.720495590969849109e-01
1.350268277210275036e-01
1.301536228910120663e-01
1.403568156996435889e-01
1.535470996549858080e-01
1.272319624336109289e-01
1.380181477755596520e-01
1.328280834482089556e-01
1.291320411429081882e-01
1.298961058376554567e-01
1.445059689126098335e-01
1.249419753802613470e-01
1.438767083492325793e-01
1.309286534251759837e-01
1.726898253868881239e-01
1.275516911477723170e-01
1.355649972503774614e-01
1.393359300123404587e-01
1.281393448040781535e-01
1.348595626933260516e-01
1.533562072761130990e-01
1.326241725106373781e-01
1.412842981724860003e-01
1.285260109607476720e-01
1.332839594639054492e-01
1.532646346006454330e-01
1.894474258246563736e-01
1.228130084865954458e-01
1.244343407697328791e-01
1.274271789904223851e-01
1.237432382056459362e-01
1.320201770164782240e-01
1.345776980463783135e-01
1.306895138307819504e-01
1.444050922611858634e-01
1.219367267336647215e-01
1.332815832943491652e-01
1.244763710875478185e-01
1.435185880249364443e-01
1.232155313277598779e-01
1.304713403739464483e-01
1.414753804591161734e-01
2.055109197697418955e-01
1.226917960991414785e-01
1.219699405356459571e-01
1.196950255818828857e-01
1.325166657922005331e-01
1.235004971765272241e-01
1.258234196973598007e-01
1.404729457863592990e-01
1.190042830082628095e-01
1.329872179710576974e-01
1.348931795216905538e-01
1.363016878473225224e-01
1.348719916598116741e-01
1.627037715030586751e-01
1.229522117953012056e-01
1.188047739623153271e-01
1.344997291834476860e-01
1.371886588823770792e-01
1.216984851660372069e-01
1.438719658791859091e-01
1.277770641309396993e-01
1.608183032148063074e-01
1.214045692246262659e-01
1.377639414464550682e-01
1.258134159583867706e-01
1.417448211522518708e-01
1.250113264349229925e-01
1.300748428295805670e-01
1.214575388977566645e-01
1.279695513736160140e-01
1.245481913273408930e-01
1.250655128062924948e-01
1.337761226907786261e-01
1.516134089734834933e-01
1.234000116902977257e-01
1.286247215713008929e-01
1.311384084236766057e-01
1.641483894361338569e-01
1.220482587907706362e-01
1.376296090712817999e-01
1.281422044273438643e-01
1.299506711330025988e-01
1.316684902272262647e-01
1.670682031663960621e-01
1.123676220919733321e-01
1.229249946690345457e-01
1.362502215880630196e-01
1.545904548499990872e-01
1.181155487500043094e-01
1.307502047976346338e-01
1.168713889531904915e-01
1.279226873398706665e-01
1.248712265389021470e-01
1.243261076024905626e-01
1.323520499059619993e-01
1.186037293747860683e-01
1.248374874509900478e-01
1.181714375707820092e-01
1.309246345108555365e-01
1.452209338216873535e-01
1.263381847630582200e-01
1.317647500431196328e-01
1.225299527651698556e-01
1.224847942932007355e-01
1.330328731095923311e-01
1.428025131368062250e-01
1.179477380188696523e-01
1.281376213372537320e-01
1.400281763970256110e-01
1.588990679494939329e-01
1.149239272345872892e-01
1.192386224559298796e-01
1.130244417275172442e-01
1.323058921051989134e-01
1.178532534801818854e-01
1.475738452411736734e-01
1.711490359190105670e-01
1.155612875553024416e-01
1.144116796899607436e-01
1.184847218667604979e-01
1.134619135037814447e-01
1.415711806712567633e-01
1.147598329907654896e-01
1.177882363148433642e-01
1.273261149052547225e-01
1.442688152977091021e-01
1.336517607620018311e-01
1.295011383810661110e-01
1.166071480478238914e-01
1.278491091167154037e-01
1.260485679574141205e-01
1.516666719877202696e-01
1.095402467180041084e-01
1.280521266918921430e-01
1.133295983967003151e-01
1.172021742177639797e-01
1.316052503999248779e-01
1.274171214350274528e-01
1.087283244114850556e-01
1.349484177574291344e-01
1.253830427039791529e-01
1.397983953683571701e-01
1.155686888287497799e-01
1.248602831377229605e-01
1.135826219453123925e-01
1.276032275400149907e-01
1.848677234898187249e-01
1.096040776784692611e-01
1.285329975487417009e-01
1.174840627308973290e-01
1.157411322443399615e-01
1.220338054858104010e-01
1.393398387296500285e-01
1.051184796820403555e-01
1.289020395876527836e-01
1.130121600954314270e-01
1.226775840636347842e-01
1.303650737198156218e-01
1.286745753540004256e-01
1.356521833693805912e-01
1.135201832135601524e-01
1.180772917918211928e-01
1.282421207571869115e-01
1.774221297197799974e-01
1.069250097749061545e-01
1.252334013563368986e-01
1.167984142101802653e-01
1.195154899844008273e-01
1.333203209273793877e-01
1.078202338314676739e-01
1.356084012537495109e-01
1.296094948456779083e-01
1.396426755313726342e-01
1.206178526659177908e-01
1.292107494121151334e-01
1.122088922716363152e-01
1.213406216803071397e-01
1.242563781371014836e-01
1.554939176551804192e-01
9.796039593249372679e-02
1.217465986903409209e-01
1.169377627063517694e-01
1.124938105603674882e-01
1.148552077861208498e-01
1.157860980223378577e-01
1.228722001210206388e-01
1.723772514364257658e-01
1.105123356157804576e-01
1.092524231598746981e-01
1.116243340153538072e-01
1.233188565439149592e-01
1.154405873971594693e-01
1.267623784592628311e-01
1.147248049890254862e-01
1.180922723698949045e-01
1.142845046932825098e-01
1.562437474451760511e-01
1.159211275045917006e-01
1.120846044098797734e-01
1.171956336458954279e-01
1.364857755166265507e-01
1.040561970293856636e-01
1.254158268780776464e-01
1.558191239718859922e-01
1.107344822467131729e-01
1.242262335364497927e-01
1.220019836508996897e-01
1.275484970431579601e-01
1.125105726327367411e-01
1.241653087240281450e-01
1.226420727532216010e-01
1.271392526957336455e-01
1.060963368644031735e-01
1.240188063366244181e-01
1.133002645635316497e-01
1.331291447331498790e-01
1.076785227345443824e-01
1.190467134977798019e-01
1.129050627776251453e-01
1.170999134895054222e-01
1.285012465355066247e-01
1.120075297941116460e-01
1.238122788649397288e-01
1.051335162677183716e-01
1.277518625331282853e-01
1.099138446462760849e-01
1.236122478166740285e-01
1.534083855927765305e-01
1.046116558317448236e-01
1.084397339305259167e-01
1.108661010847280665e-01
1.238037525214576023e-01
1.442497058763462792e-01
1.213068442260715335e-01
1.215962952098364053e-01
1.289508076077710841e-01
1.461981108382014172e-01
1.086496822274815033e-01
1.095741226401428237e-01
1.042536067729259996e-01
1.104855573104502470e-01
1.218036538563461585e-01
1.049361636609113663e-01
1.172655931088244508e-01
1.218066071743270778e-01
1.322204645023328795e-01
1.210327894965416012e-01
1.232710225660303832e-01
1.067319317203158646e-01
1.302275484389201765e-01
1.284287946073856823e-01
1.220104034205215515e-01
1.139170516859097648e-01
1.344901676174902472e-01
9.964789412771735133e-02
1.223962361684997058e-01
1.131960906137771117e-01
1.143211896109334047e-01
1.303948760722129785e-01
1.093228365630013327e-01
1.280527425935289731e-01
9.886875525669670817e-02
1.186741416527164333e-01
1.254301330421767058e-01
1.191804569723979856e-01
1.272211920110783712e-01
1.230749012082174021e-01
1.319950345173251105e-01
1.154582839447317322e-01
1.186495092552437153e-01
1.081651149214969410e-01
1.200056451270531954e-01
1.142823511752972809e-01
1.181560829604626356e-01
1.061082430963804363e-01
1.423157126781046111e-01
1.097842577995813834e-01
1.144410450002732588e-01
1.063227535201444196e-01
1.348712554368367011e-01
9.688282806926240553e-02
1.169704689120650704e-01
1.025641294277978011e-01
1.065270622215165469e-01
1.175884489800676086e-01
1.163862080222402701e-01
1.574734436747461663e-01
1.180459424196021873e-01
1.148050142395034556e-01
1.043542699645216149e-01
1.195814952054839314e-01
1.033059838431612532e-01
1.275120220779202562e-01
1.099497794054705158e-01
1.174494383802992953e-01
1.090647211186298177e-01
1.269405876483743201e-01
1.313813601132253484e-01
1.573314328511937477e-01
9.824432733670070139e-02
1.088955809011797754e-01
1.033458323208130275e-01
1.063233476097072000e-01
9.812552512247034453e-02
1.133837134005234032e-01
1.187168768473838981e-01
1.098000281091196378e-01
1.425849348797195992e-01
9.771245990107246815e-02
1.114818756684375911e-01
1.142529325325650907e-01
1.082320270848991933e-01
1.370502307371915252e-01
1.031232002266525005e-01
1.190338539044901722e-01
9.442252536831380327e-02
1.300730053094427963e-01
1.730516268771857824e-01
9.758360294631358844e-02
1.103823203731806174e-01
1.020511373915014425e-01
1.028365048320511593e-01
1.144532418055848599e-01
1.045296404349496250e-01
1.125952948422028754e-01
1.068059307148283149e-01
1.188135999433004297e-01
1.315520397067513059e-01
1.161219890075537581e-01
1.352279327487601324e-01
1.239441589673263011e-01
1.336890604976999908e-01
1.084346972647129564e-01
1.042175316738178092e-01
1.069270913373726040e-01
1.035609812814226038e-01
1.025989651133192293e-01
1.203296187364650965e-01
9.033341478825633597e-02
1.073760262638545071e-01
1.278389051719646674e-01
1.015879747871024225e-01
1.119703697200397224e-01
1.260885862777053890e-01
1.059196540354523514e-01
1.281860579426326308e-01
1.254333880679465441e-01
1.503257104855103277e-01
9.705434673830666548e-02
1.072027073472910930e-01
1.088562163328072457e-01
1.017877972180349783e-01
1.040197677676474447e-01
1.119697147734091541e-01
1.110839230859097110e-01
1.445238239719362494e-01
9.523224923936907116e-02
1.096344565210568417e-01
1.046976935288827376e-01
1.020929500395269113e-01
9.825619904652109493e-02
1.154061959847987873e-01
1.228235626022627924e-01
1.045210037251984997e-01
1.375128679525685349e-01
1.030224870833693490e-01
1.018455330794287295e-01
1.072255059084704087e-01
1.384204963603965777e-01
1.051385697079124798e-01
1.189414483571628045e-01
9.967534646582394686e-02
1.240789586472335199e-01
1.231069694824761807e-01
1.201562542150847457e-01
1.169095270760322353e-01
1.037517309389278108e-01
1.088164025602537666e-01
1.405830685230304300e-01
1.011591323137246562e-01
9.958998935273831454e-02
1.034642389484797115e-01
1.174626891135333584e-01
1.072411935446722503e-01
1.277370479055116581e-01
9.751487911567112421e-02
1.135709741608666307e-01
9.051307837934559342e-02
1.017591178111791755e-01
1.427465287189588761e-01
9.765025409315671034e-02
1.076129803694594878e-01
1.276908429791370203e-01
1.170217599826512272e-01
1.201810180601295963e-01
1.070197129137777509e-01
1.322691445426159296e-01
1.069832501715206191e-01
1.107358150917034517e-01
1.067471156384214720e-01
9.416405382165243809e-02
9.205295348819808599e-02
1.162817130582807085e-01
1.202924670912443039e-01
1.044872261170612243e-01
1.342804095079803972e-01
1.337383119942512633e-01
1.263419505551287847e-01
9.713673351308359238e-02
1.002728561359601533e-01
9.037805829615223885e-02
1.020406069115660369e-01
1.166270899432682029e-01
1.034456252100784540e-01
1.007907375403481742e-01
1.277084580759056121e-01
1.217152026039431539e-01
1.286561142441116634e-01
1.130161235112190771e-01
1.042289036461053753e-01
9.012456794620732348e-02
1.037332296468508330e-01
1.073784111293792781e-01
1.145910679319355058e-01
9.074018968084289483e-02
1.114619549271854138e-01
1.025934639921825542e-01
1.364565243816065754e-01
1.010497443296979742e-01
1.114958127564992102e-01
1.026938428771447809e-01
1.260611429501893588e-01
1.110916808733004163e-01
1.232044909179012132e-01
1.072650792977233869e-01
1.027631183589811648e-01
9.830907518551063040e-02
1.166165675839154758e-01
1.114354252954664753e-01
1.219894142349766258e-01
9.401917106722033901e-02
1.220117425370468994e-01
9.161546971654005445e-02
1.100464174056385164e-01
1.122641890600118986e-01
1.338844883070277325e-01
1.049504784933710938e-01
1.051924796427137626e-01
9.692296941329324456e-02
1.185536106069773471e-01
9.894640944958832396e-02
1.242643480124891869e-01
8.908385682284684914e-02
1.049268587276393355e-01
1.076159530321387781e-01
1.264061786226393924e-01
1.132630137409084692e-01
1.332089417546370169e-01
9.169792719155543670e-02
1.259916294732818520e-01
9.096379253047646996e-02
1.101420199545500994e-01
1.159106787357520041e-01
1.321509861257248453e-01
9.195129030334873999e-02
1.104586859140700428e-01
1.049171670712189669e-01
1.167156906787833459e-01
1.194015613870448300e-01
1.016961232542448745e-01
1.020532977583195194e-01
1.234869403092092033e-01
1.010292367221187065e-01
9.793188904896009406e-02
9.433653626052922181e-02
1.120549751253713394e-01
1.033628239224332335e-01
1.398596216093831723e-01
1.196821730367674114e-01
1.249087391575005174e-01
9.197076899810170680e-02
1.164672660585890224e-01
8.489777388554303750e-02
1.136895088873905862e-01
9.016071677506036497e-02
9.331133291602472513e-02
1.146549499255990340e-01
1.322062348077523153e-01
1.364704274368374604e-01
9.685181648171187208e-02
1.113735905092381046e-01
8.758761936052254782e-02
1.107596764275027706e-01
9.992637809552797068e-02
1.202534996207973023e-01
9.011549178882226341e-02
1.175642998995547611e-01
9.918448590978988511e-02
1.308296645848615325e-01
1.009595744085157593e-01
1.111394938897567880e-01
8.841624630403376039e-02
1.189106849706466074e-01
9.566016795014388452e-02
9.060059596213630717e-02
1.088335460303157393e-01
9.461990379778445481e-02
1.085854275941725150e-01
1.373201625593855335e-01
1.235099434663598367e-01
1.182912222732884072e-01
8.742619448969980722e-02
9.735219354507053391e-02
1.093502595438816116e-01
8.909293060575894374e-02
1.101112366237247953e-01
1.048893168418222749e-01
1.124728875188796273e-01
1.369391111012855655e-01
1.147137097238132841e-01
1.245871972382902176e-01
9.509542624355928064e-02
9.309344181323660206e-02
9.130007863604933105e-02
9.462246203337727757e-02
1.002795568300242079e-01
1.183062769140924425e-01
1.217524303337026298e-01
1.128494277073344570e-01
9.470293489542491727e-02
1.023986476165668486e-01
1.094041738917431866e-01
1.037284832195137785e-01
1.012925151815977226e-01
1.078515773209507006e-01
1.299461068317172840e-01
1.162318978106113981e-01
9.391698072273287068e-02
1.019466249441455113e-01
8.710790124224541964e-02
9.280615654986328067e-02
9.398791077485757484e-02
1.067511819381920385e-01
1.390898085336542966e-01
1.038262731012207785e-01
1.265673385823958275e-01
1.122586331184278058e-01
1.006809416575907279e-01
9.603914401078210428e-02
9.933053955426911219e-02
1.040114983419738598e-01
9.379276105587307233e-02
9.661819026036050362e-02
1.173598850203064620e-01
1.155805520941436959e-01
1.205995196669851777e-01
1.166453262239410954e-01
1.091052621292004643e-01
1.035870578183931690e-01
9.404467087284634763e-02
9.368210379742313021e-02
1.334429066401428277e-01
1.069944311679507098e-01
1.181575129441036071e-01
1.060500719114612078e-01
1.008913766898760916e-01
9.546223146327738329e-02
9.254048755092623979e-02
1.048736226474606820e-01
1.153451729891496885e-01
9.463828147187820783e-02
1.273111271945111256e-01
1.105779271496876298e-01
9.251704386838384420e-02
1.072268939704736357e-01
9.378602943401355418e-02
8.598754733136097783e-02
1.169844035927332521e-01
9.300054404548387110e-02
9.742290958359406394e-02
8.488790329588363770e-02
1.006348656900453858e-01
1.232515137379052161e-01
1.405664489350924862e-01
1.190021975335626286e-01
1.100354271051219995e-01
8.536804295773342544e-02
1.006949394160497196e-01
8.416360587394895731e-02
9.496431499278540356e-02
8.575396440146094978e-02
1.060224170493346135e-01
1.026898914055676820e-01
1.516870561908399695e-01
1.207791416200160312e-01
9.611081373000944506e-02
8.781826209404731964e-02
8.409995490794273942e-02
9.996647845010171729e-02
8.516698294019962867e-02
1.533192427273313563e-01
8.860783680396165651e-02
9.463880379998962367e-02
9.621390260100341763e-02
1.171527600621180554e-01
8.937944749322807025e-02
1.121949212157322129e-01
1.086741450561168748e-01
1.318632824783712854e-01
9.998503569781931610e-02
8.796018415073170171e-02
1.068787606729451473e-01
9.512718902441431867e-02
9.048588434965444682e-02
1.099697798907075669e-01
1.224451771342206646e-01
1.182880999052842164e-01
9.060838593582415390e-02
1.190045762069146806e-01
9.925617662532644492e-02
1.051034993889938818e-01
1.079609786550101008e-01
1.029614346430593602e-01
8.677291702747479130e-02
9.440676380737328399e-02
8.907281695572179248e-02
1.144956852981403456e-01
1.026682347393848560e-01
1.509699388856322599e-01
1.038119769613880111e-01
9.486992186237548641e-02
1.061105125149009593e-01
9.828147566477596353e-02
9.900200164773881317e-02
8.790474788089813751e-02
1.039337132837833827e-01
8.949454823427133165e-02
9.911752953007187117e-02
1.045887776037457834e-01
9.392339565497957732e-02
1.856192152517815719e-01
1.120326745038021515e-01
8.719849036906009154e-02
9.262087192393342328e-02
9.008712839580895748e-02
8.720211655426968189e-02
7.940374335643610171e-02
9.977110532813560084e-02
8.843751621638684668e-02
9.256189354792498936e-02
1.742419227679014304e-01
1.098678170944851762e-01
8.276994750851787708e-02
1.023442728957001391e-01
1.155756971604138955e-01
8.675660904870664825e-02
9.855944836614395632e-02
1.030354466782869155e-01
1.324324273200253865e-01
9.111088643088864625e-02
1.040732904936800401e-01
8.746039049251645714e-02
1.073472336558991685e-01
9.928588550922685940e-02
9.025293636072471981e-02
9.590604678419205331e-02
1.018063664569248128e-01
9.693815488766843735e-02
1.166351097396549769e-01
1.140105273350027759e-01
1.184181642850266752e-01
1.016044277279849334e-01
1.065654306074480112e-01
9.988456945971813106e-02
8.354006849655448708e-02
8.769346951775186527e-02
1.020679719427652343e-01
9.451384658910315373e-02
1.527184190863733193e-01
1.180373982750853729e-01
9.166546269854088103e-02
9.086565802276179438e-02
8.570861850004070359e-02
9.507584570806902613e-02
9.253117742522765088e-02
9.969328829501976352e-02
8.581277719787926139e-02
1.093240705579848343e-01
1.259453826585179570e-01
1.064392728740902738e-01
1.380922724011072189e-01
1.049734990845119786e-01
1.021114901082212229e-01
1.044040702287587358e-01
8.755008337895690829e-02
1.077172671654529484e-01
9.102692536076351093e-02
1.023731770058923657e-01
9.183194731062431504e-02
8.201760816683927036e-02
1.082356818357035899e-01
9.133319989195577693e-02
8.701691820960470725e-02
9.094774629623937623e-02
1.108268039710086916e-01
8.660105153691875779e-02
8.171935266634058892e-02
1.050476863890619783e-01
1.015198378905188964e-01
1.155968839023947675e-01
1.029813494897295345e-01
1.453118179588959169e-01
9.162156799988553646e-02
1.039060534296236682e-01
9.033196955455426169e-02
1.138725979727317483e-01
1.039513676867083181e-01
1.104303205628703877e-01
1.006045575780244866e-01
9.131548799330747868e-02
8.886373932411227583e-02
8.676647838215566233e-02
1.057454204275510429e-01
1.116659740556492086e-01
1.348429739469500788e-01
1.116336539788363030e-01
1.027956745024147800e-01
1.052615946651566797e-01
7.877958506173164677e-02
9.453003942729661102e-02
8.072564426288654504e-02
8.252127089118914405e-02
1.160142373160147206e-01
8.808330686914907226e-02
8.684978698567157041e-02
9.583445892610827077e-02
9.857546876579866002e-02
1.651607135458549591e-01
9.760532333427468510e-02
1.202933604749570756e-01
8.269155556113917671e-02
8.745076470555339376e-02
1.115044706607415531e-01
8.423670735594313008e-02
9.516792335330448438e-02
1.091660491489290369e-01
8.581573455805764639e-02
8.494885921700214004e-02
1.072891030904192661e-01
1.116459823644419952e-01
1.259284458996815237e-01
8.657101505679844211e-02
1.002964487293449003e-01
7.742678188613541512e-02
8.891619057667067560e-02
1.056363989537745796e-01
9.174782192273335524e-02
9.862565982543775034e-02
1.038216945575670125e-01
1.136692345455592029e-01
1.292902559601654122e-01
1.281114314443443647e-01
1.045448972030424001e-01
9.441802171195745608e-02
8.932244003905974450e-02
9.295160730165051566e-02
8.331937779561308932e-02
8.671356683085518213e-02
1.076532338604781341e-01
1.108312973368408977e-01
9.092536002702973630e-02
8.135862482052412525e-02
1.170635219429913138e-01
8.473255384933171819e-02
8.706073589826400505e-02
1.427652586612462304e-01
1.101888675292612141e-01
1.311063290109694413e-01
7.593437479700666792e-02
8.134756248785736388e-02
7.569986628641191262e-02
1.082735361405857827e-01
9.713471817996599533e-02
8.804431845666262080e-02
1.088804931836328677e-01
8.696990808868121370e-02
8.612286319785199262e-02
1.320022614009805639e-01
9.703854495447244988e-02
1.158410028422222071e-01
8.294838395635194261e-02
7.698152188670100149e-02
8.521943256784229870e-02
9.092854746494422047e-02
8.230801489486419542e-02
1.225631111391016353e-01
9.326054743785822110e-02
1.055013590404523111e-01
1.104676792801252416e-01
9.722603502783382090e-02
1.172175320009029714e-01
9.785394183330099749e-02
1.274632665030394352e-01
8.063510380549110401e-02
9.950029870058200998e-02
9.555683710531570618e-02
8.199852121505239733e-02
9.165605764810434708e-02
9.166757439222689152e-02
9.819534147750469399e-02
1.213314344062494943e-01
8.953215979841189220e-02
1.486040245491633549e-01
8.663425241273259303e-02
8.552676353709905144e-02
9.893869147436880340e-02
8.943167027344058051e-02
9.241113495236757958e-02
9.109655168150887494e-02
9.441492119524945437e-02
9.406479212108054266e-02
8.480772062401793765e-02
8.951337004393201957e-02
1.106671371140446752e-01
9.553437223604811790e-02
9.500364759191019803e-02
8.331049638667330226e-02
8.609991973031171086e-02
1.276255611980461890e-01
1.569092814025289107e-01
1.434346441065222633e-01
8.207148450048683264e-02
7.547953970647418298e-02
8.834382488646098930e-02
8.144646462894235273e-02
9.427310571237605685e-02
9.373503796132122423e-02
8.128113022365360263e-02
1.183879050514305836e-01
9.494011627868738368e-02
9.949628707447701059e-02
7.723488550853269130e-02
7.868234742199838039e-02
8.531489042438349102e-02
9.894622718917391035e-02
1.053870345960727789e-01
1.319667868084392903e-01
8.676452361843263461e-02
1.460271888664137763e-01
8.806067204685753824e-02
8.926837822217009721e-02
1.165610582390526617e-01
8.299849747358113705e-02
1.008655651145326931e-01
1.008547087561007388e-01
8.358672464835022187e-02
8.806346129865742778e-02
7.929924462806260677e-02
9.712756000069172613e-02
8.502156725532912518e-02
1.418292669750838286e-01
1.018206044680194933e-01
8.510760477636748755e-02
7.887279744778318002e-02
7.766097359801289735e-02
8.844978431249499173e-02
8.606466773312061724e-02
9.342451168125286143e-02
1.389958490055583085e-01
1.141154799897298733e-01
1.137365124586438431e-01
9.309574306109098807e-02
8.326803127619387956e-02
9.705845652689643055e-02
9.341527763355739200e-02
8.952370814449485403e-02
8.476864164097015764e-02
8.728126879368659774e-02
9.265441401178715897e-02
8.542205712268920170e-02
1.155700244713164238e-01
1.072143296817950064e-01
1.123015144772566004e-01
1.267753069538580524e-01
7.868045727711107939e-02
7.429490369145973216e-02
9.267153222023884196e-02
8.575784516194871754e-02
9.490141157457004928e-02
1.000630940846581329e-01
9.807152189540259413e-02
8.761835004391382853e-02
7.613554702324720758e-02
1.047118433420428651e-01
8.528996715860286126e-02
9.856394926469973228e-02
1.619795092364052780e-01
1.029983538776669261e-01
1.115654787242095214e-01
7.886795859191997327e-02
7.684195371538440900e-02
1.060017827679204383e-01
7.802480360474287058e-02
9.278077831974020084e-02
1.109599584408304529e-01
9.449108186855829927e-02
1.454598707080115572e-01
9.015603352134415882e-02
1.078496293631834163e-01
7.165913304470603040e-02
8.835731434745125457e-02
1.046824535406818274e-01
1.067877738230377377e-01
9.066983025983214872e-02
8.933944321966751090e-02
9.534963001932393600e-02
7.422644117594882907e-02
1.034527425594369970e-01
1.133662380129262653e-01
1.120602188445892072e-01
7.697825681860927249e-02
8.036000270083502872e-02
1.057539720096110497e-01
8.370232839346897213e-02
9.550396061653788904e-02
1.109742782315980697e-01
9.188580515443391106e-02
7.826178104318362583e-02
1.339473311371030539e-01
9.573697946895838584e-02
1.256894717708653408e-01
1.071888898384708577e-01
9.591331846096649849e-02
1.066800851626415608e-01
8.077021151834272439e-02
9.435679149061687587e-02
9.966385772007872734e-02
8.057121464441134584e-02
8.365133672946618859e-02
1.072539063234831946e-01
9.367020574948747846e-02
1.426730359118549563e-01
1.116856067709531691e-01
1.016905864940764320e-01
9.098267119670133685e-02
8.265064532982924206e-02
9.140044367932396996e-02
9.829116621308320312e-02
8.853609087534174138e-02
8.440770494380761546e-02
9.741789477590667712e-02
9.034643147532710195e-02
8.659464558386281707e-02
8.239352523183401944e-02
7.687235947732680430e-02
1.375978813031708547e-01
1.194472320941587090e-01
1.298826452318596336e-01
8.019343054470269572e-02
8.498495284759256807e-02
1.194831620990883109e-01
8.783446755650547999e-02
1.023684770741681849e-01
9.100695479110777752e-02
8.911309617834616004e-02
8.856461067142100407e-02
7.856072676697843649e-02
9.859642305887107716e-02
8.938537347447127190e-02
8.209383499618135016e-02
7.965475087658670239e-02
9.698317848455621781e-02
1.711444334179261784e-01
1.006772847131899989e-01
7.950135993314610960e-02
7.387864279516641319e-02
7.944043293382975490e-02
8.179248155658593034e-02
8.894786694726440623e-02
1.516559006605084081e-01
1.079842938415839226e-01
1.145534883706147561e-01
1.129994408470069017e-01
8.637551099122654785e-02
8.346509593356933598e-02
9.417005468945904845e-02
9.134522309704318221e-02
8.662089117039668829e-02
8.482405797736781994e-02
9.042924889469634853e-02
1.217127901104996107e-01
8.452815887190766320e-02
