1.525364334082859614e+03
4.584296224978518808e+02
3.012330745638859071e+02
2.618942788693463513e+02
2.337198518248146399e+02
2.109277974781641944e+02
1.906019712055751540e+02
1.704658687314149290e+02
1.487390960669346214e+02
1.235743764374528837e+02
9.473364879096692448e+01
6.883585764675582652e+01
5.106401377693898525e+01
4.081909249707964449e+01
3.499500851221517195e+01
3.116637708292980946e+01
2.825087150899764410e+01
2.580498963060442463e+01
2.371723280171379500e+01
2.192288974821289926e+01
2.036230258978162055e+01
1.897706835660500246e+01
1.774353961316850459e+01
1.664135188470712379e+01
1.564759613917797942e+01
1.474228076520181929e+01
1.390778828460299188e+01
1.314278978549648791e+01
1.245112501060106069e+01
1.181142935882316003e+01
1.122208099060326703e+01
1.067211327139896859e+01
1.016331001806134893e+01
9.694107410540729219e+00
9.259703472362721399e+00
8.865786814387744741e+00
8.516244670972614728e+00
8.206524050599581344e+00
7.931392593085232257e+00
7.690521384654068093e+00
7.477457093871485050e+00
7.285650518173809154e+00
7.112804103326930694e+00
6.957499487965708163e+00
6.815245490319124855e+00
6.680629200434761827e+00
6.557355389679830893e+00
6.441164242545870167e+00
6.334261206640634079e+00
6.232659809850623844e+00
6.134765984042047648e+00
6.044762073333745711e+00
5.960709482006574689e+00
5.880875254726738888e+00
5.805126830664064208e+00
5.732649132432175776e+00
5.665814108862959664e+00
5.603205397319857006e+00
5.541394394755378094e+00
5.484431475915407361e+00
5.428984830530811934e+00
5.376615391532532762e+00
5.325127721248621882e+00
5.277871656073166662e+00
5.231447012205500791e+00
5.185433458882307889e+00
5.141533185007642892e+00
5.099212187509321481e+00
5.058129627887583801e+00
5.018781810596354198e+00
4.979664235249089188e+00
4.941176662660195618e+00
4.902478496798575947e+00
4.865082959050647915e+00
4.827695436752053482e+00
4.790750513350537254e+00
4.753874665280636513e+00
4.718480868178905219e+00
4.685065434237138504e+00
4.652299687183519161e+00
4.621995095269834763e+00
4.591740793165320689e+00
4.563301577277727894e+00
4.536038147627338368e+00
4.509496867836522149e+00
4.482902557825801715e+00
4.458237354540947273e+00
4.433694695310042455e+00
4.408315663678406437e+00
4.384211007467266441e+00
4.360955444820457494e+00
4.338200437655808095e+00
4.316441901498248690e+00
4.294746810388812008e+00
4.273926482522288239e+00
4.252587506326051425e+00
4.230985551940871225e+00
4.210089717930697084e+00
4.188242438715041871e+00
4.166212132934782097e+00
4.144681418029668940e+00
4.123175163239097607e+00
4.102281423659179360e+00
4.082816044042758996e+00
4.064536497449697805e+00
4.045209496296153340e+00
4.027141704221235408e+00
4.009703198186482354e+00
3.992451265424500573e+00
3.975469280262952765e+00
3.959442393896488444e+00
3.942843324047417664e+00
3.926335077774529836e+00
3.911844139308467749e+00
3.895659726477278539e+00
3.879570476931990530e+00
3.864582625422194440e+00
3.850012826858251191e+00
3.836058104211495401e+00
3.821752672517714444e+00
3.808883146364387517e+00
3.794849045997015224e+00
3.781872654743136053e+00
3.769146214304926801e+00
3.756213923771094532e+00
3.743138067289298210e+00
3.730725928467220953e+00
3.718251965178067220e+00
3.705576994108847888e+00
3.692972936424132158e+00
3.681720032836068413e+00
3.671019266874159914e+00
3.660268175471797392e+00
3.650458167163452838e+00
3.639229800278906524e+00
3.629181267417667556e+00
3.619324309424315711e+00
3.610045443214516592e+00
3.599811136126525479e+00
3.590450409005067289e+00
3.580471857580816764e+00
3.569782908479962824e+00
3.561105347665054932e+00
3.550552989114843516e+00
3.541006777765391078e+00
3.532214415133818175e+00
3.522286402381340498e+00
3.513354369306336711e+00
3.504016983805640972e+00
3.493955515508268661e+00
3.484270753305982904e+00
3.474887801844805058e+00
3.465151186563220964e+00
3.456771839319908057e+00
3.447574215909383621e+00
3.438864403353226518e+00
3.429889199299816838e+00
3.421193128209036427e+00
3.412592186278897710e+00
3.404877131626029563e+00
3.396008744780636857e+00
3.387290115598859952e+00
3.379073648023295018e+00
3.371760883543313270e+00
3.364176506802915245e+00
3.356604961110497332e+00
3.349293126439622625e+00
3.342299291183010723e+00
3.335336488185078441e+00
3.328899585480362244e+00
3.322377493676043958e+00
3.315159308697972040e+00
3.308446575369773601e+00
3.301425456860278995e+00
3.295489842035490557e+00
3.288526327289413853e+00
3.280685360500251502e+00
3.274663317446492083e+00
3.267497682892749111e+00
3.260812151972590556e+00
3.253651324693968672e+00
3.247111894295791057e+00
3.240328060583082870e+00
3.234226280076402116e+00
3.227249457607328953e+00
3.221492840231165999e+00
3.214122790163953081e+00
3.208860268959317086e+00
3.202677750331273554e+00
3.196640596435539994e+00
3.190564090914699946e+00
3.184085621653371945e+00
3.178032048033552215e+00
3.172355323854778586e+00
3.165747679332558295e+00
3.160357990120687077e+00
3.155243842124875187e+00
3.150211103387698497e+00
3.144663466006627939e+00
3.139995310089728875e+00
3.134850125655125996e+00
3.129831167314976792e+00
3.124973056402664096e+00
3.119929129776459309e+00
3.115274196703966769e+00
3.110861557907173225e+00
3.106035020725514073e+00
3.100522703122210899e+00
3.095469525875570227e+00
3.090989767843459024e+00
3.086232198717805186e+00
3.081155243879698080e+00
3.076726097119430126e+00
3.071689407926246673e+00
3.067661066962430017e+00
3.063430202706777461e+00
3.059741839410348163e+00
3.055320373423646263e+00
3.050878610143085812e+00
3.046238385208190902e+00
3.041920804678104329e+00
3.037340722601538090e+00
3.033601861921017218e+00
3.028649380013357817e+00
3.024844086833709422e+00
3.019955376662521562e+00
3.016449812120452378e+00
3.012026022434781680e+00
3.008285494912133373e+00
3.004205958631061435e+00
3.000423825724114923e+00
2.996956984243143385e+00
2.992031874822374871e+00
2.988149501157241428e+00
2.983366592943223594e+00
2.979834546509889659e+00
2.975438568206147938e+00
2.971841248323558116e+00
2.968282139262049313e+00
2.964726694664639783e+00
2.961747347034208389e+00
2.958333366075461601e+00
2.954659715166795042e+00
2.950949815452569069e+00
2.947763955554844717e+00
2.944622409122754636e+00
2.941242865681326979e+00
2.937048013066362984e+00
2.933036259742307639e+00
2.930506131847402163e+00
2.926699584832317402e+00
2.923344883702367003e+00
2.919568587210708888e+00
2.916287574851814224e+00
2.912878880776059720e+00
2.909552429209121716e+00
2.905861765224528437e+00
2.902280769570082075e+00
2.899221317394914621e+00
2.895862152271785117e+00
2.892803928633969068e+00
2.889841981726781750e+00
2.886704479581673422e+00
2.883356874638653977e+00
2.880188711004489477e+00
2.877011680801515592e+00
2.873960423426739741e+00
2.870805106902739823e+00
2.867724921652783365e+00
2.865394279377202036e+00
2.862227881168387000e+00
2.859674535204034473e+00
2.856645265468382267e+00
2.853094037340373479e+00
2.850559252153775702e+00
2.847296729842154761e+00
2.845031129170159101e+00
2.841530810705833687e+00
2.839077342631781686e+00
2.835841747847970939e+00
2.832631118728353048e+00
2.829638455320759416e+00
2.826946686879752590e+00
2.824278405388663149e+00
2.821360291411063148e+00
2.818596314146029957e+00
2.815680527574133674e+00
2.813636791593066899e+00
2.810765996015955892e+00
2.807880259290877145e+00
2.805824407598098702e+00
2.802725486309309844e+00
2.800806494779072953e+00
2.798398889996837280e+00
2.795607934554566132e+00
2.792546508545879380e+00
2.790805891393089766e+00
2.788209995555772647e+00
2.785601002276525850e+00
2.782986462994440746e+00
2.779452601818320989e+00
2.777133387723456082e+00
2.774467514717809724e+00
2.771334929604391206e+00
2.769624123135731697e+00
2.767140727353374796e+00
2.764062444155645171e+00
2.761988756140933976e+00
2.759211120695112651e+00
2.756031806029353604e+00
2.754012365670434281e+00
2.751312196597224258e+00
2.748908908145335062e+00
2.746867176741330407e+00
2.744571707933134874e+00
2.741740194878131920e+00
2.739449679281984462e+00
2.736858161924855537e+00
2.734214879150650646e+00
2.732606000009076386e+00
2.730442195768981950e+00
2.727693733140489574e+00
2.725154168443491454e+00
2.723526831247467417e+00
2.721496310010411701e+00
2.719501906235521904e+00
2.717445129482310318e+00
2.714714254171068486e+00
2.712693787230342490e+00
2.709911412647423745e+00
2.708217036724665405e+00
2.706183113385636219e+00
2.703971682968009826e+00
2.702570857063288923e+00
2.700574151687509694e+00
2.698605483210538392e+00
2.696752035164195149e+00
2.694717081981186535e+00
2.692380692662892372e+00
2.690977682491119793e+00
2.689208025397308521e+00
2.686715465105976364e+00
2.685744103351316969e+00
2.683866803967053016e+00
2.681644823713195347e+00
2.680067160689700412e+00
2.678105796372494130e+00
2.676552808693003715e+00
2.674095249199384572e+00
2.672534196483016711e+00
2.670385898935677016e+00
2.668793789827026419e+00
2.666421930719414135e+00
2.665776261595253604e+00
2.663458866744469855e+00
2.662632823546007277e+00
2.660992783757080371e+00
2.659969372955255817e+00
2.657843478274627191e+00
2.656775490539426077e+00
2.654697202177444204e+00
2.653741290332347180e+00
2.651472961839905995e+00
2.650336376200792987e+00
2.649182852510870934e+00
2.647195842719047842e+00
2.646095749092509664e+00
2.644022518171324609e+00
2.643020425284675401e+00
2.641253516934909396e+00
2.639296953514563171e+00
2.638157851450423141e+00
2.636512887286260653e+00
2.634906614710320394e+00
2.634211343621875923e+00
2.631928694798245427e+00
2.630581593165567167e+00
2.629319874689211911e+00
2.628334080845095677e+00
2.626667066968581654e+00
2.625214149855899404e+00
2.623890850883876080e+00
2.622262182316416723e+00
2.621311929471379809e+00
2.620315328889630369e+00
2.618330164715265251e+00
2.616526845376155208e+00
2.616270432814010949e+00
2.614170275167981838e+00
2.613308957403228217e+00
2.611912914527411811e+00
2.609902967448463063e+00
2.609247893189020395e+00
2.607709343833200411e+00
2.607056338567797393e+00
2.605379970613089124e+00
2.603878161312500161e+00
2.602924528456902031e+00
2.601594988608167736e+00
2.600402449161776541e+00
2.598969238357228040e+00
2.598445155136638096e+00
2.597045598019743107e+00
2.595822233749293328e+00
2.593867673982821476e+00
2.593343111421784641e+00
2.592676288408442442e+00
2.591448624985725591e+00
2.589804480505899953e+00
2.588541471807847216e+00
2.587750404032644003e+00
2.586656011602951555e+00
2.585318451436180887e+00
2.583653826630161188e+00
2.583542696278790629e+00
2.581076320833807447e+00
2.580876443782937013e+00
2.578905983773650323e+00
2.578627882046978570e+00
2.577925501393132368e+00
2.576330770489541067e+00
2.576086883119280913e+00
2.573789791031332097e+00
2.573668062264584222e+00
2.572460347839483408e+00
2.570731761464972731e+00
2.569604246468471409e+00
2.568362051008742153e+00
2.567341746130678892e+00
2.566276518837983467e+00
2.565086335146467000e+00
2.563536773245071565e+00
2.562840561528286987e+00
2.560978306794775339e+00
2.560256980214537403e+00
2.558995246163271897e+00
2.558566658576129527e+00
2.556871908835742335e+00
2.556162614455928850e+00
2.554559816933376304e+00
2.554013802913015052e+00
2.552327714028715722e+00
2.551602640003189038e+00
2.550450865850605542e+00
2.549382683670311511e+00
2.548327140034559068e+00
2.547164540777945518e+00
2.546048357880297264e+00
2.544908823281128996e+00
2.543468498866490179e+00
2.542976999529471538e+00
2.540479666461447739e+00
2.540027869197307719e+00
2.539026151576189161e+00
2.537996804533024342e+00
2.537023755202886033e+00
2.535781626228660546e+00
2.534419509501350642e+00
2.534019320131779995e+00
2.531906395307382152e+00
2.531689050458396650e+00
2.530820858563082698e+00
2.529783263779318059e+00
2.528909836021996149e+00
2.527801649456153932e+00
2.525974968923009101e+00
2.525353126821884953e+00
2.524343953093068027e+00
2.522766714846770508e+00
2.522094534660263232e+00
2.520822617098368301e+00
2.519712740353703406e+00
2.519519932766963066e+00
2.518142713933908095e+00
2.517424774854070346e+00
2.516202143827642512e+00
2.515390403331586811e+00
2.514587213257802656e+00
2.513536298272859515e+00
2.512438000788239201e+00
2.511254180872498853e+00
2.511034506284953949e+00
2.509831625032065805e+00
2.509356463800036963e+00
2.508571461014748483e+00
2.507805115802301810e+00
2.506002526697026500e+00
2.506260044984908841e+00
2.504150002859931057e+00
2.504121720079819813e+00
2.501934353488420637e+00
2.502760749579302946e+00
2.500314507477232606e+00
2.499751052620997616e+00
2.498462874908678355e+00
2.497747890882809241e+00
2.496944954007341178e+00
2.495154178062036987e+00
2.494701896270929087e+00
2.493608976705486757e+00
2.493024989028138627e+00
2.491672174399150119e+00
2.491019401114425325e+00
2.490109091272319386e+00
2.489030987562710795e+00
2.488289548002220908e+00
2.487501326726209161e+00
2.486227719553038895e+00
2.485068489618503129e+00
2.483922853360256866e+00
2.482700393146850981e+00
2.481712740619485658e+00
2.480992204202187690e+00
2.480156474658153698e+00
2.478306099588385436e+00
2.477949754261605797e+00
2.477259540603481636e+00
2.475752150340520430e+00
2.475057957893546323e+00
2.474253282508306118e+00
2.473570561689996339e+00
2.472776621206223435e+00
2.471276929507951969e+00
2.471641400144698242e+00
2.470070792189718034e+00
2.469066827317438761e+00
2.468638980829157337e+00
2.467643417408878381e+00
2.466435863346557955e+00
2.466260525713275698e+00
2.464927910790049470e+00
2.464890931299099197e+00
2.463542255236370604e+00
2.462630207644614710e+00
2.461398721460398065e+00
2.461182216055169292e+00
2.460359899035676090e+00
2.459233874847445378e+00
2.458721746183972545e+00
2.457779113995713249e+00
2.457635640907512631e+00
2.456525446591183215e+00
2.455927346469431338e+00
2.454550184916123090e+00
2.453808966607213371e+00
2.453321928192004453e+00
2.452564794748338883e+00
2.450717963401241040e+00
2.450578841046679113e+00
2.449923175114786744e+00
2.448399228459338328e+00
2.448419722244579155e+00
2.446578795565690800e+00
2.446122409345538262e+00
2.445406869055249732e+00
2.444489871603387154e+00
2.442864255807870588e+00
2.441548264626133058e+00
2.441523216555837372e+00
2.439627280559335532e+00
2.439522081732092396e+00
2.438070244931518804e+00
2.437731385310122345e+00
2.436632790082298161e+00
2.434662970459821718e+00
2.434615868259230709e+00
2.433339458106059894e+00
2.432446003928593559e+00
2.431555755619784875e+00
2.430489478709578766e+00
2.429278757799587574e+00
2.428285876806334453e+00
2.427743432761900966e+00
2.426607204949699170e+00
2.425256902003176229e+00
2.425214183106164434e+00
2.423294617959396380e+00
2.422235799327300043e+00
2.422095276051542179e+00
2.420264483367638331e+00
2.418530282528122299e+00
2.418211209480505275e+00
2.417181710945536466e+00
2.415624389432013519e+00
2.414755557411452536e+00
2.414431900549709908e+00
2.412059656926877071e+00
2.411203522721537595e+00
2.411534950209160311e+00
2.409106642307713653e+00
2.408875972244011177e+00
2.408127981754426994e+00
2.406514994110505512e+00
2.405900760826201523e+00
2.405040610742273710e+00
2.404093414729385092e+00
2.402827027274342608e+00
2.402366231211866321e+00
2.401230898341588205e+00
2.400105545111121064e+00
2.399807063574557642e+00
2.398785508016130219e+00
2.397992153158770456e+00
2.396059068976653883e+00
2.396103306816821377e+00
2.394920187298835046e+00
2.394193927733543337e+00
2.394551880975314351e+00
2.392926729348992421e+00
2.392397803321680616e+00
2.391090739810759924e+00
2.391857790289265484e+00
2.389676989826577280e+00
2.389339667121281874e+00
2.388462366089095124e+00
2.388699994877411026e+00
2.387003512537057226e+00
2.386513982694062452e+00
2.385693780200801140e+00
2.385593006707240615e+00
2.383871058773445295e+00
2.383544105898143250e+00
2.383107872928299731e+00
2.382085547864189135e+00
2.381142568846852381e+00
2.381265622697074757e+00
2.380017809596227885e+00
2.379107740791632342e+00
2.379076340132557199e+00
2.378396613684826466e+00
2.376366770683162155e+00
2.376670636956279559e+00
2.375532235870056130e+00
2.374605494728797339e+00
2.374840952764615487e+00
2.373506041779207099e+00
2.372669664638255238e+00
2.372477645959607973e+00
2.371493303996818458e+00
2.370779097407707425e+00
2.369530214417897351e+00
2.369734268629735574e+00
2.368415447749601110e+00
2.368070172476645308e+00
2.367362441001024553e+00
2.366866657900914550e+00
2.365578931983807198e+00
2.364814272037311760e+00
2.365004380717346866e+00
2.363519215016955055e+00
2.363110851465658246e+00
2.362440704840281125e+00
2.362097463007224007e+00
2.361403857626970915e+00
2.359564660550980353e+00
2.359847487339942429e+00
2.358977692188263919e+00
2.357748761282166594e+00
2.357805782189999366e+00
2.356738445072185772e+00
2.356049477780816748e+00
2.355669984399269890e+00
2.354480879559959217e+00
2.354158047218912753e+00
2.353491727134046752e+00
2.353030423809840510e+00
2.351915155136168334e+00
2.351329983746389463e+00
2.350826529867846570e+00
2.350664321470663953e+00
2.349233778862350075e+00
2.348818488714211394e+00
2.348398431855533985e+00
2.347818620976263926e+00
2.347128108483818920e+00
2.346202963607920466e+00
2.345778945302562146e+00
2.344899731752908334e+00
2.344427128502144075e+00
2.343817942416736688e+00
2.343226344065650224e+00
2.342729710315267777e+00
2.341947654501625120e+00
2.340877774964689184e+00
2.340677086676787422e+00
2.340547399557188601e+00
2.339842000670977029e+00
2.338219797739071293e+00
2.338054806763610660e+00
2.337507695307948996e+00
2.336176686196978380e+00
2.335516656534617486e+00
2.334794049997328091e+00
2.334365787847350493e+00
2.333872098964396624e+00
2.332208891801784478e+00
2.331923593932635708e+00
2.332144197535598984e+00
2.330336367810092124e+00
2.329971080317419840e+00
2.328887764874588484e+00
2.328532790756045134e+00
2.327795785317731347e+00
2.327211803303711690e+00
2.326450127748314056e+00
2.326503594480738180e+00
2.325442341568448423e+00
2.324709976707194148e+00
2.324094031762882651e+00
2.324293075471194125e+00
2.322607020451758597e+00
2.322876307742779645e+00
2.321804782728859262e+00
2.320850460168759621e+00
2.320719141150538345e+00
2.319456555680564414e+00
2.319350796596688635e+00
2.318684746716452860e+00
2.317672317543020721e+00
2.316875475721968503e+00
2.315566187721054714e+00
2.315596609363997249e+00
2.315435933377955280e+00
2.314110851595167162e+00
2.314262989319256558e+00
2.312913921171056320e+00
2.312614988693291185e+00
2.311671052962719575e+00
2.311235551163963731e+00
2.311085590751774443e+00
2.310341389101083553e+00
2.309297390085085944e+00
2.309089895079670995e+00
2.307969212942374337e+00
2.308321916128217133e+00
2.306913722214598117e+00
2.306780336816823596e+00
2.306068996883304134e+00
2.305512775461136865e+00
2.304904334460319060e+00
2.304343760333454227e+00
2.303385583515538126e+00
2.303714693878004649e+00
2.302576988552832216e+00
2.302952317326116383e+00
2.301180341054441580e+00
2.301196767843246338e+00
2.300294319150653077e+00
2.300356892745521353e+00
2.298887075576929728e+00
2.299476488638930949e+00
2.297900122577189563e+00
2.298110576506898095e+00
2.297186423854443493e+00
2.296960044902989662e+00
2.295721095866510630e+00
2.295888450993093244e+00
2.294833060070731179e+00
2.294409721590213724e+00
2.293651807074876814e+00
2.293877522668704483e+00
2.292557590148759150e+00
2.292572445866056352e+00
2.291326199277583520e+00
2.291780416023448286e+00
2.290371379164139132e+00
2.290354297820720308e+00
2.289214983957239102e+00
2.289453931270843068e+00
2.288135399233009792e+00
2.287804696547327321e+00
2.286741944336125432e+00
2.287041977426516048e+00
2.286476146074058136e+00
2.285656269744115843e+00
2.285102521711978252e+00
2.285008212626557178e+00
2.284652930297503381e+00
2.283965372157968243e+00
2.283309349300157276e+00
2.283270381129856919e+00
2.282658039593521870e+00
2.282495729654512751e+00
2.281849178897826125e+00
2.281561821040960059e+00
2.280486621818787363e+00
2.280775654778568029e+00
2.280096829840612127e+00
2.279659681650667569e+00
2.278702202594633075e+00
2.278612477096888078e+00
2.277855917383175832e+00
2.277493248153978467e+00
2.276649306261334882e+00
2.276304978283623548e+00
2.275549399687766261e+00
2.275426671891466857e+00
2.274945923983416218e+00
2.274288263812970889e+00
2.274075276713715787e+00
2.273631077962348979e+00
2.272853578700131383e+00
2.272842328001289491e+00
2.271299953353953516e+00
2.271455852314655743e+00
2.271092468540053755e+00
2.270574038067714628e+00
2.269279560199463308e+00
2.269597479463203449e+00
2.268455771376185481e+00
2.268594460630198650e+00
2.267513089077823896e+00
2.267280815010355610e+00
2.266586891934968762e+00
2.265554889645431391e+00
2.266454973620822599e+00
2.264216935108498419e+00
2.264537566160417459e+00
2.263617234029766667e+00
2.264235502330008920e+00
2.262630853315131141e+00
2.262316700745559128e+00
2.261392230018008931e+00
2.261872948348190526e+00
2.260414250609791065e+00
2.260326738743077879e+00
2.259687171920000015e+00
2.259915625850469123e+00
2.258519590381970588e+00
2.258526042669893652e+00
2.258259625516665370e+00
2.258416598543340648e+00
2.256947454992588309e+00
2.257343873159538550e+00
2.256432195949013675e+00
2.256256309810118932e+00
2.255605956650397648e+00
2.255037025737854695e+00
2.254494706212660127e+00
2.254633277279678882e+00
2.254326033739128210e+00
2.253100340313091809e+00
2.252627332930049242e+00
2.253236464254933846e+00
2.252219508402498516e+00
2.251343745009704911e+00
2.251873499972517845e+00
2.250629622348687242e+00
2.250452999984161373e+00
2.249709445196597546e+00
2.249865753941933555e+00
2.249673205878847337e+00
2.249762004416921979e+00
2.248035849584307577e+00
2.248530135715899103e+00
2.247905721214591868e+00
2.247721069483150647e+00
2.246570673785198924e+00
2.246090005049076854e+00
2.246917750181017137e+00
2.246376046724715803e+00
2.245190400388859420e+00
2.245625828414671954e+00
2.245025866634458023e+00
2.245171510086002353e+00
2.243884760502124820e+00
2.244385811839546996e+00
2.243844980352989626e+00
2.242782537287852929e+00
2.242081876180747280e+00
2.242726310426617076e+00
2.242634214840705909e+00
2.241945938832762053e+00
2.240833765787741516e+00
2.241567681745230800e+00
2.239920470627711158e+00
2.240271670753831046e+00
2.239374199945701083e+00
2.239190566833416440e+00
2.239254250496849341e+00
2.238466084226018449e+00
2.238218770425297155e+00
2.238964371510385742e+00
2.237446396445521568e+00
2.237500184893141952e+00
2.237085996876506666e+00
2.236817104209931184e+00
2.236487701978397080e+00
2.236490760693793600e+00
2.235834374028743632e+00
2.236083734653652844e+00
2.234872673911071583e+00
2.234693354109836605e+00
2.234087740144179879e+00
2.234326853397623491e+00
2.233461808185663422e+00
2.233146127093247557e+00
2.232484734480008282e+00
2.232678895733819058e+00
2.231598867071525660e+00
2.231770537747082006e+00
2.230925752391577088e+00
2.231749863628068375e+00
2.230476111543837625e+00
2.230284589313388022e+00
2.230035257991948239e+00
2.230572727548358447e+00
2.229002007948809094e+00
2.228794332268654532e+00
2.229381458030924801e+00
2.228561845519498430e+00
2.227914958379041188e+00
2.227668211827033229e+00
2.227069832398621774e+00
2.227915725969058069e+00
2.226275230121286253e+00
2.226375853902507362e+00
2.225727582819983397e+00
2.226280844689809690e+00
2.225436076703753763e+00
2.225240054099170361e+00
2.224628571678480160e+00
2.225357514264784786e+00
2.224161785763216326e+00
2.223834174641360573e+00
2.223862631493890074e+00
2.223211581002300985e+00
2.222999889178846278e+00
2.222770910533549138e+00
2.222815050999064734e+00
2.222430941461941423e+00
2.222105880666189748e+00
2.222077589426901145e+00
2.221195916055997976e+00
2.221771490106763558e+00
2.220668636458835277e+00
2.220172050579595879e+00
2.219771003400609732e+00
2.220637676428375951e+00
2.219473956253869229e+00
2.218474225716819959e+00
2.218724062456848944e+00
2.218679600817651476e+00
2.217843207794291782e+00
2.217319700145824246e+00
2.217526276918969419e+00
2.216968377560216474e+00
2.216200796079636159e+00
2.215791101197683854e+00
2.215780256649025670e+00
2.215002055425644212e+00
2.213841010030672241e+00
2.214395887475160585e+00
2.213433889275230104e+00
2.213156720070546424e+00
2.212774764580125009e+00
2.212410209512440940e+00
2.211664725959847200e+00
2.212185652641126321e+00
2.210793149387944911e+00
2.211053605534317956e+00
2.210204127791130624e+00
2.210542723731401704e+00
2.210063433637861063e+00
2.209801116139671340e+00
2.209452603543124116e+00
2.208425484532290373e+00
2.208463224033675676e+00
2.208753455765526841e+00
2.207475071644886544e+00
2.207447348853305069e+00
2.206863573210883001e+00
2.206801379006716690e+00
2.206509564336097462e+00
2.206040025778029712e+00
2.206032943609207653e+00
2.205449370168957923e+00
2.204972786911658655e+00
2.204132465481884129e+00
2.204251728502096608e+00
2.203894190206887149e+00
2.203816439244526748e+00
2.203160966218038919e+00
2.202716751442163723e+00
2.202318273152150230e+00
2.202039861756681205e+00
2.202507047266888396e+00
2.201510094897650927e+00
2.201929596536825962e+00
2.200806252540420616e+00
2.200588026052786805e+00
2.201545218620151623e+00
2.199830816800506295e+00
2.199972340410738969e+00
2.199862680916214508e+00
2.199531906682186122e+00
2.198777881207402363e+00
2.199196944429560041e+00
2.198221932063989748e+00
2.198397291318788138e+00
2.198013868011179373e+00
2.196866999980460200e+00
2.197769632641276338e+00
2.196554425099593200e+00
2.196697345633714882e+00
2.196031404865802727e+00
2.195371164526227048e+00
2.195633995446095721e+00
2.195471848970101281e+00
2.194608986137173812e+00
2.194154613293831879e+00
2.193926615180000983e+00
2.193299120729804041e+00
2.193720003656806750e+00
2.193614393115135286e+00
2.192730040335528319e+00
2.192568691826339400e+00
2.191862246320083418e+00
2.191629129439168988e+00
2.191410302758292517e+00
2.190193124635415156e+00
2.189388873712038830e+00
2.189440752413309266e+00
2.189932279272789550e+00
2.188787440615377111e+00
2.188085529727848311e+00
2.188409377723132376e+00
2.188093805498603217e+00
2.187194057717626539e+00
2.187611948435675746e+00
2.187263115240322797e+00
2.186520464431132904e+00
2.186482951460531066e+00
2.185654435694281084e+00
2.186351456771286283e+00
2.184961102297727109e+00
2.185454675516860679e+00
2.184463260906686966e+00
2.184466443485374665e+00
2.184209854650784877e+00
2.183088200629076159e+00
2.183172216838057178e+00
2.182865616934792197e+00
2.182439951708913917e+00
2.182954974223934475e+00
2.181826581714410018e+00
2.181610620400545653e+00
2.181506318112134135e+00
2.180670697262971913e+00
2.181215835717214002e+00
2.180328226283621440e+00
2.179757248730979313e+00
2.179556701463207791e+00
2.179698204144068452e+00
2.179407961884455514e+00
2.178799779997922847e+00
2.178516787137096955e+00
2.178042621918180988e+00
2.176951114287519751e+00
2.177591278633511873e+00
2.177257878597123497e+00
2.175958237121681460e+00
2.176741727880352695e+00
2.176276022819276346e+00
2.175899206994484025e+00
2.176491619769958863e+00
2.175358904314072195e+00
2.175516801967757541e+00
2.174393619746766593e+00
2.174265074257696551e+00
2.175203356843776969e+00
2.174159712635381769e+00
2.173049264880280607e+00
2.173379898168342539e+00
2.173613715025525472e+00
2.172707684165354536e+00
2.171876672274967834e+00
2.171632804104956183e+00
2.170965851866107688e+00
2.171267994307283011e+00
2.171298759764282327e+00
2.170035029746056221e+00
2.170591963081763609e+00
2.169936697847521412e+00
2.170009656259296982e+00
2.169538908119510889e+00
2.168695466517159165e+00
2.168351051260815510e+00
2.168167033351950490e+00
2.167870280036583885e+00
2.168481823730531666e+00
2.166900662168520064e+00
2.166134040459550381e+00
2.166794761199350550e+00
2.166622805288076936e+00
2.165939960158975719e+00
2.165498877492309848e+00
2.165181047394236558e+00
2.164306406501523394e+00
2.164774146050551185e+00
2.165661500421349306e+00
2.163659262800791350e+00
2.163834666251663652e+00
2.163506449888661365e+00
2.163352809053584735e+00
2.163333657130899201e+00
2.162864438378529375e+00
2.162625442123167208e+00
2.161664632837444255e+00
2.162283560482793021e+00
2.161273076748842836e+00
2.161440363611615290e+00
2.160593612906720029e+00
2.160995246644737744e+00
2.160940364851845263e+00
2.159790791077675021e+00
2.160066070384905057e+00
2.159385308158078942e+00
2.159428369821215110e+00
2.159310619556163768e+00
2.158637954840721740e+00
2.158428202076652536e+00
2.158314535003634571e+00
2.157606482791433855e+00
2.158321688005960137e+00
2.156789394694147433e+00
2.157275352314345085e+00
2.156698314062408972e+00
2.156942494101488528e+00
2.156699091633812682e+00
2.155866626679566078e+00
2.156697636352742808e+00
2.155574939714918425e+00
2.155813631066278990e+00
2.155876918343983650e+00
2.155517814161821644e+00
2.154124355500066645e+00
2.154651475551398132e+00
2.152815517768730924e+00
2.154599699005789404e+00
2.153580998583844330e+00
2.153261968100032231e+00
2.153255567666742198e+00
2.152751771111707679e+00
2.153399366724992881e+00
2.151258400246048641e+00
2.151870574193009755e+00
2.151820002988408476e+00
2.150649581420548184e+00
2.151195285801275059e+00
2.150548786360887199e+00
2.150604926410265794e+00
2.150161327322425819e+00
2.148841584140410266e+00
2.149226025432648068e+00
2.149274677417461810e+00
2.149060186459260446e+00
2.148790316036134573e+00
2.148090944882892650e+00
2.147541872982155375e+00
2.148662560553493694e+00
2.147493475693150078e+00
2.146645183465385021e+00
2.147503017946637893e+00
2.146089242528051333e+00
2.146303109744214233e+00
2.145807966401776401e+00
2.145925047114206397e+00
2.144890563173194931e+00
2.143871803737082526e+00
2.144783587893943189e+00
2.143821510621004567e+00
2.143854211715859215e+00
2.142966727320708031e+00
2.143520809234828128e+00
2.143233630777240606e+00
2.142019725423546017e+00
2.141439861892048047e+00
2.142466355005260059e+00
2.140252306620217038e+00
2.140950532105163173e+00
2.140738391928938444e+00
2.140789719546398739e+00
2.140371528582301064e+00
2.139274275729139863e+00
2.139809707818068230e+00
2.139622668447275444e+00
2.139119672802191285e+00
2.138333632389147088e+00
2.138708063788047564e+00
2.137265193217217973e+00
2.138315129498955969e+00
2.137866754690012971e+00
2.137187854995007186e+00
2.137484731373264335e+00
2.137817973996003484e+00
2.136354663993067948e+00
2.136675500663619776e+00
2.136584019737131079e+00
2.136714436303877918e+00
2.135659197160503453e+00
2.135758939490649322e+00
2.134437205600012266e+00
2.135084143850158434e+00
2.134897661809636915e+00
2.134440329115163237e+00
2.133555702833446421e+00
2.132570871030083470e+00
2.133258577434403502e+00
2.132411953515428671e+00
2.131801168476497921e+00
2.131387503298427522e+00
2.131649153881600256e+00
2.132045302061655878e+00
2.130155076855299257e+00
2.129115092986260116e+00
2.131037220122494080e+00
2.129956755504406996e+00
2.129509704956490168e+00
2.129967106019955647e+00
2.129771517849655904e+00
2.128568628405256291e+00
2.128820151664446048e+00
2.128174364155286380e+00
2.127569101234587645e+00
2.126108744403190531e+00
2.127207044605986308e+00
2.127563213806380471e+00
2.126668406274129008e+00
2.126288026223037253e+00
2.126234965954783451e+00
2.126271284761790614e+00
2.125558543474597162e+00
2.125263477613513086e+00
2.125042037419582641e+00
2.124021603065035624e+00
2.124158845377403626e+00
2.123054403271536827e+00
2.124519785731552535e+00
2.123083160029913596e+00
2.123262016963585186e+00
2.123394257710047306e+00
2.121738246781718740e+00
2.121891914538215129e+00
2.121578256808962060e+00
2.121877048945227440e+00
2.120778722384937698e+00
2.120163949216987032e+00
2.120724036092186626e+00
2.120048848816959097e+00
2.119371730935814213e+00
2.118639136570338533e+00
2.118925970447899321e+00
2.119471985832594552e+00
2.119294588251337874e+00
2.118206686975276476e+00
2.117855628223604736e+00
2.117157757149540576e+00
2.117189343145320368e+00
2.116711996282617303e+00
2.116059571801520267e+00
2.115366254331584539e+00
2.115673665999785680e+00
2.115194870641302405e+00
2.114115504683935498e+00
2.113958229132330668e+00
2.114686042095034413e+00
2.112030297032588155e+00
2.113866479569207701e+00
2.112711394589823044e+00
2.112680114355523830e+00
2.112102723338258325e+00
2.112044879077946913e+00
2.110917144580985116e+00
2.111311457571998673e+00
2.110517895972978675e+00
2.110041958173145549e+00
2.110148943843165537e+00
2.109104474181654254e+00
2.109183817966899799e+00
2.108547794234800321e+00
2.108829965592747602e+00
2.107408734561313945e+00
2.107749551849220193e+00
2.106869899165482174e+00
2.106140762239019804e+00
2.106182908421652566e+00
2.106349054373237717e+00
2.105306827424409555e+00
2.105417322264573787e+00
2.104696081013496922e+00
2.104867450796298112e+00
2.104506621436319502e+00
2.103600839950399592e+00
2.103895844768632450e+00
2.102717869350742230e+00
2.103261213484710179e+00
2.102358019483466567e+00
2.101938544969823131e+00
2.102011714621072169e+00
2.101777622364652931e+00
2.100955935280632403e+00
2.101048046929569590e+00
2.100754098271615966e+00
2.099981548543451648e+00
2.099557288869661420e+00
2.099608646284502722e+00
2.098997317964744980e+00
2.098290475476329853e+00
2.098908055069396816e+00
2.098114176499656036e+00
2.097239483869735910e+00
2.098297715816741960e+00
2.096675843431119901e+00
2.096411109746555645e+00
2.097473599179730197e+00
2.095496415245278410e+00
2.094946685650597828e+00
2.095428272949729553e+00
2.094912019571794293e+00
2.094391667689945447e+00
2.094335873338150300e+00
2.094650719638614600e+00
2.093179271591090629e+00
2.093922923643981360e+00
2.093106157302648374e+00
2.092329042944494066e+00
2.091948479654798465e+00
2.091289117808342368e+00
2.092083283516786629e+00
2.091043415430443364e+00
2.090949831614288712e+00
2.090816335762871070e+00
2.090371769678397218e+00
2.090093286906440362e+00
2.089952073601092142e+00
2.089828605572075837e+00
2.089211968915410278e+00
2.089033555165506151e+00
2.088651192961391789e+00
2.088590451740447218e+00
2.088042334297013358e+00
2.088289593365355579e+00
2.087434642527559614e+00
2.087053264927472451e+00
2.086571397112130466e+00
2.087334871964876992e+00
2.085917100142696157e+00
2.085922453630829843e+00
2.085803691466093124e+00
2.086181143766898227e+00
2.085004501230460772e+00
2.085106770726629755e+00
2.084314437318848690e+00
2.085061899854789402e+00
2.083924021952475503e+00
2.083560514627202487e+00
2.082553480828051473e+00
2.083176260100255472e+00
2.083111866852149330e+00
2.081769459475725892e+00
2.081956727160571230e+00
2.081518983977318715e+00
2.081688149994660009e+00
2.081123263626700304e+00
2.081119317036143723e+00
2.080352452488225090e+00
2.080314256653431393e+00
2.080239701393735263e+00
2.079588706273664656e+00
2.079356349361124234e+00
2.079082246916628129e+00
2.078839989913377373e+00
2.078471347023107985e+00
2.077666972031299686e+00
2.077524990971164165e+00
2.077570165215937958e+00
2.076800193469387157e+00
2.076995850959258760e+00
2.077106643148327603e+00
2.076401187772997314e+00
2.075770591880414795e+00
2.075800780977698601e+00
2.074904168309898989e+00
2.075397130791641231e+00
2.074894585889582199e+00
2.074996131583299430e+00
2.074531539576449202e+00
2.073468529756031575e+00
2.073416587598139404e+00
2.073683268784379141e+00
2.072778937306867686e+00
2.072954000343235847e+00
2.072950840352229207e+00
2.072255778514538793e+00
2.072023032793982367e+00
2.071206556773426577e+00
2.071267782723233974e+00
2.071879992570913043e+00
2.071086938424937518e+00
2.071365353361501516e+00
2.069873687809126839e+00
2.069767101720824787e+00
2.070465287652994313e+00
2.070280813338591042e+00
2.069489917014423419e+00
2.068362630227216226e+00
2.068962578701302402e+00
2.068098975998614808e+00
2.068610331721007167e+00
2.068884992273817947e+00
2.067224587518671886e+00
2.067339852852649873e+00
2.067463092129933955e+00
2.067026255761411413e+00
2.065789572270685159e+00
2.066148182176034798e+00
2.065666169784337480e+00
2.065923363175234062e+00
2.065073955675256645e+00
2.064777114218127263e+00
2.064478008024734912e+00
2.064193540351339173e+00
2.063559685062754223e+00
2.064252315492678402e+00
2.063610165491187587e+00
2.062329277136097705e+00
2.062800317073886003e+00
2.062410502369613763e+00
2.062119406470737104e+00
2.062111844814352946e+00
2.061265073880356624e+00
2.060628130946005054e+00
2.060697212251659138e+00
2.059043099309029401e+00
2.060316230658699066e+00
2.059588754962044632e+00
2.059907835306920898e+00
2.059378429432419999e+00
2.058048933670644232e+00
2.057343576845017896e+00
2.058296864141316629e+00
2.057957723735182487e+00
2.057908547948308353e+00
2.056826069678350244e+00
2.057143881651324335e+00
2.056619928449158419e+00
2.056113472807155507e+00
2.056439873950159480e+00
2.054838150051905288e+00
2.055774756943575365e+00
2.055832999080139611e+00
2.055015493638274737e+00
2.054532630066199239e+00
2.054800170354137645e+00
2.054242462702446481e+00
2.053272665062092717e+00
2.054036373918030289e+00
2.054247339716529730e+00
2.052941155330734180e+00
2.053465280764954048e+00
2.052590359235319184e+00
2.052228569830797600e+00
2.052270416209999837e+00
2.052096516940977278e+00
2.052120245907542273e+00
2.051247908864154201e+00
2.051192099586679252e+00
2.050624743420885743e+00
2.051252837466619017e+00
2.050263417303818780e+00
2.049103303363343453e+00
2.049741838198853028e+00
2.049414087298256693e+00
2.049202568140745750e+00
2.049341468186673065e+00
2.048909986957224039e+00
2.048389174845805627e+00
2.047395938655501180e+00
2.048702055156429669e+00
2.047804878419352992e+00
2.047502844281902323e+00
2.047564550911528780e+00
2.047677778443410812e+00
2.046413481420299885e+00
2.047355646156454601e+00
2.046510526174438294e+00
2.045176200888999762e+00
2.045880389240447794e+00
2.045814037962479404e+00
2.045240113180011310e+00
2.045245547550233134e+00
2.044690424654020955e+00
2.044256834403332501e+00
2.044510843046145165e+00
2.043487578291161011e+00
2.044092643145574595e+00
2.043712686887609653e+00
2.043346513307707113e+00
2.043315654343779375e+00
2.043432034892039173e+00
2.042033676687592614e+00
2.042402759664204037e+00
2.042777630238706177e+00
2.042343050077904287e+00
2.042176915110812452e+00
2.041914676085716973e+00
2.040473486656823265e+00
2.042098990301580042e+00
2.041169798307928662e+00
2.040233117536654817e+00
2.040258156451481231e+00
2.040452081988736399e+00
2.038842800731789584e+00
2.039652389943715782e+00
2.040296349855657443e+00
2.038681712519691658e+00
2.038927154974418787e+00
2.038657166320431369e+00
2.038212115804999058e+00
2.037129545824498233e+00
2.038608533739553419e+00
2.038309833054637199e+00
2.037181050760747070e+00
2.037482070665409761e+00
2.037308423051457318e+00
2.037316094392004118e+00
2.036764858610488726e+00
2.036848547889433814e+00
2.036374199675722974e+00
2.036003765853411362e+00
2.035226142113502057e+00
2.035810245406845631e+00
2.035541485073917745e+00
2.034922051003640320e+00
2.034606050884911976e+00
2.034570092585026746e+00
2.034113552337419417e+00
2.034978739988789975e+00
2.033477997098418033e+00
2.033067714146849170e+00
2.033789284828446231e+00
2.033413600769842233e+00
2.032955191621382607e+00
2.032270627476797653e+00
2.033205849988658276e+00
2.033031186747898733e+00
2.031903928058798936e+00
2.031386689373673171e+00
2.031908917333618891e+00
2.031514957471886706e+00
2.031406492846107970e+00
2.032016183303079426e+00
2.030446677821664547e+00
2.030188756345168155e+00
2.029744313822961388e+00
2.030481721655317262e+00
2.030358676746344404e+00
2.029304964886247564e+00
2.030540152044244540e+00
2.029601717414881268e+00
2.028326836103524489e+00
2.028680848751916344e+00
2.029325624237208636e+00
2.028502365874702118e+00
2.028472711352131697e+00
2.028989893545025680e+00
2.027531708648317554e+00
2.027035883098732949e+00
2.027736039721466543e+00
2.026814759293436463e+00
2.026199199995886602e+00
2.026385971906428995e+00
2.026292478491456883e+00
2.026001600767464605e+00
2.025808840938451372e+00
2.024458861747871818e+00
2.024586788119971725e+00
2.023773561813272615e+00
2.025429018045759033e+00
2.024051844628278030e+00
2.023575275781940519e+00
2.023263333524109697e+00
2.023224341024793205e+00
2.023923820392156347e+00
2.023556373113850615e+00
2.022419148796737787e+00
2.022316076893323711e+00
2.022109497357601260e+00
2.022550993032837585e+00
2.021333035627124630e+00
2.021863043815566030e+00
2.020913814117942131e+00
2.021925098314901970e+00
2.020887777357303516e+00
2.020858094082629730e+00
2.020090848062456867e+00
2.020495359923353274e+00
2.018840939973619353e+00
2.020484859425788482e+00
2.019038714365064546e+00
2.018952360883962793e+00
2.016916454471131104e+00
2.017495456821227773e+00
2.016184989447987075e+00
2.016650456188665785e+00
2.016182896662130464e+00
2.016512895642887049e+00
2.015625551968311058e+00
2.016012896803394572e+00
2.015087159058840616e+00
2.015137417078712634e+00
2.014894410353891718e+00
2.013769950591846047e+00
2.013181996237464855e+00
2.013673737653210338e+00
2.012513402685246700e+00
2.013066443108368020e+00
2.012347064522603368e+00
2.011552226983615022e+00
2.011291186157052380e+00
2.011242716416247855e+00
2.010490989320862898e+00
2.010880314783737521e+00
2.009881421690882686e+00
2.009580427650260237e+00
2.009598217845907975e+00
2.009392877405342670e+00
2.008917729885739689e+00
2.008748854126423122e+00
2.008214989396642114e+00
2.007101910030639313e+00
2.008328585912318331e+00
2.007711214617629025e+00
2.006262218950216614e+00
2.006042089580883925e+00
2.004997877557805008e+00
2.004762360327221327e+00
2.005926281329564187e+00
2.004858660693780603e+00
2.005293413550925496e+00
2.004662125854894228e+00
2.004383319883667358e+00
2.003133079698338648e+00
2.002910592253146493e+00
2.002955583115234806e+00
2.003016187610281218e+00
2.002337606042290385e+00
2.003132216600766125e+00
2.001698704297504072e+00
2.001300797503732909e+00
2.001489307302720011e+00
2.000859646897265698e+00
2.000519257655140049e+00
2.001190595099823444e+00
1.999885747122881474e+00
1.999597623722896955e+00
1.999779338931289230e+00
1.999545968968299947e+00
1.999491503020354166e+00
1.999163735810973286e+00
1.997934545225538594e+00
1.998847811199896185e+00
1.999405813882805250e+00
1.998636648411003192e+00
1.997001797319941430e+00
1.997293437009174610e+00
1.997715771016769892e+00
1.997248617422150874e+00
1.997279198672063716e+00
1.996978996933290063e+00
1.996062375703770320e+00
1.996023874774660589e+00
1.997057693257843658e+00
1.996185196523053706e+00
1.995792942226119804e+00
1.995208275237031259e+00
1.994347100688498520e+00
1.995609953870497000e+00
1.994655019880992031e+00
1.994778378138381436e+00
1.993529233562581382e+00
1.994385374607205996e+00
1.994354775255241519e+00
1.993748247478982938e+00
1.992418445945457917e+00
1.994255196283944320e+00
1.993233542628697563e+00
1.992341379481367802e+00
1.992945973720263941e+00
1.993342518310528000e+00
1.992874857304072878e+00
1.990684381231500710e+00
1.991521624981873018e+00
1.992266965723898942e+00
1.991325883301580335e+00
1.990722491681641948e+00
1.990353396360102112e+00
1.991212523499202192e+00
1.989588265006172918e+00
1.990744499081407826e+00
1.990098660309026046e+00
1.990195007548770434e+00
1.990030817741521574e+00
1.988563199640772661e+00
1.989025794825189264e+00
1.989499289122406145e+00
1.989163790372445506e+00
1.987803729593853097e+00
1.987859797673295459e+00
1.988511564573101298e+00
1.988125749161868905e+00
1.988027180962077090e+00
1.987531629651548171e+00
1.985758615008531569e+00
1.988093159296509649e+00
1.987096991588787498e+00
1.986132137996133418e+00
1.986295860494699861e+00
1.985571727886767057e+00
1.985849133447544546e+00
1.986060394254950845e+00
1.985422985874239599e+00
1.985458913951483773e+00
1.984410823300890137e+00
1.985364372392860899e+00
1.985229039329717615e+00
1.983903993257978504e+00
1.984729290059935591e+00
1.983412846098876914e+00
1.984002918654026892e+00
1.983754977930100916e+00
1.982825759545679745e+00
1.982505809238814587e+00
1.982589249524962405e+00
1.982277765754452359e+00
1.982141622353388088e+00
1.981680596837533059e+00
1.981678013222490931e+00
1.981902038068201533e+00
1.981440107568707587e+00
1.980013067744102573e+00
1.981643541636943562e+00
1.980713718582109095e+00
1.980305944379033400e+00
1.979965768756223765e+00
1.980958368352580878e+00
1.979873100098443528e+00
1.979494015949648800e+00
1.979219385980431456e+00
1.979447759771542303e+00
1.979329854584840787e+00
1.979121132399337180e+00
1.978277436259258115e+00
1.978977538388484669e+00
1.978829203469962827e+00
1.978301211262998072e+00
1.976731946885421864e+00
1.978588302448567982e+00
1.977804315208923969e+00
1.977087636477257826e+00
1.977197440664202110e+00
1.977798033127158739e+00
1.977225435236104945e+00
1.976009558555385404e+00
1.977120691651303552e+00
1.977056342441924519e+00
1.976683814216522173e+00
1.976057340025630937e+00
1.975851439360103212e+00
1.976268056517172189e+00
1.975728769295924891e+00
1.976367841453640528e+00
1.974445994658666548e+00
1.974645898758913054e+00
1.976033251704886418e+00
1.974973163529402553e+00
1.974599287845940188e+00
1.972848976554235634e+00
1.974814562232024784e+00
1.974405980655890902e+00
1.973948304107410623e+00
1.973557522940564413e+00
1.973384514262990885e+00
1.972592976305105106e+00
1.974169899600867639e+00
1.972701836601568948e+00
1.971763161150390298e+00
1.972841627284942057e+00
1.972868873403383239e+00
1.971529117146149979e+00
1.971923356907578251e+00
1.971826127480359014e+00
1.971305467597295413e+00
1.970785732122442679e+00
1.971577317236216764e+00
1.971545169607490600e+00
1.970984600361625816e+00
1.969153204765685894e+00
1.970072161008871836e+00
1.970385714664714349e+00
1.969658404581801525e+00
1.969412003518277166e+00
1.969592107081668209e+00
1.968824522279884803e+00
1.968933505014811791e+00
1.968600862523768091e+00
1.969074818175026609e+00
1.968231968062200243e+00
1.968404232601279835e+00
1.967941794465702721e+00
1.968585724267035708e+00
1.967596638910854345e+00
1.967076843321799329e+00
1.967120620333044245e+00
1.968292425723112471e+00
1.967560092685481932e+00
1.967619706439885929e+00
1.966283443159166922e+00
1.965790337082437000e+00
1.967423039804626406e+00
1.966415097048136884e+00
1.966038566058932124e+00
1.965893819240215334e+00
1.964822432072420355e+00
1.965732169057374357e+00
1.966283007440204678e+00
1.966073726015186596e+00
1.965859590276164637e+00
1.964283212243582710e+00
1.964932720773671759e+00
1.966214155209136338e+00
1.965446529429998535e+00
1.964276375541479602e+00
1.963841642398042930e+00
1.964118320011854157e+00
1.964295198247923979e+00
1.963758962712804035e+00
1.963547385251475097e+00
1.963077046643031620e+00
1.964087953798690833e+00
1.963485244363527116e+00
1.962889863641595456e+00
1.962972046691825456e+00
1.962518574345293088e+00
1.962289045242097352e+00
1.962312596149932142e+00
1.961631391843856820e+00
1.960730237362771744e+00
1.960841309249594211e+00
1.962126817946347801e+00
1.960513144584514755e+00
1.960224114420626718e+00
1.961819588329165365e+00
1.960134686657058589e+00
1.960184473882030431e+00
1.961232592591178436e+00
1.958490094560030093e+00
1.960054750630250586e+00
1.960507918779708314e+00
1.959169247633590238e+00
1.958225122828081366e+00
1.959406232221742483e+00
1.958946115360646667e+00
1.958951671028674069e+00
1.957669675729520220e+00
1.958350265787920597e+00
1.957894075276224610e+00
1.959042742435826767e+00
1.956878229981043660e+00
1.957535170901591570e+00
1.957518935310521124e+00
1.957279304826534228e+00
1.957315009463200139e+00
1.957349156540063362e+00
1.956179711747500827e+00
1.955736891311770309e+00
1.957455155721697038e+00
1.956425550752653342e+00
1.955919120326890637e+00
1.955305775790082023e+00
1.956422698442478847e+00
1.955618078954205252e+00
1.955494192005602372e+00
1.954464913066868093e+00
1.953689639412342416e+00
1.955625810242246798e+00
1.954585004403832649e+00
1.954593043121823692e+00
1.953234764670008561e+00
1.954194404594937984e+00
1.954575717689938097e+00
1.954134556386721178e+00
1.952781172268182708e+00
1.953223623875235404e+00
1.953089167893474309e+00
1.952595348923217067e+00
1.952480886427435225e+00
1.952867982589672868e+00
1.952894081289352046e+00
1.952479547238433311e+00
1.951207012447341294e+00
1.951482329387525638e+00
1.950681576113127091e+00
1.951464694778963782e+00
1.951379829886779937e+00
1.950696239119848796e+00
1.950064074816546977e+00
1.949901354441409440e+00
1.950965593335759252e+00
1.950337859512968341e+00
1.950290624992679689e+00
1.949527392394735825e+00
1.949275139042634386e+00
1.949808421526574298e+00
1.949116436463838253e+00
1.948920240101195356e+00
1.948748400148878401e+00
1.948316240679741851e+00
1.947975920318681275e+00
1.948502656816107459e+00
1.948096345780284899e+00
1.947304813875522234e+00
1.947627069076861339e+00
1.947071599522588903e+00
1.947044277260075118e+00
1.947307332379993428e+00
1.946182440647416856e+00
1.945446923069407807e+00
1.946584905320049907e+00
1.946102063759169276e+00
1.946197916112305748e+00
1.945442648433889588e+00
1.946439538866324481e+00
1.945094114140701658e+00
1.945229061686278627e+00
1.944828161462987870e+00
1.944465803420777794e+00
1.944980740632402005e+00
1.944427211112518483e+00
1.944437700890701892e+00
1.944710661006841868e+00
1.944282379024186325e+00
1.944481685566015194e+00
1.944517818800902242e+00
1.942951444827199170e+00
1.942743561599084012e+00
1.943420972657670553e+00
1.943393320999237117e+00
1.943304419774398939e+00
1.942329351694772832e+00
1.942203775568300150e+00
1.942756188050822397e+00
1.942353958960270299e+00
1.942439598884200258e+00
1.941594141796340267e+00
1.941002871741407176e+00
1.942226046489374580e+00
1.941366630329369292e+00
1.940673157328480558e+00
1.941229191934656706e+00
1.940518623646320995e+00
1.940841785181004253e+00
1.940614261213017278e+00
1.940091436411471415e+00
1.940558876310335634e+00
1.940416065607700524e+00
1.938845305523239304e+00
1.940082808402630254e+00
1.940465464069346391e+00
1.939075141372091027e+00
1.938218179800599072e+00
1.939039071941454750e+00
1.939192775249291456e+00
1.939061306299306731e+00
1.937548386148970847e+00
1.939347523907273052e+00
1.938372065948526179e+00
1.937693571192286468e+00
1.937932666999392373e+00
1.937725043434056049e+00
1.936289938222414575e+00
1.937705307464341109e+00
1.938418864019850751e+00
1.936750259628252202e+00
1.937091244621242270e+00
1.937741395439826597e+00
1.936430133532705655e+00
1.936597559077637420e+00
1.935879461964450376e+00
1.936364177729700486e+00
1.936704932204948548e+00
1.935453739018004216e+00
1.935510944496394492e+00
1.936343498327459223e+00
1.933655561510304821e+00
1.935844945816495466e+00
1.935543682118965547e+00
1.934291408401595191e+00
1.935850339324935776e+00
1.934789919699305250e+00
1.933503920725922809e+00
1.934948322952154465e+00
1.934952211234324482e+00
1.934171780681489095e+00
1.934706769014373551e+00
1.933279722631153996e+00
1.933689665068994756e+00
1.933602597404461498e+00
1.934002894519652793e+00
1.932908671422345348e+00
1.932418251500762629e+00
1.933474010799834275e+00
1.932481560028502576e+00
1.932872354286282013e+00
1.932550345955635906e+00
1.932974659949411977e+00
1.931692641863320903e+00
1.931555248321829898e+00
1.931861412569660708e+00
1.931169909133732432e+00
1.930747539127269263e+00
1.930623899626584761e+00
1.931403459300913061e+00
1.931914810248239078e+00
1.928987661037265378e+00
1.930742828573822178e+00
1.931107929146901325e+00
1.930533117368319340e+00
1.929242221400514268e+00
1.930743801562824435e+00
1.929218146322609684e+00
1.929774639533035296e+00
1.929511769333505322e+00
1.928877041907068657e+00
1.930035057888256800e+00
1.928334753651376632e+00
1.928604003706516190e+00
1.929174211514243842e+00
1.928477755249178083e+00
1.927876082100064892e+00
1.928852849862061625e+00
1.927253459997799956e+00
1.927266391600965356e+00
1.927413002290845112e+00
1.927418848697506570e+00
1.926196988079216688e+00
1.927777318576817001e+00
