3.799577475402419964e+02
1.157586339506594157e+02
9.811091095433886267e+01
8.846429089193406980e+01
7.844443587188391120e+01
6.516726476295140458e+01
4.454009306553151504e+01
1.995519973399777669e+01
7.960964010750958941e+00
5.865072792581941030e+00
5.304151501912881095e+00
4.867828863175344800e+00
4.448584237627673410e+00
4.023532844264724240e+00
3.606440329053587579e+00
3.229740349174640368e+00
2.913185237527180949e+00
2.654022504877597832e+00
2.449050991026410884e+00
2.292901846640237995e+00
2.166482315837438666e+00
2.062658874515210350e+00
1.971475420981051663e+00
1.892009745186010727e+00
1.821766179523821583e+00
1.759480198080095592e+00
1.701461740233496167e+00
1.648016629282525569e+00
1.597297153720852458e+00
1.551394385861302849e+00
1.509555109183979837e+00
1.469653971580320517e+00
1.430803856051691803e+00
1.394100463205981022e+00
1.357451044808605900e+00
1.326315672465815831e+00
1.295819309427580945e+00
1.268034737255038902e+00
1.243944409977726373e+00
1.220857660718561499e+00
1.197520224771242647e+00
1.177401729080052917e+00
1.156436234908464478e+00
1.137238624241930784e+00
1.117972394417031223e+00
1.100545194557517314e+00
1.082416892858401924e+00
1.065030371000209586e+00
1.048346610331735596e+00
1.031868884147121967e+00
1.016977378639819518e+00
1.001531817075379083e+00
9.868776725843867448e-01
9.715485103537303546e-01
9.576657068159106778e-01
9.432227884134323226e-01
9.298615181100139404e-01
9.173345158525756382e-01
9.053174382338755599e-01
8.928278537565610407e-01
8.819640649663341714e-01
8.701039115693931514e-01
8.606565776088851427e-01
8.521039028452560560e-01
8.404791703467214825e-01
8.312813806445834564e-01
8.231846663922818275e-01
8.136831444003685965e-01
8.057772489626805479e-01
7.984424082670530387e-01
7.896451929518244484e-01
7.821744626322559846e-01
7.740849963836039516e-01
7.666210959301532624e-01
7.605199805510217681e-01
7.553812830742555606e-01
7.442163548083908786e-01
7.401254050911409976e-01
7.338426422777736269e-01
7.262493744168545540e-01
7.214199690676837973e-01
7.152499361181131610e-01
7.080221663459730363e-01
7.048958545530945585e-01
6.980379091280252135e-01
6.927998191886420853e-01
6.867980529577152327e-01
6.817387489098155617e-01
6.761467529695113221e-01
6.724334054423527496e-01
6.669240308554447161e-01
6.604360644797416802e-01
6.568484113152673887e-01
6.518430339671322793e-01
6.473419215982295638e-01
6.420098852445272897e-01
6.374778159463558858e-01
6.323961916170232067e-01
6.275412015988940384e-01
6.232455661382908518e-01
6.191878880502665883e-01
6.140167532992307775e-01
6.112971498873837062e-01
6.073751345468808571e-01
6.028858913260329855e-01
6.001565233065406790e-01
5.979768631577224713e-01
5.911440263390902450e-01
5.909479582439495227e-01
5.865185548081841560e-01
5.839709630346298086e-01
5.803384307149802579e-01
5.773671768983057451e-01
5.735232384466182332e-01
5.704597126579878941e-01
5.676115741152854000e-01
5.665321151704748592e-01
5.663588052173688103e-01
5.600403431033484924e-01
5.565526954174838670e-01
5.527798920662387872e-01
5.491563032823981727e-01
5.476109919035182516e-01
5.439566939478108765e-01
5.422675298194060689e-01
5.395185308322693052e-01
5.349579522423134614e-01
5.332905261428187993e-01
5.323959882322155668e-01
5.348604244964633159e-01
5.345949483712797434e-01
5.216379191002592508e-01
5.213693097077277683e-01
5.190733677556440551e-01
5.160993751501611326e-01
5.137289593157193801e-01
5.120471277595225468e-01
5.098889313572374515e-01
5.068980077038164334e-01
5.044598079410650415e-01
5.110645764365944199e-01
5.086955928474302668e-01
4.965109818402888009e-01
4.962152374950710154e-01
4.942677562167458460e-01
4.913196750951103753e-01
4.902191007929470601e-01
4.886006173351641890e-01
4.852272518496620335e-01
4.830117615076458537e-01
4.795748344121326112e-01
4.804874778872552099e-01
4.796088420027304622e-01
4.759448819063042957e-01
4.707043657987087237e-01
4.697124410465913225e-01
4.667867063744391420e-01
4.680354894581960079e-01
4.661641213443982745e-01
4.642118473424088898e-01
4.630617187135941948e-01
4.641513255925313053e-01
4.562682009613223677e-01
4.539635796237858067e-01
4.534010992420735575e-01
4.514827712360480749e-01
4.488746928935358205e-01
4.496397517662617527e-01
4.442042420627956845e-01
4.452308493679943413e-01
4.447950287698277383e-01
4.516530269217682303e-01
4.459925315982471439e-01
4.356343917365104179e-01
4.384465455656555988e-01
4.327810094115092654e-01
4.357528756701918859e-01
4.299033752254504126e-01
4.309220412371985720e-01
4.305491420886513043e-01
4.374882273687534795e-01
4.286241409834484206e-01
4.241429706421931400e-01
4.227455363529158405e-01
4.211260127781095708e-01
4.199723229301186578e-01
4.199045951683442746e-01
4.178327540432303366e-01
4.171033864176132977e-01
4.133377512490932215e-01
4.192196886825761415e-01
4.124017618737590429e-01
4.101708792097136236e-01
4.097622593118115941e-01
4.074119894772864625e-01
4.071869390078772244e-01
4.046328510351326346e-01
4.053029097409366899e-01
4.027248019419864544e-01
4.061862071374999772e-01
4.001276654171341263e-01
3.977974193413354453e-01
3.972649572826661424e-01
3.971323984037083421e-01
3.934190264232641510e-01
3.960269833232255565e-01
3.913017785079138111e-01
3.920473329062998946e-01
3.913659353569503008e-01
3.920704796115934698e-01
3.872402425678707072e-01
3.838973487419099495e-01
3.826176019169720277e-01
3.856622985350422472e-01
3.819966200150663460e-01
3.832366664201896089e-01
3.791897788509603351e-01
3.846113899014611537e-01
3.825830325598245096e-01
3.760535024549211403e-01
3.741388138826668985e-01
3.725634963901471308e-01
3.727380350252338936e-01
3.740709349869419387e-01
3.701953807416561992e-01
3.722898509155013191e-01
3.685443301536691085e-01
3.714208491772746368e-01
3.686504569515627328e-01
3.654789382267396580e-01
3.647507060568549453e-01
3.622995113204268702e-01
3.620436630628700025e-01
3.644368169749609976e-01
3.596920282835811000e-01
3.606834958460322649e-01
3.576487457162048078e-01
3.588453501480465824e-01
3.562857737501521349e-01
3.598542760186836387e-01
3.565246497383103841e-01
3.543261471561693909e-01
3.545480454981710938e-01
3.527276432600396916e-01
3.509919021726572996e-01
3.516368208053335942e-01
3.488998975938514824e-01
3.499037595325922290e-01
3.486984893953965492e-01
3.511649725248794929e-01
3.463907732978852017e-01
3.456329149888583419e-01
3.462380680936851807e-01
3.428928836858517459e-01
3.419575871539044520e-01
3.452131931186667724e-01
3.419544894626183051e-01
3.448862335848333349e-01
3.417921029103999087e-01
3.386745956533612212e-01
3.397165750217632230e-01
3.400086531694397896e-01
3.389004869765383510e-01
3.376301908514071637e-01
3.359823904873480704e-01
3.337073313225892846e-01
3.349022465916906000e-01
3.346788728977794225e-01
3.330719376811127064e-01
3.353546091041030852e-01
3.327172772911070608e-01
3.298124725888100239e-01
3.268917542515845098e-01
3.287004416528550577e-01
3.273728377898648123e-01
3.268131119993742950e-01
3.270807183801043849e-01
3.282940353647115228e-01
3.254240442405628708e-01
3.293728294089240394e-01
3.221144726455485996e-01
3.259920199145242559e-01
3.228986065934902339e-01
3.271938331792281218e-01
3.244387521696210919e-01
3.194130977410785666e-01
3.215205607441933289e-01
3.190246405148753350e-01
3.160088027203065142e-01
3.214163424545973258e-01
3.179059471534227410e-01
3.196012830195973375e-01
3.171307092415857620e-01
3.171680281614282504e-01
3.162269786343394062e-01
3.210780460227076194e-01
3.150795522177876062e-01
3.114590184114082172e-01
3.105501887286446494e-01
3.094582409358586084e-01
3.112984916232006682e-01
3.081638941510723151e-01
3.101438179952186736e-01
3.077747080565830795e-01
3.062204099381400924e-01
3.113903547043339604e-01
3.065505268796307470e-01
3.091391274847813952e-01
3.043530914891192096e-01
3.069372583062423554e-01
3.034896389247210835e-01
3.019229611699226767e-01
3.010210076610516094e-01
3.051530126169920698e-01
2.985913521800597770e-01
3.053485318497902723e-01
3.011567485860499049e-01
3.003466885342834236e-01
3.074978799472326552e-01
2.979804842709960488e-01
2.972320056645508801e-01
2.955019603777196413e-01
2.983181840241216909e-01
2.978747122603839781e-01
2.946229569877023002e-01
2.987929446900314256e-01
2.938685125891353778e-01
3.002166255517881854e-01
2.974060964362130188e-01
2.912236153955654050e-01
2.957706610748859766e-01
2.939532986734080811e-01
2.899989480399630115e-01
2.920166378099788851e-01
2.905777080936719492e-01
2.904430383505553492e-01
2.882197727693083800e-01
2.868204899745318004e-01
2.868081590307632878e-01
2.908132915364767812e-01
2.910479193971220457e-01
2.900617724646221141e-01
2.828962744875113677e-01
2.866903427303860163e-01
2.809244355411548155e-01
2.863234305621860654e-01
2.850095871434035755e-01
2.824870309877890451e-01
2.816081305965470460e-01
2.867927198076041795e-01
2.824674838340369143e-01
2.858297314084862761e-01
2.803695697661243158e-01
2.869575112185003274e-01
2.819910946892627002e-01
2.788404334959349584e-01
2.786126499647046395e-01
2.794567952819480006e-01
2.797825818076644655e-01
2.760560079828971447e-01
2.772574068498875888e-01
2.802965141952431516e-01
2.807712644690594783e-01
2.757156626669080013e-01
2.781791578829551081e-01
2.738090496744653990e-01
2.741767689855936774e-01
2.746513165135411882e-01
2.716470186697796940e-01
2.745212923302053909e-01
2.744113049823995731e-01
2.707082826022195188e-01
2.727759223793326249e-01
2.792875127867815443e-01
2.721908090342729514e-01
2.712385058551177175e-01
2.674433734617631120e-01
2.710915337684293713e-01
2.706667661509482570e-01
2.683297078444964456e-01
2.659508628716044099e-01
2.676608538647820557e-01
2.646459048173203654e-01
2.691401488019385946e-01
2.608490256725793377e-01
2.667755474653202841e-01
2.608706536823023892e-01
2.671976169146380031e-01
2.697672968784683434e-01
2.673899761713611212e-01
2.664765961118746307e-01
2.634757885627665996e-01
2.735106355961557378e-01
2.650068878459735933e-01
2.602083676863416462e-01
2.617748353918358806e-01
2.608299552102460450e-01
2.566218650451079775e-01
2.594246182646144927e-01
2.595237894411897561e-01
2.571680510225874960e-01
2.561932607758653502e-01
2.600284815026240870e-01
2.593291550102131415e-01
2.567853489960330582e-01
2.540676822932679824e-01
2.602292003716872304e-01
2.563148083376685649e-01
2.615550326785119895e-01
2.550406938131635770e-01
2.559484762166425176e-01
2.541808691267969933e-01
2.505364022879884578e-01
2.501425317139286397e-01
2.511996351800405147e-01
2.554229407652435224e-01
2.461533039552771529e-01
2.538437663624911189e-01
2.498879696891584956e-01
2.509214628725597307e-01
2.493507600875752850e-01
2.471239570433755028e-01
2.516723116177762565e-01
2.499936710393305950e-01
2.586092981189970774e-01
2.497618529109242036e-01
2.491283279927186955e-01
2.483992286245593206e-01
2.468320346999442749e-01
2.427585004453041151e-01
2.445803611792164156e-01
2.409540671722180394e-01
2.395872370616183300e-01
2.415904758097401073e-01
2.401519952761809185e-01
2.405332853202848675e-01
2.435730096458279814e-01
2.409938762068715434e-01
2.403217560467155456e-01
2.343659206640537895e-01
2.406805852223541653e-01
2.350494363328244907e-01
2.392630602882261648e-01
2.342547316808666347e-01
2.380569160089461844e-01
2.396467497187553530e-01
2.346843002799805789e-01
2.330287354163377567e-01
2.336561797709908184e-01
2.343826523154716179e-01
2.357606314536149494e-01
2.348597582434358289e-01
2.361504675536401365e-01
2.337909466986131946e-01
2.324392130162851455e-01
2.284063830589163624e-01
2.311788387198436545e-01
2.277636142954780896e-01
2.294512863626518018e-01
2.245597729138744114e-01
2.248688707341996995e-01
2.327554774790831782e-01
2.263684484705450195e-01
2.246439510659353767e-01
2.326475630535992656e-01
2.276058613354761118e-01
2.245747658436473004e-01
2.204824971565525205e-01
2.306110133169065879e-01
2.233002834099447886e-01
2.296768611891252532e-01
2.223915206081578944e-01
2.267684725403146251e-01
2.266912510110501711e-01
2.211846004166344304e-01
2.210141289449846225e-01
2.205107885012415059e-01
2.196247565713193850e-01
2.270920538294256275e-01
2.169421681969133375e-01
2.175992612823596517e-01
2.197611594752645336e-01
2.210092855878908746e-01
2.216037864157422987e-01
2.201575902383694217e-01
2.185729531459979225e-01
2.208151136450716423e-01
2.123865417089741969e-01
2.185540839227690102e-01
2.172956860317442063e-01
2.169311413238050046e-01
2.170121195223533028e-01
2.172922720337613356e-01
2.099773721929645287e-01
2.196025908188260489e-01
2.084472876451456125e-01
2.250295418451490337e-01
2.095105927887657982e-01
2.150738632540714346e-01
2.112478680812139575e-01
2.129985141209379262e-01
2.131339170521371618e-01
2.118786329662785961e-01
2.137051238383654850e-01
2.142294884139989142e-01
2.110503932083186707e-01
2.111352624379613241e-01
2.086972892825774972e-01
2.097714035499057827e-01
2.158094358667642654e-01
2.106597674994891423e-01
2.018136974473149492e-01
2.150942188448723147e-01
2.055501138015503881e-01
2.074321299564220178e-01
2.073481028801208714e-01
2.055588387656329397e-01
2.111487396893337865e-01
2.066820359562459020e-01
2.067435802975548798e-01
2.042025217913379376e-01
2.073521624023962062e-01
2.034998848645120650e-01
2.096879991894858575e-01
1.978545664887537969e-01
2.068158241639967143e-01
2.043306438787771684e-01
2.110498768995107133e-01
1.984824996142043885e-01
2.023551239657661316e-01
2.042983572183435514e-01
2.015534430906296137e-01
1.994064398528862803e-01
2.100089471179483469e-01
1.990596970369316321e-01
2.058292921975372891e-01
1.963400677964790286e-01
2.063778424525168076e-01
1.963376872059283684e-01
2.021519885763104207e-01
1.959456333345917789e-01
1.978976792876282198e-01
1.977157961930702257e-01
2.002214301564817500e-01
1.994716995344072152e-01
1.977446146533231863e-01
1.995207478292768954e-01
2.000572374584314028e-01
1.942189480630639176e-01
2.027697171485881855e-01
1.942990788934993163e-01
1.992359914202842530e-01
1.943528580334784595e-01
2.011168978567093035e-01
1.928786054119560889e-01
1.991120734682125804e-01
1.948021800638503886e-01
1.967178613539040943e-01
1.913957172357914904e-01
1.966038079152672424e-01
1.889904432215949726e-01
1.966534732467651592e-01
1.897316519667466561e-01
1.942370172954431817e-01
1.904981373847603743e-01
1.972301153427752085e-01
1.880218011206256090e-01
1.957495809811797549e-01
1.888975096723982949e-01
1.941630441190594081e-01
1.914449061131978380e-01
1.938624245024178350e-01
1.945824570177782098e-01
1.906962770633501281e-01
1.921179384542619217e-01
1.915902034314243829e-01
1.885797113075797782e-01
1.916162485051911279e-01
1.889776399510388893e-01
1.925434182341808631e-01
1.865307290352004044e-01
1.933313584828816045e-01
1.888310587433958132e-01
1.865538798576850954e-01
1.824994974786686985e-01
1.936683786654539441e-01
1.833317881289349971e-01
1.873544784081337677e-01
1.887339335370519233e-01
1.897489947781063613e-01
1.845382837905453488e-01
1.890659025887473088e-01
1.881385499252784255e-01
1.869461993583519110e-01
1.931511747254736899e-01
1.852596072863530174e-01
1.869029447056912152e-01
1.835274294952051743e-01
1.881879850392045028e-01
1.844286123361644492e-01
1.812851895983543793e-01
1.870971801391390354e-01
1.839088085316215315e-01
1.815135948884251949e-01
1.818445199380913646e-01
1.898833838163528354e-01
1.765597443714005399e-01
1.851859894902021797e-01
1.808359568710402321e-01
1.872653173331159104e-01
1.802861319600976564e-01
1.874933618637996124e-01
1.782669330046006417e-01
1.859997477516347197e-01
1.787301587529687152e-01
1.863180135561322837e-01
1.799084828203716124e-01
1.806096494260237273e-01
1.776224998876337891e-01
1.799113368850972228e-01
1.828164786489592519e-01
1.787417939209761109e-01
1.839202205196628082e-01
1.763794252133768781e-01
1.787492935754074752e-01
1.801080758307548324e-01
1.804090308812076604e-01
1.795257049930379656e-01
1.777373254337028807e-01
1.793543339822660787e-01
1.788464524564954139e-01
1.790665413048105614e-01
1.786679352696945999e-01
1.787030247569905139e-01
1.778536815781236180e-01
1.845311399403078700e-01
1.743136460590861692e-01
1.751656425092526781e-01
1.747866922991058170e-01
1.793058377126880432e-01
1.734863784463398229e-01
1.758020585944374548e-01
1.757799714725083173e-01
1.730905253870284877e-01
1.764064269946122587e-01
1.772069447897252070e-01
1.719352716111513801e-01
1.761684153520206297e-01
1.713835568287750133e-01
1.751887907376316056e-01
1.792516033766625716e-01
1.737340012710238135e-01
1.737591087287331526e-01
1.722212514453102250e-01
1.684291139486973066e-01
1.746516190829925097e-01
1.708759138240868170e-01
1.767980030432398098e-01
1.701218516022063032e-01
1.753339305686718863e-01
1.703710157431992389e-01
1.734029765152453884e-01
1.670945807944813899e-01
1.797148586759974576e-01
1.689094359329947059e-01
1.746716216688998513e-01
1.697270767046830386e-01
1.781230764833912072e-01
1.678090324687285806e-01
1.737637696724942116e-01
1.697402870529213237e-01
1.677372044159817499e-01
1.694190899160668839e-01
1.712475471713273134e-01
1.662286229296230378e-01
1.716244274146153381e-01
1.659213246430527866e-01
1.726140168299264699e-01
1.697542708472004336e-01
1.708225965310991856e-01
1.673117383570843220e-01
1.739967163654318194e-01
1.646802176919253125e-01
1.740555602069288887e-01
1.604818083562387365e-01
1.668251281752038961e-01
1.674698556011260386e-01
1.671644708343064945e-01
1.684353699648918345e-01
1.685512930687906585e-01
1.641203742968358748e-01
1.686849501823819708e-01
1.635067143038940740e-01
1.686614930923001632e-01
1.627425275229318624e-01
1.787423027482294424e-01
1.636208030990117523e-01
1.709710808236236945e-01
1.589986551495027878e-01
1.676974753219829528e-01
1.677549125935709207e-01
1.662700016255722335e-01
1.624610953647302181e-01
1.632861211574676286e-01
1.631964338331289843e-01
1.646316015457625070e-01
1.605401932601746295e-01
1.654563777755840570e-01
1.645129611073253006e-01
1.646692480345900156e-01
1.618614743607686701e-01
1.692606485124404647e-01
1.592073840785152294e-01
1.690967951816585435e-01
1.593049360156850724e-01
1.740439746011979427e-01
1.597450860354083235e-01
1.634192258691722632e-01
1.624120816161123138e-01
1.615173769959546979e-01
1.620130721694380271e-01
1.564757728791341951e-01
1.598359933869088756e-01
1.570579314772720947e-01
1.604145782077582016e-01
1.611961291743595759e-01
1.609856971159921435e-01
1.628766559276140780e-01
1.551982532026649764e-01
1.713279180094680054e-01
1.546666086145213892e-01
1.624287719904609351e-01
1.602944345899559586e-01
1.701610764057195635e-01
1.553880968786726102e-01
1.649896237513368835e-01
1.541189753719952871e-01
1.634854002020804387e-01
1.581797164503827291e-01
1.658790133350494245e-01
1.559493170527786743e-01
1.629392407743125715e-01
1.548739968305949677e-01
1.607374428449455384e-01
1.618136889279832846e-01
1.636815497096451300e-01
1.569823225745561879e-01
1.642274834317832555e-01
1.526774783389376611e-01
1.633293377467537055e-01
1.530968971249252741e-01
1.554359426897241880e-01
1.559067114585226954e-01
1.615864535952123149e-01
1.550788144058210527e-01
1.627370739372338282e-01
1.512070147339411585e-01
1.678738202023783987e-01
1.507244711454875652e-01
1.652152335925633209e-01
1.549771890504612615e-01
1.644391396021797069e-01
1.518586822308763684e-01
1.561510389629772455e-01
1.520183303731688917e-01
1.603059740701261171e-01
1.556810210148573403e-01
1.597479081584003702e-01
1.546284478632259096e-01
1.598312265794284703e-01
1.515175953645631068e-01
1.606708785897632275e-01
1.498740977090003146e-01
1.600098421464121734e-01
1.540408777427350329e-01
1.584932415186156851e-01
1.529880692468638392e-01
1.598091077226060364e-01
1.522819916148070163e-01
1.562734287315736825e-01
1.519884893361253264e-01
1.585423133248326788e-01
1.520256769476443226e-01
1.525976879001864905e-01
1.494471833892796753e-01
1.551630803326609909e-01
1.477657058945732738e-01
1.560603596355246980e-01
1.547838388539545806e-01
1.548495920267541071e-01
1.487873910258002141e-01
1.571139719159025117e-01
1.487934602986512589e-01
1.595437768706786663e-01
1.503039101980572778e-01
1.619055072272548579e-01
1.525248297676694009e-01
1.562444037217447512e-01
1.495744826171462871e-01
1.554180666722288218e-01
1.471966585792422455e-01
1.593022914028266179e-01
1.520149744692173011e-01
1.521977863346499482e-01
1.514904794154723067e-01
1.624533206787239503e-01
1.462340406204196419e-01
1.593103993946249908e-01
1.439470648739319680e-01
1.549931933851650123e-01
1.527173614529267753e-01
1.524486263170863054e-01
1.500395772911717607e-01
1.475595172968956204e-01
1.463534145526676211e-01
1.512676713154524344e-01
1.462766187009401364e-01
1.460770447953453899e-01
1.532506880965489870e-01
1.469814640147103502e-01
1.661971399954087769e-01
1.467900977926551997e-01
1.531758218473878996e-01
1.450457533883340033e-01
1.475633729944645367e-01
1.455680185028316587e-01
1.482446236350602742e-01
1.453277337348547749e-01
1.485606986338901259e-01
1.478185506453098819e-01
1.481762262546233166e-01
1.477396035643017691e-01
1.511134032406854233e-01
1.455309402438877964e-01
1.581226569865442355e-01
1.428385153215961101e-01
1.501699303892449211e-01
1.433337343663975416e-01
1.477386932665517572e-01
1.454152676473098593e-01
1.462999671458544426e-01
1.495952171218890014e-01
1.449248556802333610e-01
1.426755754522679442e-01
1.476445134248086100e-01
1.463314106988541918e-01
1.532142166981389220e-01
1.478632045442436482e-01
1.447151151796147450e-01
1.400427718326694160e-01
1.501824661104906034e-01
1.437779776400831266e-01
1.481238461733723477e-01
1.474151636773349539e-01
1.466202181384405889e-01
1.406583811404615025e-01
1.533864492593779716e-01
1.413343512808029334e-01
1.518080471624548289e-01
1.422788038454067538e-01
1.548245308896418204e-01
1.447856291936781281e-01
1.477383139272771817e-01
1.409994512607519179e-01
1.424697119526908973e-01
1.401748422878416889e-01
1.466897103719822792e-01
1.390746502995728884e-01
1.461601801300971837e-01
1.389189961872188406e-01
1.477531028731467189e-01
1.385880599106472932e-01
1.457250614777503561e-01
1.394187840829354263e-01
1.519465379903374158e-01
1.403922925653376952e-01
1.510114004569209356e-01
1.414902832827796830e-01
1.481932176701498127e-01
1.435120599292728227e-01
1.430858242803987601e-01
1.392486816201145283e-01
1.462904526173901543e-01
1.379123794145069581e-01
1.449206976675763703e-01
1.450923670431024104e-01
1.440448210309978327e-01
1.406600598818824877e-01
1.406478882206506076e-01
1.342457999778831346e-01
1.499718409481845816e-01
1.365317314308608643e-01
1.516048850500448519e-01
1.401172811743856272e-01
1.474712831561325876e-01
1.396517935351209716e-01
1.457905910759951240e-01
1.404561221261288739e-01
1.418543143829048836e-01
1.373950680511688838e-01
1.419813478001393514e-01
1.398658811835802041e-01
1.412671584966492533e-01
1.353101918688834060e-01
1.467806025870106723e-01
1.411341802978884064e-01
1.357934720786810878e-01
1.401591259431081149e-01
1.359140389572386642e-01
1.379210216853225535e-01
1.436234007141456437e-01
1.386082305232701761e-01
1.394932621169167886e-01
1.411396515459004963e-01
1.422274599316500632e-01
1.430249351355673826e-01
1.326592733616873965e-01
1.432274044066421947e-01
1.366250896207003851e-01
1.480028621369035291e-01
1.371604528080690166e-01
1.421426085443367182e-01
1.375494834873956795e-01
1.410945241518981319e-01
1.326884756693044176e-01
1.431227265588362885e-01
1.311959316660301078e-01
1.395026918974529850e-01
1.318361423267991328e-01
1.442520082169775342e-01
1.455945945715063361e-01
1.423166734022759672e-01
1.377579051756567252e-01
1.361739484263717048e-01
1.389706192453009082e-01
1.357563743879800777e-01
1.339755042280502961e-01
1.423175147835851195e-01
1.304222479925856992e-01
1.323361511066916685e-01
1.366379423075140265e-01
1.332919614507005468e-01
1.433679807098728609e-01
1.403795495596030785e-01
1.470573610352710892e-01
1.370611105493030613e-01
1.380470236157906039e-01
1.350318649939334092e-01
1.387407889866058841e-01
1.293439428959020920e-01
1.407369525944604516e-01
1.362650729776065661e-01
1.464675021240595953e-01
1.323385844763223240e-01
1.380586600150905952e-01
1.311507553939446624e-01
1.358478801098605693e-01
1.365972666466159502e-01
1.331972892791631058e-01
1.331815964902317850e-01
1.378660659058336402e-01
1.426531334324683820e-01
1.286789449862069112e-01
1.398322651873827593e-01
1.309673319101991307e-01
1.388568888293900960e-01
1.279992992361290993e-01
1.355427653394275234e-01
1.322066908241469885e-01
1.380126039600416687e-01
1.321351140307313876e-01
1.297580926183934946e-01
1.287392018339200972e-01
1.272180362603544113e-01
1.268693666852814539e-01
1.335532564104197628e-01
1.308231788599370782e-01
1.309369992782896397e-01
1.350212197650444701e-01
1.377070723936880681e-01
1.353716014914856380e-01
1.286571093576251157e-01
1.325290302948854138e-01
1.329580923582811547e-01
1.316535933697021710e-01
1.322048480753781341e-01
1.316094784882674285e-01
1.309889962999777058e-01
1.408390349610279535e-01
1.279929054337959615e-01
1.314881942679535787e-01
1.380516929539367388e-01
1.419715093410628959e-01
1.220768857896667031e-01
1.321912283898411533e-01
1.268099791749313088e-01
1.389671099161114143e-01
1.406094007920429267e-01
1.299707019176658818e-01
1.286038536323514392e-01
1.241864993120725263e-01
1.248883505674157762e-01
1.352824159656178804e-01
1.305756918635094799e-01
1.341255799886395539e-01
1.343035692539979176e-01
1.326913456041846628e-01
1.256150928669137745e-01
1.372907478256992775e-01
1.279913659274156401e-01
1.333098314530849204e-01
1.287356250409957825e-01
1.291926177263368059e-01
1.313271802843849756e-01
1.257499185251445828e-01
1.286042764149865625e-01
1.268951770811732882e-01
1.290560999349001092e-01
1.259975409610606389e-01
1.231157864563094256e-01
1.318737901045238248e-01
1.237169391183458450e-01
1.301808620662384675e-01
1.317948730828148174e-01
1.267271458133432671e-01
1.297907390539789485e-01
1.373103103772600198e-01
1.351067869973429092e-01
1.352662952727992918e-01
1.299295752470775722e-01
1.297936510019672973e-01
1.257317810977997830e-01
1.311076598433315865e-01
1.298398016619139173e-01
1.236281098789643179e-01
1.274050200776816466e-01
1.328756777686340984e-01
1.215890883160612584e-01
1.319506422353997621e-01
1.294195921468753174e-01
1.242008662804597735e-01
1.272444571457897189e-01
1.282550522563939976e-01
1.367395046998113872e-01
1.288365646634221096e-01
1.259912810418958584e-01
1.297698263304036537e-01
1.336114322937908272e-01
1.196010724282388221e-01
1.340687909247462728e-01
1.323143235133386053e-01
1.219394227345424603e-01
1.255032234532031388e-01
1.272528893590777754e-01
1.266585628285982756e-01
1.352916301495685758e-01
1.287921711413436698e-01
1.255890260329999286e-01
1.374509417327743899e-01
1.286317662806528983e-01
1.311927924465294548e-01
1.207434242311475753e-01
1.340662476364229694e-01
1.232568110100445008e-01
1.213319245296238941e-01
1.198916763931196089e-01
1.233238777269851649e-01
1.203022284031956546e-01
1.266549052889068272e-01
1.241735478129513542e-01
1.341909657358146546e-01
1.236394269854217270e-01
1.246097887629928347e-01
1.262749572116793617e-01
1.228568365223797060e-01
1.274126303256119253e-01
1.232581073489410900e-01
1.360526708225902881e-01
1.198782928296761030e-01
1.327405646742695622e-01
1.237160717021287965e-01
1.258732529296473224e-01
1.262702259648218195e-01
1.248196932676218368e-01
1.234010920770901160e-01
1.286509098239019266e-01
1.256870522999921358e-01
1.326364312137611468e-01
1.304577283273336274e-01
1.271362898767140759e-01
1.220849848379519931e-01
1.279632021518946894e-01
1.249784428090885829e-01
1.242540651723850198e-01
1.279434900782523699e-01
1.230140498406611521e-01
1.214717310281092505e-01
1.214104366499723225e-01
1.338370280352383646e-01
1.177854758685851072e-01
1.227793041497501764e-01
1.195250517173657018e-01
1.228711581386643936e-01
1.241112296838584594e-01
1.237901818463406078e-01
1.234250336187189684e-01
1.156188632732236404e-01
1.254903801093716909e-01
1.262358802712890415e-01
1.298918116624474817e-01
1.216752228907709288e-01
1.270140718065683461e-01
1.216016602682343795e-01
1.202306329326041090e-01
1.186257632476602902e-01
1.293523908579372328e-01
1.206049008489778612e-01
1.185717431501902008e-01
1.293311284961534968e-01
1.207018911061459726e-01
1.354678414732256309e-01
1.328623019633883573e-01
1.230902201504817661e-01
1.189010939275680773e-01
1.226335890986337968e-01
1.154436043130492168e-01
1.131402684381952878e-01
1.322516342597385430e-01
1.170281308451491808e-01
1.229139656938857267e-01
1.135605265357223087e-01
1.304950159845499336e-01
1.208151471176518305e-01
1.214569061108617398e-01
1.166705237122688948e-01
1.325687533581148270e-01
1.155360967574973335e-01
1.254075484789442252e-01
1.235787245810470031e-01
1.222793361007188939e-01
1.189574935538774692e-01
1.228769889973977542e-01
1.144512252977781253e-01
1.246285746975145242e-01
1.226757534971917862e-01
1.255331821542389481e-01
1.207946908690675919e-01
1.154885239013924703e-01
1.294135712860952081e-01
1.137246600718488931e-01
1.168194305888077267e-01
1.209670949661657696e-01
1.149870777344557532e-01
1.137667484286922354e-01
1.235160372319936695e-01
1.337092579307216644e-01
1.250190012899305425e-01
1.233268017889109780e-01
1.251446487112593819e-01
1.192396550283335160e-01
1.187124512098723383e-01
1.209301106984759233e-01
1.137183406711742423e-01
1.228936160236211994e-01
1.171686385681064424e-01
1.168185909528994260e-01
1.088177594114060898e-01
1.146336558618143014e-01
1.369660437674602438e-01
1.215041301237485966e-01
1.279772195567586979e-01
1.166044424400181634e-01
1.196627974946597034e-01
1.189416002180889304e-01
1.254928641099038733e-01
1.096933940780426969e-01
1.139843057163930501e-01
1.129638854707629286e-01
1.315041777550011448e-01
1.143284989903091825e-01
1.280826430047440623e-01
1.153028160978342292e-01
1.186263666553941665e-01
1.153607832872486777e-01
1.355634645842368202e-01
1.158348943892772293e-01
1.231051309160427071e-01
1.091387090891750566e-01
1.147501848766860760e-01
1.117710279585801270e-01
1.338694787921219931e-01
1.214008780404862292e-01
1.136675263881276460e-01
1.147178911354578418e-01
1.371337700183298813e-01
1.209494245008161939e-01
1.278816621906179174e-01
1.147682713562639817e-01
1.191674117593060772e-01
1.108904064952664498e-01
1.138505107092941532e-01
1.111590944159361882e-01
1.336745043403416988e-01
1.144172716240231535e-01
1.132302106233487732e-01
1.142479235078663752e-01
1.293291753751399098e-01
1.215188817544993194e-01
1.252548978801715229e-01
1.165953688036458491e-01
1.364533546381582751e-01
1.165157263177869357e-01
1.172319967273986463e-01
1.118760380800819937e-01
1.224854535007812301e-01
1.073275198482752518e-01
1.122609886349571068e-01
1.141777580326316377e-01
1.144400098665899757e-01
1.108199586729917835e-01
1.202657542724682588e-01
1.173078037858858863e-01
1.131903762529555130e-01
1.213743602041248981e-01
1.262078719940119276e-01
1.123283884243716085e-01
1.333000280586426889e-01
1.091013697332695598e-01
1.201683930905927539e-01
1.105610679028863341e-01
1.183841437396845886e-01
1.067948763026683318e-01
1.170918378454815639e-01
1.196351052635891699e-01
1.141544993221444010e-01
1.180176280342912637e-01
1.178464551742170463e-01
1.082270072928642884e-01
1.483946702259940076e-01
1.121559435256251486e-01
1.339880839954283032e-01
1.093786311169047815e-01
1.236363857748733891e-01
1.099626014299025928e-01
1.147709608443907708e-01
1.118308158440521199e-01
1.130457035764041579e-01
1.248674032665298000e-01
1.137452301776733926e-01
1.064659421859650151e-01
1.249488221638104107e-01
1.102539624278094238e-01
1.108421840933336844e-01
1.132882389761534631e-01
1.215551332157545489e-01
1.155496213693816415e-01
1.264309199074865331e-01
1.099133396472124907e-01
1.495098264994650372e-01
1.159067023518797757e-01
1.263151625037937931e-01
1.130539040116155663e-01
1.068489962635527785e-01
1.129203757839111061e-01
1.181027358121405496e-01
1.069891042385981428e-01
1.075098507630452560e-01
1.109434656839684147e-01
1.108421337457997508e-01
1.239972077598471140e-01
1.141918724168323879e-01
1.133370392938340410e-01
1.153126221434412207e-01
1.350853584846341826e-01
1.057879495461502978e-01
1.449508197066416149e-01
1.120873573142965179e-01
1.160068920294201472e-01
1.090267174868852634e-01
1.364325326275869776e-01
1.055223099640695272e-01
1.230766684973746972e-01
1.082809881311483230e-01
1.187767461280809234e-01
1.044216965160293525e-01
1.071280824416747240e-01
1.058717087617022656e-01
1.192291990093197196e-01
1.106242835118147472e-01
1.134753053164131997e-01
1.077917309382145916e-01
1.103950091861840704e-01
1.123430068713026642e-01
1.107369978272725319e-01
1.503243186972330336e-01
1.078688917767449684e-01
1.272453422827045932e-01
1.062148773320257811e-01
1.052470977966152715e-01
1.143853681340101097e-01
1.171062216454409194e-01
1.080661617180474349e-01
1.137363493725144920e-01
1.126287549587145637e-01
1.177773026124041000e-01
1.080295020183841687e-01
1.044724106653438650e-01
1.367657944634468048e-01
1.172542272043234218e-01
1.558776676974314712e-01
1.087930638748871165e-01
1.099129113081177556e-01
1.062424578262307628e-01
1.192745068354700705e-01
1.099986160353271930e-01
1.117203753188489301e-01
1.104516814857386398e-01
1.151028761985441601e-01
1.107723365694252005e-01
1.046894448561935809e-01
1.059110371580922610e-01
1.173995653722531701e-01
1.324362746687214876e-01
1.074148945504820457e-01
1.417235237572416207e-01
1.048489152692317905e-01
1.104333448491585656e-01
1.057761376385254332e-01
1.181498875286805111e-01
1.117588849929941480e-01
1.081671682599647660e-01
1.095291157725131886e-01
1.077649891384839242e-01
1.038729952837360720e-01
1.108373758995173514e-01
1.128607715975044057e-01
1.436895466415349099e-01
1.095011655760289582e-01
1.358938429638667789e-01
1.078719763960017675e-01
1.190223024815251635e-01
1.057454647745844217e-01
1.095008247447154526e-01
1.013120054267467735e-01
1.198066930711286643e-01
1.093195565109919137e-01
1.077619197108383581e-01
1.093425453264807445e-01
1.078228450326477045e-01
1.036157321562603401e-01
1.096968957059389349e-01
1.247738608198599164e-01
1.163098066700981037e-01
1.818009389314506896e-01
1.139253931020298288e-01
1.064341214069581265e-01
1.036083000838783352e-01
1.024481634597781549e-01
1.095458793035984785e-01
1.130557436461607779e-01
1.190127945847509611e-01
1.018349219532466848e-01
1.043276873314323838e-01
1.074716387790694005e-01
1.065444511277146566e-01
1.092069739232526121e-01
1.157849356720985629e-01
1.174525744831601687e-01
1.631155408012978647e-01
1.092518653189218508e-01
1.129572477848713175e-01
1.058057273873579396e-01
1.009930186930084739e-01
1.108398536561758657e-01
1.088230471039648983e-01
1.123161593327616781e-01
1.060750081796705130e-01
1.070697439389313582e-01
1.165793235705458036e-01
1.002089936586986890e-01
1.044896242996487951e-01
1.163944146167327637e-01
1.059784475257808944e-01
1.227656084986294832e-01
1.138021553882522796e-01
1.648977385518341221e-01
1.126018890240744891e-01
1.160003877465257821e-01
1.046159511460549169e-01
9.936329651129159612e-02
1.029009358745027747e-01
1.059746155564711967e-01
1.090462294284638006e-01
1.146788682445101237e-01
1.006262732028600365e-01
1.033493260121546853e-01
1.100692557223317686e-01
1.076677488154780676e-01
1.096965074877713081e-01
1.126876589825728248e-01
1.043224270650412039e-01
1.223586465429575276e-01
1.136549935096855118e-01
1.400047236134770723e-01
1.073177695619320776e-01
1.044884090448209846e-01
1.040621929073218821e-01
1.049721490711276600e-01
1.010513075864448718e-01
1.248618575266076808e-01
1.071833396524004139e-01
1.152398987263116154e-01
1.037637777549842294e-01
1.105749222453950575e-01
1.040308699540350990e-01
1.252647926353313290e-01
1.075918419807952581e-01
1.122212746402403011e-01
1.030809345338484229e-01
1.150550894852803152e-01
1.131662546139446529e-01
9.906131991963147698e-02
1.003223239384062881e-01
1.015495132720266730e-01
1.222043990683521902e-01
1.030282566953394374e-01
1.339217673553039500e-01
1.231719320240010490e-01
1.620803967589073691e-01
1.047538564715005394e-01
1.051168135583503416e-01
1.025936069647302856e-01
1.136918030813550556e-01
1.004630502925950714e-01
1.002454661320697077e-01
9.904732582018077602e-02
1.120498885682230800e-01
9.781479398347441012e-02
1.172448495942893937e-01
1.040126883049400375e-01
1.322283044695343190e-01
1.069623190882997982e-01
1.220428555883466964e-01
1.012216941351620908e-01
1.131196528713718230e-01
1.067198443383906570e-01
1.182856825112565957e-01
1.010535290246413753e-01
1.114750040184594448e-01
1.022166955996392512e-01
1.096667495859317415e-01
9.862889704293942295e-02
1.159457828199210588e-01
1.071548819258153623e-01
1.100996817949844025e-01
1.000358111446922743e-01
1.258564470180219275e-01
1.070252368101828749e-01
1.188341178804062093e-01
1.069582808739596436e-01
1.402374672270103595e-01
9.858398743930996133e-02
1.018211223110342539e-01
9.825527501600429814e-02
1.067956570084651474e-01
9.963873520301970432e-02
1.089845245454244549e-01
1.074790966739701537e-01
1.137849300226138477e-01
1.000357648193427457e-01
1.035739567570257286e-01
1.103247488407482629e-01
1.055649803484234733e-01
1.041545138464419346e-01
1.118593052949073546e-01
9.898712621225864983e-02
1.015709769582266997e-01
1.203953954602078880e-01
1.149931080239193354e-01
1.536040512667918578e-01
1.013138341721617069e-01
1.048559164827029128e-01
1.045117166931116559e-01
1.003248225641593661e-01
1.007961500934023563e-01
1.196369666746047861e-01
9.907128897272554635e-02
1.134021899704998476e-01
9.408937852130133672e-02
1.125268751393549288e-01
9.475866096110378833e-02
1.058917810106259072e-01
9.891216965767196667e-02
1.211320021453399925e-01
1.080671709678948239e-01
1.285640785836848210e-01
1.018142065418101289e-01
1.001239755918915120e-01
1.155926764318514349e-01
1.053013893152210945e-01
9.894059084800947701e-02
1.203553103006389652e-01
9.781117605190031705e-02
1.056941093208224186e-01
1.048656797647208871e-01
1.076361117334979217e-01
1.088159904766489022e-01
1.075607734835305335e-01
1.015609543132177661e-01
1.295402076533505864e-01
1.006049439661850786e-01
1.044307880714561293e-01
1.003430075494630008e-01
1.001578277057677407e-01
1.063486317079300886e-01
1.091937599488233684e-01
1.044502504406689541e-01
1.230243975190312283e-01
9.721748858554650485e-02
1.288168832884157011e-01
9.858598027549142495e-02
9.652434775517455823e-02
1.047854176960810041e-01
1.113619066720198253e-01
9.818433482932605039e-02
1.152340025537406665e-01
1.052677779321275903e-01
1.287258824797343215e-01
1.085953835546292906e-01
9.905410802183141350e-02
9.484234628178223048e-02
1.136460586608961792e-01
9.852840832795280168e-02
1.135704184282246149e-01
9.605436827989083381e-02
1.168099854203637628e-01
9.737982681048347466e-02
1.064922058717401310e-01
9.509223557294697871e-02
1.446532087827704649e-01
9.359838933972385033e-02
1.334318032439354429e-01
9.832728663435447158e-02
1.187191301828918188e-01
9.393918351044018566e-02
1.098868431591097372e-01
1.027651771199753483e-01
1.013100788418333925e-01
1.036455608561066555e-01
1.007899163276755189e-01
1.049517421189461869e-01
1.092404567499674628e-01
9.980233447459142815e-02
1.118879496432807069e-01
1.009274539413461680e-01
1.022908316398653678e-01
9.845402724048447907e-02
1.075435967189177222e-01
1.007419760977971285e-01
1.004661399190068805e-01
1.021223142416073926e-01
1.314449196039305379e-01
1.065219599915962906e-01
1.536639258024442845e-01
1.012475713307853936e-01
9.147809445707595633e-02
9.553860170229232229e-02
1.076210225595062853e-01
1.055090876941661288e-01
1.077947867744610128e-01
9.337318556561118033e-02
1.051515204860258845e-01
1.003518444526322884e-01
1.211483460135763801e-01
1.055458306732800916e-01
1.224540133746325615e-01
9.984015974619091238e-02
1.184306740815355558e-01
1.005787321085462316e-01
1.101104120043283757e-01
9.642059091671527360e-02
1.126063899800482382e-01
9.260623057329153696e-02
1.093627002057715875e-01
9.572979658343246101e-02
1.133899849336719862e-01
9.071706359740666636e-02
1.184740696045775005e-01
9.989903124827864689e-02
1.190484439785933629e-01
1.019797217112535098e-01
1.337431043234136308e-01
1.052827748413292658e-01
9.020055656132443256e-02
9.860552136800383727e-02
1.080524983055716898e-01
9.646574788662991284e-02
9.805210392707293388e-02
1.128573781069963644e-01
9.112534792740990819e-02
1.058297880562157484e-01
9.731026319832825067e-02
1.288489238846156348e-01
1.038270380374772817e-01
1.524534183290260636e-01
9.914653265234345259e-02
9.723439951279666538e-02
9.322697689524611642e-02
1.149457175065246722e-01
9.779564292794419578e-02
1.037604133616401442e-01
9.973022800989145287e-02
1.148997325827082611e-01
9.617984889864940323e-02
1.132474150376933525e-01
9.566242367270368085e-02
1.285176749884525960e-01
1.015984283575107477e-01
1.010620865851714067e-01
1.077493611530184053e-01
1.020213528905581923e-01
1.090397894662305522e-01
9.293251363261047227e-02
9.974890811963649240e-02
1.091327741508286847e-01
9.907108336002640181e-02
1.172208222455146248e-01
9.659104917100642951e-02
1.833497748712345776e-01
9.790139583995993711e-02
9.431760384689126531e-02
9.233221832932130002e-02
1.053953066061545235e-01
9.289922351388314736e-02
1.015797360517626674e-01
9.585965080840351538e-02
1.079030671775509514e-01
9.877228302231079449e-02
1.020299937141760926e-01
9.162280255795186845e-02
9.583611127525924755e-02
1.121770724065074415e-01
1.268957048533676801e-01
9.776242032872534127e-02
1.231722202229655200e-01
1.001251466326876921e-01
1.063701337446295025e-01
9.647334773544014030e-02
1.168955043956877438e-01
1.034557439682538688e-01
9.421395644018321081e-02
1.068498819769935632e-01
9.252878761846906885e-02
1.045107003611530638e-01
9.126994517027936515e-02
1.101448156383034865e-01
8.886022870216124525e-02
1.109018558488770873e-01
9.668175239260819176e-02
1.369182912009600239e-01
9.694555710055773046e-02
1.203613716584927135e-01
9.938891536649840930e-02
9.580031530484733882e-02
1.035162806659384177e-01
9.030016878729850427e-02
1.043271931835297456e-01
1.101989431346885873e-01
1.061554903831128938e-01
9.958429648436077641e-02
1.335344450104447855e-01
8.908535199978505348e-02
1.036547479482339273e-01
1.009478561423841070e-01
1.146674265899360057e-01
9.768557466013229329e-02
1.097376056127462446e-01
1.070318012025364279e-01
9.697267117674740478e-02
1.024016189731425941e-01
1.082438208944552782e-01
9.664689741104882936e-02
9.642243628911255360e-02
1.050525807134888440e-01
1.001239788686841964e-01
1.194174510485582763e-01
1.049844150159333078e-01
1.430499360817717169e-01
9.304887981605640401e-02
1.000412883753489107e-01
9.208084290041701481e-02
1.059612088833604832e-01
9.944719735971178920e-02
1.271788368051580964e-01
9.283698257174761992e-02
1.025336352267522816e-01
1.136359849185798881e-01
9.909207418033856574e-02
1.055504250405196326e-01
9.794642060692305974e-02
9.862497137082602838e-02
1.058567824032001087e-01
9.379741472653919943e-02
1.052503185188006368e-01
1.042554965937597250e-01
1.570033773009524847e-01
9.289519054300754419e-02
1.084129201827655486e-01
9.137141286425685960e-02
9.933213899436095506e-02
9.135632139043349531e-02
1.078375679305685897e-01
1.055042875551385345e-01
9.137544176171270849e-02
1.019702850283472628e-01
1.037229910470954253e-01
1.092029201143990269e-01
9.316048993064902917e-02
9.266844128364194744e-02
1.026577584015204714e-01
1.024663949443810895e-01
1.715321022101265191e-01
9.653748068990804232e-02
9.501243386238211741e-02
8.877801487055712870e-02
9.956920974188471218e-02
9.216621319722535788e-02
1.051004621781097131e-01
1.249723434146833290e-01
9.734703633179020432e-02
1.096193080622240718e-01
9.338752755947356265e-02
9.801991866945752863e-02
9.564608180608054344e-02
1.163638620700426368e-01
9.916787155101706996e-02
1.326855186629836980e-01
9.509603157647443517e-02
1.163598256411969983e-01
9.003965535638878970e-02
1.072208314831694514e-01
1.005559488107197336e-01
1.104368911279385995e-01
9.381652132787497711e-02
1.059841515057550199e-01
9.022680616427419809e-02
1.039177173946769089e-01
9.695445097730230610e-02
1.049101074535662842e-01
9.428363703275349783e-02
1.107910124291271031e-01
9.035897807384490887e-02
1.037025199234506284e-01
9.959809296567539993e-02
1.067449753377249094e-01
9.188700561945627177e-02
9.846627361924965849e-02
9.957048085791182779e-02
1.212818491376297519e-01
9.776707631778513985e-02
1.104657116209478013e-01
1.009834430852462189e-01
1.010712132444093608e-01
1.003914460521534990e-01
9.503073077276368019e-02
9.398607628528767022e-02
1.007791732015740488e-01
9.517474314952563408e-02
1.069277515966206710e-01
9.471843357701729971e-02
1.102731643165315439e-01
8.939533694680844300e-02
1.207267475118143224e-01
9.802579335203109867e-02
1.463581624432257200e-01
1.061342770818701348e-01
1.109669764788149271e-01
9.260388874430353079e-02
1.056986872484385054e-01
1.003168504316719195e-01
9.403613281199697804e-02
1.051042382886705900e-01
9.069515754216926628e-02
1.006678229274299841e-01
9.360421817566029479e-02
1.089453688919907459e-01
9.451973789901818579e-02
1.140620156990276995e-01
8.931806502319916685e-02
1.109137924021294658e-01
9.088274101533531935e-02
1.027084172711418969e-01
8.759521720282370527e-02
1.194455320922449965e-01
9.651169644138250792e-02
1.158196849429313641e-01
9.696031779039154808e-02
1.179529734165536553e-01
8.820630471118949545e-02
9.727728175695782298e-02
9.413441729544115566e-02
1.052924600330469446e-01
9.412385791222570297e-02
1.017906888184795244e-01
9.417016687711600442e-02
1.184763249287356796e-01
9.725413956174215613e-02
1.329183878920582873e-01
8.809299054701862086e-02
9.443138020989676196e-02
8.526500231865115353e-02
8.882355022347356022e-02
1.121900746463549009e-01
9.067178587015384261e-02
1.266387393106436776e-01
9.342942468272553980e-02
1.395570380987709025e-01
9.629105946960492268e-02
9.300069179187731017e-02
9.171246590304167612e-02
9.576676315694726549e-02
1.039103963526742530e-01
8.840815554894149164e-02
9.820882817674825294e-02
9.423771978801860627e-02
1.283063052057244746e-01
9.356525097097238841e-02
1.041288037845082420e-01
8.635910261796077292e-02
1.053055444416712283e-01
1.086404776048306431e-01
1.036893321377407307e-01
9.152387839913676826e-02
9.557108467290691134e-02
1.011596384848018060e-01
1.439394163525815340e-01
9.997995122500417942e-02
8.754513090770206507e-02
8.114078362503246433e-02
9.040344713777466457e-02
9.354430515813388913e-02
1.046904778169108763e-01
9.773711664920119169e-02
9.579892702733606991e-02
9.806293176550745505e-02
9.583534763095480358e-02
9.781045186549736092e-02
1.090227158627337239e-01
1.038818405023760189e-01
1.130501665650696236e-01
9.669501654633978760e-02
9.462704913459367428e-02
8.793830391047531558e-02
9.874758146181202012e-02
9.421823770199100334e-02
1.016199379577737982e-01
9.213320944194303141e-02
1.090292108094825935e-01
9.030308646682617957e-02
1.075712627382712921e-01
9.972204369014292524e-02
1.438915304792979799e-01
9.574441875337104391e-02
8.958138867431424124e-02
9.426943501061606223e-02
9.397403855636000947e-02
8.765071397271763376e-02
8.684194878468025347e-02
1.041574885408459022e-01
8.518938128686047440e-02
1.111959171460525364e-01
9.592620671608180494e-02
1.243189077037195472e-01
9.203621279754276019e-02
1.112097872676534593e-01
9.674674606783835451e-02
1.011796606117887215e-01
8.956594193778953661e-02
1.003320468375157870e-01
9.838288152799933017e-02
9.073041301467245356e-02
9.254866065859319868e-02
1.008261146579032125e-01
9.256277359935551063e-02
1.174668337954614117e-01
9.417186244378035476e-02
9.489128743720222359e-02
1.040130418668707146e-01
8.866998393805859691e-02
9.636976680311681864e-02
9.679682814169854321e-02
8.477984020100899631e-02
8.898273059348166258e-02
9.515302078099552308e-02
1.024248534537161442e-01
9.852211138780632427e-02
1.278640244953944960e-01
9.287140845869094885e-02
1.177318651644733150e-01
8.284742063267681866e-02
1.008309008838010751e-01
8.554498571048919919e-02
9.430563555025280043e-02
9.623242043203061868e-02
1.212603923020508651e-01
8.889357511255728539e-02
9.780939116361210550e-02
8.426058791324120278e-02
9.392071593947089181e-02
8.671657005647920302e-02
1.218546369320490236e-01
1.932696479547162394e-01
1.027494150329947703e-01
9.022595074293232598e-02
9.283207999045134384e-02
9.719434114181434159e-02
9.206446349603153445e-02
8.744516425976127383e-02
9.818396094980817723e-02
9.487719577788145120e-02
9.657192425776210676e-02
8.833324068550219010e-02
1.038538613975245190e-01
8.540819117337729305e-02
1.026610485302107967e-01
8.732793066525251779e-02
9.731309450645962700e-02
9.371375403523757308e-02
1.061625874139398712e-01
9.785478266520492019e-02
1.242447354874202103e-01
8.743014570941100294e-02
8.914547039392047012e-02
9.112786415406361196e-02
1.093858860834472785e-01
9.671569350720622682e-02
9.371754476062432726e-02
9.782380880566872439e-02
9.101269938976530582e-02
1.125656568934549490e-01
1.029817796983479861e-01
9.835209585711722491e-02
8.880238459888430136e-02
9.657809021895735757e-02
9.282525818803459561e-02
1.079363452805294776e-01
9.285977569435800716e-02
9.497211737467990689e-02
1.026540332426665730e-01
1.233961811975461259e-01
8.702920098421573769e-02
9.814902572511181866e-02
8.645027113782360884e-02
1.047968761113956954e-01
9.939220672408706492e-02
9.300235046218124912e-02
8.968347524647807267e-02
9.024810729761249817e-02
9.728379940230290346e-02
9.369594059266950214e-02
9.725478356092225052e-02
1.014246008606331101e-01
9.008061810574706507e-02
1.073659016189819487e-01
9.449952189978721995e-02
1.053487610224935062e-01
8.436972750760353412e-02
9.211918664909400645e-02
1.045557426901327219e-01
9.512691964876662798e-02
9.903044964692543639e-02
1.286196208788724371e-01
1.042825904778020979e-01
8.258320302955908521e-02
1.042517929183546105e-01
8.632386866146213311e-02
9.250656109496363522e-02
9.413505962405814553e-02
9.033815742741753418e-02
1.057380513725499349e-01
1.044944667449107384e-01
1.162835897267933127e-01
8.309161408307061403e-02
9.834453467767280410e-02
8.803425880336451792e-02
9.435940065948061894e-02
9.285783434294302141e-02
1.091315481213719213e-01
9.022989082731247557e-02
9.647967065736466619e-02
9.660927579611570948e-02
1.122723599167917974e-01
8.495687742153361366e-02
9.629960475081865423e-02
8.283036033262089481e-02
8.886536715139299603e-02
9.857980169661201275e-02
1.194617802559098108e-01
9.291924370941355427e-02
1.020171204347671279e-01
9.990536618381649914e-02
1.150007546600131797e-01
1.089190036194259137e-01
9.409980768555729902e-02
1.031537340606444308e-01
1.028410070654499076e-01
8.658181648353797943e-02
8.675849171530353177e-02
8.517516482391263022e-02
8.554768708607196626e-02
9.128468422454240339e-02
8.742161377264723310e-02
8.982041720677820529e-02
1.148267293428871239e-01
1.033163819802160321e-01
1.271696712552915776e-01
9.783944873816698140e-02
9.708431304194557743e-02
7.996158819556460629e-02
8.663044931654521885e-02
8.493572858921903668e-02
9.761899570417902072e-02
9.438193308456764574e-02
9.711559826064629364e-02
1.073760510276605823e-01
1.075816005062355390e-01
8.919411655348237489e-02
1.132329561297800574e-01
1.502507554942035528e-01
8.764366523618127847e-02
8.253990862844368115e-02
9.713014199379481350e-02
9.958019280796188977e-02
9.168485379494707710e-02
9.148467652144842699e-02
9.728166420778527890e-02
8.930187665326545787e-02
8.867079991861830102e-02
9.235728892241519550e-02
1.051272128891513891e-01
9.238571369150215540e-02
9.745353272570568548e-02
9.430076095674623515e-02
1.050385491587645381e-01
8.694627545285917025e-02
9.946083502649871733e-02
9.080740633533512796e-02
8.968862990792282608e-02
