3.802524877038202362e+02
1.131096701189584763e+02
9.138485323231809332e+01
8.084378189352891297e+01
6.812089531249478114e+01
4.787134730580100950e+01
2.229029279697550692e+01
7.571619866566995150e+00
4.992451531091114170e+00
4.418454103798373112e+00
3.906761782813211514e+00
3.441669753031300960e+00
3.080207312472406755e+00
2.805423538617441981e+00
2.577184030862793573e+00
2.380688873697385688e+00
2.212174923743075006e+00
2.071395382757692083e+00
1.950592067660169571e+00
1.845705167412288183e+00
1.752998834635753234e+00
1.670089866881694585e+00
1.595531021383569836e+00
1.530876280565737879e+00
1.475504086927615255e+00
1.428906405355240716e+00
1.387119797162722934e+00
1.350332032270812332e+00
1.318564918634475669e+00
1.288897264224529104e+00
1.261790339549006434e+00
1.235874772955677381e+00
1.210218523132359891e+00
1.187509431393148240e+00
1.166274375170103461e+00
1.146618032474157500e+00
1.128374687964623480e+00
1.111512847686316752e+00
1.094274741045589527e+00
1.078535548941299105e+00
1.063021862150426600e+00
1.048597042508737864e+00
1.035545693556497726e+00
1.022316146840731799e+00
1.008989931812658725e+00
9.962286207594384102e-01
9.824634258143970511e-01
9.714282816706267809e-01
9.595237273313269588e-01
9.484217607174310061e-01
9.378221875526203677e-01
9.251031565925122990e-01
9.149934565892202665e-01
9.021304205945885890e-01
8.917710336024073925e-01
8.805872273320396459e-01
8.685132355635613033e-01
8.599500147735459343e-01
8.487472872139568691e-01
8.423646753473970072e-01
8.317269588413331860e-01
8.245379220856891012e-01
8.160605423641253964e-01
8.069957747229437039e-01
8.021469075288191197e-01
7.922466858160285286e-01
7.852577881130948789e-01
7.807546577367127094e-01
7.706397269099478642e-01
7.635865871678971795e-01
7.577460849510626595e-01
7.501339153092234646e-01
7.444769590948426830e-01
7.359917145581822417e-01
7.303479480599573970e-01
7.231706368495167681e-01
7.163442201774642415e-01
7.117987154550459161e-01
7.047791271022386672e-01
6.995055066246229636e-01
6.940114973348386895e-01
6.882218181182008232e-01
6.839385919647981149e-01
6.769679504604849685e-01
6.735369265416849549e-01
6.680824539940167783e-01
6.646013809204295297e-01
6.603540544770559739e-01
6.543668594114152581e-01
6.483478034286571656e-01
6.445645764603131767e-01
6.405034647607293907e-01
6.363102232368985645e-01
6.316474855168957570e-01
6.256667559097452980e-01
6.224908058663481958e-01
6.175358060964358797e-01
6.143699786755281167e-01
6.098299172763499421e-01
6.064252792064227515e-01
6.028854175675054661e-01
5.979962839834461752e-01
5.932589831263687108e-01
5.899557348936556034e-01
5.870977935425726324e-01
5.825975336217001921e-01
5.792638342868946522e-01
5.751504053189053778e-01
5.707494295686891261e-01
5.683852329134003734e-01
5.630687081406632322e-01
5.620952802326667497e-01
5.577161073729103302e-01
5.542931886236250882e-01
5.493304078207986718e-01
5.497987011499639864e-01
5.449358864443094586e-01
5.426377705291021147e-01
5.381173348672464440e-01
5.359776038897183792e-01
5.344953827811982361e-01
5.305920728668219732e-01
5.291529413350357647e-01
5.253220920654163573e-01
5.214927614897270081e-01
5.154681493562129901e-01
5.171347659305310929e-01
5.146429028622471202e-01
5.125358975664927597e-01
5.101076122508875210e-01
5.070326018388593425e-01
5.044902872846811492e-01
5.014262949674482828e-01
5.011801848362010814e-01
4.966240814794973257e-01
4.972442028917150036e-01
4.936993951339633813e-01
4.916396036647793788e-01
4.921478773386522287e-01
4.863343901096315869e-01
4.871507173217481390e-01
4.859526591124613826e-01
4.847283300220341373e-01
4.810362133613328983e-01
4.785832876615104259e-01
4.775537824564064504e-01
4.747260721583471121e-01
4.759838873401072146e-01
4.717788490054444783e-01
4.706777222032203500e-01
4.687029411902485787e-01
4.698769831835582500e-01
4.649421968911997549e-01
4.641561763551025899e-01
4.630046626255908127e-01
4.630131358465858771e-01
4.581206851388264223e-01
4.570760114857581047e-01
4.551508383724978124e-01
4.542218333944099129e-01
4.525624637544964357e-01
4.535412772959683259e-01
4.495723093466966191e-01
4.477991827574946959e-01
4.506198506174614593e-01
4.459936953357372946e-01
4.449589008182604499e-01
4.413481847488378018e-01
4.425190787095629741e-01
4.387225831727047942e-01
4.368225075867041007e-01
4.361250909286322197e-01
4.323889545914377242e-01
4.350900611872243195e-01
4.326854155563601978e-01
4.288377204085351280e-01
4.309685153329002039e-01
4.271030391207602528e-01
4.272267822122559622e-01
4.256154465715937807e-01
4.269536047320035554e-01
4.221598469437690127e-01
4.208245802031307936e-01
4.194061330504143537e-01
4.166240593214632359e-01
4.201744003657789661e-01
4.154046866333391819e-01
4.174362585925319724e-01
4.142630086331127170e-01
4.093190116285465030e-01
4.111128930321817365e-01
4.089333566930475894e-01
4.114624718690150229e-01
4.081166729250371161e-01
4.081708437225899933e-01
4.040292754865301705e-01
4.049682072799314358e-01
4.037691946664523357e-01
4.048291113593219248e-01
4.029035831903773346e-01
3.985058706987740229e-01
3.999714024343659635e-01
3.952988976859049264e-01
3.962353638741420436e-01
4.004520458942835148e-01
3.920254716077644641e-01
3.922927468297125464e-01
3.927053704262064571e-01
3.889328368653418022e-01
3.925084024422629825e-01
3.904086799818032305e-01
3.890555741932287259e-01
3.873688414115937229e-01
3.886040060118582384e-01
3.833572830683809607e-01
3.860801665939615490e-01
3.796286462152193564e-01
3.857863404639949034e-01
3.851590256897485798e-01
3.893441910118152216e-01
3.792140403737158105e-01
3.792334714265497841e-01
3.760307148175085490e-01
3.813985302330590854e-01
3.821849713987550134e-01
3.777972284621584631e-01
3.712913195228953467e-01
3.696825046175427065e-01
3.773773241259986144e-01
3.744288805805532916e-01
3.706957737441740619e-01
3.732651603799263529e-01
3.734072125675489406e-01
3.695262649643031860e-01
3.796866716305486444e-01
3.709237187510316391e-01
3.633147152019983728e-01
3.614804644676879453e-01
3.623696076582820225e-01
3.603543137250583839e-01
3.643220931386952910e-01
3.638914195985270550e-01
3.628139658704283566e-01
3.628380373016053539e-01
3.739393285599790784e-01
3.619523357128931473e-01
3.650439987924658514e-01
3.568747634469290886e-01
3.510562566920809591e-01
3.516637663714246576e-01
3.560016885724209268e-01
3.543114381801981128e-01
3.501855413493573654e-01
3.486041955419161287e-01
3.488691793137443375e-01
3.589459770364185065e-01
3.547837060064870651e-01
3.523380282571553779e-01
3.429545434199354759e-01
3.435966608692289093e-01
3.454641455355593749e-01
3.510312452798474148e-01
3.509074045295865751e-01
3.469284821689443965e-01
3.386202119189762882e-01
3.402291331457003021e-01
3.412490542262331394e-01
3.412292881637835062e-01
3.359002006092474679e-01
3.425629939235268484e-01
3.409841754132454938e-01
3.390023220713669350e-01
3.362282242793635523e-01
3.295256420330559544e-01
3.345815584254297481e-01
3.364903218771115867e-01
3.321083217176116764e-01
3.295905684351101983e-01
3.263634348305000654e-01
3.349473837673563881e-01
3.291941305723738442e-01
3.273324356052318973e-01
3.253791687115052400e-01
3.248313355776780154e-01
3.350048572563114058e-01
3.304916004693028153e-01
3.192566212380190671e-01
3.198003882943897258e-01
3.225193661068180284e-01
3.174497407246903991e-01
3.099698507662263514e-01
3.184387068595602721e-01
3.166806798248044674e-01
3.129434375163689386e-01
3.155056401203056859e-01
3.130993630628178814e-01
3.072499342296466929e-01
3.198492170193770190e-01
3.141240338169832835e-01
3.095166627712647167e-01
3.020595013952319108e-01
3.072594589902891138e-01
3.072634368692568341e-01
3.018491786027217016e-01
3.015488337952841325e-01
3.042915752426305631e-01
3.020738582776563708e-01
2.988638851283788589e-01
3.072952802783874282e-01
3.021662340772168776e-01
3.076192344321138639e-01
3.080268608305273825e-01
2.979769427602363407e-01
2.968031608350770734e-01
2.931164064520236923e-01
2.934993521925572391e-01
2.970911636198387273e-01
2.978521014961997282e-01
2.955786105292851906e-01
2.909307200908343716e-01
2.962536335320381520e-01
2.933229821024604389e-01
2.905585680554853001e-01
2.939156159357256271e-01
2.922507855724823522e-01
2.895788540613062900e-01
2.906388402436548835e-01
2.946212845522998003e-01
2.870053163780131311e-01
2.808684983790625811e-01
2.810106112120820399e-01
2.875539184482812094e-01
2.829310837208727780e-01
2.823953304373546525e-01
2.781337062417506001e-01
2.875078570068558825e-01
2.809815014180253590e-01
2.789514946395282857e-01
2.797277270513146008e-01
2.788788149257304672e-01
2.830964626052361877e-01
2.867831861112278835e-01
2.766514636851951647e-01
2.778388389302968164e-01
2.711193540976238880e-01
2.824946658358521989e-01
2.753930066549811762e-01
2.705845521812220711e-01
2.707834887063352292e-01
2.777281145267790907e-01
2.801275441196597327e-01
2.694412739516315880e-01
2.735658393081436546e-01
2.690885917257687665e-01
2.664129638805746159e-01
2.680826074411016835e-01
2.709925037311528007e-01
2.706867084696833459e-01
2.663606127697138448e-01
2.635229822833947688e-01
2.751058017903821873e-01
2.769950664002199248e-01
2.662246354636993440e-01
2.672000311166189968e-01
2.625917618994689229e-01
2.586707688306591479e-01
2.624983807734353469e-01
2.622346742756097582e-01
2.644341410864317621e-01
2.628573251303654157e-01
2.598437283912858886e-01
2.632639052613031660e-01
2.585638026382188759e-01
2.585269200733993356e-01
2.570558869181712169e-01
2.577045883158732287e-01
2.650775152566262061e-01
2.581922520018835043e-01
2.566444251998548087e-01
2.595815623378125991e-01
2.551587803785375641e-01
2.638073152241600661e-01
2.608813996776951361e-01
2.566892172550094831e-01
2.619141694540818577e-01
2.541229056814071630e-01
2.556069677282694075e-01
2.531015712688695074e-01
2.550469708057769291e-01
2.532346949735296282e-01
2.536730151261319954e-01
2.601068041315881540e-01
2.509700340066301494e-01
2.499450362686631844e-01
2.513802848023109493e-01
2.539754322906530026e-01
2.491133229931881132e-01
2.512229200525498696e-01
2.487872777819859771e-01
2.512369205889923296e-01
2.505682557329818594e-01
2.526107657897745384e-01
2.479888360903658440e-01
2.463739913221136835e-01
2.492111981899143569e-01
2.434924985979076972e-01
2.464203852871457157e-01
2.462633805634062145e-01
2.470232878196690074e-01
2.564480660362543629e-01
2.554642689944406353e-01
2.459811699282470343e-01
2.416782567100222989e-01
2.364457881149112650e-01
2.394942261396560690e-01
2.432209330495087307e-01
2.372261624729169183e-01
2.404198916939962460e-01
2.431460515518558685e-01
2.366658781647771603e-01
2.369779597035166219e-01
2.375461463019204189e-01
2.417708739338045865e-01
2.397614297496880598e-01
2.354719782625035729e-01
2.371956108511165395e-01
2.423275840539585724e-01
2.385521956133352939e-01
2.382120368284825485e-01
2.314862599666170084e-01
2.315370963240682700e-01
2.327578372369631943e-01
2.312574870713890729e-01
2.362634324120658214e-01
2.313116872782071953e-01
2.307702961300146238e-01
2.286796159566433506e-01
2.277503644482354872e-01
2.323379063351494189e-01
2.525265720128675451e-01
2.378389161728599321e-01
2.253337789963085480e-01
2.242999038967825598e-01
2.267573501486449816e-01
2.256421324067749978e-01
2.242617882256360551e-01
2.278506231139554028e-01
2.232278869725242698e-01
2.293751936138502812e-01
2.336801493642698402e-01
2.340490237080707081e-01
2.396331152842115231e-01
2.323893002150352605e-01
2.253752941988862446e-01
2.203623613028310724e-01
2.203349382922306920e-01
2.186563072848408396e-01
2.233542837208617737e-01
2.181072962246808078e-01
2.233794090784142761e-01
2.232967798095923939e-01
2.242189601617715911e-01
2.262302534039114799e-01
2.206881385665365736e-01
2.208696984943365749e-01
2.246613924875099366e-01
2.203756066303022843e-01
2.182891736502539926e-01
2.185078824588761182e-01
2.272548034158560215e-01
2.172650887877415060e-01
2.182604468288248112e-01
2.201263930219221343e-01
2.215257905489779189e-01
2.176962979863162617e-01
2.330663577202179704e-01
2.231042140185839073e-01
2.147756157607613181e-01
2.123483162355206677e-01
2.137533796270695285e-01
2.143091570721751271e-01
2.156575986598828487e-01
2.164821020036701016e-01
2.243726468176013011e-01
2.099769476831605253e-01
2.154851670196153701e-01
2.098073131797200952e-01
2.102762118102338429e-01
2.133096044434247551e-01
2.145916625208098838e-01
2.092831689067085055e-01
2.154802724144271042e-01
2.213041442963314120e-01
2.076918490834570308e-01
2.175328931091612128e-01
2.085853483079543602e-01
2.144219293366550483e-01
2.079352994076076877e-01
2.081997959205628967e-01
2.100467115122791328e-01
2.092056110781350675e-01
2.122183205150012519e-01
2.079319574149647021e-01
2.105386853441361394e-01
2.127598019878006175e-01
2.130909979548515076e-01
2.181708463317011681e-01
2.080475935039762803e-01
2.141757698727360937e-01
2.044265673816291207e-01
2.136192241244270207e-01
2.062521556478054130e-01
2.090576804285064760e-01
2.064923190528358266e-01
2.087499008713596116e-01
2.085579568915199022e-01
2.099034799146561880e-01
2.062748784745427610e-01
2.084077456873224266e-01
2.037468910772352870e-01
2.112855603959597206e-01
2.031208154357703188e-01
2.020558844696549727e-01
2.049406966605004932e-01
2.004349296389885404e-01
2.052668702138042700e-01
2.005751675586753269e-01
2.071705310887074492e-01
2.021231868476689730e-01
2.137983667374077912e-01
2.002298766292332222e-01
2.000550140122605569e-01
2.040261605852041471e-01
2.016365622013396586e-01
2.169323212981740800e-01
2.109217163875614087e-01
2.028512772111917828e-01
2.018088742365865829e-01
2.110643276842106841e-01
1.980065754062627914e-01
2.000485141151450430e-01
1.927898768404266716e-01
1.985994104381227643e-01
1.993999887191021669e-01
1.981123583386621423e-01
1.973559079662224880e-01
2.048050318828839034e-01
1.953297085731753591e-01
2.076010142365110334e-01
1.979831829674273125e-01
1.996957546799435212e-01
1.961014674651143652e-01
1.980750261656755440e-01
1.937775150358164999e-01
1.992954043016794685e-01
1.949654945722755217e-01
1.987731902641665382e-01
1.919091518506648442e-01
2.000110541442689238e-01
1.982448094312273534e-01
1.928937744189795078e-01
1.923457079518559876e-01
1.937082904805099426e-01
1.928878959615962507e-01
1.993453562096818288e-01
1.942532494473560023e-01
2.002035275009753923e-01
1.928327762762847286e-01
1.943407299261910859e-01
1.927323813047475964e-01
1.910087406851017910e-01
2.025766600850088250e-01
1.960361775611591806e-01
1.915033196551156891e-01
1.852787544967637035e-01
1.929584436956246485e-01
1.880121983803914321e-01
1.990670695807870150e-01
1.911934860602408914e-01
1.977133948358476001e-01
1.901744260761324690e-01
1.999517435092161566e-01
1.894952010084407501e-01
1.923107745282311987e-01
1.868900928615880030e-01
1.911560054213136961e-01
1.876365263612284062e-01
1.906380434400034574e-01
1.906043482037955983e-01
1.875450347683940977e-01
1.934808185575896677e-01
1.946710485280446212e-01
1.876614880716102884e-01
1.872377638800493960e-01
1.818236054209362018e-01
1.931598256678385972e-01
1.871640721292352760e-01
1.907142114211533290e-01
1.854400410280345746e-01
1.877023753070973522e-01
1.870664247781706757e-01
1.880386613173361809e-01
1.869780956333930988e-01
1.908823411667660286e-01
1.772477927003624221e-01
1.895855590421600401e-01
1.893984534013813670e-01
1.845933006955749744e-01
1.830265436941216350e-01
1.850512245349308083e-01
1.814550559147397324e-01
1.872072958656610109e-01
1.849692261945284633e-01
1.926096080977774683e-01
1.879012335129471856e-01
1.867825515116154078e-01
1.847529254457479508e-01
1.873205481340353140e-01
1.789051318681403047e-01
1.825918039902915124e-01
1.808074330793769391e-01
1.785518782159735973e-01
1.842229166000496632e-01
1.851182462644368476e-01
1.794802568972830026e-01
1.833552168570061758e-01
1.792215786110662457e-01
1.932749026016892524e-01
1.894529199524597474e-01
1.824590385853256391e-01
1.808282766968290767e-01
1.803945378941932687e-01
1.750076926611799644e-01
1.818032926543989569e-01
1.798780072900627303e-01
1.780741213615346374e-01
1.809472754974982556e-01
1.812923700076794209e-01
1.775292731406015179e-01
1.814905146393850643e-01
1.782467468872975525e-01
1.808507526226748319e-01
1.770892189066130273e-01
1.804342099386260501e-01
1.777958806387316681e-01
1.776436842686168471e-01
1.765983479160243563e-01
1.747219215735974496e-01
1.776646095989959651e-01
1.752210658853226299e-01
1.761306799180281102e-01
1.827029267824015479e-01
1.712801213943855039e-01
1.785561670180856042e-01
1.788053182031663635e-01
1.766077298842029242e-01
1.769786761648732554e-01
1.725331747176906683e-01
1.731298029333903366e-01
1.798978891073987618e-01
1.717032875308560635e-01
1.753310489259074234e-01
1.729688560482978421e-01
1.762235620954617221e-01
1.694091915886351829e-01
1.743873456697873081e-01
1.720505162419279366e-01
1.806088201774514734e-01
1.691484440970806580e-01
1.719626265119813258e-01
1.733764868567652939e-01
1.707623421239853612e-01
1.651536094753310036e-01
1.675080671960253731e-01
1.665696040796087185e-01
1.659883364392406857e-01
1.675286218000249516e-01
1.804564210798419166e-01
1.732746762904715798e-01
1.811253889164180786e-01
1.765107522414624264e-01
1.700685125528495212e-01
1.669852003379012073e-01
1.667082349913422412e-01
1.645051549945013292e-01
1.695689190773589650e-01
1.642452776094648903e-01
1.689496601701853951e-01
1.641657838239997669e-01
1.747542600784558753e-01
1.652729076623453142e-01
1.724378749013752987e-01
1.671171537028809662e-01
1.662547324403796378e-01
1.650221828838215610e-01
1.719128381321418930e-01
1.625645842997394119e-01
1.706593438376060312e-01
1.632768002443422128e-01
1.695263621535282039e-01
1.600328929439394088e-01
1.703322618959276225e-01
1.615854227948345101e-01
1.649943073552576633e-01
1.605476391539162884e-01
1.657902658872426049e-01
1.647183382999113932e-01
1.618310771519422542e-01
1.606771234035337670e-01
1.610990845822654338e-01
1.574205009661873989e-01
1.692654554223601282e-01
1.623955285198651066e-01
1.616604943743664424e-01
1.597954936168215767e-01
1.628062742587882694e-01
1.609837641206014469e-01
1.659466682446649466e-01
1.608852783212848248e-01
1.623993998554887075e-01
1.601614862563914277e-01
1.633258276766486050e-01
1.606130893499741197e-01
1.615260599684671949e-01
1.603860235931933720e-01
1.564932637420374251e-01
1.594267689072721705e-01
1.604354223566279991e-01
1.586724726320229983e-01
1.619915282511923404e-01
1.627326073598437395e-01
1.554921851481119721e-01
1.605963488203596967e-01
1.646728280226623375e-01
1.578288790925839458e-01
1.608154169547206247e-01
1.559945149299838130e-01
1.593983047640863127e-01
1.580047411946989555e-01
1.538556681515960978e-01
1.585735880657697383e-01
1.614719942310265111e-01
1.578086059853613665e-01
1.536808412606339713e-01
1.580463618409438664e-01
1.554826710368516218e-01
1.553003840213460773e-01
1.641867012202727627e-01
1.576991126158842627e-01
1.589831555258668094e-01
1.534055202333867995e-01
1.572360514346621829e-01
1.538543588751321023e-01
1.561843284032355117e-01
1.552846839742155483e-01
1.559020339948493927e-01
1.576380367980237118e-01
1.555627717465707938e-01
1.632863843936175896e-01
1.531293024164908922e-01
1.533569847955650878e-01
1.549423403019406786e-01
1.577701955056577121e-01
1.555534958332812079e-01
1.514224506473217657e-01
1.580501241701075255e-01
1.554655317624176192e-01
1.532851019406577531e-01
1.555421577916179521e-01
1.531009459656501592e-01
1.513457566102958396e-01
1.554928988020103653e-01
1.527748661285272258e-01
1.508518224012054265e-01
1.537919092917381103e-01
1.577411553338668171e-01
1.507453484431353630e-01
1.533618430379473374e-01
1.549241134196752412e-01
1.500137509896722621e-01
1.541679963296463118e-01
1.502997700686216909e-01
1.519942225631074895e-01
1.498257288750284577e-01
1.542158452099602617e-01
1.540292732475021242e-01
1.488677594491159550e-01
1.604161893208133072e-01
1.632782936479259261e-01
1.454247708172269060e-01
1.452169152870480817e-01
1.504909552723590338e-01
1.474634201633803487e-01
1.506613147891660842e-01
1.520880967571947850e-01
1.559517368557315764e-01
1.475963232836153272e-01
1.518906229894166071e-01
1.464929165778770248e-01
1.568152806306538916e-01
1.491133390685397686e-01
1.495612744225127688e-01
1.468656301957298183e-01
1.497614347115070743e-01
1.506544213815576017e-01
1.475427985650391849e-01
1.487552811684392240e-01
1.480717524796574536e-01
1.506158808198662380e-01
1.500664486705164669e-01
1.466562637522151047e-01
1.500673840113435908e-01
1.505753274750009640e-01
1.445434676624254844e-01
1.464476688130460225e-01
1.521542163715402241e-01
1.465742989558415366e-01
1.512360417277366642e-01
1.438022330207015254e-01
1.504900814690864064e-01
1.469472002586097725e-01
1.479218567883340552e-01
1.472309057894787554e-01
1.559361326782639778e-01
1.422731405243331804e-01
1.555080101882558297e-01
1.554404497887997560e-01
1.440479086579392332e-01
1.423287767089193023e-01
1.471661108410437513e-01
1.418907024685202856e-01
1.446461107933397494e-01
1.445903790745759754e-01
1.504241148155387453e-01
1.435844255248457657e-01
1.494441334911308372e-01
1.498911765840522103e-01
1.476820611417059836e-01
1.490539002046841754e-01
1.453832312284518424e-01
1.424595072371817872e-01
1.469872318452123683e-01
1.434209007621093102e-01
1.461024426803852749e-01
1.428695703673048822e-01
1.484374479585796602e-01
1.387684442397885409e-01
1.484106722090506869e-01
1.445801745669076099e-01
1.507232034582845215e-01
1.522493990080235615e-01
1.428819305306291698e-01
1.355058140034739178e-01
1.479928412135414761e-01
1.392026264276881031e-01
1.426084638326626519e-01
1.408044309978789821e-01
1.457640434939708740e-01
1.417376148103507705e-01
1.448469886048979749e-01
1.428120768644518257e-01
1.439244169625129022e-01
1.442740514134589758e-01
1.509489391958939719e-01
1.414419141665728963e-01
1.447289550665744606e-01
1.382328510703057789e-01
1.462635224532660427e-01
1.431438094913058123e-01
1.397991729460212051e-01
1.455134972127064830e-01
1.417778772805215748e-01
1.360837519483688585e-01
1.457085650368301899e-01
1.492434609667248890e-01
1.369590651432213979e-01
1.396841067020578586e-01
1.411113148162831399e-01
1.387000645524490150e-01
1.397983176288130625e-01
1.418783139303665397e-01
1.484243410458725709e-01
1.421493478547281863e-01
1.508293481030348049e-01
1.492789572540900167e-01
1.445678082361539218e-01
1.367257754104344858e-01
1.401699802488875213e-01
1.357754401630529850e-01
1.404119166952491338e-01
1.396545993391479501e-01
1.411519604297084007e-01
1.361931364925978161e-01
1.498025982033360792e-01
1.361968907846340116e-01
1.485585808510330452e-01
1.464621432956481895e-01
1.406436068017630492e-01
1.318080443177394312e-01
1.380124318710348186e-01
1.386918191332779660e-01
1.406102014886055074e-01
1.339745376401922650e-01
1.431444836064659498e-01
1.421681659569401790e-01
1.439941144713552668e-01
1.433005098246853681e-01
1.370558161801482266e-01
1.332839274826809473e-01
1.401786478638761546e-01
1.339992424844952124e-01
1.376813218599412247e-01
1.370754182055450854e-01
1.406611758950332969e-01
1.306282251373550307e-01
1.429828000091344087e-01
1.377429883262211163e-01
1.453030650470311380e-01
1.333474210137429727e-01
1.438038833747238565e-01
1.356431151447598793e-01
1.396172859200081884e-01
1.330815923680405133e-01
1.392086589713605049e-01
1.386540520666979526e-01
1.396825365677205888e-01
1.352745085745216402e-01
1.365376100330733256e-01
1.374809909693393006e-01
1.416429058834740573e-01
1.349372447823592447e-01
1.416499725507256169e-01
1.301835398492882379e-01
1.401091081745484412e-01
1.343467186964076021e-01
1.340097833757390167e-01
1.358946582916805146e-01
1.398692175750101130e-01
1.362239462211744523e-01
1.338241772873897673e-01
1.376013686239591360e-01
1.452798920855209452e-01
1.354667634519249042e-01
1.330132572856974338e-01
1.356780310952882262e-01
1.374105196896891479e-01
1.298692595233191804e-01
1.363299466366545143e-01
1.317427390883409710e-01
1.363406805794895871e-01
1.307867801482782699e-01
1.388885212774437494e-01
1.323041618681984055e-01
1.434146537637607521e-01
1.292542329152430447e-01
1.400334905595502499e-01
1.298563796495120493e-01
1.323974604513123987e-01
1.346274793325134000e-01
1.371666417187573095e-01
1.321433867339786572e-01
1.381482557128328181e-01
1.392421745256310905e-01
1.332543030001419881e-01
1.347647259704354006e-01
1.366650094163825713e-01
1.318334529074823847e-01
1.363274301752823159e-01
1.314495068708146641e-01
1.312656342996761927e-01
1.398479254398811433e-01
1.263808956716721832e-01
1.375126276120314794e-01
1.304687404842994058e-01
1.405590484241112381e-01
1.291505168427586336e-01
1.371613936218034902e-01
1.337575770498466710e-01
1.302281084454592341e-01
1.291286531312279273e-01
1.290559129726071286e-01
1.301049348866378519e-01
1.388938119458061060e-01
1.281065386652874838e-01
1.503013878800347758e-01
1.298518800250217931e-01
1.341454931919196791e-01
1.349950508648353198e-01
1.260518935866635493e-01
1.306334280901972345e-01
1.293123426260092967e-01
1.279579853303402515e-01
1.289558894736909100e-01
1.383692236204209225e-01
1.330917631677554225e-01
1.343041448846603036e-01
1.358728418850978226e-01
1.445361665862581468e-01
1.257961680981199426e-01
1.295065712384365908e-01
1.255574748722472767e-01
1.278344435089807385e-01
1.270185897314836110e-01
1.325434449792411984e-01
1.305838684473246691e-01
1.297220592618482382e-01
1.394489983911704201e-01
1.324416127947663502e-01
1.250946769275579629e-01
1.278018739108965907e-01
1.278449097036721271e-01
1.327068012440265898e-01
1.323020751205537249e-01
1.332360847970194828e-01
1.332771543021263605e-01
1.331552878321974887e-01
1.304940395412304832e-01
1.275704739758122541e-01
1.300890380737139973e-01
1.330303088593531302e-01
1.286384426907270784e-01
1.328264553497247313e-01
1.291765147195946262e-01
1.330418988469223573e-01
1.231790997993370551e-01
1.280857767169846784e-01
1.305789817520446039e-01
1.305361953154603460e-01
1.340082041655942524e-01
1.269232487841265022e-01
1.295004809761856335e-01
1.288800317452840349e-01
1.271353141417158883e-01
1.286186323571766876e-01
1.256647655564107346e-01
1.334832539126983020e-01
1.324767111309570478e-01
1.294842962667346054e-01
1.288867358549255215e-01
1.259242599508172966e-01
1.296398588346744929e-01
1.256937291712361959e-01
1.312199411059338516e-01
1.276516615583446201e-01
1.284671891073152217e-01
1.274691899951097551e-01
1.283800117254375039e-01
1.283849337700870286e-01
1.240642376467222668e-01
1.247562449226213704e-01
1.250987742709035733e-01
1.301012502757754041e-01
1.303256085024517008e-01
1.300895735910745366e-01
1.300891737132320591e-01
1.262147953365377606e-01
1.256976614212356735e-01
1.259201198483653472e-01
1.291783294989910236e-01
1.284893663432602195e-01
1.274215868177166200e-01
1.272987531192011912e-01
1.298476889091791653e-01
1.247335097113396601e-01
1.233334861905205498e-01
1.288891817350282520e-01
1.213661426677849070e-01
1.267722962098492279e-01
1.250543136709303671e-01
1.290898317500537296e-01
1.226905258862714537e-01
1.245867482371351559e-01
1.296764875409987250e-01
1.273371750365949184e-01
1.242712420905114357e-01
1.222281750649030219e-01
1.276132737081247248e-01
1.221006985761765029e-01
1.275529273989559342e-01
1.236800719416882299e-01
1.288560900292465006e-01
1.214050581399745560e-01
1.245859645020648693e-01
1.270229023714705974e-01
1.303080342762180377e-01
1.264263293015311096e-01
1.391152671364836169e-01
1.158550665456146156e-01
1.219296465779980965e-01
1.211038382837589661e-01
1.300974479794264616e-01
1.312014627650005261e-01
1.372233282736755877e-01
1.260034652385328136e-01
1.217772908699784745e-01
1.243442071825402312e-01
1.239601491689908824e-01
1.217674112415281229e-01
1.214527665400439438e-01
1.232117066006624406e-01
1.267863617744817983e-01
1.217140865889812656e-01
1.265947247163633771e-01
1.380017049372893601e-01
1.209975192576643321e-01
1.200941477392715590e-01
1.171742002193165155e-01
1.272924587947319719e-01
1.270542057246461520e-01
1.222088099149817725e-01
1.265791560734902399e-01
1.218541531051852839e-01
1.222461390525056979e-01
1.179328365461823486e-01
1.264577918880516738e-01
1.216631083512075689e-01
1.261399880362397141e-01
1.270807906760582084e-01
1.207142333569605069e-01
1.247309846909514519e-01
1.210685742880808630e-01
1.225774859359165386e-01
1.259072013978274895e-01
1.291213151507120405e-01
1.236769095424246623e-01
1.194387249206568385e-01
1.249370857656120215e-01
1.198443831081201782e-01
1.208116008525074725e-01
1.235634211181031311e-01
1.395347135706132835e-01
1.154842905873026543e-01
1.256446939453610134e-01
1.162096947989670892e-01
1.207134412332843548e-01
1.197379127117301906e-01
1.251634606369461666e-01
1.230493029683408790e-01
1.349870782608876552e-01
1.220641420401955696e-01
1.192795017174078237e-01
1.194367676050856336e-01
1.284212193360575183e-01
1.168145104933995676e-01
1.292685637305644175e-01
1.160021595812065348e-01
1.225274899556135222e-01
1.366630418174981931e-01
1.165241359397567456e-01
1.184042899722602266e-01
1.201814298218756988e-01
1.164525156377168441e-01
1.234958006683793408e-01
1.242926045029649068e-01
1.231555376378246636e-01
1.256239979073900115e-01
1.206948895041141112e-01
1.225132945879285340e-01
1.206094522603557845e-01
1.346307954129528639e-01
1.224805331825894461e-01
1.227476068383027002e-01
1.172253899594312143e-01
1.190796738899368434e-01
1.198730627765266510e-01
1.201101658827226082e-01
1.192350348131078347e-01
1.275684601459714795e-01
1.186006396895835646e-01
1.244992656675611570e-01
1.207989663397132790e-01
1.249527637173551003e-01
1.142387382872229046e-01
1.261307546138747404e-01
1.178274969088114049e-01
1.151964057266471192e-01
1.189125411106752850e-01
1.168757732306714564e-01
1.191658717051520683e-01
1.339211147094636900e-01
1.195314364501814247e-01
1.253790167043494774e-01
1.381966205744063758e-01
1.145300030593087021e-01
1.175326395911434479e-01
1.160572955264456696e-01
1.145931377123085571e-01
1.148161047282051234e-01
1.243946057640076402e-01
1.188811634849671200e-01
1.214182613558896645e-01
1.200818687036259019e-01
1.396157220205144212e-01
1.238870071998529054e-01
1.199193477499794630e-01
1.171781421095324932e-01
1.183993756467358466e-01
1.149587004211132246e-01
1.214622492744652504e-01
1.150778828642075174e-01
1.175485688589289479e-01
1.189056896629951399e-01
1.274759861701455221e-01
1.147872968715415859e-01
1.193508845138989694e-01
1.206378549335178491e-01
1.183972785397458399e-01
1.195909315137288070e-01
1.228832074985430761e-01
1.170215116182421605e-01
1.236595941402685445e-01
1.186994437426799470e-01
1.150796017287176037e-01
1.185082041866982600e-01
1.224628121263560132e-01
1.162159216427812169e-01
1.312449817278031894e-01
1.216414588295830074e-01
1.221255513777351753e-01
1.207978345339024151e-01
1.236720228182333625e-01
1.156082104293568585e-01
1.172618591439639063e-01
1.150613008993407599e-01
1.196266055484733054e-01
1.202098122766515481e-01
1.164857551941150676e-01
1.300676451917124610e-01
1.205826693156997614e-01
1.182319044484233389e-01
1.186896024501446351e-01
1.143767354221733035e-01
1.181402939008630720e-01
1.177679738674269894e-01
1.241278768379829173e-01
1.182500066794143628e-01
1.155576719722551243e-01
1.356777385181262563e-01
1.155789395723704621e-01
1.160732277196325213e-01
1.147514187893555193e-01
1.180025057350863604e-01
1.189234719426442849e-01
1.249892018280378408e-01
1.152183639474421567e-01
1.138555772603538491e-01
1.194154737157355761e-01
1.239637629705859917e-01
1.159969425969851614e-01
1.235771787869750921e-01
1.161571305758293260e-01
1.278810541361503350e-01
1.374034977038407768e-01
1.075670971716200519e-01
1.134112995168928689e-01
1.107153676072677312e-01
1.170122143949317017e-01
1.102956412744130893e-01
1.142082960194489988e-01
1.147201878422741683e-01
1.182908349130808584e-01
1.204236787281483118e-01
1.244502257379321436e-01
1.186574326164280685e-01
1.139587370002865946e-01
1.146246272874625327e-01
1.166603523519594982e-01
1.174435207873908565e-01
1.145398884473988049e-01
1.175956586687024186e-01
1.208775939747623734e-01
1.196688036901174118e-01
1.107786857438511907e-01
1.185965768956186300e-01
1.228469362686375327e-01
1.161237353802017508e-01
1.087818455834743542e-01
1.186101934207957204e-01
1.300858285440622819e-01
1.236418559899728348e-01
1.241742859532373039e-01
1.125065231315735964e-01
1.128610223482720137e-01
1.150972045514004477e-01
1.136600052569719521e-01
1.116771714276837829e-01
1.180420622957252114e-01
1.151816485777837351e-01
1.191010829634677193e-01
1.172574363714783963e-01
1.185745775162487942e-01
1.214050418718300023e-01
1.129588894279039274e-01
1.166243892163943835e-01
1.179218471760016124e-01
1.175597038493503971e-01
1.174617135639406812e-01
1.134810438813540906e-01
1.147263279906713396e-01
1.117154954135387429e-01
1.159036965265772268e-01
1.148263787986964629e-01
1.159988051519369595e-01
1.442533025655970136e-01
1.154345541500089722e-01
1.137427858059681246e-01
1.099228692898853027e-01
1.140084303101922686e-01
1.126457508937579871e-01
1.135715910184965788e-01
1.152988754030424140e-01
1.193131132870721700e-01
1.314756425587554345e-01
1.184897025218417527e-01
1.112172560020089213e-01
1.096498094024267456e-01
1.115646642906187869e-01
1.215016895047853068e-01
1.142753851599624393e-01
1.117930475609749535e-01
1.261650902977486111e-01
1.124431723875164851e-01
1.122058302575589944e-01
1.154531683233504663e-01
1.137638793178327307e-01
1.173716640453755233e-01
1.110796273108271559e-01
1.131696515032826339e-01
1.220777409211484116e-01
1.164429174710037845e-01
1.125074996599733507e-01
1.135459638601805654e-01
1.161239208742643608e-01
1.145540785211476287e-01
1.079011927610764587e-01
1.193606398611185976e-01
1.152122264966441989e-01
1.166695255881859405e-01
1.082025185798090178e-01
1.129891763468578864e-01
1.239524856712593687e-01
1.193528713751581122e-01
1.142958602151968733e-01
1.153693978861071168e-01
1.340854156833533317e-01
1.140438612141647101e-01
1.114967569926055141e-01
1.102352770199567789e-01
1.085342976385296615e-01
1.131267788781710748e-01
1.187677652132041600e-01
1.101172106328349859e-01
1.190391651074154122e-01
1.123562132016631826e-01
1.123646771869612482e-01
1.140944044129677398e-01
1.161759152344151724e-01
1.122318199317495907e-01
1.115775064461393823e-01
1.105715125945660043e-01
1.224617456906698515e-01
1.193057568765871213e-01
1.250767710471807626e-01
1.450614804640973643e-01
1.026719045266649144e-01
1.029610754671954204e-01
1.017901955779796919e-01
1.078709980663057483e-01
1.135583319929206053e-01
1.089159132679254488e-01
1.108049046320884606e-01
1.099181772203239177e-01
1.101907992955938748e-01
1.141278540691138127e-01
1.080620436978935311e-01
1.107566006123943403e-01
1.141001416889052544e-01
1.144238167548339430e-01
1.352663748040558722e-01
1.152526218379055917e-01
1.203227120264816347e-01
1.116270931604651379e-01
1.119345463282997999e-01
1.080813543742340926e-01
1.101506544976438712e-01
1.119572150604867672e-01
1.124676424952169712e-01
1.088137594550279280e-01
1.123800760548518407e-01
1.062599577363659148e-01
1.137414405912346022e-01
1.145324314840025365e-01
1.148086281184494822e-01
1.098292665190082618e-01
1.147995246114311141e-01
1.145135721999561706e-01
1.096806585759147329e-01
1.119959799964660024e-01
1.210670482387852104e-01
1.107805987026564271e-01
1.093237092613913858e-01
1.095411237866185244e-01
1.145989566675202354e-01
1.116931236678398581e-01
1.086266627385537725e-01
1.094917365453679237e-01
1.119895269136478716e-01
1.078803986257580450e-01
1.129238889306095756e-01
1.145090795055894867e-01
1.167060359814942466e-01
1.137358380601095620e-01
1.114835790303335267e-01
1.132690220799200120e-01
1.156971890875963527e-01
1.091164856742668082e-01
1.069528146579338673e-01
1.078082538398042328e-01
1.125574129549128805e-01
1.096455718025039494e-01
1.142354519760223480e-01
1.080560556110024550e-01
1.079955446120405421e-01
1.113708208884349737e-01
1.129905725868768362e-01
1.061436510915806375e-01
1.180769015619267531e-01
1.467063848701319340e-01
1.094828509504532366e-01
1.057304187098808274e-01
1.060807873820127506e-01
1.083522073741410852e-01
1.088557098613514712e-01
1.049521430224811119e-01
1.076046147871478897e-01
1.119798283866077493e-01
1.056923297068527862e-01
1.091613857073026606e-01
1.130358961302833781e-01
1.082590178315550045e-01
1.104114959467551449e-01
1.091105818041358533e-01
1.134388063792554219e-01
1.168119261110042301e-01
1.106041306735611324e-01
1.271449032434880111e-01
1.141826608559291661e-01
1.121564371706073454e-01
1.100178795478735233e-01
1.086934342636279999e-01
1.068682076406285431e-01
1.078700506763726891e-01
1.084344603509242305e-01
1.121038848715302655e-01
1.054263282570574584e-01
1.094630680291485553e-01
1.069674255210363856e-01
1.067174231327007311e-01
1.105100549034929713e-01
1.122857215081494164e-01
1.116277730115154271e-01
1.431076941219987242e-01
1.514212941912104204e-01
9.991004388785346135e-02
9.994628524602199027e-02
1.067638023590606194e-01
1.040644458433900993e-01
1.082965823306091813e-01
1.070477583553069989e-01
1.075933092857181278e-01
1.099030190689171821e-01
1.066119742217025296e-01
1.078184729963000965e-01
1.126829465623574028e-01
1.108619487183504088e-01
1.096250402109875816e-01
1.184907055319222718e-01
1.168214751938594920e-01
1.039723231813765442e-01
1.034660032924147183e-01
1.065132659457221770e-01
1.089112138167505212e-01
1.071030424704296075e-01
1.089536860885064878e-01
1.085989277691301186e-01
1.086811549496442125e-01
1.118519230631979527e-01
1.087186677963801890e-01
1.105218885486750208e-01
1.120294415715133440e-01
1.057321979623729868e-01
1.072069133603589935e-01
1.045354887885474177e-01
1.402602250919954552e-01
1.168135816724976545e-01
1.028390648346961950e-01
1.057473541779355292e-01
1.115431921608000948e-01
1.073742046307540193e-01
1.062961875614619189e-01
1.073578690259772289e-01
1.085361964242319011e-01
1.082934475042635208e-01
1.215417376973531027e-01
1.122603007009826265e-01
1.073674052858616945e-01
1.020396495563592881e-01
1.078393412151287256e-01
1.077383867332106920e-01
1.081838100661820512e-01
1.075667007277396198e-01
1.080004701135689332e-01
1.094277491594797952e-01
1.127247584205082753e-01
1.046663251976372305e-01
1.038733791713613158e-01
1.115919075637717001e-01
1.061617901482260345e-01
1.082574878248979827e-01
1.078208208299586829e-01
1.157655918869333750e-01
1.061436305997635193e-01
1.013861883056152852e-01
1.089244198649328838e-01
1.044814051167965441e-01
1.117836231368641436e-01
1.099475908268423702e-01
1.181248597348386192e-01
1.518606202964059571e-01
9.910373661103229204e-02
1.015231317748515744e-01
9.994266503828053150e-02
1.053510182603619311e-01
1.052701520709337785e-01
1.053470013940286804e-01
1.038024740097934218e-01
1.033363192952089088e-01
1.078541537685201307e-01
1.055446784873109584e-01
1.105026587800868182e-01
1.082686762423363119e-01
1.083904705433804821e-01
1.021942815786299891e-01
1.091242045655213683e-01
1.054540267451168772e-01
1.121956887032293654e-01
1.024500346469906092e-01
1.061750178102699033e-01
1.050658295624601890e-01
1.082002028002104765e-01
1.164162808922918901e-01
1.117474502687355042e-01
1.036602814011497592e-01
1.113477256616194483e-01
1.038258980550069016e-01
1.066708674005104190e-01
1.073298606474838990e-01
1.064039322374790292e-01
1.117483346041016207e-01
1.116261239945091771e-01
1.025264198417801254e-01
1.073013029437145938e-01
1.026021252823532542e-01
1.071869502161131998e-01
1.078649056158293845e-01
1.037891458261677724e-01
1.058255085717451222e-01
1.104631722802743160e-01
1.092788505947309002e-01
1.094350272968264565e-01
1.037696374291813273e-01
1.034819891534732722e-01
1.048174407890968968e-01
1.015482416768325735e-01
1.126867186512299640e-01
1.024570559084454352e-01
1.044404256815021914e-01
1.051820077053701591e-01
1.059072238173081187e-01
1.122941787990454771e-01
1.044311906972066190e-01
1.053133464289708471e-01
1.035487093703911649e-01
1.095911737041614514e-01
1.013631138295130046e-01
1.086158913578139512e-01
1.146804260213504789e-01
1.091978437828692999e-01
1.144491946018114104e-01
1.062398248965532449e-01
1.035352689053256059e-01
1.122657297750737082e-01
1.032314614050853091e-01
1.046925002605228333e-01
1.064197249201167400e-01
1.051161405961457129e-01
1.032168391111025624e-01
1.078187566269408620e-01
1.094535836748968261e-01
1.047236363106854445e-01
1.067455091214780244e-01
1.057816661672904140e-01
1.041214002451128495e-01
1.104114456746356776e-01
1.094536964841651000e-01
1.124352074025228437e-01
9.925852174811389261e-02
1.086403305682689530e-01
1.024271379243926611e-01
1.041357162921032059e-01
1.028585184048366047e-01
1.082365804191538633e-01
9.719496312326629528e-02
1.008931789795463052e-01
1.088236162163856435e-01
1.138998887740025889e-01
1.145129705618643939e-01
1.084553784264359194e-01
9.582473583680850560e-02
1.021565958548282665e-01
1.018277313367778741e-01
1.047900474924550879e-01
9.890346286000327447e-02
1.064731390590071131e-01
1.022185037956541559e-01
1.053076474523063494e-01
9.946466522296663892e-02
1.022339684474791177e-01
1.001391531263247092e-01
1.055874453481407405e-01
1.100750814650762605e-01
1.026846044752769554e-01
1.021116303977239598e-01
1.031263113665561587e-01
1.061985888622394708e-01
1.043451143932366681e-01
1.026576373060723579e-01
1.018705068315368806e-01
1.022200140600856288e-01
1.042758556204185783e-01
1.041249470468378208e-01
1.009537711633246015e-01
1.091969776729402181e-01
1.072381271686675963e-01
1.042214827265657839e-01
9.855517535116697925e-02
9.836059060265835152e-02
9.614790123951377776e-02
9.803880543054004082e-02
1.022709144471216636e-01
1.024723800453670036e-01
1.263200409823138359e-01
1.112280108550656038e-01
9.159394637888272628e-02
9.577197697895857564e-02
1.014116844745827223e-01
9.924085912780467034e-02
1.074097321167064578e-01
1.016647589716535988e-01
9.758342158561944535e-02
1.011565302314843678e-01
1.045234678572597581e-01
1.019379809782488405e-01
9.608544589308502804e-02
1.038968908195628954e-01
1.008635069056822292e-01
1.026084955071679822e-01
9.735210777995177700e-02
9.854775626834662294e-02
9.938911807783305796e-02
1.008020035941590842e-01
9.876450584476291483e-02
9.807928949441120647e-02
1.061151880071934811e-01
1.047139718952929122e-01
1.129650411444763636e-01
9.817496952164161961e-02
9.833851677385020695e-02
1.003098277201145277e-01
1.028624611471814637e-01
1.003670649449804747e-01
9.684422491352111251e-02
1.034594084861266833e-01
9.400991957610814465e-02
9.612559171909799971e-02
1.059913137403183520e-01
9.924094663746556300e-02
9.723980935187727381e-02
9.656073136801680834e-02
1.067778109785917778e-01
1.643356724819273473e-01
9.521808809564456799e-02
9.504573414715467017e-02
9.415817598244913267e-02
9.723371155379963160e-02
9.862451441781651396e-02
9.369473442671306940e-02
9.383402851191911809e-02
9.716686020967578441e-02
9.188618904164186363e-02
9.522762214134961045e-02
9.535879695464849481e-02
1.064995464380648071e-01
9.420845705833535977e-02
9.766064367725096895e-02
1.163197154247577331e-01
1.053547753618058330e-01
9.879420843170338973e-02
9.366271810066184589e-02
1.072803258121769882e-01
1.014565326007378504e-01
1.050351621309344868e-01
9.687506622328632966e-02
9.766868368256520494e-02
9.547876619243796104e-02
9.801373819415948319e-02
1.014697116070572974e-01
9.966547570209903506e-02
9.120844701075225824e-02
1.095854614725370046e-01
9.771055855609415974e-02
1.047253198765526472e-01
9.850421340362398859e-02
9.361715225959084397e-02
1.017411164699179443e-01
9.080409701239595954e-02
9.679197862939541153e-02
9.451366074955303009e-02
9.666195519521723900e-02
9.683747798882332003e-02
1.079699110557764130e-01
1.028361563808281726e-01
1.020891219492265356e-01
9.548711709744965581e-02
9.304539310318621359e-02
1.140957418136397533e-01
1.487734828916715546e-01
9.008510498583310877e-02
9.675627541048294200e-02
8.664048161158911798e-02
9.598709547477123072e-02
9.476384646973821935e-02
9.664573951952054598e-02
9.664248973500445816e-02
9.980826026079807345e-02
9.829654717722498269e-02
9.500891251015604333e-02
1.038567728316717592e-01
9.703962487948424032e-02
1.024474208405561776e-01
1.018332409470696920e-01
9.721772725612420896e-02
9.581849176663548295e-02
9.958497325979044634e-02
9.420792365623653630e-02
9.442959626233071724e-02
9.507090855012796660e-02
1.074081210967608585e-01
9.375258081091615570e-02
9.929975797161554041e-02
1.436204586090316648e-01
8.995467718585405115e-02
8.668991599138541060e-02
9.183251865362691835e-02
9.865694514931803993e-02
9.192267706595354249e-02
9.555123979082764951e-02
9.257975454316226538e-02
9.318541041469691200e-02
9.422311658240155319e-02
1.081180377269368026e-01
1.017706792723336723e-01
9.953947382818763290e-02
1.004964094071594122e-01
9.473837177756068428e-02
1.014455270023310735e-01
9.349722846852058511e-02
9.499288891811197288e-02
9.801152570670799979e-02
9.804112154638398857e-02
9.304410343787698767e-02
9.652869383420305260e-02
9.601501804299726606e-02
9.795456486687455222e-02
9.837285065247053373e-02
9.424337599977250512e-02
1.065170156190181072e-01
1.403332942296105501e-01
9.143443651308859332e-02
8.768913212251938649e-02
9.291321341691506641e-02
9.385270884527317781e-02
9.105905574514927547e-02
9.214452493743530148e-02
9.269806134906000139e-02
9.335153816284996742e-02
8.848434377569346088e-02
9.892995459834984240e-02
1.000183302527436618e-01
9.942405774305405897e-02
9.803260916037347117e-02
9.638077762653890490e-02
9.293791610212392973e-02
9.321132936147204229e-02
9.460656642893598700e-02
9.423916064384335600e-02
9.172240743015587505e-02
1.038867003034491532e-01
9.296949749285508824e-02
9.823367459826803927e-02
1.009749892630626283e-01
1.037881661534612032e-01
9.586100745106788945e-02
9.732859455606929222e-02
8.850093698674597886e-02
1.030280577655613983e-01
9.120338255711087083e-02
8.991624626982365476e-02
9.155206378485687690e-02
9.595942287176074947e-02
9.598212994345507731e-02
9.518518645560571090e-02
9.452699675916419186e-02
9.703559558108054706e-02
9.662793286947546356e-02
9.379447283662374624e-02
9.185712952313734858e-02
9.119460758736046280e-02
9.265042514754168179e-02
9.783927392339825113e-02
9.924033196321239980e-02
9.489657124498405982e-02
1.035387842699691530e-01
8.673679436678989607e-02
9.244875679673426883e-02
9.626030429407810007e-02
9.650719897928317081e-02
1.144896594266765349e-01
1.058621859607744436e-01
1.152929688521484447e-01
9.157484881756765283e-02
8.928048431924957840e-02
8.597942059851870766e-02
9.630504208614744377e-02
8.859819269648465390e-02
9.686533682090621433e-02
8.988840936287013916e-02
9.509698158042018123e-02
9.338652758350431127e-02
9.634028959612565834e-02
9.180443377857060161e-02
1.081345897004230699e-01
1.533057743513606130e-01
8.831226596854672983e-02
8.320545932092478225e-02
9.390385906629498958e-02
9.183208204815972164e-02
9.351187476560091083e-02
8.923043712468968491e-02
9.229087714562576872e-02
8.990658209681419433e-02
9.255879738372042864e-02
8.916887218421622185e-02
9.182759023379803709e-02
9.358918978480947060e-02
8.797497902762148325e-02
9.896463935951443913e-02
9.220458976543027818e-02
1.037762261674122222e-01
9.414268258790382815e-02
9.946436082682508228e-02
9.503574497864265835e-02
9.918427078969192789e-02
9.238330477129651219e-02
9.487010283451186021e-02
8.819417772192307547e-02
8.940209423396477950e-02
8.997454428951984218e-02
9.783376859633635680e-02
9.483316361490190527e-02
8.857577913823683202e-02
9.351310802520552967e-02
9.546426106048420956e-02
9.663279593971346726e-02
1.099335616894451945e-01
9.800591315811242599e-02
1.118971811376802267e-01
9.198940548235644277e-02
8.738261493433184535e-02
8.240342483569157439e-02
9.663301645899430303e-02
9.556286409134488735e-02
1.026105166669545876e-01
9.617497520309552239e-02
9.395219192430709354e-02
9.089928011181153122e-02
8.863432589973924136e-02
9.690049678544493394e-02
9.182103635895033644e-02
8.757726160778173119e-02
8.859082299989473608e-02
9.118160792683453753e-02
9.537817799999759316e-02
8.713651060023491768e-02
9.257637486980896391e-02
8.848892058666878169e-02
9.093783725714933708e-02
9.242854769274737314e-02
1.140301243263572850e-01
1.084567288603831420e-01
1.390085199486034429e-01
8.882349905233494214e-02
8.229187498336687501e-02
8.637381169076195631e-02
9.133673274169983036e-02
8.903029478860037538e-02
9.016459672085040677e-02
9.288821940476145456e-02
8.733098223701980800e-02
9.263413181484496384e-02
9.223371914427029583e-02
9.404568376196041635e-02
9.188253387609313094e-02
8.820986744400233226e-02
8.680230186489308608e-02
8.908384834212362824e-02
8.874707366644103701e-02
9.191807360319374787e-02
9.267875402485736824e-02
1.165996191930751408e-01
9.857703866997451214e-02
9.145325229508305398e-02
8.948253175302450790e-02
1.015939005303702763e-01
1.012537293475229278e-01
9.970357926835216045e-02
8.405173839490644172e-02
8.662819838218709101e-02
8.723862764932706348e-02
9.036091808306745410e-02
8.798834574081894344e-02
9.141154659939336458e-02
9.178259731008552025e-02
9.262743284714224090e-02
8.930390715713291960e-02
1.129607872874755087e-01
9.303480878154618550e-02
9.322697144972842687e-02
9.846266794626705454e-02
9.585759347293106025e-02
9.233486677185048785e-02
9.460890866503103569e-02
8.741964892473336191e-02
9.149240478575594582e-02
8.789913454790269920e-02
9.232667794097652869e-02
9.417488375980281878e-02
9.104592670595017256e-02
9.042167550616748983e-02
8.894347699185821410e-02
9.161814573656736072e-02
8.936062884653138416e-02
9.542100210691517592e-02
9.459842066960112705e-02
9.021576761992704252e-02
9.411143581697484217e-02
9.125311066315144881e-02
8.771468332659103362e-02
9.912285205410194255e-02
9.908069162213205272e-02
9.048206355208354701e-02
9.739498492597320478e-02
9.265597226049948620e-02
1.132034262046213019e-01
8.978351576621129704e-02
8.966708068377902963e-02
9.339939730302854182e-02
8.653246287961867400e-02
9.587569056922823352e-02
9.554823136966140995e-02
8.443073861719103956e-02
9.311952939872018831e-02
8.724301849851141821e-02
9.482446140522839129e-02
8.682120387614207513e-02
9.344870703849805782e-02
9.392790758343728952e-02
1.012465341721595635e-01
1.016719043253366817e-01
1.303463227490358478e-01
9.130245964540861792e-02
8.580060663334866666e-02
8.919601193396077543e-02
9.026243900106069307e-02
8.427270002219437728e-02
9.225643904434942255e-02
8.264889092731085574e-02
8.956355486872920324e-02
8.866524895929839278e-02
8.672394309208282526e-02
8.907202805810454649e-02
8.574938881607006846e-02
9.341855538711028861e-02
9.336144653529750148e-02
1.058924905403848538e-01
8.390034640582648418e-02
9.565243549504465204e-02
9.066659518803810158e-02
8.897273372044391115e-02
1.104893819525995941e-01
9.395648261254219147e-02
8.595151931748795660e-02
8.786703054257881396e-02
8.931354762230614419e-02
9.281861536760872833e-02
9.780141236434526653e-02
8.679222870140314294e-02
9.002708893545056934e-02
8.679442199649727019e-02
9.428695489992672263e-02
8.670916345809272230e-02
9.414886566625431386e-02
9.032233934246354512e-02
8.667246660720014095e-02
9.221387861048814527e-02
8.791785959686260199e-02
1.000402833383989970e-01
8.790525138020087448e-02
9.726261614037427783e-02
8.619202389134705822e-02
9.731656859149558081e-02
8.282741947667622562e-02
9.558674113257355220e-02
8.408007347089306582e-02
9.569962683316189656e-02
9.136697059253424957e-02
9.662251445108797909e-02
1.312768763926472071e-01
9.258426894532696683e-02
8.802143403947566835e-02
8.295165352433102324e-02
9.091272568418308497e-02
8.792486463381672668e-02
8.662409516965897949e-02
8.611649735334864220e-02
8.410266811094774253e-02
9.135221305824249571e-02
9.323404784938198187e-02
