1.588462938446432418e+03
4.552908891977060648e+02
3.117850765536274480e+02
2.699666826050325312e+02
2.380578859243402121e+02
2.108034471592383170e+02
1.866514456470644348e+02
1.633018679667735285e+02
1.384956957085197189e+02
1.095000751016105340e+02
7.819515789445236464e+01
5.458607500545729607e+01
4.165313909386104996e+01
3.507974828504725195e+01
3.125927754285405413e+01
2.864076456285817684e+01
2.659688920861777106e+01
2.486452074421630698e+01
2.333809166541111679e+01
2.195153486867228665e+01
2.065512430264498178e+01
1.941220317209023705e+01
1.824435450339323594e+01
1.714547153997261120e+01
1.613131058920371785e+01
1.518928862557745596e+01
1.431123544450719542e+01
1.348825472138533144e+01
1.272813243108591585e+01
1.204350539778414309e+01
1.142955618204310220e+01
1.088898550424236511e+01
1.040945415745913216e+01
9.979060320113999794e+00
9.592129612409273420e+00
9.244424926554094313e+00
8.926873891363579006e+00
8.631650814015822348e+00
8.365023414236350874e+00
8.117740879825104727e+00
7.881368011806896057e+00
7.663873069715300801e+00
7.466846557405918183e+00
7.283896891988831612e+00
7.114153698418324012e+00
6.960343865543594966e+00
6.817017253503578900e+00
6.684176963366494029e+00
6.558897320462445002e+00
6.440850668658441691e+00
6.327007219962994533e+00
6.219690107987286609e+00
6.119124158448591366e+00
6.023052698961244289e+00
5.931763377906714929e+00
5.847092541311405434e+00
5.766617692878060808e+00
5.687391516323264007e+00
5.613759856637432932e+00
5.544093576920441357e+00
5.477117562345334534e+00
5.414803949903681968e+00
5.352810765772698431e+00
5.290414642853387583e+00
5.230562970217184748e+00
5.170831868967613154e+00
5.115087870826990901e+00
5.059454665917601623e+00
5.007023671988501512e+00
4.954136489584510805e+00
4.906074383044543019e+00
4.858102346033256858e+00
4.811194843041346481e+00
4.768151036662476194e+00
4.726207448050444349e+00
4.685631966180896946e+00
4.646526465131727512e+00
4.612304224319848878e+00
4.578290356933896632e+00
4.546453473025668934e+00
4.514677474975926863e+00
4.483560710738012212e+00
4.453603003232195157e+00
4.426139092248933871e+00
4.398621384829536574e+00
4.372949337530910086e+00
4.349474073228758009e+00
4.325911399212828634e+00
4.302833583788621574e+00
4.278888259945862416e+00
4.256524845782860389e+00
4.234927829169349955e+00
4.214550512477841515e+00
4.193607835516463211e+00
4.173474694533847895e+00
4.154812764583042828e+00
4.134667591132040521e+00
4.116286004736040560e+00
4.097601101563721038e+00
4.078950456048331397e+00
4.061510133107627318e+00
4.044355231378736981e+00
4.027719316155777385e+00
4.011414548537720393e+00
3.995513131472899548e+00
3.979076999358710509e+00
3.963772043277726365e+00
3.948847668502068586e+00
3.932959524718301569e+00
3.917762526769950515e+00
3.903880996097012002e+00
3.888411636416095885e+00
3.875707896985808976e+00
3.862365635273230069e+00
3.849615323287377766e+00
3.837111105895744334e+00
3.824117120491207444e+00
3.810479480004223429e+00
3.798988435559204291e+00
3.786021226829175301e+00
3.773306842530963934e+00
3.761143770252797669e+00
3.748551097420621314e+00
3.737751836787233106e+00
3.727651158573930701e+00
3.716922173571100441e+00
3.706249774761209093e+00
3.696224844877067373e+00
3.686343878045406530e+00
3.676424193126972995e+00
3.666337252236364197e+00
3.656382500764960852e+00
3.646329202787975898e+00
3.635498980790676793e+00
3.626199533826822918e+00
3.616690258613395326e+00
3.607279068504583019e+00
3.598153517413063884e+00
3.589189662692471305e+00
3.581150376634019583e+00
3.572635539576296981e+00
3.563590136158734989e+00
3.555122650381448590e+00
3.547929156707374521e+00
3.539286582441455664e+00
3.531175435819003283e+00
3.524809050295965918e+00
3.516956345896454561e+00
3.509245938561475597e+00
3.502729424442664552e+00
3.495239733140320215e+00
3.488541284280264776e+00
3.481410600977687508e+00
3.475369448920361037e+00
3.468593068972313898e+00
3.461863549716866384e+00
3.455638627717493971e+00
3.449027109452278861e+00
3.442688056803232310e+00
3.436166182742142805e+00
3.429202499059914810e+00
3.423657464770228032e+00
3.418220154532245925e+00
3.413132432409618389e+00
3.406439740342927625e+00
3.401089715537857217e+00
3.394616896196030797e+00
3.387951009734881946e+00
3.381499782745496230e+00
3.375086990060950143e+00
3.370021219898419407e+00
3.363548380447078046e+00
3.358276116088591667e+00
3.352136230461640221e+00
3.346842728166658176e+00
3.340143812792479849e+00
3.334385384537843056e+00
3.327021156557883774e+00
3.321164415443789153e+00
3.314240853385418628e+00
3.308624969838853236e+00
3.303703887763340230e+00
3.297329802476320904e+00
3.292091968573535699e+00
3.285507568902671149e+00
3.279331574644228198e+00
3.274687584244109662e+00
3.268092744596560184e+00
3.262397837236360232e+00
3.256543446212051052e+00
3.249666692950437863e+00
3.244232586157110632e+00
3.237406681316399304e+00
3.232917150917339111e+00
3.226299404444189278e+00
3.220722457490377888e+00
3.214918219792893606e+00
3.208214338578672553e+00
3.202741297242603480e+00
3.197417493442625602e+00
3.190828394652937661e+00
3.185132554129550542e+00
3.178982688818628777e+00
3.172597155757074905e+00
3.166810752635048853e+00
3.162139666551108785e+00
3.156676013518807888e+00
3.151893679075459698e+00
3.146528590443161022e+00
3.141649047754151436e+00
3.135401234654845215e+00
3.130833602937135307e+00
3.124680759809192576e+00
3.120461408783509416e+00
3.115352553026075721e+00
3.111006096859041392e+00
3.106564464132774983e+00
3.100719401928337060e+00
3.096471505427782489e+00
3.091134771153136729e+00
3.087030155838460299e+00
3.082132571249660113e+00
3.077525124479958407e+00
3.071735584192792690e+00
3.067100229982655524e+00
3.062998598890148472e+00
3.058061535960030053e+00
3.053229523948100876e+00
3.050215526430617441e+00
3.045925373750992815e+00
3.040317071684701222e+00
3.035761976345867197e+00
3.031438167743730094e+00
3.026500643590732675e+00
3.021804436478621625e+00
3.016913102170661443e+00
3.012352633437506810e+00
3.008826234542544054e+00
3.003951947998451555e+00
3.000393120589416984e+00
2.995795783793477440e+00
2.991517839103177590e+00
2.987659265868430225e+00
2.983327238999937681e+00
2.980209144316200653e+00
2.976196443785505519e+00
2.971633704606924553e+00
2.968152385567604856e+00
2.964012042408533887e+00
2.959516697411689989e+00
2.955034301905168803e+00
2.952110264112770111e+00
2.947709602741223733e+00
2.943534412919907250e+00
2.940230482785214594e+00
2.936620958727537811e+00
2.932942233854707315e+00
2.930048688392329570e+00
2.926821442578148247e+00
2.923169828643719104e+00
2.918850229131317864e+00
2.916451175585262678e+00
2.912795541898599794e+00
2.910191227967834582e+00
2.906583511919933471e+00
2.903357868115392204e+00
2.900153926250867098e+00
2.896629510964551901e+00
2.894000907490466457e+00
2.890768610760373392e+00
2.887465798617138812e+00
2.883617881503874880e+00
2.880955719498215384e+00
2.878290069850141908e+00
2.874840829677169918e+00
2.871648299597739040e+00
2.869196926369618428e+00
2.865639724214906980e+00
2.862798718144649257e+00
2.860042024112521286e+00
2.857270463756414358e+00
2.855060710423549253e+00
2.852489421879564446e+00
2.849900066359115858e+00
2.847121324208236715e+00
2.844977496824137031e+00
2.842421433546712617e+00
2.840143404215423217e+00
2.836919908847164606e+00
2.834572908455463836e+00
2.832055391771641339e+00
2.829897376250455565e+00
2.827308482986946814e+00
2.824818845191838790e+00
2.822471721311716308e+00
2.820339988393979258e+00
2.817756422948207273e+00
2.815857861568990206e+00
2.812941119442383897e+00
2.810750337689438272e+00
2.808394133423463668e+00
2.806762773062702720e+00
2.804636984788528853e+00
2.802038894834200544e+00
2.799487814333459834e+00
2.797400769042040825e+00
2.795703107962973277e+00
2.793101757330559209e+00
2.791162309616664672e+00
2.788717952526781119e+00
2.786085118594439525e+00
2.784094357420247245e+00
2.781778080776986517e+00
2.779837757976009627e+00
2.778401952442259404e+00
2.775534275365081793e+00
2.774264355830189377e+00
2.772245202433754496e+00
2.769527010889789143e+00
2.767466517174085094e+00
2.765768951520291452e+00
2.763574905945320737e+00
2.761397331128973676e+00
2.759408463509624543e+00
2.758147110010744196e+00
2.755610029880492196e+00
2.753619696075305878e+00
2.751384230830325794e+00
2.748951184711513118e+00
2.747223130847215700e+00
2.745550236680682321e+00
2.743295043862298055e+00
2.741211191690490434e+00
2.739588269001563159e+00
2.738204144593005651e+00
2.736411571938230036e+00
2.733964660420602488e+00
2.731978721825686574e+00
2.729745186573557358e+00
2.728520752823792250e+00
2.726659486357956297e+00
2.725157270692125433e+00
2.722579868679805504e+00
2.722085540826101990e+00
2.719863526660784903e+00
2.717741962265517675e+00
2.716173023446648127e+00
2.713991028345048573e+00
2.713714434794706865e+00
2.710818316831172137e+00
2.709703108309528208e+00
2.708004860412357218e+00
2.706367971761169056e+00
2.704535571945652972e+00
2.704109760391975925e+00
2.702205891104307423e+00
2.699954441820981543e+00
2.698652271526887692e+00
2.697477287940670987e+00
2.695427600412986902e+00
2.693935764889626938e+00
2.693524716532197161e+00
2.691322944773775205e+00
2.690008292448839544e+00
2.688340173343265693e+00
2.687747444590615320e+00
2.686135676884095602e+00
2.684865564428624563e+00
2.682964512258364298e+00
2.681385963740572365e+00
2.680019987533090120e+00
2.679113258468373449e+00
2.677994747464696790e+00
2.676013556875900701e+00
2.674494803401315846e+00
2.673284664801037991e+00
2.672215290730727499e+00
2.671059999049248290e+00
2.668798248738012635e+00
2.668182963760756365e+00
2.666401687262604625e+00
2.665673743616276958e+00
2.663902897096013245e+00
2.662771464875645755e+00
2.661084795422277605e+00
2.660027102087025863e+00
2.658017547333273445e+00
2.657583392336059447e+00
2.655014973214063989e+00
2.654354811688704796e+00
2.652295536966670308e+00
2.650763111997880284e+00
2.649988269881709879e+00
2.648940919191618004e+00
2.648246933981434292e+00
2.646611316889725618e+00
2.644875103397644533e+00
2.644074361951866070e+00
2.643503444841112771e+00
2.642129184378428253e+00
2.640883506572436534e+00
2.639639241983434470e+00
2.638848122745067304e+00
2.637400066784743924e+00
2.636634099359627115e+00
2.635545833784501912e+00
2.634061672619301575e+00
2.633270935513376099e+00
2.631266189421352930e+00
2.631309729138041842e+00
2.629812412450199588e+00
2.628247510950576071e+00
2.627699617970646884e+00
2.626685992783919232e+00
2.625943091897386950e+00
2.624290900498577717e+00
2.624236825261948791e+00
2.622576179227043891e+00
2.621192685706377201e+00
2.620888051196253787e+00
2.619682484249879817e+00
2.618327232871535237e+00
2.617377409387525500e+00
2.615623835605011660e+00
2.614898278879403737e+00
2.614686631385226612e+00
2.613294912052978702e+00
2.612185218957651767e+00
2.611594437549316527e+00
2.610443571210840030e+00
2.609201568557335982e+00
2.607699631289827735e+00
2.606519036643593523e+00
2.604781388654120011e+00
2.604244085064862269e+00
2.602821078702230562e+00
2.602927854241585681e+00
2.601095398873741082e+00
2.599909077732557083e+00
2.599493136668257431e+00
2.598377966920308868e+00
2.597149435894840597e+00
2.596166837919796855e+00
2.594257466079151531e+00
2.594134933886806937e+00
2.592683214307821338e+00
2.591623957137305645e+00
2.590878970499751244e+00
2.590890226195889046e+00
2.588766732907234580e+00
2.588117331866649717e+00
2.586562546453541778e+00
2.585495659030705884e+00
2.584375182188162423e+00
2.583838324509192486e+00
2.582989966698670425e+00
2.581587056589088824e+00
2.580017483419343449e+00
2.580267560081248135e+00
2.579464920687001062e+00
2.578854601532564406e+00
2.576502506301929785e+00
2.576052118924301304e+00
2.576110228080271458e+00
2.573953356281268423e+00
2.573908586246270946e+00
2.572468842882736695e+00
2.571034515944846888e+00
2.570430941981618922e+00
2.570383906993777501e+00
2.567840702161923172e+00
2.567129843376739107e+00
2.566344626639483817e+00
2.565084158932109393e+00
2.563922218286092569e+00
2.564013489982995164e+00
2.562499608062186685e+00
2.561769894372903256e+00
2.560479033106732860e+00
2.559682228441117591e+00
2.559026839013573085e+00
2.556819547740584397e+00
2.555931557768060802e+00
2.555859294142483140e+00
2.554042232589193606e+00
2.553515772366158121e+00
2.552874956503384585e+00
2.551828217329180859e+00
2.551498145595465061e+00
2.549807609560495347e+00
2.548982444595035979e+00
2.549038076273449693e+00
2.547545820688304818e+00
2.545714054254334169e+00
2.544380354446414305e+00
2.543804019372677860e+00
2.542188196514759024e+00
2.541298716729792240e+00
2.540048754554723676e+00
2.538857732681144785e+00
2.538688887246625114e+00
2.537117275057967358e+00
2.536850536836775749e+00
2.536034517405862054e+00
2.534852352773321993e+00
2.534257482191251132e+00
2.532844917533684459e+00
2.531671672300308096e+00
2.529808546685345494e+00
2.529674351883975714e+00
2.528560059116468306e+00
2.527715425245007363e+00
2.526990281795318705e+00
2.526868232820876248e+00
2.525328976216109300e+00
2.524322554742600033e+00
2.524042516752374343e+00
2.523031072371635819e+00
2.521588528911088201e+00
2.520725329407635940e+00
2.520136325855653059e+00
2.519252262030232448e+00
2.517827540427503674e+00
2.517856880499475203e+00
2.516900576827846070e+00
2.515790453909127145e+00
2.514423335265252302e+00
2.514260398952142594e+00
2.512995868883093120e+00
2.511794082947352624e+00
2.511113442553374320e+00
2.510165521311863213e+00
2.509507971748856203e+00
2.509225773652508540e+00
2.507429568611772464e+00
2.506799157246835552e+00
2.505832765733254863e+00
2.504814884777160522e+00
2.504451612641738212e+00
2.503370231330130036e+00
2.501674932779858640e+00
2.501626557948606333e+00
2.500618093749353843e+00
2.499266217354230157e+00
2.498536331129801003e+00
2.497903885563954596e+00
2.496275291666071539e+00
2.495362042590564045e+00
2.495071300032178030e+00
2.494751190168753574e+00
2.493635995686000584e+00
2.493510119438075101e+00
2.492987152093424807e+00
2.491866886349173971e+00
2.490618796414918013e+00
2.490320880717567409e+00
2.489019665817592486e+00
2.488372642880683383e+00
2.487489089813437193e+00
2.487104510984104788e+00
2.485831969102737293e+00
2.485683422999291459e+00
2.484789065860748547e+00
2.484758508406582411e+00
2.483070297456509312e+00
2.482078895021128329e+00
2.482658493125048604e+00
2.481403987212777551e+00
2.480010606003355544e+00
2.479642608457299779e+00
2.479478242763351492e+00
2.477781292208003361e+00
2.477659107732445687e+00
2.476569301764845132e+00
2.475872842554265763e+00
2.473982139251342804e+00
2.474307040198711949e+00
2.473631477386813327e+00
2.471672584082281965e+00
2.472364841106410527e+00
2.471418118268362996e+00
2.470298868626088495e+00
2.469433434156802942e+00
2.468861955070627889e+00
2.468387826310985300e+00
2.467446732222572159e+00
2.465544967296622758e+00
2.465334997084570379e+00
2.464252351371710947e+00
2.464258417039051796e+00
2.462298168512932595e+00
2.462007014987865450e+00
2.460468729988657177e+00
2.459660115173043504e+00
2.458772292258848413e+00
2.458166072302183203e+00
2.457316812067032341e+00
2.455115984151273079e+00
2.455439331956317695e+00
2.454531929106116284e+00
2.453135090721562772e+00
2.452863488773622258e+00
2.452019057969098359e+00
2.450764544433491121e+00
2.450592768277263911e+00
2.449273940678224903e+00
2.448237861337473564e+00
2.447454106502309212e+00
2.446466930731038936e+00
2.445638694326977447e+00
2.444166308430521628e+00
2.443859836345081860e+00
2.442874044743443385e+00
2.442398623812989111e+00
2.441601091378320820e+00
2.440272757790463043e+00
2.440643039726275720e+00
2.440383398006501725e+00
2.438710647575711654e+00
2.439247231517231551e+00
2.437947562936855217e+00
2.435971086424686849e+00
2.436879389624623027e+00
2.434926140080012402e+00
2.434814970998333550e+00
2.434377904117379199e+00
2.432587976649155159e+00
2.432434078527673904e+00
2.431482738296264490e+00
2.430502592058688460e+00
2.430846439808583614e+00
2.429108697050903043e+00
2.428977737109833335e+00
2.427803770506583803e+00
2.427633849914672570e+00
2.426919235401918673e+00
2.426046079520731258e+00
2.425707835393887901e+00
2.424664774238158405e+00
2.423866151124618451e+00
2.423394714801683225e+00
2.422928722917963906e+00
2.422010618714904862e+00
2.422178754605294859e+00
2.421019814644628454e+00
2.419556409679588516e+00
2.420266859468219511e+00
2.418432272804082128e+00
2.417911791339509175e+00
2.418301739352907820e+00
2.416641947912493649e+00
2.415848118941731126e+00
2.414962043399679015e+00
2.413785327888263499e+00
2.412562656960402396e+00
2.412788180980184549e+00
2.411234172643331952e+00
2.410291856277205103e+00
2.408841990713626036e+00
2.407134634411079332e+00
2.407799280973123235e+00
2.405569821702303823e+00
2.405277929764684686e+00
2.404836863382370016e+00
2.402855407403521770e+00
2.402664887189378540e+00
2.401101950205601465e+00
2.400938646027559908e+00
2.399111087446726742e+00
2.399227932494705229e+00
2.397872376758047874e+00
2.396666637331417160e+00
2.396240789497936063e+00
2.395295316441762967e+00
2.394524547837074469e+00
2.393315282609749683e+00
2.393525717111327555e+00
2.392536367842474920e+00
2.391427574577111859e+00
2.390792098040534608e+00
2.390571871810787119e+00
2.388670268756505788e+00
2.388503491469565088e+00
2.387632714308197901e+00
2.387036091886118871e+00
2.386736075479398256e+00
2.385630123975281069e+00
2.385516246929226369e+00
2.384853231485088099e+00
2.383509944386808854e+00
2.382700267288497376e+00
2.382090924660964504e+00
2.381036714435455615e+00
2.380959009706950624e+00
2.379611920386724755e+00
2.379897210654449591e+00
2.378585338427581242e+00
2.378437958933517393e+00
2.377198895619090813e+00
2.376463589950154276e+00
2.376528972348742830e+00
2.375109531099885096e+00
2.375292100539983409e+00
2.373610298855551637e+00
2.374393835233394867e+00
2.372825750307900439e+00
2.372781233362973197e+00
2.372069827346848125e+00
2.370935751635831590e+00
2.370523116227615468e+00
2.369812664586545381e+00
2.369547146275031047e+00
2.368300547807917766e+00
2.368273068089032041e+00
2.366734277146968601e+00
2.367053169898887255e+00
2.366517628824877040e+00
2.365602729581509855e+00
2.365258503278501401e+00
2.365246511876164970e+00
2.364387052889276308e+00
2.363721012783458253e+00
2.363469542890297870e+00
2.363104640073948826e+00
2.362501906372941107e+00
2.363848127513903385e+00
2.361788435055518498e+00
2.362422801097925795e+00
2.362867992631802139e+00
2.362965543972511018e+00
2.362688637498929989e+00
2.363525783069229558e+00
2.363214551318375101e+00
2.363797636924778178e+00
2.362119665155059778e+00
2.363213970643199158e+00
2.361118332247631457e+00
2.362196462794999174e+00
2.360640046154840910e+00
2.361495456433410745e+00
2.359581570805668438e+00
2.360341879417726663e+00
2.358649081264589498e+00
2.358876555282769960e+00
2.358283502043491797e+00
2.356911115266724366e+00
2.356861468506401991e+00
2.355951749567077425e+00
2.355823776311998685e+00
2.355606738660143140e+00
2.354510952441926985e+00
2.353804755929939319e+00
2.354427174796179134e+00
2.353370105922826916e+00
2.353560653708799411e+00
2.352817571556427456e+00
2.352272030429370275e+00
2.351599196385971702e+00
2.351454194504468465e+00
2.350930034855452266e+00
2.349666315818464746e+00
2.350516868501458578e+00
2.349522735127484996e+00
2.348498369438047906e+00
2.348137974780511339e+00
2.347392888304856040e+00
2.346851693765072522e+00
2.347437604071927364e+00
2.345131721498548316e+00
2.345839477058749178e+00
2.344075151737629259e+00
2.344599633603118516e+00
2.343656864085397640e+00
2.343369921298398051e+00
2.342908550948114677e+00
2.342859460542523475e+00
2.341141722156929728e+00
2.341479350318745656e+00
2.339658035200939956e+00
2.340227248950689898e+00
2.339231768894914243e+00
2.338264025521169298e+00
2.337854148754335615e+00
2.337588299854353124e+00
2.336401140501369600e+00
2.336834751665678223e+00
2.335689183418979020e+00
2.335188759851237084e+00
2.335403289447936626e+00
2.334671989262950831e+00
2.334637257505495000e+00
2.333614706929221239e+00
2.333499875594044592e+00
2.332493621262567096e+00
2.332235548341392573e+00
2.331889533452221386e+00
2.331649664558324453e+00
2.331146908142692542e+00
2.330270287753453129e+00
2.329380456484877460e+00
2.330060552416601816e+00
2.328466572939023482e+00
2.328962022649170294e+00
2.327783924268051585e+00
2.327445727248664831e+00
2.326657269855953114e+00
2.326743283059122813e+00
2.325569856439526628e+00
2.324991570648870631e+00
2.325761000557553526e+00
2.324057682784562484e+00
2.324755752223326422e+00
2.323961857524543095e+00
2.323593479669580741e+00
2.323058776058041008e+00
2.322748045576243925e+00
2.322776278498428049e+00
2.321996692590725164e+00
2.321892569365238579e+00
2.320777306754172375e+00
2.321643579318441120e+00
2.320197987480046020e+00
2.320375068896201043e+00
2.320043626817527294e+00
2.318413951775352366e+00
2.319047848915605670e+00
2.319032507850202762e+00
2.317381414659163585e+00
2.318369998618473815e+00
2.317700820575983034e+00
2.316640557940558232e+00
2.316231729718478682e+00
2.316329374869205093e+00
2.315439855488953924e+00
2.315263929163870582e+00
2.314215802891548712e+00
2.314747336145973389e+00
2.315616170941814822e+00
2.313153595816030972e+00
2.313351404613281481e+00
2.312906556705727201e+00
2.312690901108179986e+00
2.312825513833059343e+00
2.312008803470106511e+00
2.312101063392924427e+00
2.310968154357351256e+00
2.311101724766035925e+00
2.309969857991142295e+00
2.310124741933126113e+00
2.309915857425861585e+00
2.308774544438556564e+00
2.309488210889322435e+00
2.308340888001747082e+00
2.308244441454804896e+00
2.306975502267286426e+00
2.307785635976374650e+00
2.306947652432691509e+00
2.305915424074948650e+00
2.305833622787578197e+00
2.305718897454546834e+00
2.306081416969494313e+00
2.305326871403189148e+00
2.304649279827024166e+00
2.304632062858136710e+00
2.303996010199409028e+00
2.303891358705858483e+00
2.302809999976199506e+00
2.302582736314860767e+00
2.302737076848535125e+00
2.302341094084111806e+00
2.302094751345035828e+00
2.301001591340081198e+00
2.301247063016695016e+00
2.300125178787845837e+00
2.299962910169267349e+00
2.299812806479207161e+00
2.299524228839359363e+00
2.298456346754123469e+00
2.298682468179008342e+00
2.297646357968572861e+00
2.297240095876426746e+00
2.296071578877771024e+00
2.296536636303315948e+00
2.295617514518162761e+00
2.296176212223008051e+00
2.295100740569768316e+00
2.295580613628092959e+00
2.293874296673651170e+00
2.294721510452531810e+00
2.294225503203723981e+00
2.293969882833676532e+00
2.293294258381864736e+00
2.293595272077144642e+00
2.292332525310111446e+00
2.292123281055440831e+00
2.291577425501137188e+00
2.292049957642149138e+00
2.290494534367369273e+00
2.291219729122869087e+00
2.290950429298857838e+00
2.290181328219372148e+00
2.289712735114287412e+00
2.290481334003860336e+00
2.289129819608011651e+00
2.289085890647232002e+00
2.287818240292142757e+00
2.288917939354540021e+00
2.287283317481767497e+00
2.287667137193662992e+00
2.287247482420728950e+00
2.285813067964177936e+00
2.286484926706060516e+00
2.284912092706093745e+00
2.285827993377032463e+00
2.284284471311147424e+00
2.284431945560042809e+00
2.284302193789227164e+00
2.282982896732402178e+00
2.282989521421780132e+00
2.282974223366379452e+00
2.281989442446410887e+00
2.282087842602768202e+00
2.281619668028610715e+00
2.281482008981528864e+00
2.280959447765799286e+00
2.280687555494509855e+00
2.279522523155181002e+00
2.280385903397529557e+00
2.279025985545101829e+00
2.279401210396979405e+00
2.278087624350105589e+00
2.277822844039874006e+00
2.277099040881980674e+00
2.277658425842691958e+00
2.275632257191279262e+00
2.276998167105451554e+00
2.275326045108630346e+00
2.276034468459151139e+00
2.274908132628646218e+00
2.275311476121475884e+00
2.275010497767574247e+00
2.274304898104272166e+00
2.273875642797147822e+00
2.273318114155366665e+00
2.273354880182634208e+00
2.272856480674455337e+00
2.272902172790775222e+00
2.272120406098496748e+00
2.271472139731472772e+00
2.271436034844116492e+00
2.271043570477666140e+00
2.270622411328375723e+00
2.270079521653443511e+00
2.270841623122997532e+00
2.269175195275897838e+00
2.269335082048673957e+00
2.268108003645725290e+00
2.268495655833017821e+00
2.267054141200085748e+00
2.267623778656866040e+00
2.266377446338235124e+00
2.266083896073459059e+00
2.264846845985020174e+00
2.265550541654733685e+00
2.264256104111063816e+00
2.264527424292821500e+00
2.264144425670529426e+00
2.263568742233433628e+00
2.263489372739970307e+00
2.263517495774674870e+00
2.262183804961273914e+00
2.262623806974387808e+00
2.261972701922445150e+00
2.262244206594645313e+00
2.261026388621525829e+00
2.261437035838841592e+00
2.260868489091538258e+00
2.260359084601445190e+00
2.258824125520490611e+00
2.260447350717935233e+00
2.258861830799764103e+00
2.259593718664050233e+00
2.257873155887082373e+00
2.258359156928954281e+00
2.257686409227072311e+00
2.257629522905743702e+00
2.256252181540180590e+00
2.256733734045883288e+00
2.256102998497017342e+00
2.254978336535015782e+00
2.255601046982701252e+00
2.254489495411424738e+00
2.254526830457686870e+00
2.253736995243464936e+00
2.254011904740695016e+00
2.254087823861773643e+00
2.253506273679211969e+00
2.251525750032623119e+00
2.252426138711189019e+00
2.251435244311442041e+00
2.252068723865560340e+00
2.252112966189961707e+00
2.250913760101905137e+00
2.250463255729898915e+00
2.249810499001746678e+00
2.249483836098928435e+00
2.249840599710326128e+00
2.248678151069598119e+00
2.249132038528087740e+00
2.247800551748186937e+00
2.247063765333314311e+00
2.247726815395310940e+00
2.247463810945287133e+00
2.246349630813170517e+00
2.246680578514475446e+00
2.245187884764936914e+00
2.246388130986354259e+00
2.245027973066498372e+00
2.245742308516060604e+00
2.244221542236108480e+00
2.244192841982984188e+00
2.243595140995515269e+00
2.243671808776191323e+00
2.242211137305375690e+00
2.242449389347779931e+00
2.242411532467952551e+00
2.241056158903005358e+00
2.241455648867220596e+00
2.241136368099704956e+00
2.240009382199171117e+00
2.241573875053900711e+00
2.238892885340468819e+00
2.239283410127768104e+00
2.240218913373293042e+00
2.238523561736431855e+00
2.237938969158706382e+00
2.238223981288051334e+00
2.238282590205985745e+00
2.236861732794888535e+00
2.237198598079360945e+00
2.236549967331348920e+00
2.236627776167538606e+00
2.237567097061580856e+00
2.235042165475503051e+00
2.235719089774389712e+00
2.234831395447943070e+00
2.234839615617119968e+00
2.233775900684130455e+00
2.234532641357627636e+00
2.233264782183532304e+00
2.233468141495917880e+00
2.233101350830289711e+00
2.232809323198926776e+00
2.231961789363396065e+00
2.232344684047685490e+00
2.231445482323038298e+00
2.231700512663620461e+00
2.230956344121886037e+00
2.230388478673734465e+00
2.229911555596616690e+00
2.230318711375105956e+00
2.230194766799620698e+00
2.230341852588257456e+00
2.230053212572434163e+00
2.229602476566350244e+00
2.229393470218205664e+00
2.228690147172632585e+00
2.228196749426553769e+00
2.228429447308302169e+00
2.227619526732545818e+00
2.227453305023641583e+00
2.227049726957392117e+00
2.226851623488910636e+00
2.226396555658040288e+00
2.226413794599918283e+00
2.225766946753089393e+00
2.225738064509738212e+00
2.225567045802574473e+00
2.224805530592970815e+00
2.225105581061044280e+00
2.224300351743698112e+00
2.224497716521951052e+00
2.223140626733523195e+00
2.224095486962360368e+00
2.223421185065584726e+00
2.223205433516311835e+00
2.222071536496148969e+00
2.222504764681410450e+00
2.221879491933294037e+00
2.222079607170549753e+00
2.220392987441941024e+00
2.221020408690315140e+00
2.220226465983835329e+00
2.219406795881267325e+00
2.219915462351285562e+00
2.218743391416015509e+00
2.219496379748631565e+00
2.217838572656228635e+00
2.218159041715555890e+00
2.217411163714051447e+00
2.217015610016766836e+00
2.217096134367745552e+00
2.216650256045024303e+00
2.216112839221116904e+00
2.215856213345243741e+00
2.214690913953944129e+00
2.215792745359579374e+00
2.214938537629730586e+00
2.214300321320482379e+00
2.214302116582891777e+00
2.214614632551779483e+00
2.212656665351837137e+00
2.213154686315138786e+00
2.212612868328305282e+00
2.213012969305277355e+00
2.211467663667204153e+00
2.211890624365825619e+00
2.210881492480627042e+00
2.210797775356316386e+00
2.210648841330182801e+00
2.210069438674080899e+00
2.209522429209971772e+00
2.209425063354768515e+00
2.209384633308447032e+00
2.208688751900110603e+00
2.207980429347794260e+00
2.208303176741387208e+00
2.208346466126819951e+00
2.207840049865378518e+00
2.207113638602999917e+00
2.206190146500520477e+00
2.206520371754431054e+00
2.206449771723359099e+00
2.205767935533481605e+00
2.205241976852634789e+00
2.205988291313019545e+00
2.204232642377276008e+00
2.204089501613824886e+00
2.203931073845468269e+00
2.203837826155088830e+00
2.203313178534600958e+00
2.203677099806042428e+00
2.202377312340566551e+00
2.202371154680406562e+00
2.201814999863371813e+00
2.202157724419836704e+00
2.201400927979566990e+00
2.200475368628591166e+00
2.200687502083833458e+00
2.200124943263733979e+00
2.200115961189431424e+00
2.199026276020716431e+00
2.199197153467655763e+00
2.198443989699539802e+00
2.198280986961154149e+00
2.197942486465727985e+00
2.197374199678583828e+00
2.197585203470378445e+00
2.196679388974017488e+00
2.196960514898066652e+00
2.196165121550397892e+00
2.196032365549476228e+00
2.195767816532427474e+00
2.195768204742456930e+00
2.195115802024691476e+00
2.194913390209146886e+00
2.194658276507697625e+00
2.194282903781749727e+00
2.194336012071075537e+00
2.194239104102147397e+00
2.193386645188148076e+00
2.193226224205772734e+00
2.192706051173864079e+00
2.192588817042720795e+00
2.192436209844663697e+00
2.192145161465933523e+00
2.191551978573890835e+00
2.191855622273177318e+00
2.190920212997543803e+00
2.190848060742918157e+00
2.190670366891175558e+00
2.190332028824880872e+00
2.190159898387969761e+00
2.189739952917709953e+00
2.189223689650975579e+00
2.189379380999022739e+00
2.188677734530422025e+00
2.188699418135369168e+00
2.187746513894716749e+00
2.188419153051865074e+00
2.187563264664262430e+00
2.187173446519555586e+00
2.187407811913397726e+00
2.186406662656296795e+00
2.186373926444589610e+00
2.185935467610781835e+00
2.185854426359209679e+00
2.185839391350004934e+00
2.185147484141613194e+00
2.184867753713771954e+00
2.184707197280556290e+00
2.184269460566289567e+00
2.184144853226356986e+00
2.183894466289798775e+00
2.183401694579486740e+00
2.183484170928482460e+00
2.182600632400782725e+00
2.182751581703349597e+00
2.182496113627817369e+00
2.182062951157953457e+00
2.182333954604252835e+00
2.181636599448406599e+00
2.182149809220901737e+00
2.181405558423878066e+00
2.181330522439368647e+00
2.181030179064557650e+00
2.180550195692633419e+00
2.180972197596751538e+00
2.179898903888456196e+00
2.180398339097677773e+00
2.179866175498073488e+00
2.178914151876890859e+00
2.179942786330196558e+00
2.178647669347817395e+00
2.178811581289294974e+00
2.177974719064652565e+00
2.179054963827892433e+00
2.177553197255889028e+00
2.177949483458176516e+00
2.177211584874367833e+00
2.178000930075829178e+00
2.177249713074296711e+00
2.176976601936320588e+00
2.176181786746731905e+00
2.177145824324385082e+00
2.176024340204179008e+00
2.176212588841507145e+00
2.175500757012375441e+00
2.175928479045712738e+00
2.175218224635828701e+00
2.175327336400324274e+00
2.174706293379927491e+00
2.174829492159157329e+00
2.174520443056592089e+00
2.173974269070415577e+00
2.173537121341992062e+00
2.173400192020053634e+00
2.173451987237173810e+00
2.173175206767302914e+00
2.172685137033094183e+00
2.172565979469209818e+00
2.171868806205049740e+00
2.172331396336665943e+00
2.172112553170833849e+00
2.171669667821668259e+00
2.171098845588643300e+00
2.171097571654831970e+00
2.170060844508236553e+00
2.170728562094135672e+00
2.170468630467156324e+00
2.170873521125431527e+00
2.170116622952579011e+00
2.170361074388654554e+00
2.169723411098148258e+00
2.169617988717610135e+00
2.169224536222950750e+00
2.169057648925886816e+00
2.168218169279835905e+00
2.168638787768461196e+00
2.168757737856375822e+00
2.167605295999272652e+00
2.167766335054728266e+00
2.167604917138211906e+00
2.167143185332519817e+00
2.167093239381575387e+00
2.166799595839757675e+00
2.166643452911573231e+00
2.166637865846855693e+00
2.165769483674320650e+00
2.166175484572142373e+00
2.165415996468193160e+00
2.165312740752564746e+00
2.165122738207263087e+00
2.165675738465755895e+00
2.164763819571128511e+00
2.164253204484929860e+00
2.164180480081057123e+00
2.164055307921089799e+00
2.164356512395217091e+00
2.163925187159644103e+00
2.163267936677077508e+00
2.163544171460577203e+00
2.163412827962338358e+00
2.162943137467546517e+00
2.162797077307217819e+00
2.162073070995395696e+00
2.162500500325879482e+00
2.161920621096227624e+00
2.161631871036778119e+00
2.161417477637511908e+00
2.161704674591138353e+00
2.161207049942543534e+00
2.160319710226565881e+00
2.160406675405409427e+00
2.160233806665850853e+00
2.159849535063623982e+00
2.159667248462620037e+00
2.160123665418574035e+00
2.159318632356515888e+00
2.159070928024262592e+00
2.159103635086821349e+00
2.159092751930023368e+00
2.158520449947249009e+00
2.158535788045852666e+00
2.158306279977457276e+00
2.158006766078001792e+00
2.157526064360362650e+00
2.157747544725020727e+00
2.157633039154137400e+00
2.157594639985963347e+00
2.157410229917029909e+00
2.157153500304012095e+00
2.156626498717976848e+00
2.156573533353796535e+00
2.156589287165282087e+00
2.156281425230546667e+00
2.155913754897584855e+00
2.155765255606616027e+00
2.155752217748315491e+00
2.154772340238081618e+00
2.154869876843057863e+00
2.154906188490258945e+00
2.154601326227584046e+00
2.154258131139218602e+00
2.154831252334558744e+00
2.153921553683027401e+00
2.153900773663389057e+00
2.153874213173957219e+00
2.153580243699790842e+00
2.153280460978308941e+00
2.153045997862547356e+00
2.152963128658967218e+00
2.152622967233415618e+00
2.152682793136081685e+00
2.152069311872043311e+00
2.152080288144801123e+00
2.151650194748085720e+00
2.151279281566746970e+00
2.151128831482009396e+00
2.151040428028275997e+00
2.151210615592435538e+00
2.150576918730227050e+00
2.150336556599915294e+00
2.150296271131610926e+00
2.149694475878656252e+00
2.149540346771392496e+00
2.149419942753954871e+00
2.148823511643485062e+00
2.148789500231396588e+00
2.148754680083864610e+00
2.148256282496287639e+00
2.147761470799239625e+00
2.148391649388583513e+00
2.147497387843061656e+00
2.147382376174577612e+00
2.147255668104870452e+00
2.146993249161137651e+00
2.147152983689654349e+00
2.146218298642028177e+00
2.146449544895046024e+00
2.145917902560486201e+00
2.145828816068781730e+00
2.146032373707128738e+00
2.145294343726691366e+00
2.145217667730284106e+00
2.144881244135456999e+00
2.145024196989980592e+00
2.144494839927870711e+00
2.144126467764598143e+00
2.144555632096250886e+00
2.143821614972252210e+00
2.143732678192759700e+00
2.143701348734404988e+00
2.142911396057507467e+00
2.143083637014809195e+00
2.143179634812714784e+00
2.141740764694962440e+00
2.142571639397895744e+00
2.142493043653910245e+00
2.141322746031417701e+00
2.142013571589555632e+00
2.140956334632483582e+00
2.140729677735901504e+00
2.140788534130047882e+00
2.140729595194269752e+00
2.140314386910987299e+00
2.140230162806818104e+00
2.140585077447924700e+00
2.140075047615986215e+00
2.139746833117276648e+00
2.139379897152274168e+00
2.139529653741099935e+00
2.138689153575648483e+00
2.138216930657325765e+00
2.138849029330087692e+00
2.138355025670140908e+00
2.137208978568482909e+00
2.137788469838954430e+00
2.137539762985140701e+00
2.136866749383409037e+00
2.137159789439649238e+00
2.136178640126729533e+00
2.135602749303575632e+00
2.136567170483784306e+00
2.135404967154542533e+00
2.135833475617839206e+00
2.134991253168780467e+00
2.134792309853797310e+00
2.134828080180029009e+00
2.134926313841958745e+00
2.134240363880624880e+00
2.134422563725889344e+00
2.133285177057938409e+00
2.134519211851927167e+00
2.133255377886234427e+00
2.133075466874529535e+00
2.133117002709879362e+00
2.132970080038667060e+00
2.132758619120498800e+00
2.132575958426413010e+00
2.132215691247763889e+00
2.132531736095646835e+00
2.131935703995875730e+00
2.132283775561353512e+00
2.131238974735774061e+00
2.131810898298180934e+00
2.132284675742627034e+00
2.130989411205152617e+00
2.130652855685160496e+00
2.131566813200882926e+00
2.129719503073219666e+00
2.130422897134872873e+00
2.130247841635058315e+00
2.129245542638342759e+00
2.128867620648990044e+00
2.129954670235677749e+00
2.129378998247526411e+00
2.128980372567763180e+00
2.128711057099588633e+00
2.129048714376385210e+00
2.128668668153719246e+00
2.128065855160535591e+00
2.128742276156070812e+00
2.128334596921054978e+00
2.127819513684592323e+00
2.127978890207252061e+00
2.127541820690693086e+00
2.126657914562671170e+00
2.127500550284743941e+00
2.127034563757796981e+00
2.126998558648131699e+00
2.126707010075713278e+00
2.126748745866318568e+00
2.125739676343127993e+00
2.125683251542966445e+00
2.126381767011616741e+00
2.125312583034359992e+00
2.125854906378002340e+00
2.124816186598097900e+00
2.125101639630053274e+00
2.125388629433933030e+00
2.123820900747036333e+00
2.124949495183010129e+00
2.124499825718754842e+00
2.124353623193128815e+00
2.123050081558002677e+00
2.124116179128645143e+00
2.123807965324500113e+00
2.123199922663989714e+00
2.123354706326799679e+00
2.122913684117628375e+00
2.123153929264667727e+00
2.122448602491955771e+00
2.123331264177827915e+00
2.122219253506049785e+00
2.122263570886165684e+00
2.121452758684614359e+00
2.121673599849634329e+00
2.120886613348738070e+00
2.121435765546254348e+00
2.120569364209068386e+00
2.120672129331555578e+00
2.120460530611559147e+00
2.119765491865408080e+00
2.119786474057201442e+00
2.120112903071015076e+00
2.119228378362838505e+00
2.119067115227438514e+00
2.119771994773671953e+00
2.118638107334345211e+00
2.118947173600979283e+00
2.118184343530790326e+00
2.118961632667709427e+00
2.117892128210395075e+00
2.118294793526353637e+00
2.117288167500650520e+00
2.118338246216172838e+00
2.117041021301331316e+00
2.117230432131021356e+00
2.116701162566771544e+00
2.116790422846993369e+00
2.116778285477711297e+00
2.116925593534983552e+00
2.116057171892661515e+00
2.116273195526166440e+00
2.115534612081706900e+00
2.115688978449584479e+00
2.115244732747303402e+00
2.115900094229629769e+00
2.114687134059939577e+00
2.115180827296100130e+00
2.115370706469648532e+00
2.114625199787888654e+00
2.114625384127478025e+00
2.114139880527367232e+00
2.114547192429613087e+00
2.113740930306093002e+00
2.113688502274643888e+00
2.113877453255077032e+00
2.113099363538401665e+00
2.113203933295943582e+00
2.112939004130658827e+00
2.112427443334200294e+00
2.112734775132651954e+00
2.112706659441470958e+00
2.112693739696777318e+00
2.112437372034887240e+00
2.111937311059330913e+00
2.111245410176414428e+00
2.111608872353188726e+00
2.111873574690073863e+00
2.111380995813660011e+00
2.111493301860722926e+00
2.111342508819061603e+00
2.110820964154769275e+00
2.110734612788290221e+00
2.110067678950845238e+00
2.111393351879445657e+00
2.110388308196686324e+00
2.110136850340945447e+00
2.110359816584948867e+00
2.109623547481155992e+00
2.109751695161961482e+00
2.109096528019888339e+00
2.109822995552315117e+00
2.108829454177251872e+00
2.108780486489845174e+00
2.107543597074804431e+00
2.108197229148094820e+00
2.108748989124071826e+00
2.107756883036894902e+00
2.107475872491156199e+00
2.106943345242662247e+00
2.107129366702336970e+00
2.107124544932691634e+00
2.107461515630788096e+00
2.106407755988421560e+00
2.106559716370346003e+00
2.106474501585361647e+00
2.105588203681203474e+00
2.106215280621764219e+00
2.105652852369095829e+00
2.105057523380902573e+00
2.105300032327745541e+00
2.104830272411227110e+00
2.104489394343738606e+00
2.105228529195918075e+00
2.104601743726486784e+00
2.103988871241434300e+00
2.103650127618591270e+00
2.104321914475174804e+00
2.103072077093262049e+00
2.104138209061046094e+00
2.102789124094340156e+00
2.102326950144880247e+00
2.102734114371412222e+00
2.102530430615697110e+00
2.103043516805394031e+00
2.101797528784785651e+00
2.101921570887236967e+00
2.101776539669542032e+00
2.100566470577063694e+00
2.100457790258110080e+00
2.101464294843377711e+00
2.100876994731933234e+00
2.100498366746363033e+00
2.100466064235120278e+00
2.099481505432946538e+00
2.099090238269001762e+00
2.100500236167151868e+00
2.099526953691705167e+00
2.098607531820872563e+00
2.098310563560463748e+00
2.098374227445287232e+00
2.098772585274302660e+00
2.099169405715717307e+00
2.097377477656531486e+00
2.097935767838737586e+00
2.098286112107594636e+00
2.097965370175804978e+00
2.097560086301859972e+00
2.096805310490495344e+00
2.097478695811826110e+00
2.097453508330789695e+00
2.096733479996485627e+00
2.095805190351293756e+00
2.095959291809354585e+00
2.097151621367434160e+00
2.096142346067993767e+00
2.096445392914164874e+00
2.096297994634856110e+00
2.095193347375993387e+00
2.095000776688406230e+00
2.095393362776224233e+00
2.095820093088221370e+00
2.094917872790831748e+00
2.095099671476005732e+00
2.094620456615921444e+00
2.094815839268432622e+00
2.094872583218768902e+00
2.094846518548396208e+00
2.094048886363416351e+00
2.093566091770737714e+00
2.092874186939756687e+00
2.093566817138899694e+00
2.093457504778153844e+00
2.092613376331094788e+00
2.093346757548871118e+00
2.091823603296837586e+00
2.091924315313080207e+00
2.093163162444692471e+00
2.092008152082749373e+00
2.091417944057146094e+00
2.091597564123358399e+00
2.091605857697746540e+00
2.090838067320367255e+00
2.091018197890696317e+00
2.091292938569526250e+00
2.089400757820265131e+00
2.090508654415553558e+00
2.090511126894344152e+00
2.089869430274621021e+00
2.089295205303900893e+00
2.089901196774187841e+00
2.089524830106468833e+00
2.089251989539152365e+00
2.088614746361238339e+00
2.088617749444138472e+00
2.088145187629607324e+00
2.089281430948054297e+00
2.088383539716897719e+00
2.088235185454066389e+00
2.087975646556121223e+00
2.087850323418887211e+00
2.087796428387075132e+00
2.087621274336605826e+00
2.087405766080963954e+00
2.086648425551860253e+00
2.087079667154544627e+00
2.087289695687956304e+00
2.086529460424736193e+00
2.086380360148719415e+00
2.086235149482028373e+00
2.085406730805236641e+00
2.085646931500723777e+00
2.086355312181015442e+00
2.085368481816390673e+00
2.085220229914786394e+00
2.085053698707139080e+00
2.085398234807462448e+00
2.084491707893777690e+00
2.085085782200083671e+00
2.083996389113696335e+00
2.084164737844112825e+00
2.084411427629406344e+00
2.083937466208303224e+00
2.083384905013216493e+00
2.084045857854671890e+00
2.082981260153279557e+00
2.082631579284564882e+00
2.082888878834685098e+00
2.082968726556594152e+00
2.082388877724589360e+00
2.082352756271911964e+00
2.082270357672084238e+00
2.082346365225249851e+00
2.081832069633457127e+00
2.081563947091253919e+00
2.081769437657021715e+00
2.081796873032631279e+00
2.081142771991587370e+00
2.080987755789208027e+00
2.080510534039926807e+00
2.080475470863520915e+00
2.080191855000821821e+00
2.080232504917153946e+00
2.079658921126078308e+00
2.080035685229598474e+00
2.079527488180891837e+00
2.079158817856861408e+00
2.078903635470338518e+00
2.079470612009528541e+00
2.078414267815615890e+00
2.078672186483474960e+00
2.078039428063546357e+00
2.078313374214219245e+00
2.077701944057399608e+00
2.077128553209660833e+00
2.077356647721511074e+00
2.077383411275239400e+00
2.076737297944589056e+00
2.075872990322302325e+00
2.077199265787971427e+00
2.076459028658490080e+00
2.076006092732600283e+00
2.076655526811014063e+00
2.076219173045209754e+00
2.074897486364352783e+00
2.075847357794496251e+00
2.075345825038026337e+00
2.074675253927552365e+00
2.075413460197062854e+00
2.074883907750460388e+00
2.074180428298147305e+00
2.074715449913773657e+00
2.074199859606702834e+00
2.073911136505979247e+00
2.073931806950422452e+00
2.074319257912571768e+00
2.073051348977148933e+00
2.073599773445918171e+00
2.072762482351392155e+00
2.072894220426694023e+00
2.073193432406936321e+00
2.073069678978949337e+00
2.072632351696855668e+00
2.072123888278656789e+00
2.071796199449444043e+00
2.071402124011692880e+00
2.071384045723459355e+00
2.071725538267244371e+00
2.070722893679581400e+00
2.070654456714465130e+00
2.071110901409626504e+00
2.071315642368115828e+00
2.070571220296156145e+00
2.070130814659277174e+00
2.070322169485497632e+00
2.069543627735769054e+00
2.069912795636738689e+00
2.070109478088332455e+00
2.069461656858142540e+00
2.069331543148510644e+00
2.069280085847515327e+00
2.068845823626550118e+00
2.069091311589138726e+00
2.068263346594939822e+00
2.068960081566270315e+00
2.068088460517384153e+00
2.067843031457348602e+00
2.067928385198854802e+00
2.068294743379909928e+00
2.067565593436387683e+00
2.067080690572636659e+00
2.066915569590379587e+00
2.067223258212221193e+00
2.067123176005951635e+00
2.066838827050952787e+00
2.067103137516580702e+00
2.065874255247510227e+00
2.066944368990257797e+00
2.065918570163484791e+00
2.066108478659964387e+00
2.065554310612900846e+00
2.066036285072770706e+00
2.065724312204479052e+00
2.065243069335447323e+00
2.065412108789069556e+00
2.064950332219011475e+00
2.065262417181412236e+00
2.064114554902620302e+00
2.065679305635967022e+00
2.064552504267929578e+00
2.064954129003412131e+00
2.064072680871752219e+00
2.064773159318392004e+00
2.064417533634474999e+00
2.064485247699679338e+00
2.064424457090846321e+00
2.063437242641283476e+00
2.063915450644220329e+00
2.063658907157699840e+00
2.063578139856205862e+00
2.063528717657493683e+00
2.062693971629345757e+00
2.063362345226603001e+00
2.062576761822267901e+00
2.062772058170284861e+00
2.062579424582089871e+00
2.062286677789209488e+00
2.062157402574336995e+00
2.061980194102361885e+00
2.062067161776949042e+00
2.061880629074560822e+00
2.061681466989075506e+00
2.061618841007054836e+00
2.061166161113430650e+00
2.061348279969642316e+00
2.060617426093462878e+00
2.061195269718318901e+00
2.060528604639851658e+00
2.060535254178248454e+00
2.060718080965817656e+00
2.060441365121580048e+00
2.060398352211862960e+00
2.059847501921240553e+00
2.059492925720058487e+00
2.059699354340671196e+00
2.059784359728765946e+00
2.058902404910790906e+00
2.059320638033729889e+00
2.059834666289855676e+00
2.058469206392858464e+00
2.058707772677113912e+00
2.058629636818303243e+00
2.057972479688584766e+00
2.058061758892331561e+00
2.057589687476466978e+00
2.057952939607064824e+00
2.057965670543881576e+00
2.056485212375412264e+00
2.058001167041134227e+00
2.057264865406803089e+00
2.056576583372459410e+00
2.056871136976840209e+00
2.057085929080794795e+00
2.056676587101323950e+00
2.056258384600635480e+00
2.056424540486225805e+00
2.056194400226954766e+00
2.056257505911638361e+00
2.055949881583700734e+00
2.056090755782836954e+00
2.055836218686298178e+00
2.055460169711472496e+00
2.056763914600842291e+00
2.055620387227058199e+00
2.054688505215097827e+00
2.055464475432271954e+00
2.054979393039859659e+00
2.055298564539229655e+00
2.055835529927718230e+00
2.054274439035346678e+00
2.054928297369135848e+00
2.054764198524017260e+00
2.054015832123208263e+00
2.054394215330511475e+00
2.054465838325639560e+00
2.053486378308361449e+00
2.054258609719842976e+00
2.053873089741390157e+00
2.054200855307400264e+00
2.053665276556218888e+00
2.053002451895014513e+00
2.054413038249609968e+00
2.053091042468780270e+00
2.052704692927946883e+00
2.052831091269257779e+00
2.053072982248969058e+00
2.052772282324878184e+00
2.052230792166872764e+00
2.053044647391497612e+00
2.052408441252569382e+00
2.052501116747053711e+00
2.051887910387911962e+00
2.051870037812424385e+00
2.052599371018074326e+00
2.051423419364899026e+00
2.051194846591688936e+00
2.051479326876037401e+00
2.051432318231925844e+00
2.050560974271595338e+00
2.051292777839170967e+00
2.051100893371132106e+00
2.050923065724007621e+00
2.050051850160569789e+00
2.050667372865485838e+00
2.050264318618786330e+00
2.049455737385128984e+00
2.050402498454099387e+00
2.049334466119519416e+00
2.049341109453409082e+00
2.049883819482136715e+00
2.049088100951241831e+00
2.049454695868244247e+00
2.048548219089825650e+00
2.049231572387607336e+00
2.049472526099481051e+00
2.049073799904288062e+00
2.048009092030565359e+00
2.048649073412315946e+00
2.048582071398938442e+00
2.047865579744726716e+00
2.048002349122720833e+00
2.048044414349464493e+00
2.048121446049556926e+00
2.048039518535210934e+00
2.047548785230748347e+00
2.047870831504005729e+00
2.046666081973775864e+00
2.047309777959012145e+00
2.046843394171343089e+00
2.047078795099421367e+00
2.048215345215346428e+00
2.048820240690911287e+00
2.047527108880243585e+00
2.048617056208891452e+00
2.047871585105462966e+00
2.047784195324320766e+00
2.046734740073451242e+00
2.047054752728626692e+00
2.047066794119566158e+00
2.047023334114660642e+00
2.047143195679635319e+00
2.046412344859184440e+00
2.046744759537139302e+00
2.046555412427306653e+00
2.046141380272633814e+00
2.046521356189475505e+00
2.046400644136965763e+00
2.046067908609681130e+00
2.046020630279537400e+00
2.045719027130397993e+00
2.046004933477920673e+00
2.045451545593529818e+00
2.045629263663438557e+00
2.045900209508909384e+00
2.044583055881014300e+00
2.045303397988399219e+00
2.045915107745373440e+00
2.044999353109661744e+00
2.044763505584681784e+00
2.045308788620802787e+00
2.044399572180964242e+00
2.044896830832612977e+00
2.043830549591467260e+00
2.044501564862927889e+00
2.044254014415814336e+00
2.043207182339084493e+00
2.043767224471016331e+00
2.043642909081271775e+00
2.042871932850204075e+00
2.043480791368555760e+00
2.043727507932250997e+00
2.041912651670084511e+00
2.043124770337645391e+00
2.042746355162460059e+00
2.042162641229339659e+00
2.041430337624671854e+00
2.042223103018289354e+00
2.040908557903282627e+00
2.041608608085028642e+00
2.041770147983354100e+00
2.041563127410340517e+00
2.041256666138429043e+00
2.040705575724326426e+00
2.041492781164386816e+00
2.040149372197604283e+00
2.040932754216036482e+00
2.040128621238639806e+00
2.039811614851518851e+00
2.040499612958841080e+00
2.039652134451859222e+00
2.039948959251419058e+00
2.039512648906624204e+00
2.039168807031486619e+00
2.039386755644844840e+00
2.039935695032608187e+00
2.038932895528919875e+00
2.039173579092750099e+00
2.038597689874468877e+00
2.038349683115420419e+00
2.038624758329469433e+00
2.038694165730039476e+00
2.038234407509835755e+00
2.038302723417610984e+00
2.037168819496196992e+00
2.037621350311489277e+00
2.037764653962811590e+00
2.037203586119992416e+00
2.037674368860955543e+00
2.038256151539843852e+00
2.036955692915682903e+00
2.037095006882675197e+00
2.037152002948391161e+00
2.037308719744025609e+00
2.036436015363681573e+00
2.037270832881025839e+00
2.036388714294578683e+00
2.035921932902857723e+00
2.036574912394596648e+00
2.035877863814927302e+00
2.035700438462583417e+00
2.035553304057752033e+00
2.035397655774533465e+00
2.035798848380462989e+00
2.035658647376302532e+00
2.034542336744853852e+00
2.035857413277944783e+00
2.035093112613952648e+00
2.035147332902881967e+00
2.034437627849216224e+00
2.035150620543979105e+00
2.034864616256176095e+00
2.034505578178791740e+00
2.034275053579915227e+00
2.034528472686564005e+00
2.034274315242610598e+00
2.032985881498925895e+00
2.033638324126674668e+00
2.034593988302291212e+00
2.033205778221603754e+00
2.033255881756183658e+00
2.032677211567144315e+00
2.033512438490610474e+00
2.032208551865591684e+00
2.033071012546085576e+00
2.032155839697783239e+00
2.032604122524401369e+00
2.032251940147731695e+00
2.032382981716948755e+00
2.031660681171374883e+00
2.031566303795160788e+00
2.031562336522517942e+00
2.031680647585579980e+00
2.030675383816823221e+00
2.032094840531105451e+00
2.031003226068837986e+00
