1.548612746213358378e+03
4.762185624291655017e+02
3.030973082021822052e+02
2.642218154247721600e+02
2.349996720427998582e+02
2.107072052551241939e+02
1.885275019986912639e+02
1.666886788752806297e+02
1.437047480192506725e+02
1.185596841975872735e+02
9.083245999527622416e+01
6.345972667146705248e+01
4.442382869056823580e+01
3.494681604443067613e+01
3.016116685451708790e+01
2.723416237107328186e+01
2.506046937324221346e+01
2.324690299944916561e+01
2.167846248706748824e+01
2.030138775089268321e+01
1.905372298658703656e+01
1.791688597632888857e+01
1.686889772184143155e+01
1.589406608410263999e+01
1.498662129004887511e+01
1.413462656899124426e+01
1.333856135704747636e+01
1.259663201771419239e+01
1.192554034988368805e+01
1.132505510609078847e+01
1.079629676787518910e+01
1.033636155127958389e+01
9.928246420246285453e+00
9.569765279424251148e+00
9.252828531344627905e+00
8.959815234377609627e+00
8.687219701652017179e+00
8.432545905385886442e+00
8.196126002270686328e+00
7.972989205100170729e+00
7.763433851327991242e+00
7.568095405688445965e+00
7.382940134848222868e+00
7.204342256190553684e+00
7.038996144119495035e+00
6.884884876157972400e+00
6.742057636072661175e+00
6.608162938439707368e+00
6.481494012999772458e+00
6.364558358569015972e+00
6.251304326320455296e+00
6.144878409818077536e+00
6.047790735516250571e+00
5.955599692958216451e+00
5.868763056228085695e+00
5.785333921504334675e+00
5.704689515681951484e+00
5.628480049423838949e+00
5.555178594738106490e+00
5.485195370972250295e+00
5.417656980571906367e+00
5.352879337191317255e+00
5.290507842288110218e+00
5.234166994982282439e+00
5.179699144169281233e+00
5.128861470939939160e+00
5.080491851432367589e+00
5.034895108386630014e+00
4.989448991670923483e+00
4.945412993456730355e+00
4.904295717607515037e+00
4.866965478300827819e+00
4.828779285531038745e+00
4.791244942200450829e+00
4.755006441637759984e+00
4.720006809318362251e+00
4.687879842382357332e+00
4.655560311682150676e+00
4.626029605266794853e+00
4.597063880772986444e+00
4.569268879049664278e+00
4.542717068331732833e+00
4.516345768732147548e+00
4.490253288165754419e+00
4.466538024349530289e+00
4.441813686243563986e+00
4.418909339158947347e+00
4.397691655456582360e+00
4.374971923372452665e+00
4.355017365281493191e+00
4.335419150354144158e+00
4.314969398884200835e+00
4.296045295519825835e+00
4.277194388963822647e+00
4.258850454648426265e+00
4.241458399271933466e+00
4.223531573127020877e+00
4.206176936929631793e+00
4.189073240262585429e+00
4.174464814357889075e+00
4.159505080651817011e+00
4.144182283099222985e+00
4.129898038429476337e+00
4.115741006591711049e+00
4.102205053658754430e+00
4.087726204977077948e+00
4.075548728252511133e+00
4.062333149224509832e+00
4.050412839313540125e+00
4.038044001554047746e+00
4.026295332893269574e+00
4.014082049723220358e+00
4.002777708262359901e+00
3.989790562157214726e+00
3.977892449409837550e+00
3.966429327302059438e+00
3.954901592874967786e+00
3.943939192864281740e+00
3.934012496872167475e+00
3.923133167900390905e+00
3.913022226855788599e+00
3.902138149325494521e+00
3.892185018484589865e+00
3.883490829346570639e+00
3.873142643556969578e+00
3.863137582616040788e+00
3.853192526060723377e+00
3.843007398675058806e+00
3.832574851880896194e+00
3.822140907819995714e+00
3.812593363400759827e+00
3.801865728284127943e+00
3.793028075168141999e+00
3.782473586666656118e+00
3.773373943426654886e+00
3.762537165818024221e+00
3.752859375207280745e+00
3.744299199350769936e+00
3.734336286653450632e+00
3.725634303435986894e+00
3.716881277000479766e+00
3.706945172920474096e+00
3.698403841040363460e+00
3.689113269650611482e+00
3.681248531116366518e+00
3.671964261529167661e+00
3.664869006416715980e+00
3.656693358966816465e+00
3.648127970641350970e+00
3.640936460537991692e+00
3.633522226747254447e+00
3.626538680013004612e+00
3.619826085078935218e+00
3.611809227683377088e+00
3.605265887172173223e+00
3.598795967209589719e+00
3.593019916991527563e+00
3.585786560044270654e+00
3.578471564327165400e+00
3.571998127199433881e+00
3.564665121841756434e+00
3.558953253036124309e+00
3.552238887333112327e+00
3.546186960695194568e+00
3.539737979245319632e+00
3.533452020973694818e+00
3.528133912803289807e+00
3.522405715101711632e+00
3.517189926371055098e+00
3.511309511727978006e+00
3.505376953123818584e+00
3.499810975855489392e+00
3.494536025633211196e+00
3.489103201276064770e+00
3.484058362330155756e+00
3.478378770402285269e+00
3.473141891739611964e+00
3.467746609128414814e+00
3.461535202260861865e+00
3.458458906371943087e+00
3.452938478983780701e+00
3.448033554071036733e+00
3.443026206199165884e+00
3.437200182383103542e+00
3.433659780043474274e+00
3.428951145522152189e+00
3.423695326648898529e+00
3.420880385748211072e+00
3.415884465303290707e+00
3.412162756548524190e+00
3.407058871390505228e+00
3.404444599966223617e+00
3.399567465459638171e+00
3.395240756747837541e+00
3.391067409412658051e+00
3.387066960153139572e+00
3.382526410719401966e+00
3.378106201007432308e+00
3.373402029604690266e+00
3.370227163207766719e+00
3.366175704878294095e+00
3.362116764418418224e+00
3.357853377492114433e+00
3.353361358461743880e+00
3.350556751431032154e+00
3.345057307775488820e+00
3.340875930855102371e+00
3.337060045191167390e+00
3.332992506096867924e+00
3.329666931263421947e+00
3.324379499295572860e+00
3.321443098323487053e+00
3.317996656644125242e+00
3.313436559107385104e+00
3.310268078366352285e+00
3.306412068463471243e+00
3.303933086725616253e+00
3.299209291502892771e+00
3.296267284501037675e+00
3.291474603185833292e+00
3.288565347338071376e+00
3.284926608002739723e+00
3.280192276031579812e+00
3.277917586822155283e+00
3.273928408317776206e+00
3.270685447723172157e+00
3.266008801716537402e+00
3.263854297279699779e+00
3.259054670648870111e+00
3.256837413329199737e+00
3.253045046928702444e+00
3.250557510301170350e+00
3.246707191852719721e+00
3.244442384589131922e+00
3.240279887110312007e+00
3.237907851496849343e+00
3.233764789263881223e+00
3.230935881245877273e+00
3.227750224796650969e+00
3.224710786212103386e+00
3.221781207755133547e+00
3.219804827792346114e+00
3.216508106433188185e+00
3.213963023247475181e+00
3.211582377573106939e+00
3.209366801184351470e+00
3.205925262019417854e+00
3.203579530885123372e+00
3.200478007259871749e+00
3.199216199666986782e+00
3.195712675658690660e+00
3.193996001177339394e+00
3.190716212519803197e+00
3.188819208719504417e+00
3.186049965975227938e+00
3.184776452747571707e+00
3.181406007403386749e+00
3.180214173410717660e+00
3.177541246252856499e+00
3.175210519582725599e+00
3.172679803918042385e+00
3.169858100096035525e+00
3.167391725227969079e+00
3.164535037643865678e+00
3.161872916913766485e+00
3.158318022377990975e+00
3.156584421258550321e+00
3.152862615681729874e+00
3.151122168868108364e+00
3.148419774291246309e+00
3.146066930519530569e+00
3.143619638955681861e+00
3.139559005771724198e+00
3.137512003949588291e+00
3.134961749557428679e+00
3.132494558541239371e+00
3.129957803791216353e+00
3.126118854018301363e+00
3.124156850019020215e+00
3.121355783874007361e+00
3.118773065333043437e+00
3.117098567702072831e+00
3.113759789065793537e+00
3.111309519845763649e+00
3.109775519551869039e+00
3.106938862737017359e+00
3.105374806453275571e+00
3.102538710186865334e+00
3.100638222442462233e+00
3.098860870829899028e+00
3.096395196451438903e+00
3.093795705176893396e+00
3.092317436713432510e+00
3.089985362210685427e+00
3.087780136262251229e+00
3.085522594584517275e+00
3.084001502494783775e+00
3.081979801804994423e+00
3.080335771686256052e+00
3.078053547937214862e+00
3.076294262219343434e+00
3.074372325649585402e+00
3.072708471406764730e+00
3.070269043323825997e+00
3.068573576782754220e+00
3.066818051729202299e+00
3.065446590953829986e+00
3.063314862360684732e+00
3.060742528270448570e+00
3.058900968149870891e+00
3.056874040272537396e+00
3.055077722769905080e+00
3.053266519261760070e+00
3.050943503349729635e+00
3.049188072904334135e+00
3.047793178275451265e+00
3.045597643445244085e+00
3.044007425823121782e+00
3.041672860075730345e+00
3.038513870342288925e+00
3.036751458863610864e+00
3.034582180526152140e+00
3.032949618312196005e+00
3.030876208449577280e+00
3.028791176496737680e+00
3.027198118127065740e+00
3.025434316290726233e+00
3.023390979630881770e+00
3.023117530999076763e+00
3.020249536639580956e+00
3.019151863327141694e+00
3.016883505576107183e+00
3.014878126975033101e+00
3.014212264099370486e+00
3.011353369716632589e+00
3.009767816862783718e+00
3.008950726380510421e+00
3.006975548686982247e+00
3.005171535647738867e+00
3.003419617357872440e+00
3.003177596539293948e+00
3.000320624600443242e+00
2.999218388936582880e+00
2.997625413782012860e+00
2.995838682399539099e+00
2.995798263143343743e+00
2.992746383036077429e+00
2.991664855436024339e+00
2.989948006612539455e+00
2.988964661611043017e+00
2.988614177232415958e+00
2.986641162637806435e+00
2.984499777091282002e+00
2.984185109474644104e+00
2.982232611911086462e+00
2.980691925344544746e+00
2.979697213887401830e+00
2.977914980192023275e+00
2.977084634378353467e+00
2.976352310234576581e+00
2.975737735206347878e+00
2.973179828951808101e+00
2.971718048525753275e+00
2.970880541589785206e+00
2.970052724734431937e+00
2.968819785405168776e+00
2.967602373428966711e+00
2.966508459827390087e+00
2.965130149250724489e+00
2.963024038301840246e+00
2.961485575628567180e+00
2.960947657942856193e+00
2.958933334043992502e+00
2.957158921246823891e+00
2.956346671641743029e+00
2.954827614815632497e+00
2.953282552868206068e+00
2.952511144990265013e+00
2.949419271399358333e+00
2.948216156004035415e+00
2.947188101241230651e+00
2.945365317051345411e+00
2.943767239024035032e+00
2.944334582658562294e+00
2.940992082773113747e+00
2.940071619886438725e+00
2.938806473312039813e+00
2.937805525393288431e+00
2.935638795531164025e+00
2.935063070535999685e+00
2.933834142217079943e+00
2.931792313433985608e+00
2.930983551607007964e+00
2.928793803071840340e+00
2.927655155985341207e+00
2.927129540859533918e+00
2.925086481514062697e+00
2.923820005272700584e+00
2.922392789476530250e+00
2.921611814558029874e+00
2.921234010573286355e+00
2.918574861835247614e+00
2.918395205217409583e+00
2.916693900456277078e+00
2.915898697859115263e+00
2.915618364315890165e+00
2.913206178080914199e+00
2.912405676924850084e+00
2.911648194496745390e+00
2.909974318646777913e+00
2.908819243140518651e+00
2.908660522604929355e+00
2.905831731568260690e+00
2.905500190123763371e+00
2.904263792794739008e+00
2.903213248121417678e+00
2.902903391262912525e+00
2.901058605064077867e+00
2.900982181721691422e+00
2.898481997646244590e+00
2.898238987518438226e+00
2.896775093231247933e+00
2.895371471232563110e+00
2.894539842074267622e+00
2.893766571408228128e+00
2.891412955026486653e+00
2.890735755660264861e+00
2.889277251343332242e+00
2.887941571009201791e+00
2.888393164270041336e+00
2.886053646656153049e+00
2.885148242467515445e+00
2.884635305916622539e+00
2.882595476513665655e+00
2.881017601244642901e+00
2.880944004556674098e+00
2.878842221392191814e+00
2.878538568814889675e+00
2.876533584273779365e+00
2.875669662687836858e+00
2.875662573696887492e+00
2.873882875224139877e+00
2.873492578707240508e+00
2.871486100402891761e+00
2.871780278662956931e+00
2.869608205757572694e+00
2.869950261670829672e+00
2.868541164642367747e+00
2.867681275737355762e+00
2.866813399490780956e+00
2.865695478110829697e+00
2.864958481269271662e+00
2.864060625641987823e+00
2.862332771433209633e+00
2.861432152985007971e+00
2.861255242781185260e+00
2.860339396013076740e+00
2.859289141886375063e+00
2.858300922756100704e+00
2.857292223155876609e+00
2.856134253927461675e+00
2.855666379057883564e+00
2.855062136664591410e+00
2.852911910051973976e+00
2.853191613433605056e+00
2.852503719448799657e+00
2.850195603083754747e+00
2.850986746376426240e+00
2.849587760850992080e+00
2.849405134150073238e+00
2.847904611763996119e+00
2.847328652399222282e+00
2.845268032057166607e+00
2.844975219583942394e+00
2.845076369619825574e+00
2.842682877132782338e+00
2.843786459461467242e+00
2.842047817140301191e+00
2.841162430751048351e+00
2.840130810746517298e+00
2.839203198973915931e+00
2.839220701767694255e+00
2.837027054860031594e+00
2.836088436315815198e+00
2.834670865057255185e+00
2.834211600362289474e+00
2.832623140221666613e+00
2.831653907447901464e+00
2.831159620344900762e+00
2.830726339483681908e+00
2.829211775662127781e+00
2.828828893602973960e+00
2.827152438443213622e+00
2.826588943125946773e+00
2.824634736974921623e+00
2.824713052602126684e+00
2.822839377720904874e+00
2.823236808641764295e+00
2.821976872264537306e+00
2.821818290928611361e+00
2.820788419115842327e+00
2.819101888494975228e+00
2.818826915271165579e+00
2.817443047247593757e+00
2.817248452617481913e+00
2.816039812956647292e+00
2.816118680475789393e+00
2.815383937170176765e+00
2.813556633197547896e+00
2.813480215178049360e+00
2.812354849291126779e+00
2.812401278247125713e+00
2.811590580577213672e+00
2.809530130668461467e+00
2.810095062653974907e+00
2.807938925607791791e+00
2.808234994790685946e+00
2.806483869878793502e+00
2.805825096882852865e+00
2.805277077974271283e+00
2.803934595379216077e+00
2.802781205181374968e+00
2.802395031074645715e+00
2.801075749817460103e+00
2.800273641710744332e+00
2.799357025197152904e+00
2.799504568747686051e+00
2.797411914627675689e+00
2.797170813461796524e+00
2.796915251191878671e+00
2.797155184778470360e+00
2.793771843001298105e+00
2.794755895429396730e+00
2.793895070710261219e+00
2.792416609749363232e+00
2.791922054273046072e+00
2.791722756633431501e+00
2.791190187463534755e+00
2.789483752661055860e+00
2.790065875260365313e+00
2.788918360468688018e+00
2.788494410121938660e+00
2.788073319421993990e+00
2.786018107500385810e+00
2.786593644149252924e+00
2.785499783960126763e+00
2.785175667919620235e+00
2.782542563618113363e+00
2.783462645547489345e+00
2.782155893561755633e+00
2.782156172817958240e+00
2.779984803879777644e+00
2.779651917658360727e+00
2.780100417430194426e+00
2.779162447075858022e+00
2.777271960260074390e+00
2.778207102154910846e+00
2.777033625694974361e+00
2.776618869816325219e+00
2.774860578044362924e+00
2.775479357396931857e+00
2.774391784095867397e+00
2.773798258369710279e+00
2.773829422822062796e+00
2.771375570112821318e+00
2.772224833000441535e+00
2.771317146209649973e+00
2.771317618355324086e+00
2.769753701765751419e+00
2.768604100539305168e+00
2.768637243710222240e+00
2.768390265196163824e+00
2.767367017948574759e+00
2.765540034184567286e+00
2.765631538255155508e+00
2.764784824800720298e+00
2.764273639740393307e+00
2.763931398560897978e+00
2.761226733427393665e+00
2.762553093284660921e+00
2.760879639539678632e+00
2.760935161991449949e+00
2.759997783412778904e+00
2.759448967396210151e+00
2.757506421474834379e+00
2.757731354873552920e+00
2.757204292737043261e+00
2.755955373354527449e+00
2.755113017171687328e+00
2.755276902085702861e+00
2.754317810602237682e+00
2.752355921892224000e+00
2.752122680622837603e+00
2.753541769038923448e+00
2.751780773594663554e+00
2.750944132907441997e+00
2.750486106815010601e+00
2.749016073987758713e+00
2.748652027245551910e+00
2.747462765721813582e+00
2.746478637996149441e+00
2.746554267979359754e+00
2.745274406509464082e+00
2.744599434330103005e+00
2.744143952076427251e+00
2.743555507468651289e+00
2.742245466124253905e+00
2.741777709397339446e+00
2.740828056768792820e+00
2.740172195635047103e+00
2.739636227299698579e+00
2.738549022360520890e+00
2.737432076005686721e+00
2.736879636504731206e+00
2.735984879018750870e+00
2.734727276420752862e+00
2.734090026010886465e+00
2.733371559250878935e+00
2.732263263324383740e+00
2.730536635366269227e+00
2.731152816189756916e+00
2.730302174267966731e+00
2.729925734001693360e+00
2.727611507039253258e+00
2.727278176572003332e+00
2.727194326552622616e+00
2.726721579934832107e+00
2.725513170904490412e+00
2.724699419959700553e+00
2.723959158892883092e+00
2.722712999130459277e+00
2.721001998590761861e+00
2.721033270614654498e+00
2.720056851935578113e+00
2.719167710321400033e+00
2.718191151769496106e+00
2.717478831581605192e+00
2.717032887720364887e+00
2.715673773906777111e+00
2.714328321138941735e+00
2.714818900748856123e+00
2.713715077068565851e+00
2.713486444431104871e+00
2.712270095883229981e+00
2.711705420068650341e+00
2.711295522077927789e+00
2.710231315136398589e+00
2.709580879224040562e+00
2.708046552483075242e+00
2.707206823634216608e+00
2.705901122336849429e+00
2.706430133532032656e+00
2.705590910382814851e+00
2.704584982493250411e+00
2.704247104792097289e+00
2.703309791282352048e+00
2.701663027823111296e+00
2.701143133745208758e+00
2.701682566658549778e+00
2.700609253445723112e+00
2.699034161073422311e+00
2.698426850129435284e+00
2.697292443565316944e+00
2.696355090955892653e+00
2.697113639153003728e+00
2.696330496345763716e+00
2.695726968269946511e+00
2.693394720995272440e+00
2.693961418407729180e+00
2.692968500003209087e+00
2.692732364445414195e+00
2.690556158357765071e+00
2.690187560269759803e+00
2.690583789627689182e+00
2.689353131239460737e+00
2.689005839045416124e+00
2.686453395751957629e+00
2.686889893049265510e+00
2.687640436755843520e+00
2.685853506485454290e+00
2.684831133691865546e+00
2.683684557618805755e+00
2.684021123552547738e+00
2.683267251663147945e+00
2.682892255482764110e+00
2.680562195832882910e+00
2.680285155903212146e+00
2.680921330998035756e+00
2.680299158894829947e+00
2.678689566045893145e+00
2.679242775304838897e+00
2.676965571535279143e+00
2.676337064178074154e+00
2.677259972929640686e+00
2.675963133205359057e+00
2.675570381278694398e+00
2.675109580130762499e+00
2.673129136797254279e+00
2.672511759150179689e+00
2.673622237734203377e+00
2.672879978158686498e+00
2.672228565297086078e+00
2.670174167358534856e+00
2.669617571463577033e+00
2.670688777332877795e+00
2.669878023418780888e+00
2.669279779502149452e+00
2.667689322009533015e+00
2.667306844828356116e+00
2.667877376329125472e+00
2.666636465194987871e+00
2.665461961368674970e+00
2.665897386678223846e+00
2.664381308862947328e+00
2.664275488240726020e+00
2.663405136476169055e+00
2.663333020185935318e+00
2.662603435763168491e+00
2.661773312717102602e+00
2.661694473977104902e+00
2.660275204170993835e+00
2.660681122824331890e+00
2.658789358625282873e+00
2.659385332073920249e+00
2.658214708576045915e+00
2.657385559991522594e+00
2.657646587962846585e+00
2.657293239520053696e+00
2.654890358786218041e+00
2.655931370738922936e+00
2.655642184789501314e+00
2.655352858800811067e+00
2.652866776728671550e+00
2.653750623860369640e+00
2.653327798659105063e+00
2.652050032448089123e+00
2.652166789507037326e+00
2.651643133193017920e+00
2.650444829585203887e+00
2.649528642816862956e+00
2.648641613370497083e+00
2.648257488768717582e+00
2.648787750348088998e+00
2.648082053021912241e+00
2.646966042569322219e+00
2.645725637583752121e+00
2.644977118061226928e+00
2.645565201575196479e+00
2.644653196876165513e+00
2.644364559214165578e+00
2.643410209991317039e+00
2.641593746993743164e+00
2.641514518485317264e+00
2.640580754028172716e+00
2.640462325725788428e+00
2.639195500665950878e+00
2.640265223084219404e+00
2.639686566400694101e+00
2.638989405634205809e+00
2.638076102536915268e+00
2.636495478000969950e+00
2.635731452230528848e+00
2.635630146835429954e+00
2.635463872358356330e+00
2.635571316227611316e+00
2.634993649362963541e+00
2.633538176364177197e+00
2.632456328040590154e+00
2.632087489850278406e+00
2.632247742632744192e+00
2.632682821223368830e+00
2.632172711796572973e+00
2.630603190482790232e+00
2.630212775341107978e+00
2.629539730634942618e+00
2.629673794950508459e+00
2.629833465881510346e+00
2.628980122877241588e+00
2.628112273885482963e+00
2.626478731998567184e+00
2.626419757270914257e+00
2.626243256318668617e+00
2.625776834551103001e+00
2.625993599493660735e+00
2.625197375053560656e+00
2.625252650420713874e+00
2.623798727591382995e+00
2.623050525078642448e+00
2.622791398541959307e+00
2.623781710718668503e+00
2.623122958862855292e+00
2.621550634386738299e+00
2.620738495102277632e+00
2.620824233292960770e+00
2.619890339627846121e+00
2.620775274947654498e+00
2.619777573769005219e+00
2.618415064093088773e+00
2.617806517914600839e+00
2.617919339296597592e+00
2.617779065534405980e+00
2.617655737765788526e+00
2.615656309361380494e+00
2.615887347216415026e+00
2.615633474418218807e+00
2.616374459201646019e+00
2.614689747849039403e+00
2.614033376608336567e+00
2.613847787236835973e+00
2.613418146439264955e+00
2.613964059790082395e+00
2.613853375777023036e+00
2.611709404286540526e+00
2.611463833823410408e+00
2.611576701315974969e+00
2.611565216361570574e+00
2.611315775557317753e+00
2.610009396343539567e+00
2.609944520627316411e+00
2.609618195785821992e+00
2.610225034639441333e+00
2.609007628271925228e+00
2.608160417122982189e+00
2.607940298891641806e+00
2.607546357196155462e+00
2.607620000082871758e+00
2.607754837293478012e+00
2.606474835917532484e+00
2.605091118986324616e+00
2.605224850195333008e+00
2.604710032414018439e+00
2.604363107363236285e+00
2.604815783265673090e+00
2.604289167854765719e+00
2.602060066533205873e+00
2.602475036642041051e+00
2.601980342275469038e+00
2.602174133445419812e+00
2.602011363782640085e+00
2.600451681290972150e+00
2.599475869959503971e+00
2.600535464166167543e+00
2.600148427045104516e+00
2.598102582085920709e+00
2.597601619721069177e+00
2.597484763726017665e+00
2.598169680708992235e+00
2.598078024062021818e+00
2.597145856483494608e+00
2.595421847628300416e+00
2.595664462436020337e+00
2.594823152997286275e+00
2.594539183771864543e+00
2.594454414319257829e+00
2.594215961966595874e+00
2.593779842048173467e+00
2.593454586794860184e+00
2.591669579093551778e+00
2.590944031008397097e+00
2.591025171343456446e+00
2.591538033235528449e+00
2.590737038626933941e+00
2.590944558228398531e+00
2.590090227257642486e+00
2.589419311561174109e+00
2.589143109306299539e+00
2.588016797503568611e+00
2.587123896872221440e+00
2.586880929425231290e+00
2.586859272380043873e+00
2.586335051525851192e+00
2.585811180180608737e+00
2.586858731586829663e+00
2.585849638780936655e+00
2.585604525261509856e+00
2.584843100766494484e+00
2.584284620391283926e+00
2.584125202338050098e+00
2.584168350146384796e+00
2.582575586693174774e+00
2.581943910526315111e+00
2.581609617928962930e+00
2.581562917887583186e+00
2.580714021165185112e+00
2.581300809682838260e+00
2.580955729981912139e+00
2.580059968971684548e+00
2.580051796446448886e+00
2.579290713661912537e+00
2.577592064843234887e+00
2.577858863424519420e+00
2.577612699604028723e+00
2.577065993044891812e+00
2.577469359284235484e+00
2.577267059853127762e+00
2.576637724277293540e+00
2.575675785785189742e+00
2.574809274579749729e+00
2.574791869947540945e+00
2.574179546081474701e+00
2.572840741754915506e+00
2.572973513444145599e+00
2.572411307294137028e+00
2.571810906474263358e+00
2.572836764160630008e+00
2.571629120080314745e+00
2.571898329250690285e+00
2.571172088884633222e+00
2.570732796486307148e+00
2.570215708785763109e+00
2.569202215119764876e+00
2.568658780963731569e+00
2.568844397940939661e+00
2.568519257703408609e+00
2.568450397505873450e+00
2.567545868854582469e+00
2.567354059543104139e+00
2.566458711213046584e+00
2.566670277344982320e+00
2.566201931131598446e+00
2.565375769020736385e+00
2.564407998733011063e+00
2.565210424188554494e+00
2.564687735558654591e+00
2.564383283621390230e+00
2.563998343443339767e+00
2.563154209013769336e+00
2.562758237239866066e+00
2.563460357189572658e+00
2.562160142053575118e+00
2.561769047671656807e+00
2.561485294403473389e+00
2.560835024969235096e+00
2.560069287844964236e+00
2.561201086351828859e+00
2.560450337528360265e+00
2.559955794255737604e+00
2.559580330866434217e+00
2.559609275048110533e+00
2.559259315452678152e+00
2.558624003642611999e+00
2.558178141084701984e+00
2.559104175294234285e+00
2.558669333670844370e+00
2.557974597536186945e+00
2.557188345327032764e+00
2.556971005864546509e+00
2.557009018893268149e+00
2.556660421490107638e+00
2.555959417903312936e+00
2.555401076370623858e+00
2.555921029478832818e+00
2.556439142857629854e+00
2.555456211615440232e+00
2.554786029461894259e+00
2.554101743766000521e+00
2.554778924044391442e+00
2.553201793808009601e+00
2.553474920223669287e+00
2.553315000706191107e+00
2.552318453277712784e+00
2.552440123677441441e+00
2.552510373001576127e+00
2.551565576365467880e+00
2.551895055638626619e+00
2.550979689632069114e+00
2.550648849136206042e+00
2.550378486290459268e+00
2.550137507803830861e+00
2.549563969165975497e+00
2.549820461657431370e+00
2.550707140768418757e+00
2.549672597792305151e+00
2.548702539322860172e+00
2.548239611055422404e+00
2.547951233433688234e+00
2.547950301784438043e+00
2.548442233957187497e+00
2.547763395805853648e+00
2.547460325448246632e+00
2.547289034984642875e+00
2.547239207004603934e+00
2.545851338504966588e+00
2.545589747994954966e+00
2.545562895813941129e+00
2.545149702727589336e+00
2.545324578645025593e+00
2.544811597793628088e+00
2.545854649443200390e+00
2.544764239352338198e+00
2.543950838388818525e+00
2.544615596100302302e+00
2.543674960820364372e+00
2.543540667809828904e+00
2.542192768497103295e+00
2.541976217652359260e+00
2.542809428179771292e+00
2.541658218583243034e+00
2.542703434179374167e+00
2.541153650007135223e+00
2.541526560695061221e+00
2.540188539155527003e+00
2.540493457266549626e+00
2.540307377522426968e+00
2.540820296781766796e+00
2.539884331609959300e+00
2.539777366207129017e+00
2.538336988018348617e+00
2.538636031067344589e+00
2.538197322873984252e+00
2.537968342991604231e+00
2.538660172188631936e+00
2.538149153305763850e+00
2.536733188599159750e+00
2.536650896555660673e+00
2.536617055772140805e+00
2.536252955229489014e+00
2.537289333357427790e+00
2.536714223075030805e+00
2.535532790712303086e+00
2.535559838482607464e+00
2.534561318037995559e+00
2.535089591962187860e+00
2.534822339551106474e+00
2.534016316753728404e+00
2.533883242898698818e+00
2.534745039781034937e+00
2.534372748240498296e+00
2.533188393486978551e+00
2.533425723674259444e+00
2.532522005874807913e+00
2.532390724670828153e+00
2.532118293965682554e+00
2.532513603179603390e+00
2.532087120851834516e+00
2.532318959522904755e+00
2.532045247490438467e+00
2.530873847067000693e+00
2.530285740481273304e+00
2.530460180223572664e+00
2.530581344957580026e+00
2.531184778713679417e+00
2.530620519860523832e+00
2.529409237000318722e+00
2.528552060569118520e+00
2.529772829991011385e+00
2.528378476805693609e+00
2.529398282364189399e+00
2.528659558077059444e+00
2.527088665467073891e+00
2.526914544525157513e+00
2.527363605383263323e+00
2.527866903552186795e+00
2.526709503221056252e+00
2.526405034038003095e+00
2.526059806615247538e+00
2.526261848238990027e+00
2.525835480938641187e+00
2.526039504171626593e+00
2.524836440116538849e+00
2.524884567944347680e+00
2.523792855347889663e+00
2.524454202873707143e+00
2.524653697700407040e+00
2.524420451902058993e+00
2.523377786909685394e+00
2.524019041927657359e+00
2.522643635452911592e+00
2.522287826575632774e+00
2.523238067478386082e+00
2.522291284407291112e+00
2.522347970455272925e+00
2.521706632976217666e+00
2.520693272036377497e+00
2.521121979288333481e+00
2.520714489265401870e+00
2.520754760487493140e+00
2.520395054146904901e+00
2.518647230309485341e+00
2.519541296726492074e+00
2.519308554086821417e+00
2.519201639902339362e+00
2.517850222128652060e+00
2.517972810685152663e+00
2.518392880148745849e+00
2.517260149929944735e+00
2.517645028795534312e+00
2.517259769568779948e+00
2.515715563412077582e+00
2.516604850883843891e+00
2.515712669985308736e+00
2.516357537774863484e+00
2.515977205333860933e+00
2.514069505375754243e+00
2.515532699606409572e+00
2.514870664150183011e+00
2.514204714413293296e+00
2.515063247208008779e+00
2.514456923447188519e+00
2.512796894297762762e+00
2.513779100463480187e+00
2.512610767279995105e+00
2.512980164150697249e+00
2.511973656638098795e+00
2.511930961704567089e+00
2.512625789019804490e+00
2.511628418429413312e+00
2.511498779579070639e+00
2.511873203385569298e+00
2.511329918960485852e+00
2.509429738396638410e+00
2.511188917199373982e+00
2.510060919516984956e+00
2.510300641725961679e+00
2.508979701894001657e+00
2.508850907863882984e+00
2.509836802090668062e+00
2.508336194663715268e+00
2.507983891313363856e+00
2.507460213834883600e+00
2.508082934364584737e+00
2.506814884813343358e+00
2.507788850935815272e+00
2.506243199814334854e+00
2.506151441262607804e+00
2.506886484748800381e+00
2.505309436231173859e+00
2.504605322589255945e+00
2.505795553765750139e+00
2.505187496270865122e+00
2.503790804265599412e+00
2.504403596796654696e+00
2.503016758773327854e+00
2.504106482677104228e+00
2.502227106461309081e+00
2.503232884068291142e+00
2.503127126502636468e+00
2.500983919478465101e+00
2.502695360833804283e+00
2.501798299504943035e+00
2.501615639928301160e+00
2.500623835863712063e+00
2.500297571474401348e+00
2.500589451234463745e+00
2.500547605855132360e+00
2.500015632765584694e+00
2.499965098986728140e+00
2.499967787320136470e+00
2.498749854940549131e+00
2.499646235989807952e+00
2.497680874392756767e+00
2.498422297703575268e+00
2.498471812764752720e+00
2.498168091584607620e+00
2.497850837655774203e+00
2.496868852955988594e+00
2.497172315182843771e+00
2.496947120763826522e+00
2.495468227894474644e+00
2.495223227702945579e+00
2.495831895290312019e+00
2.494682675395239801e+00
2.493962595132167781e+00
2.495054875830557961e+00
2.494062571883683521e+00
2.493791010871787339e+00
2.492417594376632906e+00
2.492901295674033513e+00
2.492873055151819006e+00
2.492870992180805878e+00
2.491182529976144533e+00
2.492608793492939512e+00
2.490930047898794797e+00
2.491039613673588615e+00
2.491652442853713012e+00
2.490903876789682059e+00
2.490959162253389536e+00
2.489428963162893194e+00
2.489646683967904561e+00
2.490531325096311477e+00
2.489039485486042036e+00
2.489320765084976017e+00
2.489384933289761292e+00
2.487712983675761880e+00
2.488086148706892597e+00
2.488000115954191571e+00
2.488294993038069780e+00
2.487025499177598853e+00
2.486600329731316616e+00
2.487191474787812773e+00
2.487024013905534847e+00
2.486324659806524284e+00
2.486661605784268314e+00
2.486586776703114232e+00
2.486011788393680977e+00
2.485505161308886990e+00
2.485246806147207277e+00
2.484849303139063270e+00
2.485304579853169660e+00
2.484900268752618935e+00
2.485177806325107763e+00
2.482917374591693260e+00
2.483231745786173672e+00
2.484032031019611342e+00
2.483352311312019722e+00
2.482388715974642057e+00
2.482956207268317339e+00
2.481652927136270836e+00
2.481895317048155025e+00
2.481973089574186719e+00
2.481905007872257318e+00
2.481138806031252475e+00
2.479997554961723694e+00
2.480861017483349862e+00
2.480956274200558642e+00
2.478976516319407519e+00
2.479465207119816217e+00
2.478996211243336578e+00
2.479234831981960596e+00
2.477637905629716641e+00
2.478535328330156329e+00
2.477945599798510923e+00
2.476622686887579583e+00
2.477567281552544909e+00
2.475568674621518195e+00
2.477074483313828068e+00
2.475914250781444892e+00
2.475899315457702254e+00
2.475787720266249270e+00
2.475132842973947422e+00
2.475358672240325131e+00
2.473484097241777313e+00
2.474798858169332316e+00
2.474057747219970960e+00
2.473729816408104298e+00
2.472563961403203781e+00
2.472763652379593058e+00
2.473580331868833415e+00
2.472164721978724167e+00
2.472757659329996027e+00
2.471721721276116668e+00
2.472217333975792908e+00
2.471123368618246108e+00
2.470275988457199201e+00
2.470196143860865501e+00
2.470473513278129030e+00
2.470559479094371902e+00
2.470381220013250445e+00
2.469363312123693532e+00
2.469428899952089917e+00
2.469546582926620548e+00
2.468093619036204611e+00
2.468999665413920130e+00
2.467272098696742244e+00
2.468651483394969315e+00
2.467427096599593472e+00
2.468154901811830282e+00
2.466755353166992126e+00
2.466902477697397789e+00
2.466802592626362145e+00
2.466727850038911374e+00
2.466632181750498809e+00
2.466460541935624029e+00
2.465550801758266353e+00
2.465049762406494871e+00
2.465655644785135880e+00
2.464529360505478994e+00
2.464252547094426316e+00
2.464848709424105611e+00
2.463588722701703926e+00
2.463944978099272376e+00
2.462681254794562680e+00
2.463187596583581662e+00
2.463089529176443193e+00
2.461137237806937161e+00
2.461790825534104776e+00
2.461848099413764590e+00
2.460646686894382373e+00
2.461264304423675053e+00
2.460712012273519100e+00
2.459741908787603126e+00
2.460244238559190944e+00
2.459311527872477310e+00
2.458310741248391107e+00
2.459478409759053630e+00
2.458624700840572164e+00
2.457811078092689172e+00
2.457933613764244019e+00
2.458252253982520674e+00
2.456506529152439278e+00
2.457309065018230321e+00
2.456723265808364420e+00
2.456122058092623739e+00
2.455901359486067470e+00
2.455829308491395579e+00
2.455417816235427875e+00
2.454302224710691593e+00
2.455640715874860547e+00
2.454990984848873126e+00
2.454407443953926293e+00
2.454229068677042047e+00
2.454962796625840493e+00
2.453299506470270952e+00
2.453537793614145812e+00
2.453682031401574370e+00
2.452621838206122451e+00
2.452581641081002406e+00
2.452855412423336379e+00
2.451292690797601370e+00
2.451852052889787359e+00
2.450793056964815531e+00
2.450298669109378213e+00
2.451179858235648990e+00
2.450018175131390752e+00
2.448906009632771497e+00
2.449798693886310552e+00
2.449091598268921199e+00
2.447757935847060917e+00
2.448396182025223133e+00
2.447768200609305556e+00
2.447108564038249945e+00
2.447865595386198745e+00
2.447340301106811555e+00
2.445399485913533955e+00
2.446661076426171810e+00
2.445295145815539417e+00
2.445781223659909909e+00
2.445160584210059884e+00
2.445475206572743421e+00
2.445140962616152880e+00
2.444276423151861888e+00
2.444128589903117543e+00
2.443598221509251989e+00
2.443253317518763179e+00
2.443511638718002477e+00
2.443647591532951413e+00
2.442401191263728233e+00
2.443059921366048215e+00
2.442349734081128876e+00
2.441622859992718997e+00
2.441779860556555271e+00
2.440214181840773211e+00
2.441176797291412459e+00
2.440277866711433763e+00
2.439980207280923796e+00
2.440225816907194201e+00
2.439472962014556323e+00
2.439245962815558944e+00
2.439272052800541157e+00
2.439108616403132146e+00
2.438160454302586988e+00
2.438048700588983930e+00
2.438510688435847396e+00
2.437803551180369510e+00
2.437655136787308496e+00
2.437267041425257741e+00
2.436875436614557078e+00
2.437300988409371705e+00
2.437457185456561870e+00
2.435981225627278146e+00
2.436213508071316980e+00
2.435221658868747863e+00
2.435433488150559267e+00
2.435521386044549708e+00
2.434255412457633660e+00
2.434674179257705351e+00
2.434792073202298290e+00
2.433589091136339366e+00
2.433582125755207937e+00
2.432915989980055205e+00
2.433148943210392101e+00
2.432276284487990825e+00
2.432648970172021308e+00
2.432320739845596602e+00
2.431114057802228334e+00
2.431815239389753192e+00
2.431453329113029138e+00
2.430616878212469079e+00
2.431227188207985002e+00
2.429841261022504639e+00
2.429634293421196300e+00
2.429691291947252640e+00
2.429484295663302262e+00
2.429845599197639761e+00
2.428376606924357972e+00
2.428618066445553225e+00
2.428800256851230355e+00
2.428001540751647536e+00
2.427710602188558386e+00
2.427319117307880081e+00
2.426043824405041516e+00
2.426995264878580638e+00
2.427831359947760337e+00
2.425972041946469204e+00
2.426115724983902044e+00
2.425142819121587578e+00
2.425832844719425729e+00
2.426614792067948390e+00
2.424581963330808332e+00
2.424922611745487622e+00
2.424475500762971691e+00
2.424530109076716844e+00
2.425038859116437795e+00
2.424883024037292056e+00
2.423592728191039214e+00
2.424448900095056203e+00
2.423514908002529111e+00
2.422818566321821798e+00
2.423624346665857576e+00
2.422861946531296162e+00
2.422172536525669440e+00
2.421890081186083066e+00
2.421644141545672202e+00
2.421211776435676644e+00
2.421657216086062547e+00
2.421024330476984954e+00
2.420401128195221574e+00
2.420923731775288079e+00
2.420410404484151901e+00
2.419668073479126935e+00
2.419563819549854777e+00
2.419531660506795578e+00
2.418861977185566392e+00
2.419420644754810112e+00
2.418743922914525779e+00
2.417000107372728746e+00
2.418748907210615862e+00
2.418001777461835644e+00
2.417708376388203018e+00
2.417351660057897700e+00
2.417507221760577973e+00
2.417158896434310034e+00
2.416389227594546885e+00
2.416723381983198582e+00
2.416663489522612007e+00
2.415304296413429253e+00
2.416393956632886031e+00
2.415179632692638467e+00
2.414966107350413171e+00
2.415462368985429098e+00
2.414885789504428892e+00
2.414130558430620965e+00
2.414408925530911798e+00
2.414819271993593475e+00
2.413497258160334891e+00
2.413823109280301527e+00
2.413581109352305187e+00
2.412635781044783823e+00
2.412741712442691533e+00
2.411921330766274796e+00
2.412278161066852444e+00
2.412128734129107333e+00
2.411514035463443228e+00
2.411494768305902259e+00
2.410934797927375861e+00
2.411548621351597088e+00
2.410583996113697225e+00
2.410510425731666295e+00
2.409929526556685797e+00
2.409421991633526439e+00
2.409985904203793883e+00
2.409539899393012607e+00
2.409061559288507848e+00
2.408781131597276470e+00
2.409116031174924899e+00
2.408697988961702841e+00
2.408301155370087265e+00
2.407632702461540486e+00
2.407693579088440838e+00
2.407930295612645821e+00
2.407162325653659174e+00
2.406947704585296943e+00
2.406956966048137136e+00
2.406841192781879357e+00
2.406465543648323990e+00
2.406191450234870466e+00
2.406201040975361138e+00
2.405398781430104549e+00
2.405691977871661891e+00
2.404606479775374783e+00
2.404464933167604901e+00
2.404166595083467417e+00
2.404379271402001805e+00
2.404101870678102770e+00
2.403944507113078277e+00
2.403264691881285220e+00
2.403605314448439501e+00
2.402963059025716497e+00
2.401802977912471437e+00
2.403349442291637938e+00
2.402368264647037233e+00
2.401766293358806426e+00
2.402217099607271589e+00
2.401079294501141881e+00
2.401345900417207524e+00
2.401406482160695077e+00
2.400903729766671102e+00
2.400660635234804108e+00
2.400369772838777394e+00
2.399746850157983946e+00
2.399804023115437168e+00
2.399563868917624632e+00
2.399632989703451624e+00
2.398882068075496310e+00
2.398839116265885973e+00
2.399071372734063345e+00
2.398700546335860384e+00
2.397339045844778749e+00
2.398546614027297519e+00
2.397601443432513246e+00
2.397294735921232878e+00
2.396865174977411694e+00
2.396515125560187531e+00
2.396807791402653987e+00
2.396445752999372569e+00
2.395892705590827010e+00
2.395860072415303410e+00
2.395490080364171437e+00
2.395762757507435392e+00
2.394821135594817019e+00
2.395378020315216627e+00
2.394207258365649071e+00
2.395516546154938364e+00
2.394370942602556784e+00
2.393624882581335545e+00
2.394334063436806215e+00
2.393812764529735126e+00
2.394218071956244476e+00
2.393673937523134843e+00
2.392584566780279420e+00
2.393363817829873952e+00
2.393125564212736922e+00
2.392595455393276449e+00
2.392976724480855300e+00
2.391989369277581545e+00
2.391464687718238391e+00
2.391782105598073027e+00
2.391015595344488709e+00
2.391237450843091583e+00
2.390574153831476867e+00
2.390303610972032367e+00
2.390007199636257074e+00
2.390248190833985209e+00
2.389810603063291072e+00
2.389498116761527680e+00
2.389486200702264806e+00
2.388917962059887490e+00
2.389181806851005785e+00
2.387891461754793276e+00
2.388336862557414175e+00
2.388685459692660107e+00
2.387514060872752530e+00
2.387869904876979810e+00
2.388067337721607064e+00
2.387632725173253423e+00
2.387275435436228221e+00
2.387635037586371745e+00
2.386125433573155430e+00
2.386306147549546175e+00
2.387062529297474089e+00
2.385716685955257432e+00
2.386172088183975415e+00
2.385958380180225991e+00
2.385824714084703757e+00
2.386126425102211623e+00
2.385086762904754298e+00
2.384433039997199355e+00
2.384686585381523116e+00
2.384468046953826637e+00
2.383703316261999383e+00
2.384095061116526804e+00
2.384166996573456210e+00
2.383897706455395227e+00
2.383125975532569996e+00
2.383235830011780632e+00
2.382548160288423755e+00
2.382542303645342585e+00
2.382673824869737889e+00
2.382704503733473533e+00
2.382114397993945865e+00
2.382066691708802253e+00
2.381950182841089170e+00
2.381979421790195506e+00
2.380862513663925206e+00
2.380403668257602856e+00
2.380862573922109870e+00
2.381057841770570338e+00
2.380791165546507049e+00
2.380129753413009031e+00
2.380318939837139158e+00
2.380072240054014188e+00
2.379543343817858148e+00
2.379272319638517263e+00
2.379467099544208430e+00
2.378583383745493940e+00
2.378736143785131762e+00
2.378367683975511238e+00
2.378226557733327695e+00
2.377571155924525836e+00
2.378702653831906932e+00
2.377519927348380246e+00
2.376925306614170896e+00
2.376578473318555762e+00
2.376502984212264469e+00
2.376537835906257889e+00
2.376949036469375276e+00
2.375635673306986551e+00
2.376359887150349071e+00
2.375105266829637518e+00
2.375906428420273553e+00
2.375648318438501772e+00
2.375191951572550142e+00
2.373896200943971468e+00
2.374552545838944262e+00
2.374291520689363111e+00
2.374190624755993184e+00
2.373558643365878407e+00
2.373989719268564169e+00
2.372984024156216787e+00
2.372921181686458159e+00
2.373696613464890692e+00
2.372632422453151424e+00
2.372346374642648748e+00
2.372034078946679170e+00
2.372072682059903403e+00
2.372336714829833326e+00
2.372016336243368162e+00
2.370934519331346024e+00
2.371410889433093416e+00
2.370984684770627293e+00
2.369819675717047769e+00
2.370186375373751542e+00
2.370138737819922792e+00
2.370492663632540076e+00
2.368938865908712277e+00
2.369071959105017999e+00
2.368317999094491366e+00
2.369608857955277426e+00
2.367905170485806732e+00
2.368641106251644590e+00
2.367769176512921181e+00
2.367138552522961792e+00
2.368053053887472004e+00
2.367331917370279815e+00
2.367353912588141540e+00
2.366395261999277633e+00
2.367387725457707592e+00
2.367035387988443151e+00
2.366547940408429529e+00
2.366107760091166856e+00
2.366532320093335695e+00
2.365225171900713352e+00
2.365284334959363743e+00
2.364629890015466085e+00
2.364741898793737640e+00
2.364876358943969414e+00
2.364502562326762369e+00
2.363091549726373142e+00
2.364208090446552557e+00
2.364070902432240384e+00
2.362475973442295096e+00
2.363072613463911065e+00
2.362777994071700416e+00
2.362368884675154046e+00
2.362998843248438341e+00
2.361958887877678048e+00
2.361617488055652192e+00
2.362044304546009332e+00
2.362158023192300060e+00
2.361051028367792792e+00
2.360909485785101847e+00
2.360558932066004090e+00
2.361312310292535965e+00
2.360236921822813194e+00
2.360726454726709722e+00
2.359761433200048053e+00
2.360536566141754555e+00
2.359528308984346179e+00
2.359511629020239809e+00
2.358269583809888825e+00
2.359027367233651695e+00
2.358426418585241713e+00
2.359104474465111512e+00
2.358729481213852175e+00
2.357216532099912332e+00
2.357995081317955766e+00
2.358046599839341173e+00
2.357674255281153375e+00
2.358031447952206872e+00
2.357205922554601596e+00
2.356690799124437685e+00
2.357167362426378698e+00
2.355806211391010319e+00
2.356034760550335783e+00
2.356452154914471908e+00
2.356099204391755908e+00
2.355434555587660128e+00
2.356175242048346163e+00
2.354577763575466776e+00
2.355195277229906736e+00
2.354627636054858364e+00
2.355163913019874489e+00
2.353489924955913359e+00
2.354057773673332132e+00
2.354098106759327624e+00
2.353570477105171310e+00
2.353300709070898389e+00
2.352789893982934810e+00
2.353500095513336721e+00
2.352563471321880595e+00
2.352433313772928969e+00
2.352679006590769450e+00
2.352187296122822513e+00
2.351937696964007785e+00
2.351283313997337032e+00
2.352344075529534173e+00
2.351606980714222583e+00
2.350583144573763494e+00
2.351272620595126650e+00
2.350852586806229993e+00
2.351383700050492465e+00
2.349284520358362105e+00
2.350257121332728349e+00
2.350623679786622677e+00
2.349478594516624774e+00
2.349944686173915276e+00
2.349349470066817158e+00
2.349697423095802318e+00
2.349424748044825595e+00
2.348875869951571715e+00
2.348645028482087671e+00
2.348943491027264852e+00
2.348308241468658242e+00
2.348663865062118550e+00
2.347849559765029070e+00
2.348546528552167612e+00
2.347879693203641427e+00
2.347493649840632024e+00
2.346894873963724759e+00
2.347499358334371955e+00
2.347539098019896908e+00
2.346891258598433616e+00
2.347337004693173856e+00
2.346087794796501758e+00
2.346957753233153365e+00
2.345357205197617478e+00
2.346515139312335574e+00
2.345943278645759023e+00
2.346046502865806627e+00
2.344943175487842257e+00
2.344883297452448723e+00
2.346068599512448394e+00
2.345157259527325344e+00
2.343972467335774912e+00
2.344321327122127485e+00
2.345207154125566351e+00
2.344083203714990127e+00
2.344472778925635215e+00
2.343686270558611895e+00
2.344623518716656640e+00
2.343843230908312592e+00
2.343269167852872759e+00
2.343535123191915925e+00
2.343427425486018123e+00
2.342865617797157629e+00
2.342772271340118451e+00
2.342680787971154643e+00
2.342880483532713054e+00
2.342979148719579019e+00
2.341618141825439370e+00
2.342002547918268451e+00
2.342306038576413840e+00
2.341565032570148919e+00
2.341525594679852329e+00
2.341126712278481570e+00
2.341542253106251970e+00
2.340295571393901319e+00
2.340998610805628655e+00
2.340993264371386662e+00
2.340560511462259186e+00
2.340641051546187956e+00
2.339912589162784329e+00
2.340428424400499363e+00
2.339013101284533214e+00
2.339665401008998113e+00
2.339766831921660906e+00
2.339791421976056274e+00
2.338013530908676696e+00
2.339152928800260600e+00
2.338663737769255402e+00
2.338901500246074683e+00
2.338352378526821873e+00
2.337720096270943237e+00
2.338296570164549504e+00
2.338216692589264234e+00
2.337475381659520401e+00
2.337380994702533243e+00
2.337734783511984826e+00
2.337748227151754232e+00
2.337036835318764272e+00
2.336760287018947668e+00
2.337381714637621677e+00
2.336387124520488801e+00
2.337428982918017262e+00
2.336227632762230666e+00
2.336752474624168130e+00
2.335280548654803834e+00
2.336155017222002250e+00
2.336341550717735860e+00
2.335271925981737162e+00
2.336099794299555832e+00
2.335866026243267779e+00
2.335020277522314114e+00
2.335072139659684520e+00
2.335070033183446636e+00
2.334540953070108227e+00
2.334210055401614969e+00
2.334618436410518250e+00
2.334777753985276316e+00
2.333702877792690700e+00
2.333133117350467689e+00
2.334210652683386567e+00
2.333739661104889951e+00
2.333168229760331780e+00
2.333657185331694528e+00
2.333037204680942001e+00
2.333610548429165377e+00
2.332204907764980906e+00
2.332873215182204252e+00
2.332450671631927985e+00
2.332758694961389878e+00
2.332569734096284098e+00
2.332289109853748599e+00
2.332367219954931681e+00
2.331927201946180528e+00
2.331525385954968943e+00
2.332465283382465504e+00
2.331178444528300364e+00
2.331495193834935531e+00
2.331379232382587485e+00
2.331829997172266911e+00
2.331219803804284396e+00
2.330407383696453838e+00
2.330561582937969778e+00
2.331273297470060957e+00
2.330077577481004081e+00
2.330685772504913711e+00
2.330209929176564554e+00
2.330346960564368519e+00
2.329280089891937688e+00
2.330733888506924867e+00
2.329933513908233333e+00
2.329828660073619329e+00
2.329877871451410343e+00
2.329315015037686010e+00
2.329455898451285645e+00
2.329657034601087862e+00
2.329406252480241246e+00
2.328984299631405630e+00
2.328692415004743221e+00
2.328721255331192896e+00
2.328736609970833538e+00
2.328408013027075452e+00
2.327985146332681943e+00
2.328426841619312793e+00
2.328935738220629936e+00
2.328208586534746605e+00
2.327900555476164257e+00
2.327443755476491294e+00
2.328510006276835576e+00
2.327300966102494595e+00
2.328013927220232926e+00
2.326549735562223997e+00
2.328156921326605122e+00
2.327516477181956311e+00
2.327709104884945202e+00
2.326711199503722849e+00
2.327563825363863970e+00
2.326441244762801119e+00
2.326745750792900580e+00
2.326842998237049542e+00
2.326901547671011539e+00
2.325468055693751257e+00
2.326941786472409124e+00
2.325872972079838341e+00
2.326026640692013370e+00
2.325957929131108326e+00
2.326422289606741689e+00
2.324595467576021868e+00
2.325669121607348178e+00
2.325030452054807295e+00
2.325517250017746118e+00
2.325170209293838663e+00
2.324761475580793491e+00
2.324618692967590938e+00
2.324711737747602314e+00
2.324008624736210837e+00
2.325410150819231969e+00
2.324600021223450330e+00
2.324920563619900182e+00
2.323580578155018728e+00
2.324856731972709145e+00
2.323810200695154204e+00
2.324387020721286223e+00
2.323552431103623306e+00
2.324068383612337474e+00
2.323035060578706013e+00
2.323599218528630495e+00
2.322385794556490968e+00
2.322958085579251541e+00
2.323790018319118467e+00
2.322563701466053399e+00
2.323270442363692290e+00
2.322433418375124958e+00
2.322139052576461804e+00
2.322278603701250166e+00
2.322880453871832174e+00
2.321831052486441838e+00
2.322591446152703742e+00
2.322032772110997012e+00
2.321377831972810668e+00
2.322491121613975640e+00
2.321817866696325172e+00
2.321706926378329428e+00
2.321349925987036489e+00
2.320601608546525974e+00
2.321707596481709324e+00
2.320796471381706194e+00
2.321470229859996071e+00
2.320548595372139644e+00
2.320838760087335029e+00
2.320121264192560595e+00
2.320917873620109706e+00
2.320375776481457208e+00
2.320272471377991419e+00
2.320245492247443142e+00
2.319776724205369067e+00
2.319069829643996439e+00
2.320250590973041316e+00
2.319543283376337417e+00
2.320115748130112454e+00
2.319194779627800074e+00
2.318646986085337147e+00
2.319316095473189510e+00
2.319524134569248108e+00
2.319146956967861772e+00
2.318979063514766015e+00
2.318437689701784432e+00
2.318809863504995405e+00
2.318596013652181487e+00
2.319401387823078586e+00
2.317570619368293450e+00
2.318624936455795371e+00
2.318487939529590758e+00
2.317786903183781888e+00
2.317555403030361116e+00
2.318591356342810439e+00
2.317702780768128079e+00
2.317874422004029267e+00
2.316724267598633258e+00
2.318077527376121605e+00
2.316947515855038553e+00
2.317506186531545165e+00
2.316529892783566691e+00
2.316705357093420847e+00
2.316963280335357034e+00
2.316731629226387312e+00
2.316918394750001386e+00
2.316039964418228347e+00
2.317056461219203278e+00
2.314957379023828477e+00
2.317136586649617858e+00
2.316248389303649180e+00
2.315246275468574755e+00
2.316357497016617639e+00
2.315841288774042717e+00
2.315640438328537609e+00
2.316073332988159095e+00
2.315163473296502072e+00
2.315123064274006381e+00
2.315330374644636979e+00
2.315053773461394293e+00
2.314956525835295764e+00
2.314663686389369701e+00
2.314855043696899539e+00
2.315233356363179062e+00
2.314218941077442526e+00
2.314132744474482362e+00
2.314402365266360118e+00
2.313392837577585404e+00
2.314525306942144756e+00
2.313207646913311599e+00
2.315089497895487458e+00
2.314125421730503174e+00
2.313998472234977566e+00
2.313455520947163002e+00
2.314370259329210366e+00
2.313150230273523178e+00
2.313486210882707006e+00
2.313195018296030359e+00
2.313805507926305349e+00
2.313188819118792594e+00
2.313229878266576112e+00
2.313143797256781209e+00
2.313048202335436621e+00
2.312552626140635947e+00
2.312550239964770160e+00
2.313196779330485509e+00
2.312659194208736668e+00
2.313093850120258477e+00
2.311922706123075155e+00
2.312273887519242788e+00
2.312271633060748233e+00
2.312457679266308741e+00
2.311796174909882762e+00
2.311944773965658673e+00
2.311678803247656955e+00
2.311540396090486116e+00
2.311663917009888269e+00
2.311268458686707383e+00
2.311743822044448393e+00
2.311065833603877184e+00
2.311373824013921219e+00
2.310595501770079441e+00
2.310422789617419870e+00
2.310586116117638866e+00
2.310921826177592120e+00
2.310838848423924397e+00
2.310411052702731727e+00
2.310135996797856528e+00
2.310454503745334787e+00
2.309991020138922213e+00
2.309495305757824024e+00
2.309529583336140224e+00
2.310203568168982979e+00
2.309370355475114156e+00
2.309881989040631911e+00
2.309208734462467660e+00
2.309000847706546899e+00
2.309272439553746281e+00
2.309593283828736521e+00
2.308640658823271963e+00
2.308363237939045742e+00
2.308765232443199533e+00
2.308027960862229389e+00
2.307600172904968883e+00
2.308534654960372468e+00
2.308266103087118992e+00
