1.488733650583614462e+03
4.764710970422318042e+02
3.006544765983546199e+02
2.626780367089243668e+02
2.355507674624999481e+02
2.128925794874254507e+02
1.919791332183476698e+02
1.710220797778271162e+02
1.488110802309017515e+02
1.235897827237910889e+02
9.571775417218925952e+01
7.117720887462689916e+01
5.405839984933880515e+01
4.391586960909626924e+01
3.790109861039542949e+01
3.386703464058119550e+01
3.083218110691409208e+01
2.849879837351880951e+01
2.666171253431197741e+01
2.518677157240833253e+01
2.392600636983501872e+01
2.279019214612197786e+01
2.169972788377398487e+01
2.058081968295519815e+01
1.939221757210373909e+01
1.818360384365282556e+01
1.706351437333169230e+01
1.605794172128255326e+01
1.516187249044236296e+01
1.435462983642716317e+01
1.360626612494804988e+01
1.293118978683501474e+01
1.233560084813058211e+01
1.181316247913920670e+01
1.134727866423762244e+01
1.092700536434623437e+01
1.055037961053010775e+01
1.021481138326584137e+01
9.909024270197930306e+00
9.633635971182203050e+00
9.378497678840707508e+00
9.145173252805610886e+00
8.930105266845766110e+00
8.729372070870590861e+00
8.544949540177965375e+00
8.376057299299572989e+00
8.220089047303011043e+00
8.073622502825690717e+00
7.933432242686952129e+00
7.797034999934059130e+00
7.668583325306514098e+00
7.544739224799787536e+00
7.427947606883017251e+00
7.316038071980948132e+00
7.209398819768103372e+00
7.105985312651150743e+00
7.008690785234525045e+00
6.917551404171774720e+00
6.827564605875675596e+00
6.742217942764479055e+00
6.660525931140839795e+00
6.582523703541585114e+00
6.506908156570552215e+00
6.434964707465058886e+00
6.364441790651368613e+00
6.297125499099585966e+00
6.232441480673241330e+00
6.170203115989301601e+00
6.108022317768530662e+00
6.047524816731169039e+00
5.989089502964330514e+00
5.932139302909175349e+00
5.877124830914787879e+00
5.823847875162489807e+00
5.771611369149667325e+00
5.721793258164232121e+00
5.673515635861366313e+00
5.626667166866776704e+00
5.581791268092387348e+00
5.539233657457025117e+00
5.494806387315343876e+00
5.454298089376813152e+00
5.414775170534906756e+00
5.376788311084251148e+00
5.340452065337083276e+00
5.307606117415476277e+00
5.272821472709007473e+00
5.239132086614561423e+00
5.205134191771759511e+00
5.171318527425447620e+00
5.139291930411602927e+00
5.107134907603071206e+00
5.076651571373036909e+00
5.046365358268626977e+00
5.014606236680580587e+00
4.982903856287332012e+00
4.951784645996170298e+00
4.922630714639942617e+00
4.894268714314301327e+00
4.864114593309326828e+00
4.833769223295535156e+00
4.805628626661570202e+00
4.779778295333731997e+00
4.752795005561591957e+00
4.726029141746921347e+00
4.698867415761152522e+00
4.671698865658983735e+00
4.646862745613694834e+00
4.624028133533090390e+00
4.602495458990054189e+00
4.578918354475841390e+00
4.556738483266727258e+00
4.533863867301382022e+00
4.512418278409929151e+00
4.490974627359650917e+00
4.469744859103426116e+00
4.448421974842498905e+00
4.429199934081867518e+00
4.406977166260928058e+00
4.388465410872632866e+00
4.368772064024001089e+00
4.349720423862596164e+00
4.333262414157036169e+00
4.314622298040668547e+00
4.295591417023477021e+00
4.278473103310640013e+00
4.260525957115808282e+00
4.243443469545622904e+00
4.224433328385273079e+00
4.205969160086548975e+00
4.187905458332857656e+00
4.170401123519369868e+00
4.152007736151866801e+00
4.137027246574290551e+00
4.120644778346378878e+00
4.106638895088272179e+00
4.091565729945239482e+00
4.077465181795266069e+00
4.063396210182969703e+00
4.048966946775702347e+00
4.035047089171684753e+00
4.021358425280830318e+00
4.008990455649989570e+00
3.995167087774515569e+00
3.980433447512258471e+00
3.969943037215216464e+00
3.955550652092664432e+00
3.943525672343116018e+00
3.932094590616664664e+00
3.920488387106807693e+00
3.908222949722649719e+00
3.897522378565090762e+00
3.886090059339106784e+00
3.875653194625583442e+00
3.865603300896243599e+00
3.855708198628010397e+00
3.846846474267941129e+00
3.836606202811174260e+00
3.828811525153305251e+00
3.819689525896601712e+00
3.809912597993081018e+00
3.801491872981616282e+00
3.792309839021142270e+00
3.783354315505444987e+00
3.774501215396390830e+00
3.766251068119288004e+00
3.757813806723734995e+00
3.749700001411773176e+00
3.741041124750756008e+00
3.733245943353411533e+00
3.725207190447572980e+00
3.716880220512035038e+00
3.709216556475956494e+00
3.701052184223556640e+00
3.692897349942588558e+00
3.684293112670052661e+00
3.677180229303397496e+00
3.669932296208341160e+00
3.662284303143946484e+00
3.655026369753782145e+00
3.647491911355258409e+00
3.640387767374592798e+00
3.633133191810725027e+00
3.626186573020767856e+00
3.620660772527818594e+00
3.614248261572186482e+00
3.607596757197725434e+00
3.600388332954439274e+00
3.594871276852344977e+00
3.587854473921890719e+00
3.582362661325316111e+00
3.575188250738822848e+00
3.570109345865963402e+00
3.562897140221458869e+00
3.556804224222014810e+00
3.551825809815067903e+00
3.545460163848461743e+00
3.540086682066045043e+00
3.535155481016775791e+00
3.529464925653017726e+00
3.522769393570339247e+00
3.518059603065645025e+00
3.513384748373917343e+00
3.506514074424739835e+00
3.503105532082253504e+00
3.498344265838868150e+00
3.493249962740148984e+00
3.489233731965613927e+00
3.484104721454354792e+00
3.479488758129407611e+00
3.474816687717788621e+00
3.469135663859514551e+00
3.465439565945164890e+00
3.461656905392722638e+00
3.456626144938951928e+00
3.452502150806782577e+00
3.448863402802577749e+00
3.443242539393913670e+00
3.438263709412929359e+00
3.434259021931339362e+00
3.429056307018038652e+00
3.425951676420913916e+00
3.421338489556750684e+00
3.417060921983888111e+00
3.413638782515937553e+00
3.408399918102966719e+00
3.405622210993196841e+00
3.401100545111363171e+00
3.395897395578832967e+00
3.392552908988209825e+00
3.387641394212087320e+00
3.384420958951212643e+00
3.378727219529412462e+00
3.375037722324288669e+00
3.369435591456106494e+00
3.365621954887325629e+00
3.360128790296942114e+00
3.355390632632914372e+00
3.351655017448349039e+00
3.347084390927666409e+00
3.343580130562834984e+00
3.338097100042584753e+00
3.334476009700566568e+00
3.330419271069562370e+00
3.326409316193794208e+00
3.322758153481972787e+00
3.318739344773095734e+00
3.314700089111860759e+00
3.310091893284464959e+00
3.305876303180948828e+00
3.301266818751829035e+00
3.298108919895548663e+00
3.293038356573058323e+00
3.288087874816667977e+00
3.285517056768922028e+00
3.280621012029479200e+00
3.277112580527791419e+00
3.274198513554807288e+00
3.269792286099429290e+00
3.267306681637224486e+00
3.263108297523245493e+00
3.259484634574727924e+00
3.256052661444793994e+00
3.252472592457035461e+00
3.248747119854173970e+00
3.245067230257434598e+00
3.242101984930400693e+00
3.238243442015219742e+00
3.234560120924451443e+00
3.232384305631045063e+00
3.228485845781012387e+00
3.224411693060791340e+00
3.221022644404326840e+00
3.217724948500565230e+00
3.214595327356305265e+00
3.209908907370263353e+00
3.208036503531234374e+00
3.205184651805845331e+00
3.202241946719915244e+00
3.199105744224113312e+00
3.195933496815444474e+00
3.192421889771933863e+00
3.189918493377480235e+00
3.186285642595882539e+00
3.183040218528061516e+00
3.180365045188526807e+00
3.177128702301837304e+00
3.174553431447533658e+00
3.171035184647028604e+00
3.168835950438209981e+00
3.166450191817149928e+00
3.162699937080506896e+00
3.160351005584223216e+00
3.158730837694056603e+00
3.154890173525750630e+00
3.151707991369794737e+00
3.149359702293960339e+00
3.145932407736280911e+00
3.142542334568830587e+00
3.139571224382445624e+00
3.137615092614217449e+00
3.135162389592251131e+00
3.131613795205588691e+00
3.130319402236905191e+00
3.125804323350410030e+00
3.125006785496283523e+00
3.121331490256052277e+00
3.118841471773587060e+00
3.115365469131246012e+00
3.113293381552510564e+00
3.109916443607133374e+00
3.107587824981658198e+00
3.104508600819825492e+00
3.102207164158103492e+00
3.098761878804288106e+00
3.096492619871791252e+00
3.093687189945515836e+00
3.090506256515061168e+00
3.089167023184958172e+00
3.085166759030987027e+00
3.082829268393875832e+00
3.080792551746985186e+00
3.078051126763519107e+00
3.075815019918198612e+00
3.072840014354393912e+00
3.070942754210439940e+00
3.067682630094857643e+00
3.066120923590181402e+00
3.062094402657650871e+00
3.061057010571134995e+00
3.056910736723851496e+00
3.055477347677660660e+00
3.052374460183164828e+00
3.050415826406378539e+00
3.046764602948750067e+00
3.045314947182697463e+00
3.041638207732704213e+00
3.039780938002513810e+00
3.037430650204527627e+00
3.036025924865523695e+00
3.032026578971283914e+00
3.030491862452610263e+00
3.029429151481759508e+00
3.025816491952052711e+00
3.023927770129686721e+00
3.021890251952237705e+00
3.019889656486813845e+00
3.015835991447058717e+00
3.014869224635581713e+00
3.012058423551060571e+00
3.009638775555272705e+00
3.007388664094963193e+00
3.003945069782573807e+00
3.002733580558997861e+00
3.000698183028369215e+00
2.997220535917960671e+00
2.996374742212399855e+00
2.992539727615284750e+00
2.990939381300330435e+00
2.987763707774589772e+00
2.985971732388712940e+00
2.983814232953606815e+00
2.981157584592089460e+00
2.978813472962782427e+00
2.976036416139665075e+00
2.974245931998173997e+00
2.971506800782187430e+00
2.969943322186336498e+00
2.967603975706445851e+00
2.964286307292566036e+00
2.963043113687128471e+00
2.961678122902660082e+00
2.959020190265226891e+00
2.957201527383011008e+00
2.954048262038778905e+00
2.952327610530251167e+00
2.950340803014158464e+00
2.949418964905473839e+00
2.945322547803710389e+00
2.944921233251242665e+00
2.943594349644828245e+00
2.940678695269214327e+00
2.939029073578539819e+00
2.936230059780914559e+00
2.934863191776239777e+00
2.933437880960639621e+00
2.930678603169401431e+00
2.927905019784343921e+00
2.927405601227437426e+00
2.924068621683396429e+00
2.922559973514739173e+00
2.919204742058063573e+00
2.918575119876352542e+00
2.917554616941563150e+00
2.916115841476956572e+00
2.913785971257878415e+00
2.912092212613602182e+00
2.908900331347492152e+00
2.908184887571082289e+00
2.904977277620915732e+00
2.904739363392979001e+00
2.902175205565828531e+00
2.901009807107719940e+00
2.897651744812645536e+00
2.897406681460871880e+00
2.895073701610306305e+00
2.893508808580240288e+00
2.891490114964883062e+00
2.889119028457049598e+00
2.888319656816016323e+00
2.886430023084883612e+00
2.885457067695049727e+00
2.883261631246211820e+00
2.881384019639393390e+00
2.879282155792922016e+00
2.878892170181626131e+00
2.876324948973622231e+00
2.874560175353473301e+00
2.873817081975357013e+00
2.871354195009404808e+00
2.870706416922554016e+00
2.866790885850255322e+00
2.867588080015684771e+00
2.864216129549265855e+00
2.863828783787510712e+00
2.860282967470318294e+00
2.860646334673104807e+00
2.857671955461436486e+00
2.855880398380320262e+00
2.855130860504982326e+00
2.852874215770258459e+00
2.852773085052212831e+00
2.851645441413602544e+00
2.849590920875666900e+00
2.847944424800299412e+00
2.846090762064711566e+00
2.845235943100040910e+00
2.843316776020190062e+00
2.842049627356622477e+00
2.840551277756079074e+00
2.837680898279525632e+00
2.837580733137613720e+00
2.835751323992940609e+00
2.835008409511529326e+00
2.832022645970583508e+00
2.832170124172199266e+00
2.830122308228817829e+00
2.829091794761710243e+00
2.827695113556778495e+00
2.825712609664995156e+00
2.824988106881948013e+00
2.823202979400806445e+00
2.822616019823357192e+00
2.821178138040013383e+00
2.818730876419631937e+00
2.817538236160307630e+00
2.815946944066495927e+00
2.814930647268287789e+00
2.812981918028141681e+00
2.812495354238775835e+00
2.810437679642109554e+00
2.810377260340075622e+00
2.807383216493729350e+00
2.807228173239893376e+00
2.805258374692964463e+00
2.803123804856500811e+00
2.804055774715351390e+00
2.800358484410652604e+00
2.800656609015636622e+00
2.799786379363401689e+00
2.796419825779764334e+00
2.797011226214813462e+00
2.794459526952900230e+00
2.794489746144694475e+00
2.793481451221637268e+00
2.791837464167528537e+00
2.790974609389578642e+00
2.790406586630063135e+00
2.787582240383143617e+00
2.788058311477465523e+00
2.786028273748371475e+00
2.784582441982104140e+00
2.783777275897425962e+00
2.783546848850823263e+00
2.781271572321858176e+00
2.780265038629294860e+00
2.778334268145040031e+00
2.779169121526506192e+00
2.776794684600637719e+00
2.775221945038660820e+00
2.774560716244090841e+00
2.772641281174242689e+00
2.771498313102369604e+00
2.771639330566846748e+00
2.769729105434589389e+00
2.768230277624449176e+00
2.768167767087236442e+00
2.766701129221787792e+00
2.763454251228234071e+00
2.763773241271765713e+00
2.761839131780296608e+00
2.760165676073332630e+00
2.759692618662329622e+00
2.758560164124848502e+00
2.757097696331370695e+00
2.754400087363450655e+00
2.754782034226761933e+00
2.753082542562953705e+00
2.751067581237673476e+00
2.751177392288749246e+00
2.748319577683228321e+00
2.747552974030757600e+00
2.747386141041673113e+00
2.745893806535757875e+00
2.744942313894782160e+00
2.743268574043516761e+00
2.742897535070586201e+00
2.742045526728467575e+00
2.740752903526640694e+00
2.739006331815868833e+00
2.738304916755756935e+00
2.737223957874201918e+00
2.735263260826082732e+00
2.735056746793547600e+00
2.733643834333548295e+00
2.733250060946021076e+00
2.731963194472497136e+00
2.730547350854472644e+00
2.729296892026425336e+00
2.729083856371045780e+00
2.726903867185613617e+00
2.726659895236236864e+00
2.725586483028099138e+00
2.724179002296942986e+00
2.723509044922066025e+00
2.722817372722049711e+00
2.720197836198755770e+00
2.720387425721735308e+00
2.718468011139722140e+00
2.717913110248340924e+00
2.716542138060239697e+00
2.715695706804155396e+00
2.714538534105561229e+00
2.712599106895584811e+00
2.713201341800659083e+00
2.709653663209110164e+00
2.710218261155013852e+00
2.709813813780630465e+00
2.707013997778659142e+00
2.706984298472134398e+00
2.706180284106282752e+00
2.705332065914916484e+00
2.704657264719890097e+00
2.703278779160140033e+00
2.702280122103660975e+00
2.701307094315370971e+00
2.699345132438592643e+00
2.699202137006546653e+00
2.698474830466627505e+00
2.696872308210179980e+00
2.695977066517458720e+00
2.695590910120391204e+00
2.694546802703000399e+00
2.693369068267782662e+00
2.692063402429957009e+00
2.690350491833127577e+00
2.690916796508552977e+00
2.688348110361374221e+00
2.688542857671490705e+00
2.687697438331408950e+00
2.686090492571436616e+00
2.685585429712656236e+00
2.684930486904730795e+00
2.683201485197166836e+00
2.683164501019602799e+00
2.681738000731831217e+00
2.680819820525577768e+00
2.680187099421624364e+00
2.679620838631504132e+00
2.678383422431787508e+00
2.676646354246365433e+00
2.676884364481831202e+00
2.675395994336621897e+00
2.674706324732533336e+00
2.673731065866868040e+00
2.673118894740108775e+00
2.672957661121592832e+00
2.671517459961814556e+00
2.671044067327211113e+00
2.669523554289203293e+00
2.669195414582670622e+00
2.668600398176686372e+00
2.666840951311097996e+00
2.666177123260489168e+00
2.665460103681383863e+00
2.664462742088815173e+00
2.663713007458163862e+00
2.663487289520126478e+00
2.660977070802582833e+00
2.660985778296988347e+00
2.659429625297570876e+00
2.658887107674548389e+00
2.658387815510193430e+00
2.658384247637751496e+00
2.656531476372415046e+00
2.655538334841175629e+00
2.654402252187875622e+00
2.654521482059682302e+00
2.653451974908167976e+00
2.653127391901691556e+00
2.651790036915922855e+00
2.650663367919590119e+00
2.650294057884375221e+00
2.649668933943655436e+00
2.648612147153820651e+00
2.648119236454677061e+00
2.646367179906253586e+00
2.645821856146436613e+00
2.644859916289330926e+00
2.644091387977011376e+00
2.642567387680575752e+00
2.642986618654326936e+00
2.642056370502237517e+00
2.640520141183331670e+00
2.639917431658632907e+00
2.639203751976276990e+00
2.639064604125232361e+00
2.637592354072109568e+00
2.635841121462979775e+00
2.636381534303135155e+00
2.634637756348076731e+00
2.635226046331326621e+00
2.633241586147738733e+00
2.632318460814925931e+00
2.632763522219775165e+00
2.630825143304700742e+00
2.631376187904541641e+00
2.629699824399293284e+00
2.629523680819729314e+00
2.628303202327939569e+00
2.628470726673204805e+00
2.626464021773967428e+00
2.626892365540541174e+00
2.626445540139213275e+00
2.625738040623911029e+00
2.624609187386118148e+00
2.624034541637608964e+00
2.624373460226830712e+00
2.623263959663720613e+00
2.622244441307773233e+00
2.622115961395653283e+00
2.621347477669901505e+00
2.621684532085814201e+00
2.619923735099521700e+00
2.619493968478404433e+00
2.617365185408115025e+00
2.618045048183859524e+00
2.617389253337776278e+00
2.616369496999312094e+00
2.615632729645645416e+00
2.616572636341729652e+00
2.614595093005223969e+00
2.614756688056304235e+00
2.614372466185253430e+00
2.612652175180245617e+00
2.612335619210746529e+00
2.612856406010803045e+00
2.612174000835282062e+00
2.610992270565388740e+00
2.610019565860404622e+00
2.610026699014246443e+00
2.608503220328099115e+00
2.609799169185133660e+00
2.607893198825541159e+00
2.607134699430031954e+00
2.606773367150864384e+00
2.606040106575831405e+00
2.606845031621169539e+00
2.604932625958480408e+00
2.603646537743446565e+00
2.603533975476608919e+00
2.602153974535346137e+00
2.601594671467959863e+00
2.601634890330040140e+00
2.598908375997486253e+00
2.600992477048548412e+00
2.598665454716237555e+00
2.600213129685308378e+00
2.598230949338426132e+00
2.597829134915963234e+00
2.597007968927487642e+00
2.597402259210169539e+00
2.595758517463311765e+00
2.595009935934984302e+00
2.595667877992227535e+00
2.594208291496981289e+00
2.595160843974666065e+00
2.593346250695150346e+00
2.592044238744971363e+00
2.593000365970457022e+00
2.592578840771853077e+00
2.590377675134011071e+00
2.591110263533920488e+00
2.590504520603797989e+00
2.589329239308926223e+00
2.589796673395690529e+00
2.587777965741844710e+00
2.588105284496104108e+00
2.587063191346370417e+00
2.587363812676505059e+00
2.586779439497558730e+00
2.585296360800186211e+00
2.584487081916871265e+00
2.586108815700157937e+00
2.582959667024279593e+00
2.581998573048606804e+00
2.582130360565185967e+00
2.581884002073493445e+00
2.581536163187273747e+00
2.581110317267957033e+00
2.579660413619359716e+00
2.579077840481575290e+00
2.579339840118199501e+00
2.577896038004140244e+00
2.577772536366324641e+00
2.578005529147060937e+00
2.577005561501366504e+00
2.576265096829606804e+00
2.575475341343895774e+00
2.575919559669862746e+00
2.574829677457729282e+00
2.573897982355164871e+00
2.573561959965550372e+00
2.574467291795987212e+00
2.572397992471164851e+00
2.572309431290507487e+00
2.571746596342464830e+00
2.571286649179123973e+00
2.569554608059615219e+00
2.569380140410101987e+00
2.568891675889080961e+00
2.569326665364801254e+00
2.568089764676035891e+00
2.567362613662789173e+00
2.567374415988995739e+00
2.566440651521577188e+00
2.566492224108024800e+00
2.564231140840059542e+00
2.565274327686529077e+00
2.564415884701288117e+00
2.564717674705200956e+00
2.562792747983776209e+00
2.562133924004046825e+00
2.561941587025573952e+00
2.560802216564669997e+00
2.560932609842586416e+00
2.561073374398644464e+00
2.559308153357378934e+00
2.559759807285654443e+00
2.557747603747467569e+00
2.557438796705746142e+00
2.557281918877678084e+00
2.557505967431372706e+00
2.556526065857740004e+00
2.556470998520490756e+00
2.555271399381967790e+00
2.555523576548106135e+00
2.554233540856687856e+00
2.554481241281991277e+00
2.554717778128962724e+00
2.553718467319967989e+00
2.551826526955666363e+00
2.552970236854943398e+00
2.551991441149412676e+00
2.550684976599552289e+00
2.551158618365382491e+00
2.551452553813613466e+00
2.549069574282199824e+00
2.549033782785234958e+00
2.549159810636213663e+00
2.547611173415627928e+00
2.549343360990742102e+00
2.547660590306571660e+00
2.546961602535645408e+00
2.546869259874616542e+00
2.546680668626274180e+00
2.545391095538434900e+00
2.545424317824908744e+00
2.545745315313899138e+00
2.544060386246420169e+00
2.543353601258828700e+00
2.544346268295208713e+00
2.542422217705515131e+00
2.544126372793867663e+00
2.541791732496553546e+00
2.541364944908533818e+00
2.541917132533541679e+00
2.541010188188346230e+00
2.540968646092358174e+00
2.539116734349220028e+00
2.538373144699337391e+00
2.538949499989997083e+00
2.538636102783334625e+00
2.538982799487319753e+00
2.537104891466267720e+00
2.536126739550352394e+00
2.536326514564156032e+00
2.535552399287253511e+00
2.535523360799729176e+00
2.533989090088694329e+00
2.533381742446021878e+00
2.533189602743580959e+00
2.532549838612797810e+00
2.532617121326951271e+00
2.532392846306568135e+00
2.529463145670452384e+00
2.530603152910776643e+00
2.529497332138166854e+00
2.529146171949593569e+00
2.528101017078344892e+00
2.528027193551100726e+00
2.527981442796480405e+00
2.527175806083314047e+00
2.525715276596415926e+00
2.527080995757685411e+00
2.525810557590221439e+00
2.523683915036246450e+00
2.523735830042667772e+00
2.524022382482176585e+00
2.522538293236057605e+00
2.523501347780778392e+00
2.521919795932900499e+00
2.521740210833194773e+00
2.521218152761500075e+00
2.520502088600060642e+00
2.520121516993060418e+00
2.519811588506549072e+00
2.518511883494272130e+00
2.518401182421324158e+00
2.517700348723348025e+00
2.517468252749486712e+00
2.515946349934399695e+00
2.516397875111430427e+00
2.515665738775054283e+00
2.515287119362623169e+00
2.514098915112461530e+00
2.514152619701479185e+00
2.513230034722947703e+00
2.514899648622611839e+00
2.513435280523342641e+00
2.512277894957692492e+00
2.511957684465889518e+00
2.511925115668137032e+00
2.511774348599448370e+00
2.511398769691498334e+00
2.510738920783695871e+00
2.509417339497968413e+00
2.510047763842887303e+00
2.509552494356876551e+00
2.508819283955791679e+00
2.508636570498988139e+00
2.508472130948639300e+00
2.507876764146852455e+00
2.506575626202645068e+00
2.505991870911107533e+00
2.505981310968138587e+00
2.505643505359557821e+00
2.504811569459635123e+00
2.505474333837239609e+00
2.503464478883885569e+00
2.504089994597562541e+00
2.503907933711083444e+00
2.502801814057467045e+00
2.502416380987915634e+00
2.501665827829203437e+00
2.501114247633432708e+00
2.500802713932805066e+00
2.500436628326657029e+00
2.500247649141739359e+00
2.499056882346777364e+00
2.499389699974746470e+00
2.499320741599235784e+00
2.498530350917143039e+00
2.498234450360112380e+00
2.496382375285583155e+00
2.497372259025551156e+00
2.496192301072178044e+00
2.496767474517632923e+00
2.494885308956257930e+00
2.495795673209530996e+00
2.495444809096476035e+00
2.494183259624789262e+00
2.493251565755598698e+00
2.494042254235574685e+00
2.493050547275905249e+00
2.492673941772034940e+00
2.492874308308874465e+00
2.491107887385652919e+00
2.491246387593788914e+00
2.491505570318792717e+00
2.490210874725286239e+00
2.489603990490876217e+00
2.489133254232468229e+00
2.488855436198975646e+00
2.487942035233402738e+00
2.487249797979459665e+00
2.487511417255853008e+00
2.488043382671542236e+00
2.486673163137548492e+00
2.485083925930973603e+00
2.486052263632464232e+00
2.485526554873653815e+00
2.484205187930726755e+00
2.484246949838919249e+00
2.485075840718922624e+00
2.483073833234362038e+00
2.483557526162355256e+00
2.483060713132516639e+00
2.481883260566030369e+00
2.481981635320271717e+00
2.482661183578341646e+00
2.481980142456215344e+00
2.480811479256221030e+00
2.480770660820341256e+00
2.480205159174135421e+00
2.479458780173624088e+00
2.479844501071344798e+00
2.479475766145263993e+00
2.479093383928506977e+00
2.479047984735135657e+00
2.478362011110881280e+00
2.478047926523775590e+00
2.477314123128490309e+00
2.476735811905125484e+00
2.476565228724314505e+00
2.476620769119585397e+00
2.476587442167090369e+00
2.475066686930275317e+00
2.475136455383200040e+00
2.475163205958706758e+00
2.474356607142591535e+00
2.474270969855778102e+00
2.473109614314551674e+00
2.473497554717674074e+00
2.473649328117415003e+00
2.473109670961934015e+00
2.472080060417799263e+00
2.472454044595540523e+00
2.472192896183992517e+00
2.471160678655666576e+00
2.470707910762029780e+00
2.471787584935776216e+00
2.470768741036032612e+00
2.468359224667982410e+00
2.470305926205766500e+00
2.469572995267832027e+00
2.468637054300470091e+00
2.468354602211193072e+00
2.468723499099150676e+00
2.467739626236529205e+00
2.467328106539703469e+00
2.466099440091236161e+00
2.466841965361439293e+00
2.466389122063260331e+00
2.465582383942269473e+00
2.464974858916191280e+00
2.466108830055298462e+00
2.464565609330954032e+00
2.463855449627331051e+00
2.464341868246450851e+00
2.463491387322368276e+00
2.463372675506082743e+00
2.463309916085215878e+00
2.461693166134058419e+00
2.461253740100507681e+00
2.461715147082480737e+00
2.461826316066491049e+00
2.460627971594380181e+00
2.460565490873131811e+00
2.460780997686424332e+00
2.458996570929171899e+00
2.459769401125373900e+00
2.459204576143621868e+00
2.458484638429914160e+00
2.458360156245959161e+00
2.458551655474410236e+00
2.457793745888338321e+00
2.457867489762365132e+00
2.457497602550199556e+00
2.456897761618396903e+00
2.456188410563793223e+00
2.456252404144321666e+00
2.455525093514177914e+00
2.455910940009400356e+00
2.455132612691682592e+00
2.453894743873574757e+00
2.455017341541963827e+00
2.454458941251979720e+00
2.453915050068543824e+00
2.452950141547224572e+00
2.454000531557298803e+00
2.452313900812247649e+00
2.453198842640517796e+00
2.452657871502727627e+00
2.451025006242799176e+00
2.450775264146353383e+00
2.452018622474001930e+00
2.449819838463747956e+00
2.451295796405609462e+00
2.450297305557724403e+00
2.450430198438770191e+00
2.449365635138524233e+00
2.448805334337667894e+00
2.448367687188551578e+00
2.448716981190654618e+00
2.447898657314334869e+00
2.447370212717211224e+00
2.447518375240265609e+00
2.447296246569935274e+00
2.445386003372718609e+00
2.447262761083147886e+00
2.445911776345848665e+00
2.444838229866445278e+00
2.444402178431823724e+00
2.445623388194902770e+00
2.443771669204490404e+00
2.444908924886954882e+00
2.444217714992031887e+00
2.443435255210642865e+00
2.442898898998262514e+00
2.442404786958311202e+00
2.443192939513218143e+00
2.442643239199283833e+00
2.441245459733467182e+00
2.441662283463017058e+00
2.441241930155554130e+00
2.439912962580633504e+00
2.440478311869934469e+00
2.440253311245412338e+00
2.439412018829546724e+00
2.439415664579713816e+00
2.438994356488679127e+00
2.439333157742315183e+00
2.438449227794281082e+00
2.437892414564570398e+00
2.437314539390566193e+00
2.436482346325376191e+00
2.438215631976987208e+00
2.436011824356226096e+00
2.436672863617529661e+00
2.436406409613956381e+00
2.435401290274820330e+00
2.435108407981090295e+00
2.435957722398880865e+00
2.434541139518145325e+00
2.434429723397747214e+00
2.433884954160938197e+00
2.433835138538272602e+00
2.433873678396950346e+00
2.433244603127437955e+00
2.433701388981168723e+00
2.432205634195029553e+00
2.432868597480514872e+00
2.433252717546123822e+00
2.432321257024747219e+00
2.431533461138917662e+00
2.431939742833372886e+00
2.431493380424002204e+00
2.430579808470820335e+00
2.431811871735794384e+00
2.431210545986281168e+00
2.430732475150765293e+00
2.430822237651259154e+00
2.430441450517855984e+00
2.430501054271247519e+00
2.429167184334776852e+00
2.428799741066577145e+00
2.429025214387184217e+00
2.428041213287934763e+00
2.428464699215000078e+00
2.428382211222543496e+00
2.428072016135854660e+00
2.427687298807188920e+00
2.427475280147094239e+00
2.428180642798500877e+00
2.426084712764804863e+00
2.426725484731242499e+00
2.427067984478429974e+00
2.425275190213573850e+00
2.424544114324659549e+00
2.425545694760201876e+00
2.424896288049660509e+00
2.423809628639294278e+00
2.423907515622504061e+00
2.424542450496337764e+00
2.423594135767609181e+00
2.423133486847150131e+00
2.422146390761511725e+00
2.423194609383645837e+00
2.422255185349052820e+00
2.421726096605760770e+00
2.421853953407609783e+00
2.421387297897231949e+00
2.422055080615930667e+00
2.420348910923485697e+00
2.421585595192091045e+00
2.420384753309303250e+00
2.419249538807861200e+00
2.420440373666623568e+00
2.418795356612223113e+00
2.419048716392036447e+00
2.419192760342850246e+00
2.418537029257062265e+00
2.417982718290422994e+00
2.418999418896892628e+00
2.417856051050946142e+00
2.417444511931930773e+00
2.417198899720975902e+00
2.418029328306309900e+00
2.417286866767319520e+00
2.416981904576110729e+00
2.416048458920803998e+00
2.416141460693756127e+00
2.415848611874911622e+00
2.415222905558735977e+00
2.415354121677834254e+00
2.414768676979328177e+00
2.414814744240788347e+00
2.414138251708173755e+00
2.414411593514602661e+00
2.414066061186555423e+00
2.413063459309447545e+00
2.413533946031087396e+00
2.412354699962079518e+00
2.412112167843359689e+00
2.413058966166746977e+00
2.412218123526499891e+00
2.412010536972475361e+00
2.411241817485612504e+00
2.410956534290260134e+00
2.411258432336633728e+00
2.409974039786634492e+00
2.409385581150307321e+00
2.410288322572545550e+00
2.409538092119818398e+00
2.409751464857873948e+00
2.408455746968596767e+00
2.409299720405258860e+00
2.408529153586978389e+00
2.407937464979970077e+00
2.407935610406299443e+00
2.407509051493744057e+00
2.406925740156105498e+00
2.407230682116589637e+00
2.406769418112479464e+00
2.406318706963087362e+00
2.406476378648917169e+00
2.405313269899794992e+00
2.404860922764718634e+00
2.405568667857170606e+00
2.404557219335730966e+00
2.403791874338244039e+00
2.403867559679074173e+00
2.403586206382530843e+00
2.403061562053525169e+00
2.403063462653959537e+00
2.402571121896583950e+00
2.402563069417297026e+00
2.402401516014427862e+00
2.401598472465785061e+00
2.401718556634505841e+00
2.401058971770715811e+00
2.401546032357014138e+00
2.400479819872764597e+00
2.400586987231307479e+00
2.400269276066538726e+00
2.400470151342371850e+00
2.399286270018098133e+00
2.398994374289020737e+00
2.398717059046700850e+00
2.398844350979577822e+00
2.398392750608444590e+00
2.397691647090223643e+00
2.397893514008909488e+00
2.398037456664992018e+00
2.396911996083192609e+00
2.396820348385250821e+00
2.396564781407279465e+00
2.396633086936108992e+00
2.395318062940993364e+00
2.396018633961257915e+00
2.396024278364510263e+00
2.395261649217037991e+00
2.395153395643413674e+00
2.394908040084455347e+00
2.394130934058464888e+00
2.394187588328652527e+00
2.393938385297878391e+00
2.393699204140104175e+00
2.393340597501732336e+00
2.392696771811784640e+00
2.392902844707446075e+00
2.392588637047063482e+00
2.392361712028014065e+00
2.392300456772847195e+00
2.391805514587586945e+00
2.392198027193519483e+00
2.391253543979954710e+00
2.391737412187886047e+00
2.391187376555962807e+00
2.391009151920348241e+00
2.390322731185578586e+00
2.389847923526553952e+00
2.390699358116436635e+00
2.389658313367345688e+00
2.389796427149744940e+00
2.388779035308579157e+00
2.389622299474234435e+00
2.387962749409693775e+00
2.389191939800963116e+00
2.388840892878776767e+00
2.388087634315527730e+00
2.387179700781569824e+00
2.387965942856992374e+00
2.387016674814447903e+00
2.387079014109778630e+00
2.386571864805601351e+00
2.386805636492602023e+00
2.386288030455363529e+00
2.386061444976891988e+00
2.385358317737444001e+00
2.385300096896102229e+00
2.385624414971287077e+00
2.384863844628271945e+00
2.385122329118965823e+00
2.383460737591490908e+00
2.384929092322341404e+00
2.382900021659321244e+00
2.384264603764552071e+00
2.383524635981753903e+00
2.382551466630435488e+00
2.382506463710902356e+00
2.382764606568251953e+00
2.382685493154959477e+00
2.381728057369949081e+00
2.381795152968222418e+00
2.381533887954818685e+00
2.381874717556341725e+00
2.381135044674919765e+00
2.381047022678254965e+00
2.380266811679030869e+00
2.380613488453628079e+00
2.379833569998369924e+00
2.379599872226107582e+00
2.380122707421680417e+00
2.380207779946402535e+00
2.379913196380424090e+00
2.378778382518254020e+00
2.378706686539685755e+00
2.378673054570929590e+00
2.378071635272323903e+00
2.377324879662927604e+00
2.376554487987871500e+00
2.377838199827317478e+00
2.377224067143159036e+00
2.377315977448299922e+00
2.376401491890496764e+00
2.376251204388669880e+00
2.376615324607863844e+00
2.375658635151307596e+00
2.375034250876953301e+00
2.375613117678490038e+00
2.375030521241093595e+00
2.373975224964508524e+00
2.375157153240396113e+00
2.374052100092757911e+00
2.373270937188288965e+00
2.373970708618923009e+00
2.373057705608477175e+00
2.373548251493921235e+00
2.372195579713145985e+00
2.371960792721356182e+00
2.371697974902949646e+00
2.370808566905637793e+00
2.371405437739508404e+00
2.370065997396690438e+00
2.369548584875566188e+00
2.369064542755320968e+00
2.369139461160040927e+00
2.369732470366412436e+00
2.368849254788017777e+00
2.367797381169736148e+00
2.367064173698321561e+00
2.368525145693274325e+00
2.366562827975954963e+00
2.366972400959910683e+00
2.366464329021110480e+00
2.366337339739928769e+00
2.366361460031300989e+00
2.365765185651266922e+00
2.365936178183593253e+00
2.365924787277803532e+00
2.365180342629988886e+00
2.364381041452463528e+00
2.365250964825392987e+00
2.364345858674326895e+00
2.363779219208577143e+00
2.363580646228852888e+00
2.362928050931575985e+00
2.362911038823216181e+00
2.362693861591735445e+00
2.363207931221415148e+00
2.362067245527667225e+00
2.361914160294554588e+00
2.360867161653003699e+00
2.362045207803185942e+00
2.360340865148547795e+00
2.359773938650368663e+00
2.360901824810183403e+00
2.358442073720193655e+00
2.360524536367602177e+00
2.359142189766879394e+00
2.359494468600881412e+00
2.359282007861822184e+00
2.357670794337308084e+00
2.358742916051537630e+00
2.358736672000167456e+00
2.357870304199917832e+00
2.356570772097053901e+00
2.356149970751724609e+00
2.356731478032100036e+00
2.356051551753116424e+00
2.355203758448249918e+00
2.354927080829094965e+00
2.355581659954012697e+00
2.353818334646009092e+00
2.354464332730529019e+00
2.354234853635534641e+00
2.352775549536036959e+00
2.353783058465854783e+00
2.351671199579148830e+00
2.353524324865789552e+00
2.352022314928817082e+00
2.351565265376115654e+00
2.350977014493033757e+00
2.351119348725276392e+00
2.350833487421749801e+00
2.351038223287548412e+00
2.351398037064600377e+00
2.351014548869443388e+00
2.349757311597644449e+00
2.348606047436851085e+00
2.349403017952344630e+00
2.348711012414204102e+00
2.348199263276873783e+00
2.347951433345700334e+00
2.347189347781863056e+00
2.346974711329158580e+00
2.348071331365965353e+00
2.346853020095027276e+00
2.347307859726948109e+00
2.346541439575070331e+00
2.345235162250217886e+00
2.346160937492534071e+00
2.345572939654749778e+00
2.344977620611043090e+00
2.345440954743382544e+00
2.345030641142062944e+00
2.344561280162404948e+00
2.343670185705961195e+00
2.344449482869511048e+00
2.344180412196144037e+00
2.343017416987712931e+00
2.342936741390605704e+00
2.342546448414703608e+00
2.342548753787460303e+00
2.341761160100496841e+00
2.341592230300061583e+00
2.340835113373173737e+00
2.341743434657032719e+00
2.341177511201430139e+00
2.341228450407333739e+00
2.340281249721175350e+00
2.339263853387187897e+00
2.340316249091324963e+00
2.339545961350729009e+00
2.340420465943616524e+00
2.338596236461202960e+00
2.338796817505161219e+00
2.339155555899188332e+00
2.337973917026932025e+00
2.338761734583966412e+00
2.337580805242489124e+00
2.336895438306761275e+00
2.338144622686217478e+00
2.336707867958405682e+00
2.336251245278841093e+00
2.336526327252260504e+00
2.336368362733739268e+00
2.336157133508402151e+00
2.334977332618781265e+00
2.334910761647974731e+00
2.335814226348501776e+00
2.334314421927144778e+00
2.334678478110161937e+00
2.334359193607357330e+00
2.333896431257997062e+00
2.333341272245438081e+00
2.333390907488778421e+00
2.333330198294112812e+00
2.333354664971078130e+00
2.332469127004427545e+00
2.332059743942983321e+00
2.331333516949835261e+00
2.331752681240048197e+00
2.332327987252467150e+00
2.330831487528779444e+00
2.330907008185873153e+00
2.331182529366104816e+00
2.330126485608188691e+00
2.331525567410033695e+00
2.329566555531436212e+00
2.330380274547040553e+00
2.329748956106093782e+00
2.329788881966707859e+00
2.329066791042111895e+00
2.329091168097809028e+00
2.328853630943526376e+00
2.328107216408156876e+00
2.327923795919831118e+00
2.328382696284243103e+00
2.328473260288808966e+00
2.327315664003019702e+00
2.327298577540731550e+00
2.327520618513561512e+00
2.326984177572434476e+00
2.326384354053906200e+00
2.326970066092743483e+00
2.326487290123231855e+00
2.325311938163536762e+00
2.325483285767964592e+00
2.325849137182105952e+00
2.325444264785970550e+00
2.325210945768513060e+00
2.324510560659717839e+00
2.325141658182986237e+00
2.324396847919216302e+00
2.323348049316354302e+00
2.323791950362500192e+00
2.324127749562257428e+00
2.323851965453097801e+00
2.322857836467895343e+00
2.323597972590826011e+00
2.323335288073003380e+00
2.322741047611275089e+00
2.323316236805301305e+00
2.321611180742042091e+00
2.321857415384839474e+00
2.322507023359023925e+00
2.321245291042202563e+00
2.321339390923077506e+00
2.321582270408183657e+00
2.320912305148720822e+00
2.320693782300522923e+00
2.320805127489374176e+00
2.320325947097641617e+00
2.319679758965119021e+00
2.319150454574633535e+00
2.319466191530384691e+00
2.318771415359767829e+00
2.319885330024414660e+00
2.318904353870815616e+00
2.318419733882180367e+00
2.318318969180124700e+00
2.318673664469634854e+00
2.318199969037024744e+00
2.317019599417370568e+00
2.317104163206663348e+00
2.316793641761237144e+00
2.317141644973786274e+00
2.316698779190539792e+00
2.316237411953285363e+00
2.315858717628640040e+00
2.316054719141920515e+00
2.315007298212417464e+00
2.314743302563062155e+00
2.315481583252173792e+00
2.315712146692239681e+00
2.314712683323438380e+00
2.314419117063605036e+00
2.314705526101641375e+00
2.313464090663145623e+00
2.314207259598410893e+00
2.313714489444059108e+00
2.314146548153862781e+00
2.313057291505893787e+00
2.313534736175177908e+00
2.313333151146701017e+00
2.312767161281413575e+00
2.312699628517252304e+00
2.311736594421130331e+00
2.312192229151444511e+00
2.311857041963794490e+00
2.312034676661263166e+00
2.311481054034472571e+00
2.310560906149131899e+00
2.311428517347199119e+00
2.310522613554069071e+00
2.310838131949644492e+00
2.310409025498590729e+00
2.310150768119974440e+00
2.310020180007116952e+00
2.310183665710096257e+00
2.309584738680746430e+00
2.309472614445825744e+00
2.309271798088036842e+00
2.308936598985300570e+00
2.309182673349099879e+00
2.309275368898476621e+00
2.308288789435753774e+00
2.308817007584986758e+00
2.308636591700754526e+00
2.307806522018533091e+00
2.308021333986146839e+00
2.308094828780317354e+00
2.307773433233144544e+00
2.307878438497117379e+00
2.307492605087217541e+00
2.306456338715429322e+00
2.307287911141063130e+00
2.307030834795486651e+00
2.305766032442606583e+00
2.306335770839952559e+00
2.306818268494218671e+00
2.305654244796016883e+00
2.305962945087558946e+00
2.305717772726656900e+00
2.304798522171658259e+00
2.305909166399896737e+00
2.305138479696418496e+00
2.305620986563261088e+00
2.304786760591142958e+00
2.304630289596219850e+00
2.304368700155187799e+00
2.304813221015443059e+00
2.304214895345243708e+00
2.302376757235216953e+00
2.303896973765536149e+00
2.304126224721802618e+00
2.303309558676635671e+00
2.303311522969204717e+00
2.302593329365307806e+00
2.303400047384787985e+00
2.303011807819642875e+00
2.303578547149450984e+00
2.302797808630023813e+00
2.303027254914284949e+00
2.303047770843762887e+00
2.301784491048052050e+00
2.301419348510612028e+00
2.301786738746226302e+00
2.301129478140375717e+00
2.301335109483795272e+00
2.301427750654147619e+00
2.300876375648728711e+00
2.299308527329259721e+00
2.300701283249524831e+00
2.300142532486487923e+00
2.299723293191639595e+00
2.299672105199292993e+00
2.299743992564917683e+00
2.298689413637927448e+00
2.298937052649483448e+00
2.298981997715495940e+00
2.299068856801854022e+00
2.297769686393008381e+00
2.298926538213776016e+00
2.297726503389505570e+00
2.297439115313492763e+00
2.297093678141249651e+00
2.297672570821030380e+00
2.297535994006790538e+00
2.296805815310221544e+00
2.296751868902538796e+00
2.297020850881317244e+00
2.296002782318324886e+00
2.296658408240550120e+00
2.295537740499537183e+00
2.296138796544938465e+00
2.295757865674107112e+00
2.295235537900478295e+00
2.294718216632256169e+00
2.295500011480561930e+00
2.294863086752389592e+00
2.294679794559559394e+00
2.293911753302899648e+00
2.294104491603583096e+00
2.293689825534928950e+00
2.294189364601190384e+00
2.294004548619267059e+00
2.293533492400908091e+00
2.293624090942488980e+00
2.293725816566443143e+00
2.292141188481779945e+00
2.293430210444973749e+00
2.292278603018197192e+00
2.292714338340882563e+00
2.291284279615652064e+00
2.292396164290477323e+00
2.292235236507525808e+00
2.291616566611252015e+00
2.290514041251136224e+00
2.292089541917122997e+00
2.291365376716865576e+00
2.291817216808848201e+00
2.290968278006560777e+00
2.291189021723392560e+00
2.290757540631791933e+00
2.291339849024666808e+00
2.290355755460075304e+00
2.290644269113530918e+00
2.290899681810124822e+00
2.290176198778079542e+00
2.290430237144028158e+00
2.288992079730311158e+00
2.289600933446016118e+00
2.289279056003046708e+00
2.289423462177829993e+00
2.289042897016039912e+00
2.288705039336119018e+00
2.289266046906605290e+00
2.288349890742934711e+00
2.288238092128708434e+00
2.288277064050595833e+00
2.287562635629217134e+00
2.287607357412485776e+00
2.287443172114957068e+00
2.287370612818315774e+00
2.286642926726445424e+00
2.286939379975990949e+00
2.285399877558569326e+00
2.286505485882104338e+00
2.285610275357167875e+00
2.285919975997534603e+00
2.285240728972001811e+00
2.285027219117774511e+00
2.284310284267417668e+00
2.284316784402509182e+00
2.285337645482780733e+00
2.283119616386672046e+00
2.283950881372641017e+00
2.283102506662143316e+00
2.284122886430954846e+00
2.282358677419159765e+00
2.284008065948574195e+00
2.282999171757835732e+00
2.282684334411084315e+00
2.282895864462061386e+00
2.281151393362048641e+00
2.282282030350421653e+00
2.282356777315811325e+00
2.281696375993706116e+00
2.281694236360861439e+00
2.280395785056420266e+00
2.281726411523735898e+00
2.281001815043981917e+00
2.281340803843007858e+00
2.280646343717045443e+00
2.280342503761986439e+00
2.281104339098213529e+00
2.280295003794682973e+00
2.279353355451552154e+00
2.280894999653054533e+00
2.279366499821236847e+00
2.279956501504202482e+00
2.279430608407609693e+00
2.279196619197514817e+00
2.278645654286471700e+00
2.279462348000670158e+00
2.278718261685723334e+00
2.279202154141013015e+00
2.278611000247063867e+00
2.278312753542663938e+00
2.278731295810998869e+00
2.279018631190736333e+00
2.277710427473941035e+00
2.277365042907015358e+00
2.278756713772398079e+00
2.276147461060644694e+00
2.277947362122572539e+00
2.276915663190890893e+00
2.277588996061189253e+00
2.276659390489572665e+00
2.277632143640759388e+00
2.276434943696046265e+00
2.277079096613513265e+00
2.276398354411921066e+00
2.276067280627938949e+00
2.275882310448226864e+00
2.276193315931972272e+00
2.275195127709491505e+00
2.275695465372742810e+00
2.275814697049564739e+00
2.275861454916526583e+00
2.274734239342140363e+00
2.275240331332980759e+00
2.275046033495168984e+00
2.274379624928590804e+00
2.274079972413193040e+00
2.274518606916908325e+00
2.274181449860685600e+00
2.273935639115594487e+00
2.273285035398438403e+00
2.274026336477686705e+00
2.273840062625158698e+00
2.272983525224097523e+00
2.273500299537582148e+00
2.272496876941568988e+00
2.273052999388717854e+00
2.273090073481462525e+00
2.272030909318953018e+00
2.272402054392240967e+00
2.272898299587323478e+00
2.271410531901679963e+00
2.272227724076135491e+00
2.271279199395875192e+00
2.272018350572574175e+00
2.271123749668295222e+00
2.271407921994029078e+00
2.270839468146334195e+00
2.271716495272170899e+00
2.271128306822812526e+00
2.270157723905755098e+00
2.270962017170465419e+00
2.270642670928835205e+00
2.270279613055920631e+00
2.270185448126080807e+00
2.270223228630602552e+00
2.269384175920344138e+00
2.270257848331542316e+00
2.269354171961852629e+00
2.268955976429499088e+00
2.269436117048041712e+00
2.269207169572616145e+00
2.268616188814972734e+00
2.269167650157459803e+00
2.268164026277196932e+00
2.269216073475120776e+00
2.268231831549274435e+00
2.267728889583519258e+00
2.267626472113116076e+00
2.268266985926148838e+00
2.267171779906636431e+00
2.267551634143955219e+00
2.267400268398155561e+00
2.267612577507595706e+00
2.266954947051387670e+00
2.266753543628661216e+00
2.266893113677113991e+00
2.267010382749757635e+00
2.267028770722145037e+00
2.266161225108586752e+00
2.265726425613014072e+00
2.267443368905231349e+00
2.266004724586671681e+00
2.266115001001991924e+00
2.265592965664815051e+00
2.266186034036030694e+00
2.265018310654083766e+00
2.265641237218210424e+00
2.265339859348567852e+00
2.265081351934023601e+00
2.264872938523286638e+00
2.265346267683392423e+00
2.264956140718951794e+00
2.264483334121867308e+00
2.264022690101407331e+00
2.264677373009456485e+00
2.263738931936035925e+00
2.264186631602036481e+00
2.263899693947850622e+00
2.263142877090119853e+00
2.263407830921960073e+00
2.263379764629633417e+00
2.262825489740958762e+00
2.262978482102050659e+00
2.262805990563659275e+00
2.262417077728960280e+00
2.261951185956510901e+00
2.262954730577093176e+00
2.262566208955771874e+00
2.261551359943848816e+00
2.262294229962201975e+00
2.262124577168663997e+00
2.262112586246619372e+00
2.262128909188927839e+00
2.261190323122946655e+00
2.261304354776829673e+00
2.261775251833232137e+00
2.261744134648680848e+00
2.260934000504378538e+00
2.261769837038843711e+00
2.260758218896395721e+00
2.260629196350986359e+00
2.260737659181836889e+00
2.261009883333025439e+00
2.260824960257414862e+00
2.260201896431647928e+00
2.260343568957797089e+00
2.259646749474653493e+00
2.260086087407435773e+00
2.259871575846943870e+00
2.259591999617981184e+00
2.259488486491429082e+00
2.259364687779629399e+00
2.259338402478724195e+00
2.259426831669510527e+00
2.258465065131237903e+00
2.259090635576929795e+00
2.258842288588211122e+00
2.258898190320429489e+00
2.257931588080692276e+00
2.258108760347752320e+00
2.257416095727505567e+00
2.258186096228588458e+00
2.258369102216998048e+00
2.257574559034974282e+00
2.258208882004715701e+00
2.257293471213861924e+00
2.256758254489522386e+00
2.257671707948617712e+00
2.257046768262901626e+00
2.256237104185852438e+00
2.257245001256830363e+00
2.257332788582679051e+00
2.255791940961157760e+00
2.257359419127400013e+00
2.257013120610108725e+00
2.256158792245104738e+00
2.256818347466311270e+00
2.256860512561725596e+00
2.255607841485143705e+00
2.255696649411498278e+00
2.256247603454383910e+00
2.255796310398456406e+00
2.255411934035271404e+00
2.255444660526733092e+00
2.255938733517868666e+00
2.254917499806532444e+00
2.255439081653706435e+00
2.254898573275335938e+00
2.255469491333071286e+00
2.254279737583368970e+00
2.254669613778156112e+00
2.255345464351641294e+00
2.254289938674221450e+00
2.253683027271543349e+00
2.254819088580663600e+00
2.254506883934474182e+00
2.253722134535191213e+00
2.252880551825168887e+00
2.254149895691885508e+00
2.253628356328305049e+00
2.253013914383899863e+00
2.253435813338166671e+00
2.253192393010892136e+00
2.253121810400092517e+00
2.252874683131114164e+00
2.252861334484261402e+00
2.252688576889956718e+00
2.252282452291531456e+00
2.251820479313960455e+00
2.252614783407843380e+00
2.252021021337816897e+00
2.251738316003657925e+00
2.252068829684575224e+00
2.251985655494692207e+00
2.251352434278734105e+00
2.251073316855814799e+00
2.251490763125080008e+00
2.251154927508117964e+00
2.250540768537552250e+00
2.250307855837883952e+00
2.250811295514025812e+00
2.251071954855854873e+00
2.250390921702124736e+00
2.250377477435780982e+00
2.250950407872195580e+00
2.249500143737626079e+00
2.249784222865457206e+00
2.250262090154248273e+00
2.249199868874956820e+00
2.249643513422877827e+00
2.249627868212728643e+00
2.249421679651320449e+00
2.248690413793919873e+00
2.249908262975417905e+00
2.248692356091773537e+00
2.248554846959623710e+00
2.248858665783938005e+00
2.249127259781675381e+00
2.247501761204678150e+00
2.248626291406688793e+00
2.247808338372275561e+00
2.248579092309786809e+00
2.247789480217418312e+00
2.247264624969641300e+00
2.247723373716736361e+00
2.247529450589766054e+00
2.247343793035708082e+00
2.247212682418865182e+00
2.247168646787958579e+00
2.246992889262356297e+00
2.246688924849739255e+00
2.246567700754718455e+00
2.246627904656659958e+00
2.246469942730997094e+00
2.246606545825732493e+00
2.246749357316639273e+00
2.246114622053188459e+00
2.245386599344615153e+00
2.246131931343885668e+00
2.245678125981183104e+00
2.246042033885273792e+00
2.246346199131395327e+00
2.245440660393891452e+00
2.245933846119605892e+00
2.245290175950161338e+00
2.245162302111650021e+00
2.245353470819534181e+00
2.244877746552548015e+00
2.245286318114586788e+00
2.245063454249125012e+00
2.244118511456989040e+00
2.244993417803622826e+00
2.245308983709176420e+00
2.244246610716675416e+00
2.243993554675583812e+00
2.244531250171347470e+00
2.244954599555592178e+00
2.244738893213886310e+00
2.244204374021230297e+00
2.243308817433838254e+00
2.243995057007059479e+00
2.244591477973079563e+00
2.243498755965263491e+00
2.243903190592420049e+00
2.243786510180542759e+00
2.243455536292974450e+00
2.243119720586881360e+00
2.242668721338807902e+00
2.243209976728790078e+00
2.243359210719392483e+00
2.242606447394515978e+00
2.243444648638772687e+00
2.242558157235980953e+00
2.243093872957667934e+00
2.242432117270168224e+00
2.243183147027035584e+00
2.242350608124237699e+00
2.242089813737407233e+00
2.242310906617660304e+00
2.242456598243542487e+00
2.242013802382110566e+00
2.242010399517254005e+00
2.241510728139425535e+00
2.242068279997381897e+00
2.241183638510363174e+00
2.241988775340013174e+00
2.241335129752135114e+00
2.240203071276110958e+00
2.241199264413041181e+00
2.241205889323594658e+00
2.240524824030146522e+00
2.240623608792683630e+00
2.240697662779796762e+00
2.241117604700276100e+00
2.240269619213031582e+00
2.239954622347772872e+00
2.240419256052075703e+00
2.239517722053239179e+00
2.239613708548390481e+00
2.239363300688255176e+00
2.239177683478791980e+00
2.239232234670663679e+00
2.239063512295984992e+00
2.239059973127777159e+00
2.239438205472196852e+00
2.238720036274977954e+00
2.238560029645999094e+00
2.238309907626306661e+00
2.237411321046271606e+00
2.238569182342536212e+00
2.237726202041810719e+00
2.238146709296097381e+00
2.237544165092683723e+00
2.238130560957038551e+00
2.237054718392281316e+00
2.237427363830339466e+00
2.236213668944651012e+00
2.237492014914693073e+00
2.237007291600412007e+00
2.236516844861796027e+00
2.236714022854421557e+00
2.236872768601223083e+00
2.236937059008869522e+00
2.236281748146251136e+00
2.236200552384413953e+00
2.236452219196740643e+00
2.236213513711640122e+00
2.235586329887497392e+00
2.235657332585194279e+00
2.236325325082454629e+00
2.235731750558104469e+00
2.235629912912250994e+00
2.235412976860111645e+00
2.235485257373308610e+00
2.234965075071884133e+00
2.235448018786542423e+00
2.234538601083207343e+00
2.234936115853949357e+00
2.235024786600436908e+00
2.234478348721119723e+00
2.234033278395075595e+00
2.234620043581231119e+00
2.233928831099319279e+00
2.234705749075325709e+00
2.233882851194886943e+00
2.233944455365740378e+00
2.233722500651334375e+00
2.233953610271704360e+00
2.233516896580507893e+00
2.233950996901122199e+00
2.233218536464632642e+00
2.232543642808002549e+00
2.233945124018950512e+00
2.232978032062844509e+00
2.232628066689874569e+00
2.232714770254579761e+00
2.232263777020046192e+00
2.233013843530907483e+00
2.231953319351871468e+00
2.232576877252675729e+00
2.231746541856797439e+00
2.232519530905062499e+00
2.231100759497170571e+00
2.231796872884890703e+00
2.231530280569420821e+00
