1.534052409595956988e+03
4.751734164218040064e+02
3.134587359177026542e+02
2.771499406294426535e+02
2.499761271914553902e+02
2.261357999828057643e+02
2.022023170280909596e+02
1.784798528692986395e+02
1.548527316987591007e+02
1.298340963278977824e+02
1.019306280483160805e+02
7.360415354947200228e+01
5.222421849592758036e+01
4.023622429904036579e+01
3.386653536143534637e+01
3.003118319510643630e+01
2.731406273004783714e+01
2.513914366896653618e+01
2.327498213232334479e+01
2.161068045520086400e+01
2.008185603079430948e+01
1.866110025327332878e+01
1.734741484455573968e+01
1.613688265727639504e+01
1.502135809954080692e+01
1.400398013523039253e+01
1.309710451291309319e+01
1.230062157098984521e+01
1.160323634028535089e+01
1.099677547064944427e+01
1.047086363414570798e+01
1.000775811009412308e+01
9.604000631069231630e+00
9.259247278149265625e+00
8.951714130716842632e+00
8.676912512240305020e+00
8.432881459476766040e+00
8.206038838774267319e+00
7.997595112519547911e+00
7.812142695208390109e+00
7.639410423756415547e+00
7.480243323369396791e+00
7.328904763857717164e+00
7.191153531422391332e+00
7.062679903337784282e+00
6.936055429882869383e+00
6.817673466958024342e+00
6.705185425823373180e+00
6.601321136586970617e+00
6.499852380533966745e+00
6.403080556530938772e+00
6.308814376480166963e+00
6.219301556682341747e+00
6.133912966449542203e+00
6.055016300398713192e+00
5.977446395668604140e+00
5.902074188294044177e+00
5.829615035121022970e+00
5.758748567031390486e+00
5.690745426831374409e+00
5.627180743180185907e+00
5.566611571885527354e+00
5.507260214856402492e+00
5.449807204253620974e+00
5.392666013938200997e+00
5.335947097822349328e+00
5.284202962654993563e+00
5.233037463216480667e+00
5.181218212018113611e+00
5.130512542164596290e+00
5.082620991547966760e+00
5.034002075052574021e+00
4.986719121529382015e+00
4.941714983475679723e+00
4.899062978025386705e+00
4.857646322646031578e+00
4.816828576964039321e+00
4.775996971861435014e+00
4.736251787265790547e+00
4.699155760447981223e+00
4.662993479023721299e+00
4.627505904786348268e+00
4.595019918944536208e+00
4.563149388766948533e+00
4.530905665863270926e+00
4.500288137721082826e+00
4.469175896573410078e+00
4.441202595557963484e+00
4.414223260975133734e+00
4.387621923912678135e+00
4.361193654669984987e+00
4.336109797257104326e+00
4.312168564737164367e+00
4.289810392141380824e+00
4.267156985565995875e+00
4.246746814152390748e+00
4.225494719364206730e+00
4.203795317225744732e+00
4.183982294306029637e+00
4.163392138820499966e+00
4.142859497941555169e+00
4.122203313558439497e+00
4.102980076417278354e+00
4.084373447573494964e+00
4.066075007657098617e+00
4.047165768314432199e+00
4.028617197132333239e+00
4.010904799716951352e+00
3.994989896802122242e+00
3.978904283878655246e+00
3.965420978378476846e+00
3.948501286261411281e+00
3.936243964428561171e+00
3.921395110693202124e+00
3.907602834286777238e+00
3.895653014037941730e+00
3.882158939052619662e+00
3.869999407551858894e+00
3.858222826195913058e+00
3.846465048183297153e+00
3.834968458937888069e+00
3.824472727937497041e+00
3.812425102672955646e+00
3.802223655151570014e+00
3.792507873991135536e+00
3.782978921373101766e+00
3.772603972115417204e+00
3.763434584876570455e+00
3.753905234022822501e+00
3.746165987358024196e+00
3.736408790851170725e+00
3.728033669367045722e+00
3.720669668678070252e+00
3.710281396884277161e+00
3.702158163940172830e+00
3.693229572580317921e+00
3.685915936557009775e+00
3.677141967969301373e+00
3.669425526804885873e+00
3.661497079490959816e+00
3.654328163465528689e+00
3.646656476201519670e+00
3.638000971055274757e+00
3.630530388683481657e+00
3.624036298739056861e+00
3.616027127256909335e+00
3.611646017291240351e+00
3.603489778326945725e+00
3.596511548018353377e+00
3.589180211928688635e+00
3.580990953354145301e+00
3.573478440670549983e+00
3.566484423818516714e+00
3.560052272054326838e+00
3.553033188317857860e+00
3.546125754967504928e+00
3.540505662427372524e+00
3.533879995750564884e+00
3.528014947993128647e+00
3.522662055310129769e+00
3.516807489820990895e+00
3.509617426575781796e+00
3.504212323126513429e+00
3.498528245243830881e+00
3.492755819277055807e+00
3.486913635320843863e+00
3.481132047593477719e+00
3.474839656345830363e+00
3.469284885410167885e+00
3.463191379809966719e+00
3.457346781330773666e+00
3.451342946537542034e+00
3.445653128257474496e+00
3.441316542662876898e+00
3.436349984310735461e+00
3.429863057223952794e+00
3.426891749934425579e+00
3.420932279435695111e+00
3.415849842131249314e+00
3.411021081942096966e+00
3.406354584099446470e+00
3.400760132237913513e+00
3.396623555949357165e+00
3.391696093913596499e+00
3.388490241222750665e+00
3.383332599409962782e+00
3.379244776224975766e+00
3.374066160808413262e+00
3.370126576114973016e+00
3.365397737051034621e+00
3.359736005522065749e+00
3.354661331772880839e+00
3.349640633023569958e+00
3.346444815990636812e+00
3.340793616963546597e+00
3.338177844497236979e+00
3.332533939890531371e+00
3.329577316985417479e+00
3.325313610118744378e+00
3.321396430305108893e+00
3.317288410145810218e+00
3.312133731368411826e+00
3.308540109955442343e+00
3.304040057779442208e+00
3.300751220401217711e+00
3.298169803885537821e+00
3.293533839419806153e+00
3.291136228045742129e+00
3.285898640655437575e+00
3.282901383439377430e+00
3.279105387741502842e+00
3.276008714560072033e+00
3.271435650649683780e+00
3.268564781732230529e+00
3.265355428829610052e+00
3.260903585502463731e+00
3.256548820497370045e+00
3.253867924808678591e+00
3.250827241697402670e+00
3.245186116680181865e+00
3.242338947772841262e+00
3.239022993260216143e+00
3.236358263568560378e+00
3.231747338799037195e+00
3.227816442127700913e+00
3.225386856221188037e+00
3.221410853666093033e+00
3.218169311939734545e+00
3.215176040002606594e+00
3.210639850517548410e+00
3.208370569655738525e+00
3.203655138451523499e+00
3.200786960460284991e+00
3.198223180208996208e+00
3.193092040085214744e+00
3.190386556485251379e+00
3.188262378022562515e+00
3.184835432324172100e+00
3.180519195453012316e+00
3.177984995748643016e+00
3.174772074578646741e+00
3.172789385960286257e+00
3.169057515474221987e+00
3.166810233957454646e+00
3.165136881388304513e+00
3.160570070702118262e+00
3.158204486721176263e+00
3.155210406332834339e+00
3.153118398670358147e+00
3.150290091189586139e+00
3.146219337675351557e+00
3.143700354752732906e+00
3.141977035803997342e+00
3.137244617962860360e+00
3.134701621692762785e+00
3.132035908763532550e+00
3.129441062143250463e+00
3.125100170365355368e+00
3.123437049517601594e+00
3.119818215003276496e+00
3.116582364647225933e+00
3.115599973187287208e+00
3.110510485242448109e+00
3.108495254668188323e+00
3.106082881641500482e+00
3.103228375432191211e+00
3.100763884387379488e+00
3.097979353623533161e+00
3.095316686138223528e+00
3.091001617943598845e+00
3.088386115424349487e+00
3.085761988254324795e+00
3.083235430050789372e+00
3.082221222626909896e+00
3.078627692680856232e+00
3.076637347122570976e+00
3.072876919768396942e+00
3.070794149237520809e+00
3.069085418892980588e+00
3.066688682257149523e+00
3.064779213743777930e+00
3.061999151550804044e+00
3.058378313934879245e+00
3.057071682900001974e+00
3.052501914520616477e+00
3.049908962928583378e+00
3.047866822064472903e+00
3.043591598337133330e+00
3.040944284888938753e+00
3.038943238561935711e+00
3.037056152411058196e+00
3.034506329088991539e+00
3.031429951907246068e+00
3.029109300870766130e+00
3.026504694401460416e+00
3.022923703919778049e+00
3.020569086293960481e+00
3.017513622447154376e+00
3.013243869470384695e+00
3.010351700872587077e+00
3.008583197464039571e+00
3.005521085800937797e+00
3.001600030535735542e+00
2.999532070108893222e+00
2.995748871380293554e+00
2.993874153859034326e+00
2.990392138884859552e+00
2.986079594211547672e+00
2.984979670683876929e+00
2.981106267442001911e+00
2.977671344263622455e+00
2.975917644648886640e+00
2.972365807759368206e+00
2.969579119166279479e+00
2.968151621376697857e+00
2.964702965245447519e+00
2.961817132201472358e+00
2.959411516872880288e+00
2.956183408256455536e+00
2.953256406166544057e+00
2.950423829148561605e+00
2.947755250336796973e+00
2.946025392266957255e+00
2.943042699946503138e+00
2.941029070390777544e+00
2.939892790609828666e+00
2.935800952806228548e+00
2.934606486693029925e+00
2.931593004949590409e+00
2.929053102929495278e+00
2.927991477928405306e+00
2.924454351117777851e+00
2.921705514867500408e+00
2.919167634467149330e+00
2.916109237876180149e+00
2.915847739327889432e+00
2.911879265764328650e+00
2.909639654374474471e+00
2.909836913118527324e+00
2.905765070237665171e+00
2.904710732785825922e+00
2.901761259078657229e+00
2.899626825754277437e+00
2.898125877462080613e+00
2.895901531555780561e+00
2.893944375149207104e+00
2.891564049298131156e+00
2.890352552964840172e+00
2.888144665450125714e+00
2.885669199201547741e+00
2.883231164295922966e+00
2.882804702143156650e+00
2.879209470220147171e+00
2.876864568793495280e+00
2.875966459664075714e+00
2.871933055896314091e+00
2.869897814317750484e+00
2.869104926272491252e+00
2.864800120588667287e+00
2.863718824942562691e+00
2.861182389402691317e+00
2.858709859175422974e+00
2.855925429162236018e+00
2.854668253572961500e+00
2.850997274219516431e+00
2.849590184587569741e+00
2.847654229869366560e+00
2.845483486156804798e+00
2.842588286969316869e+00
2.840469945270618357e+00
2.838163039923774278e+00
2.836386120169692049e+00
2.833853068462202085e+00
2.830960526293703428e+00
2.830867747273412949e+00
2.828683174821870150e+00
2.825975636480520858e+00
2.824728856983234504e+00
2.822823279945492647e+00
2.820873988710729474e+00
2.818364656964810866e+00
2.818063384540582916e+00
2.814834986017208163e+00
2.813931844864048681e+00
2.811121132237802911e+00
2.809099391375407873e+00
2.807401177382708557e+00
2.805514868607233314e+00
2.802542630574732296e+00
2.801194543964282690e+00
2.799923714055914559e+00
2.797781351659569538e+00
2.795496383756454151e+00
2.794587179728766912e+00
2.791836325860705070e+00
2.791100297091643423e+00
2.788800115739626051e+00
2.787119592656928546e+00
2.785477991578154899e+00
2.784340122841586052e+00
2.782165675555128725e+00
2.780324919411058193e+00
2.777660528183890865e+00
2.776895100235833969e+00
2.774526003793106543e+00
2.771450170190409068e+00
2.771279847924168482e+00
2.769043154197004863e+00
2.767422258693944315e+00
2.765333496328053808e+00
2.763706880850312242e+00
2.761532037186066990e+00
2.760853261822558746e+00
2.758444881807378568e+00
2.757342510848140638e+00
2.754938496830678929e+00
2.753165523707316709e+00
2.751888055306261460e+00
2.749452588283839649e+00
2.748624127623525926e+00
2.746058285497938289e+00
2.744618888721529260e+00
2.742533514734814215e+00
2.740567748142698878e+00
2.738637861534546136e+00
2.737005855464652360e+00
2.735312087375374457e+00
2.733602943487657200e+00
2.732440865091687154e+00
2.730695166303327426e+00
2.729243471332239324e+00
2.727448568066733525e+00
2.726583854844087274e+00
2.725338989903280495e+00
2.723530209928355372e+00
2.722215294997201607e+00
2.720997033722098113e+00
2.718961776152143184e+00
2.718337126111974200e+00
2.716788852397542087e+00
2.715096634578562540e+00
2.714061829340889798e+00
2.712490578838275379e+00
2.711071990013206090e+00
2.709189893098275181e+00
2.708348967620915815e+00
2.707350426530079179e+00
2.705484111621717869e+00
2.704961543019223313e+00
2.703243028365983402e+00
2.701860243488253932e+00
2.700856610559050353e+00
2.699696057614993538e+00
2.699139924659473611e+00
2.697503092232733213e+00
2.696593877529807060e+00
2.695075328961420436e+00
2.694046391135488605e+00
2.692341751314453635e+00
2.692061317923527763e+00
2.690311816120555033e+00
2.689205573327106524e+00
2.687803590959180422e+00
2.686989125363296704e+00
2.685333474211039739e+00
2.683678430204828658e+00
2.682643048513963180e+00
2.682454098221036531e+00
2.681754838842858479e+00
2.679851867009860555e+00
2.678847058923853552e+00
2.677869891902272759e+00
2.676601746721525732e+00
2.675595665313263538e+00
2.674985561651469279e+00
2.673283365506076148e+00
2.672552817301745431e+00
2.671405776375662455e+00
2.670213771594390106e+00
2.669511774984963282e+00
2.667980733118445968e+00
2.666897489929031195e+00
2.666159854466105372e+00
2.665084278828677267e+00
2.664208497567260192e+00
2.662798235294224547e+00
2.662146182598824851e+00
2.660136344154771404e+00
2.659241439844139965e+00
2.658637026140092008e+00
2.657054214980109297e+00
2.656429017632343292e+00
2.655049527801031317e+00
2.654639412359171668e+00
2.653347299536944259e+00
2.652066728188093858e+00
2.651556779296657229e+00
2.650882212870695476e+00
2.649486734817097844e+00
2.648510168281096089e+00
2.647156130577481559e+00
2.646228350837532606e+00
2.645215912477637321e+00
2.644100530365266710e+00
2.642518342564361244e+00
2.641918474602359179e+00
2.640261562617738367e+00
2.639661954459890048e+00
2.638288549275214390e+00
2.637648534597953454e+00
2.636489319946056842e+00
2.635905282040168274e+00
2.634471552412789297e+00
2.633454938860587013e+00
2.632831175710578453e+00
2.631254369392820980e+00
2.630362771852128301e+00
2.629462629057144785e+00
2.628387917587403866e+00
2.627410908762848329e+00
2.626316049544346942e+00
2.625758958899599982e+00
2.624126720627306675e+00
2.623129000781579290e+00
2.622535458929291075e+00
2.621652159173103236e+00
2.620431006053564271e+00
2.619897750206752196e+00
2.618659647819723268e+00
2.617939578395045874e+00
2.617307718073138112e+00
2.616394864933239806e+00
2.615309258557414474e+00
2.614543928946219342e+00
2.613782989637838838e+00
2.613282423337500493e+00
2.611944764700290911e+00
2.611338770613806926e+00
2.610102256160809375e+00
2.609424898297691531e+00
2.607963232174615786e+00
2.607462379037691402e+00
2.605724369102652815e+00
2.605053366670416537e+00
2.604332631061795578e+00
2.603813078175906792e+00
2.602845215158942072e+00
2.602132544130587810e+00
2.600972369443102394e+00
2.600362013953858131e+00
2.599504199049927688e+00
2.598535050756989317e+00
2.597946683313918204e+00
2.596922619544280497e+00
2.595918938940086296e+00
2.595528809445992291e+00
2.594379154646112351e+00
2.594007106022189646e+00
2.593115007908248781e+00
2.592337264525415907e+00
2.591099950874225843e+00
2.590867357876203592e+00
2.589869411496259044e+00
2.588642993934445968e+00
2.588598004417440368e+00
2.588359202613912391e+00
2.586870050788727227e+00
2.586248667739208695e+00
2.585541068003487375e+00
2.584508586718461842e+00
2.584075825998267018e+00
2.583332569061348227e+00
2.582259054634305162e+00
2.581591728248376683e+00
2.580763123547526572e+00
2.580183220031094571e+00
2.579318667781612007e+00
2.578785580670105659e+00
2.577428034563323589e+00
2.576682332373064543e+00
2.575882645925145820e+00
2.575353395902133080e+00
2.574373239064069896e+00
2.573969167315219408e+00
2.573049065118611534e+00
2.572583215428136061e+00
2.572024564507306099e+00
2.571277738131837243e+00
2.570722241175312117e+00
2.569836999555672907e+00
2.568944108035215113e+00
2.568085586691108979e+00
2.567434428600355201e+00
2.566391772778318536e+00
2.565750477333013091e+00
2.565085929864562519e+00
2.563898799549258367e+00
2.563203910951711961e+00
2.562450085631132968e+00
2.561596268821701550e+00
2.561025676709170806e+00
2.560343537281263515e+00
2.559853937506689103e+00
2.559220474339472862e+00
2.558531080320503914e+00
2.558450776290171813e+00
2.557431663048634451e+00
2.556964407484930923e+00
2.556386421239465356e+00
2.555741381954058866e+00
2.555555036900913457e+00
2.554495139332202402e+00
2.554228745865784411e+00
2.553179302350503388e+00
2.552739195672094841e+00
2.552108516999417986e+00
2.551033365195318314e+00
2.550629585478624062e+00
2.549777722216081344e+00
2.548836241641458056e+00
2.548505051228601381e+00
2.548219191899608216e+00
2.546810306284176040e+00
2.546746223899854833e+00
2.545490087974603632e+00
2.545503057706932193e+00
2.544520335214455642e+00
2.543820181839208328e+00
2.543624955270706423e+00
2.542959719144779918e+00
2.542534444481601152e+00
2.541869156327627000e+00
2.541386544459633523e+00
2.540704302003334636e+00
2.540251690763772885e+00
2.539249682892255056e+00
2.538997215223168791e+00
2.538710710579914487e+00
2.537750682993705542e+00
2.537048269271347412e+00
2.536740557373752925e+00
2.535883284783217118e+00
2.535682526838898720e+00
2.534747391292226926e+00
2.534298883850220285e+00
2.534069270020514075e+00
2.533150608467737985e+00
2.532795419956607841e+00
2.532063742129302852e+00
2.531405694449669230e+00
2.531183466534335569e+00
2.530106591160859342e+00
2.529722502984235177e+00
2.529096955924418300e+00
2.528752948430793346e+00
2.528041281463476064e+00
2.527170145031345960e+00
2.526880847825322629e+00
2.526356187669814624e+00
2.525941759318161228e+00
2.525158468880021267e+00
2.524423740941406091e+00
2.524235235508683228e+00
2.523735660828964722e+00
2.523252682834733474e+00
2.522885630296543447e+00
2.522789197460130861e+00
2.521919937858107197e+00
2.521158031294293611e+00
2.521000652750736482e+00
2.520071971649798126e+00
2.519642179257753245e+00
2.519274014017108154e+00
2.518718914590656777e+00
2.518211752728835240e+00
2.517482851884579986e+00
2.517359728220967430e+00
2.516675213897858310e+00
2.516035200067257893e+00
2.515374957726419058e+00
2.515221033877059309e+00
2.514225418366004661e+00
2.514274790299564799e+00
2.513306687038950660e+00
2.512983154160554289e+00
2.512283431789586796e+00
2.512313657749581708e+00
2.511113784041503205e+00
2.511118293761766207e+00
2.510764578791906398e+00
2.510184838843442012e+00
2.509542411433729026e+00
2.508983800772403239e+00
2.508927685599855462e+00
2.508206440688868000e+00
2.507994919746475926e+00
2.507605606631513329e+00
2.507127359443619863e+00
2.506690320463075938e+00
2.505982079011536801e+00
2.505380928420256392e+00
2.505006688180144270e+00
2.504507599089918823e+00
2.504379649812705555e+00
2.503903866235865472e+00
2.503180307002281335e+00
2.502709588618099890e+00
2.502813954016536169e+00
2.501789817734246579e+00
2.501484897937745089e+00
2.500787544009460017e+00
2.500252510567761544e+00
2.499567035531197856e+00
2.499864811159250966e+00
2.498816113782579063e+00
2.498588050599748200e+00
2.497993691878281020e+00
2.497334581509227824e+00
2.497345977766646907e+00
2.496398042881291968e+00
2.496696826932743196e+00
2.495801270550701556e+00
2.495543384482381999e+00
2.494560654056286353e+00
2.493652970739565156e+00
2.493809620905764302e+00
2.493843289957753395e+00
2.493606041907956428e+00
2.492934711599370079e+00
2.492151276551420214e+00
2.492028277958518334e+00
2.491340527404914518e+00
2.491015665973750348e+00
2.490442198346473734e+00
2.490161873817956728e+00
2.489633979330286184e+00
2.488880338161712391e+00
2.488640277128963962e+00
2.488219604660629081e+00
2.488008269679914619e+00
2.487208477363040071e+00
2.487795079693754019e+00
2.486408430408122872e+00
2.486125733018576867e+00
2.485486595413167077e+00
2.485422088542581953e+00
2.485634778588338811e+00
2.485145862047920318e+00
2.483545318178299155e+00
2.483335445732802516e+00
2.482408267246792200e+00
2.482417967430035954e+00
2.481940326795524232e+00
2.480904504846380032e+00
2.480941618665442494e+00
2.480544405123064511e+00
2.479564550979632020e+00
2.480721513231302300e+00
2.478687516462258156e+00
2.479020320804918409e+00
2.478160557685578969e+00
2.478003922321425190e+00
2.477389377444254581e+00
2.476936479389686863e+00
2.477230556009745399e+00
2.476181331169206246e+00
2.475609412544683252e+00
2.475928300257791204e+00
2.475305007826164694e+00
2.474135767861406432e+00
2.474235634914607740e+00
2.473412084861764448e+00
2.473280071845315842e+00
2.472183750462134455e+00
2.471799336865460273e+00
2.471411982713626276e+00
2.470232046793930270e+00
2.470200371281203733e+00
2.470416355539029496e+00
2.469717430073198106e+00
2.468918621162078164e+00
2.468773445127347088e+00
2.469322197541684361e+00
2.468228354584212525e+00
2.467318321737689502e+00
2.466659489016252316e+00
2.467378717642388697e+00
2.465987489096910235e+00
2.466125905955235620e+00
2.466197859739595710e+00
2.464161114883381742e+00
2.464650944582940095e+00
2.463974929410968961e+00
2.463763217072186595e+00
2.463749487130496796e+00
2.462813473991790847e+00
2.463017086277523138e+00
2.462215854658084790e+00
2.461263808371767947e+00
2.461340894474382424e+00
2.461108927954664960e+00
2.460114283976653216e+00
2.460111386955243784e+00
2.460128378262579574e+00
2.458503893214425418e+00
2.458471696655206262e+00
2.457965795327082148e+00
2.457548780280109479e+00
2.458007701324757210e+00
2.457557391811085790e+00
2.456700240416282544e+00
2.456256020785360761e+00
2.456295620366634402e+00
2.455260525325098531e+00
2.454548622360700261e+00
2.455572882591431583e+00
2.453266356926778524e+00
2.453820170244775500e+00
2.453243684306944505e+00
2.452800439697031987e+00
2.452543003838166591e+00
2.452370322903750566e+00
2.451838933984784141e+00
2.451321974545315197e+00
2.450784661589553881e+00
2.450437299829405724e+00
2.450055105395526400e+00
2.449848001235261030e+00
2.448534702675807306e+00
2.448624940003658157e+00
2.448096552639674517e+00
2.447939778853614357e+00
2.446913535027035458e+00
2.447924657850530927e+00
2.446046691135810747e+00
2.446747916386294186e+00
2.446061605792411608e+00
2.445540086621980524e+00
2.445902025949726610e+00
2.445190527530894276e+00
2.444563686739285924e+00
2.444228484332860329e+00
2.443547311283156720e+00
2.443848569710340257e+00
2.441918073672255662e+00
2.442340598748019342e+00
2.442570140322776862e+00
2.441298774096538615e+00
2.441458545723879769e+00
2.440521852890474186e+00
2.439266679902139412e+00
2.439720638862297619e+00
2.439267155451354085e+00
2.437526591667595444e+00
2.438704076975659607e+00
2.437601036799945664e+00
2.437258892338008742e+00
2.437080397043098312e+00
2.435970142247514847e+00
2.436436961666858192e+00
2.435004493621585109e+00
2.435298025857033366e+00
2.434972638622856067e+00
2.434658591947129747e+00
2.434468033995383252e+00
2.434082913121866643e+00
2.432661678683143425e+00
2.433113924733247835e+00
2.432771792407870226e+00
2.432340077436316417e+00
2.431678950775487902e+00
2.431383539755519241e+00
2.431595329286706519e+00
2.430664342495354013e+00
2.430588943390319390e+00
2.429212974824399129e+00
2.429947669962792656e+00
2.429571101568022140e+00
2.429254978036926804e+00
2.429038533176680392e+00
2.427328462294729761e+00
2.428189482704405044e+00
2.427811749461025403e+00
2.427153490559772475e+00
2.426793166044091787e+00
2.426433370048555638e+00
2.426812560842409816e+00
2.425969628286407609e+00
2.425739070356562443e+00
2.424533214554379867e+00
2.425047087174467819e+00
2.425509709488510079e+00
2.424336392239430094e+00
2.422912369205473038e+00
2.423592662622155558e+00
2.423534369867643701e+00
2.422710481322099874e+00
2.422958989954278497e+00
2.421613226389531359e+00
2.422517969379909264e+00
2.422013982249754172e+00
2.421411563077032536e+00
2.421291876142376509e+00
2.419906732390954662e+00
2.421115864885186930e+00
2.420805560324791994e+00
2.419619164276252565e+00
2.418605504873854617e+00
2.419348544373378207e+00
2.419114631093053358e+00
2.418057258464368253e+00
2.417660617591971484e+00
2.417780723701145273e+00
2.417911580783905556e+00
2.416866361135351582e+00
2.415565277538057387e+00
2.416573716151704687e+00
2.417119063111712762e+00
2.414521279258850406e+00
2.415612749805727599e+00
2.415115825954431639e+00
2.414522448523110931e+00
2.413262761552096514e+00
2.414385557582849451e+00
2.413378030391227558e+00
2.411616933117469497e+00
2.412519964239284498e+00
2.412565753424392945e+00
2.411644454503691026e+00
2.412277233281637567e+00
2.409760799906449424e+00
2.410846275820228701e+00
2.410548592752634445e+00
2.408963803705286733e+00
2.410289025471713753e+00
2.409498921687656114e+00
2.409473520279302949e+00
2.406843472344227131e+00
2.408326036881880849e+00
2.408579656418156301e+00
2.406974949944207687e+00
2.407846281187892234e+00
2.405968558405995328e+00
2.406520601190207831e+00
2.407048644165060480e+00
2.404823772014527350e+00
2.405914195048231452e+00
2.405430896743604219e+00
2.405252838321606301e+00
2.403682967478375065e+00
2.404557312369560496e+00
2.403611458671823353e+00
2.403229063339149540e+00
2.402514823359796825e+00
2.402948221210182922e+00
2.402304255714740489e+00
2.400894557000543550e+00
2.401534515548522375e+00
2.401310127319880028e+00
2.400654007366809228e+00
2.400280652094474387e+00
2.400291004151137830e+00
2.399346840152150051e+00
2.398366565013578811e+00
2.398893216377679938e+00
2.398545977281818953e+00
2.397548985300951063e+00
2.397193544861794923e+00
2.397236188475846408e+00
2.396629365782769749e+00
2.395353506080501571e+00
2.396696254233815715e+00
2.395141717019372063e+00
2.394604239741977114e+00
2.395511653370933747e+00
2.395259931093494110e+00
2.392809185824941842e+00
2.393708472882547067e+00
2.393473896742176699e+00
2.393048738485089810e+00
2.391047467868477217e+00
2.392801931933903337e+00
2.391589188222511542e+00
2.391358677969738000e+00
2.390138934662886516e+00
2.390123697070906328e+00
2.390523653496792189e+00
2.389098401835226593e+00
2.388373113860212449e+00
2.389972672979034929e+00
2.389066584037975005e+00
2.387015292403642075e+00
2.388371531921424928e+00
2.387225638332601818e+00
2.387444315057284605e+00
2.386547749545397057e+00
2.387256102298340732e+00
2.385766510717014288e+00
2.385059048768960022e+00
2.385895832122000293e+00
2.385586864393025142e+00
2.385609772717624200e+00
2.383805768654625457e+00
2.384416172378891474e+00
2.384193735527234459e+00
2.382841621305104240e+00
2.383839837702502518e+00
2.383677654124392919e+00
2.382105623256194793e+00
2.382230730232774096e+00
2.382427143379078238e+00
2.381289841969592924e+00
2.382231522261342160e+00
2.382298313455067706e+00
2.379774733271538434e+00
2.380385302463342789e+00
2.381048914750851786e+00
2.380118201636621134e+00
2.380108425460379262e+00
2.378824179485954815e+00
2.378171441817783727e+00
2.379290267273220572e+00
2.378235637743743691e+00
2.377563340595148400e+00
2.377817485522058849e+00
2.377072304894686017e+00
2.376305545112793016e+00
2.377158133666962936e+00
2.376436265646640678e+00
2.375844046852118918e+00
2.375489258993310759e+00
2.375859681606802720e+00
2.373800822321266324e+00
2.374845505006333735e+00
2.374242251821965688e+00
2.373227131622569264e+00
2.373569601639527349e+00
2.373478466843580659e+00
2.372046430860761834e+00
2.373631739823238718e+00
2.371506107976116606e+00
2.371977254993644646e+00
2.371542176177135364e+00
2.371137856357950380e+00
2.371481113177666966e+00
2.370172501085288541e+00
2.368991205620105678e+00
2.370353988623706609e+00
2.369985259842930514e+00
2.368283555213344105e+00
2.368560288914039358e+00
2.367951807278617871e+00
2.366812473367872371e+00
2.368976269148168612e+00
2.367614956131662840e+00
2.366598530078602103e+00
2.367260944526404121e+00
2.366941356358940762e+00
2.366246083137662382e+00
2.366381558686192044e+00
2.366466284926277197e+00
2.364581123254885675e+00
2.365527430096483030e+00
2.365719223025576579e+00
2.363765970721360077e+00
2.364665896148361757e+00
2.364152767427774915e+00
2.363490257116134252e+00
2.363250272755808012e+00
2.363326479082644482e+00
2.362510500212599673e+00
2.363602300535542877e+00
2.363231647970810645e+00
2.361232327121950636e+00
2.362386727713285506e+00
2.361993385064845796e+00
2.361629706578672661e+00
2.360609302169010437e+00
2.361215288857363870e+00
2.360609746708438816e+00
2.359249090141225746e+00
2.360590076700710416e+00
2.360582220381539198e+00
2.358632798924297891e+00
2.359843635909538051e+00
2.359181069272479281e+00
2.359795840807366041e+00
2.357422101411417170e+00
2.359279207944185774e+00
2.358656864957551225e+00
2.357807823238292855e+00
2.357827161746210543e+00
2.357892511445733419e+00
2.357359537403924232e+00
2.357079152104366582e+00
2.357151479923756288e+00
2.356819110907332870e+00
2.356569692212681755e+00
2.355422356141780416e+00
2.356283110954461524e+00
2.356082183408542807e+00
2.354581274034675431e+00
2.355441085573658722e+00
2.355828650245185951e+00
2.353602826602698261e+00
2.355066586900506298e+00
2.354846070724410101e+00
2.354596310192199393e+00
2.352770705965088638e+00
2.353993968679552129e+00
2.353465908532324402e+00
2.353161686941211528e+00
2.353570968768530225e+00
2.351479357457188168e+00
2.352589811802590081e+00
2.351819100222841907e+00
2.352315129420956996e+00
2.351343531079556737e+00
2.351394456971841684e+00
2.351095809771629686e+00
2.351212972076714536e+00
2.349911449928514973e+00
2.350674774647324217e+00
2.350181260917479253e+00
2.350988561420652267e+00
2.348639093884694162e+00
2.349743321952811659e+00
2.349587091347963952e+00
2.350052253951626202e+00
2.347515324660379044e+00
2.349452237896939355e+00
2.348478394500583821e+00
2.348465127496278892e+00
2.348480454143004437e+00
2.347695703259437217e+00
2.348401108365194556e+00
2.347576695601099050e+00
2.346973011641019458e+00
2.347109970440845128e+00
2.347087126437134685e+00
2.346524339513516022e+00
2.347169868831556538e+00
2.345335099623869990e+00
2.346004083492119197e+00
2.346212400223009809e+00
2.346483898792588008e+00
2.344338120698086225e+00
2.345554493855122047e+00
2.345187915427945580e+00
2.345344478656207432e+00
2.343932084904543078e+00
2.344712999703718825e+00
2.344767987466012560e+00
2.344149958332597095e+00
2.343867456125537707e+00
2.344109836025875193e+00
2.343853803175152795e+00
2.343383567622878250e+00
2.344543830915964744e+00
2.342188941492331367e+00
2.343191415019556967e+00
2.343600423232623076e+00
2.341869095224129893e+00
2.342401510460805358e+00
2.343069359697553811e+00
2.341262609875767620e+00
2.342362389469036632e+00
2.342186840839381556e+00
2.341998176489097361e+00
2.340518786121929207e+00
2.340909014145584610e+00
2.342226041517604163e+00
2.340831584744313520e+00
2.340425241220651653e+00
2.340442637862211850e+00
2.340582876330441042e+00
2.339203705206100548e+00
2.339981432512361348e+00
2.339834666741564373e+00
2.340503220848996868e+00
2.338569829491712770e+00
2.339402793739602249e+00
2.339358142391339879e+00
2.338065847823115551e+00
2.339595158994511426e+00
2.338711244931543476e+00
2.339279376807175570e+00
2.337449946896593023e+00
2.337882180461674952e+00
2.338164931730849272e+00
2.338424276528219270e+00
2.336979527073699270e+00
2.337854475275470634e+00
2.337846419003935416e+00
2.335503016395931830e+00
2.337475925337447080e+00
2.337237718171837120e+00
2.335700001845177010e+00
2.336977266016597277e+00
2.335881856423220881e+00
2.335691480252111152e+00
2.335636459130415510e+00
2.335943142212084211e+00
2.334605383094721542e+00
2.335681529878018470e+00
2.334605735758843448e+00
2.334643732842433650e+00
2.334280637104114486e+00
2.334212734327150152e+00
2.333514452111395077e+00
2.334508386773763711e+00
2.333967274654850321e+00
2.332511673004417752e+00
2.332935608122269411e+00
2.333995746507609770e+00
2.332873609041417939e+00
2.331469245291282633e+00
2.333340349073262043e+00
2.330683325652041393e+00
2.332033819419054854e+00
2.332584455566585557e+00
2.331439060443545763e+00
2.330780621302702027e+00
2.331887797734584655e+00
2.331352288161998576e+00
2.330346316811098273e+00
2.331170687871455538e+00
2.331293913766401715e+00
2.329611138704419826e+00
2.330879687752029472e+00
2.330166802404630477e+00
2.328859743292887696e+00
2.330463572529370087e+00
2.329392653064529473e+00
2.327960310839523039e+00
2.330597992774658955e+00
2.329062494497919023e+00
2.327446528151617233e+00
2.329225088176256619e+00
2.328910179202077213e+00
2.326900144162509232e+00
2.328006380341193005e+00
2.328059425578418828e+00
2.326206505086621412e+00
2.327776550388454435e+00
2.327611735093678913e+00
2.325651875894743981e+00
2.326950918392458600e+00
2.326588711920362762e+00
2.325726340220043209e+00
2.325894391885562129e+00
2.324619436740465783e+00
2.325968494738807291e+00
2.325257867044871141e+00
2.324567991974368031e+00
2.325606201383095151e+00
2.324886953605092454e+00
2.323696354282724474e+00
2.324636822946558823e+00
2.323936329940801127e+00
2.324052000029937393e+00
2.324490725050997408e+00
2.322940840148989050e+00
2.323992365597486565e+00
2.322828872832069624e+00
2.323110675580068563e+00
2.323385157239340693e+00
2.321843314869830088e+00
2.323532443792247104e+00
2.322012538826179640e+00
2.321699642328789004e+00
2.322477775042649295e+00
2.322638764917639431e+00
2.321026133222498178e+00
2.321897212923289988e+00
2.321222207030024354e+00
2.321650862378881186e+00
2.321422394721985860e+00
2.320578024896363001e+00
2.320968867665143875e+00
2.321677343755270684e+00
2.319701232750065234e+00
2.320750385568110197e+00
2.320492623271217969e+00
2.320162705074398701e+00
2.320048246572990802e+00
2.320803877213280852e+00
2.318874943754758888e+00
2.319993031864417521e+00
2.318940375205946314e+00
2.319423184929708892e+00
2.320196798117434067e+00
2.318047363652843362e+00
2.319228401021408814e+00
2.318608103098279027e+00
2.318787270342298701e+00
2.318702223419962127e+00
2.317775215422188673e+00
2.317958132123861592e+00
2.318555446200279313e+00
2.317018707568157421e+00
2.318042730101725013e+00
2.316765209166966155e+00
2.318223434392387983e+00
2.317326061924428249e+00
2.316104458926379728e+00
2.317727336317443321e+00
2.317108197281210202e+00
2.316000450532068822e+00
2.316730505621553249e+00
2.317588439264884670e+00
2.314898993753824907e+00
2.317074829005666192e+00
2.316922953827295739e+00
2.314590482964132612e+00
2.316120166111614420e+00
2.315592061230971499e+00
2.315740134148743135e+00
2.314489181640912108e+00
2.316430989156585962e+00
2.315592747822082131e+00
2.313798465392306714e+00
2.315820678206653938e+00
2.315122322236744967e+00
2.313567391621124347e+00
2.315555670602126082e+00
2.315049592669382594e+00
2.312956372571611574e+00
2.314452502878411533e+00
2.314834039784096298e+00
2.313011084864373235e+00
2.314204187765625420e+00
2.313953139055218156e+00
2.312137290088825292e+00
2.313077043139394107e+00
2.313882242510477472e+00
2.311428524130449080e+00
2.313664120035397787e+00
2.313200022737073258e+00
2.311273538366204860e+00
2.312913886382595319e+00
2.312129955460407782e+00
2.311372691696298887e+00
2.311481789708708323e+00
2.310705245444739653e+00
2.311790408486600334e+00
2.311840448643939450e+00
2.310536082920267020e+00
2.311683703144337354e+00
2.309660421330565594e+00
2.311265987630811480e+00
2.311644890951417786e+00
2.309926387645477419e+00
2.311188561039122291e+00
2.309358469906756195e+00
2.310621151684320917e+00
2.309182163407841326e+00
2.310832342050413324e+00
2.309738256081950158e+00
2.309356106114634599e+00
2.309936305105248611e+00
2.308764307039484098e+00
2.308147001045975255e+00
2.309311242927988950e+00
2.307372436546961225e+00
2.308943416770263823e+00
2.308880649232627480e+00
2.307429881514914349e+00
2.308785468701362031e+00
2.307886589536120692e+00
2.307469421061156822e+00
2.307150454354379487e+00
2.306882480037748984e+00
2.308438004410119593e+00
2.307205267389159875e+00
2.305461253294220914e+00
2.307771720427731044e+00
2.306898997962514297e+00
2.305518700725971204e+00
2.307034437591808373e+00
2.305059640903703855e+00
2.306736997072630135e+00
2.305978053927838722e+00
2.306889629737667757e+00
2.304216693442417085e+00
2.305664408075936755e+00
2.305454124788163472e+00
2.305257390661456629e+00
2.304385853309559362e+00
2.304936146787019968e+00
2.304377438700144776e+00
2.304217625080422049e+00
2.303560566907713714e+00
2.305202381334826800e+00
2.303394300032423292e+00
2.302756519934837431e+00
2.304005101025698110e+00
2.303464001489427204e+00
2.302249863307999522e+00
2.303523263811650068e+00
2.301568754515289417e+00
2.303122268097838710e+00
2.302211200495379195e+00
2.302077675597812512e+00
2.300251451933282620e+00
2.301507040031118390e+00
2.300672057563080575e+00
2.300124084729834095e+00
2.299921568720414644e+00
2.300981165646789339e+00
2.299778122470526043e+00
2.299616688706154211e+00
2.300620820655360887e+00
2.297763411455352234e+00
2.300192575780007243e+00
2.299725333675316730e+00
2.297322387172158642e+00
2.299445797575860428e+00
2.299073546089629883e+00
2.297244843884895804e+00
2.298400763586990525e+00
2.299006185955603687e+00
2.296996634162371542e+00
2.297836957649548761e+00
2.297215613423248204e+00
2.297850014706910748e+00
2.296253595427022898e+00
2.297728916996596649e+00
2.296843170515321830e+00
2.295821782510701237e+00
2.297057914527719014e+00
2.295613771201321818e+00
2.295628168751931764e+00
2.296577315412560605e+00
2.295054221172152520e+00
2.294908962032537580e+00
2.296246013195938129e+00
2.295221748441694576e+00
2.294206334469262920e+00
2.295811161223825891e+00
2.293614289607719847e+00
2.294996021777486295e+00
2.294757538692678622e+00
2.293319248373498542e+00
2.294040681677362858e+00
2.293391643613714947e+00
2.292969500755352996e+00
2.294012805119417298e+00
2.292773691318896745e+00
2.293037640153571033e+00
2.292090850167453731e+00
2.293618048442275903e+00
2.291253860297361555e+00
2.293287906878454852e+00
2.293374394977622632e+00
2.290728928828691835e+00
2.292858947950986881e+00
2.292187233447657402e+00
2.290623347735011972e+00
2.291989150700905142e+00
2.291442464943052038e+00
2.291235839583023459e+00
2.291009707458747879e+00
2.290818109551835402e+00
2.290684175518321819e+00
2.289628327981848788e+00
2.291695882666298534e+00
2.288864938560337237e+00
2.291045275280573446e+00
2.290303512687445142e+00
2.288832903923855522e+00
2.290249604221077373e+00
2.288940798861221371e+00
2.289284271653915237e+00
2.288715054474206312e+00
2.290013456092001576e+00
2.287692059616587503e+00
2.289237929229783308e+00
2.289477030239542632e+00
2.287490247161044987e+00
2.288689500485076245e+00
2.287238937212975554e+00
2.288879188852922741e+00
2.286245987671807534e+00
2.288264533012801305e+00
2.286897020743556386e+00
2.287544305544662482e+00
2.286185268805139170e+00
2.287174664642929844e+00
2.286172470225619424e+00
2.286633802564892015e+00
2.285603396026945067e+00
2.285524532955268917e+00
2.286316846423158022e+00
2.285905784177912015e+00
2.285488453329162173e+00
2.284760644280174890e+00
2.285300695795889681e+00
2.284653590694541325e+00
2.285400132112547222e+00
2.284392786973544087e+00
2.284366421788913470e+00
2.284463698845333735e+00
2.284537110120714143e+00
2.283780455836380785e+00
2.283912346145031247e+00
2.284082259985318775e+00
2.283851699264992430e+00
2.284210548108160932e+00
2.282733117523310984e+00
2.284181584495213801e+00
2.281712109735542171e+00
2.283921039759553739e+00
2.281871386432428039e+00
2.283473517063355107e+00
2.281340931096498270e+00
2.283590643948165688e+00
2.280687752443665950e+00
2.282778572838638720e+00
2.280255527292357254e+00
2.282900786315790409e+00
2.280291274550835467e+00
2.281691237676446882e+00
2.280030334330278574e+00
2.281720922730555046e+00
2.279175594860924914e+00
2.281822865924266086e+00
2.279193032267068819e+00
2.280904027998789996e+00
2.279688703780154757e+00
2.280103577028212758e+00
2.279544119387742374e+00
2.279308215929680692e+00
2.279551923032833827e+00
2.280024793253952797e+00
2.277593599800173507e+00
2.280322788150157987e+00
2.278072755090170265e+00
2.279892519798160766e+00
2.277840754922385802e+00
2.279269844028277259e+00
2.276960601179863541e+00
2.279080348025188218e+00
2.277912564085613933e+00
2.277391960084730105e+00
2.277881085661430660e+00
2.277332152595570758e+00
2.277120476092786117e+00
2.277772771241706184e+00
2.275814620695365331e+00
2.277555976578308883e+00
2.275697223668359026e+00
2.277265031160566000e+00
2.275616378938393414e+00
2.277067238530984028e+00
2.275108010555861870e+00
2.276751812529650199e+00
2.275052799819798466e+00
2.276640398531536658e+00
2.274804638732560225e+00
2.276356654242477351e+00
2.274332635193631269e+00
2.276291368312266528e+00
2.273850331255612200e+00
2.275713605701581432e+00
2.274446980209352098e+00
2.274826555471443079e+00
2.272826843733489532e+00
2.274969128161285159e+00
2.273553905263946184e+00
2.273401794195804460e+00
2.273763289080968253e+00
2.273063165567538846e+00
2.272799034970109044e+00
2.273770534277514965e+00
2.271446348884634592e+00
2.273746589822097874e+00
2.271039933046983705e+00
2.272787209471663239e+00
2.270952772585950186e+00
2.272699461772007101e+00
2.271614025247266522e+00
2.271359211454502258e+00
2.271240235950216402e+00
2.270822038518711672e+00
2.271284743384813343e+00
2.270367225082095430e+00
2.270925959896349600e+00
2.271255084718263539e+00
2.269610873243463889e+00
2.270690900547908342e+00
2.268893788536747280e+00
2.270909683679744884e+00
2.268972514243245531e+00
2.270997591873517241e+00
2.268329523039178675e+00
2.270296233234923466e+00
2.268325538884775394e+00
2.269869640101806585e+00
2.267999713952595364e+00
2.269325116587383118e+00
2.269010314785167015e+00
2.267547906194730789e+00
2.269079014394298710e+00
2.267025068370472685e+00
2.268657142456081299e+00
2.266612602085693151e+00
2.268486894701650325e+00
2.266121677856155703e+00
2.267599186931957167e+00
2.266094630292635692e+00
2.267793652828708151e+00
2.265947692616799625e+00
2.267011168539100119e+00
2.266746763734356129e+00
2.265736279352053906e+00
2.266282565144842831e+00
2.265533118197653462e+00
2.265410836154422292e+00
2.264829728857268076e+00
2.265347840213840058e+00
2.265139653992106705e+00
2.265292311885967802e+00
2.264498555924924883e+00
2.264442022695714929e+00
2.265636893956728404e+00
2.263311190164660314e+00
2.264714296464236387e+00
2.262651361026670749e+00
2.264679452285685457e+00
2.262530352448283377e+00
2.264133390629411213e+00
2.262113724274174231e+00
2.264120124553348656e+00
2.262107168556268366e+00
2.263278449750271815e+00
2.261329615906931600e+00
2.263313407690705770e+00
2.262150096221295481e+00
2.261082490188870420e+00
2.261989245916646407e+00
2.261272792754525085e+00
2.261547104784320528e+00
2.261363315868364143e+00
2.260065702197484594e+00
2.261380184481099676e+00
2.259626086605549755e+00
2.261146313267036856e+00
2.260586298149247497e+00
2.259753719283752904e+00
2.260418221938166550e+00
2.260550040835151098e+00
2.258616218876620341e+00
2.260510632204885795e+00
2.259124756594633077e+00
2.258662874999258996e+00
2.258503986946888364e+00
2.259440440117919113e+00
2.257633492916161000e+00
2.258471147354666808e+00
2.258042581599620569e+00
2.257176514340927032e+00
2.257577620918720829e+00
2.255223816374148260e+00
2.257462588402999071e+00
2.256667229846161860e+00
2.255669975735532962e+00
2.255076907586334833e+00
2.256226251070699629e+00
2.255200470590204009e+00
2.256188906907392155e+00
2.253957797931513518e+00
2.254602148000437456e+00
2.254347116816438845e+00
2.254051282122005340e+00
2.252926221322497202e+00
2.252612685934648251e+00
2.252634059064412053e+00
2.252047421005233474e+00
2.253062977079450135e+00
2.250075109482314151e+00
2.252357647221447490e+00
2.250665913968488585e+00
2.251225007979620774e+00
2.250532652244905396e+00
2.249336894077989424e+00
2.250691238285293938e+00
2.249621411675427840e+00
2.249517839068601699e+00
2.249626925550262335e+00
2.247779806092339516e+00
2.248818894047693195e+00
2.249194416734099367e+00
2.248538627932274991e+00
2.248358127583693911e+00
2.247066282046390917e+00
2.247286847807278498e+00
2.248095294613707829e+00
2.246514328676045835e+00
2.246436488981599755e+00
2.247937343227024432e+00
2.246981121726328912e+00
2.246675157315033200e+00
2.245359573297192934e+00
2.246697128749709726e+00
2.246198514151737324e+00
2.245154837136235315e+00
2.244977509402338534e+00
2.245803925267153556e+00
2.245227019021580617e+00
2.243731170479698722e+00
2.244501369303156135e+00
2.246341128546674337e+00
2.242579452684108521e+00
2.246260724270295661e+00
2.242774504690866255e+00
2.245661133657440356e+00
2.242045369700731872e+00
2.245574430293546087e+00
2.241851715068414297e+00
2.245033177571776672e+00
2.241344792724104362e+00
2.244167887155501973e+00
2.243226339674090131e+00
2.244160930336912330e+00
2.239933021877595909e+00
2.242085911815059340e+00
2.241983458778313398e+00
2.240131105438231796e+00
2.240681195328527497e+00
2.242276445499490567e+00
2.241719243432154229e+00
2.239762119768943460e+00
2.240415125395729401e+00
2.239073117633120891e+00
2.241390165941045343e+00
2.239953628849369327e+00
2.241393069434351570e+00
2.239208302362170944e+00
2.238861460224492284e+00
2.240601039324352506e+00
2.239643151431102819e+00
2.238302078247650595e+00
2.239932315970316612e+00
2.237839282407511288e+00
2.238889622795828593e+00
2.236447782705123455e+00
2.239558497879476473e+00
2.237834961711473003e+00
2.237104529284339449e+00
2.236797247232598540e+00
2.238968631538545750e+00
2.236826588727133025e+00
2.235609613835980447e+00
2.236522639578170324e+00
2.237841810527273267e+00
2.236995154697784205e+00
2.235226048016277556e+00
2.237102719746115298e+00
2.234991031698252861e+00
2.235567507071513305e+00
2.234636831813457736e+00
2.235873706559782903e+00
2.236623655572346880e+00
2.233796577408758477e+00
2.235623891289214349e+00
2.233001651574267665e+00
2.236309333458030402e+00
2.235247063207679741e+00
2.234527001402395019e+00
2.232664653202415028e+00
2.233503078049314805e+00
2.233101193454247291e+00
2.234023174517240751e+00
2.233826864940458012e+00
2.232491603417226411e+00
2.232206279997728249e+00
2.234410322193479459e+00
2.232864740351881760e+00
2.231737602992542424e+00
2.231488588852607258e+00
2.234099775346292116e+00
2.232978349953777197e+00
2.232185471305863089e+00
2.231748580346918143e+00
2.230389010191578425e+00
2.230811684448968713e+00
2.233155658316096304e+00
2.231494797569414601e+00
2.231791648287354324e+00
2.230405736332587541e+00
2.229765902003754796e+00
2.232528156571576439e+00
2.231975729195491809e+00
2.230071814806850128e+00
2.229827788249599152e+00
2.231928845611196532e+00
2.229588099036615478e+00
2.229211495856207481e+00
2.228912542668704866e+00
2.230677849746739216e+00
2.229060920623274988e+00
2.230876973239808603e+00
2.229203526222038434e+00
2.227884529685027815e+00
2.228470456104429065e+00
2.230063183655401016e+00
2.228802853832696496e+00
2.229106072328992827e+00
2.228487925218701982e+00
2.226805913405448756e+00
2.226685120078838676e+00
2.229186223887588358e+00
2.226552595310691718e+00
2.226591810102011681e+00
2.228244663204227649e+00
2.228072975502519704e+00
2.225656493642560019e+00
2.228175729329260779e+00
2.225824425914820104e+00
2.225901940529093626e+00
2.228209563674393046e+00
2.224898330246464884e+00
2.225133571710244507e+00
2.227576824673783040e+00
2.224701771827818586e+00
2.225316332962174126e+00
2.226678802243425626e+00
2.226431866539276605e+00
2.224646938897913095e+00
2.224301991267675582e+00
2.223992464453972584e+00
2.226520971764177848e+00
2.225735259034189006e+00
2.224759285263108843e+00
2.222850003252786255e+00
2.223971465819469362e+00
2.224513909080048091e+00
2.225688125575315368e+00
2.224132244841759753e+00
2.223061012656641910e+00
2.222626352831253094e+00
2.224835135453790524e+00
2.224227486772420548e+00
2.222334944323415495e+00
2.222770151351080248e+00
2.223739540122740888e+00
2.222474137573640540e+00
2.221680563860936264e+00
2.222371915941548703e+00
2.223707886980148984e+00
2.221180101173311883e+00
2.220861582387726685e+00
2.221551860385005739e+00
2.222820780570732957e+00
2.221236371897031159e+00
2.221274055298257277e+00
2.220187158294850693e+00
2.221665239034261052e+00
2.219159127944045018e+00
2.221211195699630103e+00
2.220325277336810732e+00
2.218497387341549665e+00
2.221216932902166707e+00
2.219387645685479971e+00
2.218989859534939324e+00
2.219833026949547872e+00
2.220341573922508083e+00
2.218887726396484794e+00
2.218187978288741924e+00
2.217316176372215786e+00
2.220182237365164735e+00
2.217979991193662404e+00
2.217411593594820207e+00
2.217009113125060882e+00
2.219911439441300871e+00
2.217990128491737600e+00
2.216399628356235052e+00
2.216829067892723160e+00
2.218857368569191468e+00
2.217565749551929422e+00
2.215523050652159487e+00
2.219065108405106290e+00
2.218295533469267777e+00
2.216945300872639191e+00
2.215881954218488659e+00
2.215083657515787952e+00
2.217710774627098758e+00
2.216063102559831410e+00
2.216025700484543393e+00
2.215004498183031689e+00
2.217020722100513375e+00
2.215307005841890220e+00
2.215673695847353297e+00
2.214052360432818389e+00
2.213786623424867539e+00
2.215951652620475887e+00
2.214722746891232941e+00
2.213603066086149429e+00
2.214851179647776558e+00
2.214464979714741766e+00
2.213105913010251058e+00
2.214873898505107075e+00
2.213280417687681023e+00
2.213126956110805121e+00
2.211741235786976123e+00
2.214146799571270918e+00
2.213208980870291942e+00
2.211694344698434733e+00
2.213951448087347895e+00
2.213644546838934524e+00
2.212206614311572839e+00
2.211340805268605880e+00
2.210813072683968983e+00
2.213546522637976466e+00
2.211219496151533903e+00
2.210467761754082439e+00
2.212622840277740810e+00
2.212379332523236375e+00
2.209729780308099745e+00
2.210214178579354094e+00
2.211939043890945200e+00
2.211496440895627025e+00
2.209230744826893300e+00
2.210461686752754673e+00
2.208300653882359743e+00
2.211151689384912356e+00
2.210677476017982368e+00
2.210184288845225442e+00
2.207800487698001302e+00
2.209189599351888855e+00
2.209713061233776532e+00
2.207797287713851642e+00
2.209103910457215214e+00
2.210368213515606417e+00
2.208384364637151709e+00
2.207121814968406870e+00
2.208153508576324420e+00
2.208173678667123330e+00
2.206333876841275465e+00
2.209090721813992353e+00
2.206922307117886728e+00
2.207456261685530219e+00
2.206204045812345527e+00
2.207583063516004973e+00
2.207827346219417119e+00
2.206213863698870181e+00
2.205839358235632375e+00
2.207012644140438962e+00
2.206034426691985129e+00
2.205218845102272063e+00
2.205107723701082101e+00
2.207877996222600281e+00
2.205437983120365875e+00
2.205324512005405690e+00
2.204743560340495012e+00
2.207028047547606509e+00
2.205509254033586775e+00
2.204174851508935884e+00
2.206061470990076767e+00
2.205827988220338653e+00
2.205364233116303918e+00
2.203395645043099815e+00
2.204942783537011675e+00
2.205595467065165405e+00
2.203840510644813566e+00
2.203450012971008842e+00
2.204147366345804659e+00
2.205097954048472531e+00
2.203766724110308051e+00
2.202479546518983256e+00
2.203355681965138313e+00
2.203899450231178836e+00
2.201898419890993885e+00
2.203432907566613697e+00
2.203090664672982424e+00
2.202244268418780404e+00
2.202106472621847111e+00
2.203913099680233412e+00
2.203077206861892900e+00
2.200922205203465598e+00
2.203278306302708156e+00
2.202219607021647985e+00
2.201021946059429357e+00
2.201271344745804992e+00
2.203192793536665750e+00
2.201609142839541011e+00
2.201017331815663614e+00
2.202316847289817137e+00
2.201142409614861961e+00
2.200905226751950661e+00
2.201651905621633265e+00
2.200716464540197759e+00
2.199659532510188420e+00
2.199587673667412702e+00
2.201080754488123237e+00
2.200885915072469334e+00
2.200217584715959518e+00
2.199535475318109334e+00
2.199212855027655067e+00
2.200726522042511402e+00
2.199657031508908123e+00
2.198827091734490313e+00
2.200111458105528772e+00
2.198997422167508375e+00
2.198348527479323078e+00
2.197397377900156101e+00
2.201236357419990686e+00
2.197895509188698693e+00
2.200207111579862485e+00
2.198405422104201534e+00
2.195684415331712547e+00
2.199965282303156133e+00
2.197095783624407161e+00
2.198510840557935442e+00
2.196601805412270014e+00
2.197790741364884504e+00
2.196169284889141871e+00
2.198386878809545752e+00
2.195983060836014022e+00
2.197052713430718729e+00
2.196578007020518974e+00
2.197404802545825930e+00
2.196863084257902887e+00
2.195915719226618101e+00
2.194779755235992447e+00
2.194293940811096189e+00
2.196547111794927343e+00
2.196108356577866960e+00
2.194788364110953349e+00
2.193340906489038122e+00
2.196063120137123015e+00
2.195340444627241538e+00
2.194704989666908634e+00
2.193094275786748870e+00
2.194659171662649566e+00
2.194585999751078820e+00
2.194242689997157214e+00
2.192480895032514532e+00
2.192273246850338531e+00
2.194066052608345974e+00
2.192828660920226103e+00
2.191436478503332896e+00
2.192158440658724672e+00
2.192984865860903465e+00
2.192359385096392277e+00
2.191357222861564313e+00
2.191108902305808126e+00
