3.915736591159336513e+02
1.174027248401540788e+02
9.255238185880945423e+01
8.198777880017247810e+01
7.130536833016577702e+01
5.708385019755778700e+01
3.582402990039329183e+01
1.485853852112610696e+01
6.588980306964966616e+00
5.049421994401657621e+00
4.516717404924125212e+00
4.114195007078395250e+00
3.764517645649641420e+00
3.447777558267988596e+00
3.159827045174293136e+00
2.898407429823937065e+00
2.676794866143175522e+00
2.500131138288555377e+00
2.355778412507720798e+00
2.235112852572388675e+00
2.128660629847111352e+00
2.033857288921645523e+00
1.948127814638948685e+00
1.870935251558809798e+00
1.803791124086084663e+00
1.742783205656166956e+00
1.684026937551049485e+00
1.628792632158484244e+00
1.578643499366311653e+00
1.530666173218253157e+00
1.486705799356653701e+00
1.448940468706788387e+00
1.410840365596736978e+00
1.379276572231682430e+00
1.351950403429058367e+00
1.328283893161258833e+00
1.306531705651152286e+00
1.286490340234962559e+00
1.268250774701330297e+00
1.250692993571004275e+00
1.234797576893461146e+00
1.218834482664906460e+00
1.204367071804345324e+00
1.190447693713988286e+00
1.175975838521439831e+00
1.165012329009220249e+00
1.153426574573000574e+00
1.142537012034120503e+00
1.132260773666814879e+00
1.122048059274123988e+00
1.112587572607174113e+00
1.103384622569646423e+00
1.095046338085931437e+00
1.085927985633625470e+00
1.077105354759353428e+00
1.068617637734463166e+00
1.059810260304547613e+00
1.052791973064414632e+00
1.043951216258049763e+00
1.036006417322192119e+00
1.027453028761986964e+00
1.019574521701983150e+00
1.012017573180573615e+00
1.004945767125846379e+00
9.972576511173683045e-01
9.902478561153721381e-01
9.837518706439413174e-01
9.766230469361465438e-01
9.705706175553340254e-01
9.641863665698148234e-01
9.588294045919959485e-01
9.527475639867356572e-01
9.472583807436770753e-01
9.420251683248112018e-01
9.367891171593112354e-01
9.319227421513828213e-01
9.256973017781896518e-01
9.208732559656281902e-01
9.164279547270083315e-01
9.120089645757326613e-01
9.063665840381293082e-01
9.016425771856768634e-01
8.972980709229357865e-01
8.932917888550685470e-01
8.885368736842279569e-01
8.841724207831688220e-01
8.793534769755381175e-01
8.766544763465767831e-01
8.719083694351416058e-01
8.678625759270012230e-01
8.644541575923588850e-01
8.605889507001472927e-01
8.574176351527541540e-01
8.538512797947840349e-01
8.502629705212978450e-01
8.463842297396024783e-01
8.432344174191727104e-01
8.406877075197639604e-01
8.355761840992408374e-01
8.350237679452300332e-01
8.309718111146238151e-01
8.274516751392466674e-01
8.250716580808322709e-01
8.223187852800384334e-01
8.192691331120826037e-01
8.167710256868767615e-01
8.125805691878537074e-01
8.108471004188757547e-01
8.086840157341934621e-01
8.050999875929231164e-01
8.015873166031837194e-01
8.013975151581663736e-01
7.985344207162229369e-01
7.964624910092151788e-01
7.922948972340716489e-01
7.903566887410851116e-01
7.889030465074885479e-01
7.864327221533656820e-01
7.847428564556396813e-01
7.808322643824522347e-01
7.785424476295476071e-01
7.782788019294892834e-01
7.755542773587423833e-01
7.732327004847415752e-01
7.699026174146031964e-01
7.696217408277067351e-01
7.653953865430030978e-01
7.652451561341423458e-01
7.630269516201305668e-01
7.598576848612615953e-01
7.581801809178698726e-01
7.575593868201604408e-01
7.538074507490392095e-01
7.536137551446003835e-01
7.503348616130742776e-01
7.488632105601166211e-01
7.471662221266509585e-01
7.447993357386901714e-01
7.435509432137373809e-01
7.407392486956679845e-01
7.395710494072362806e-01
7.384808927751072005e-01
7.369489862139187997e-01
7.336895714461736384e-01
7.330072508242714280e-01
7.314274017575209674e-01
7.288671814002726235e-01
7.279445265803164977e-01
7.255889254952179179e-01
7.241893487865160850e-01
7.223093128375305261e-01
7.210053330762935531e-01
7.197404279398414984e-01
7.178662626544984882e-01
7.170141243572305534e-01
7.137523172967045193e-01
7.126168007340677457e-01
7.131481987072701978e-01
7.112878800892207254e-01
7.071800044105672756e-01
7.074337505022113559e-01
7.061927488340647985e-01
7.039179541966124054e-01
7.031067209830809128e-01
7.018879357025774590e-01
7.015699317448013117e-01
6.985331738885238728e-01
6.974175651553663480e-01
6.973784916333247708e-01
6.936961925675938501e-01
6.942975288188796279e-01
6.916486529690345497e-01
6.900352094480077803e-01
6.911023119355051980e-01
6.877739661429339568e-01
6.864082631019189362e-01
6.854336563903365986e-01
6.841709767938072284e-01
6.828638069770919250e-01
6.822918514449735072e-01
6.799352144572777812e-01
6.797384741197318725e-01
6.759094329056325456e-01
6.761972557023819830e-01
6.736240872775276500e-01
6.735418081795927492e-01
6.728524968702709330e-01
6.711226478838958620e-01
6.677376514059524260e-01
6.696819070943247354e-01
6.675118297317631511e-01
6.647572562580369437e-01
6.615909445193648430e-01
6.630792162639802534e-01
6.632063793521442152e-01
6.592469959868193508e-01
6.577342304065589840e-01
6.557250276420250046e-01
6.576164064556319078e-01
6.567775490704176322e-01
6.558587834917225523e-01
6.514188203053379311e-01
6.528245177290664669e-01
6.518972776031418670e-01
6.491778444945530691e-01
6.495049338003503481e-01
6.460799021793518504e-01
6.481770216287396913e-01
6.474040571920578468e-01
6.455965169872027731e-01
6.458539860159755452e-01
6.429533788976659059e-01
6.430919491782719488e-01
6.395608236683224535e-01
6.425757442791487639e-01
6.398255712512582738e-01
6.395541466318120927e-01
6.392130356249039469e-01
6.368537414587370771e-01
6.364509479705638961e-01
6.336744350144204452e-01
6.341517065749349147e-01
6.334961689924537565e-01
6.345388019230002730e-01
6.299185065865061661e-01
6.314478270977138541e-01
6.283687625991620784e-01
6.309101390391652631e-01
6.271423461723049098e-01
6.264393690932382741e-01
6.268769007082087841e-01
6.262836119419473713e-01
6.249343076978136624e-01
6.247068165635920600e-01
6.222515985791262638e-01
6.235288668880051288e-01
6.200481096781682577e-01
6.213250408747755804e-01
6.181223609478553316e-01
6.215792845814377410e-01
6.180569619267682890e-01
6.196578830558274742e-01
6.169847558998015069e-01
6.171722430194753750e-01
6.169880959874964876e-01
6.132618687668863755e-01
6.143631945054398580e-01
6.138090161308664694e-01
6.140123424937509178e-01
6.115805159674149172e-01
6.117587043783264678e-01
6.111014361534511385e-01
6.116707397886019804e-01
6.110389544091475722e-01
6.098476917118518248e-01
6.055512174241384216e-01
6.101885418314038079e-01
6.073028275230286654e-01
6.079119726714793392e-01
6.058743701625205480e-01
6.072727225564001907e-01
6.047462101530777234e-01
6.054208782009026235e-01
6.026332975966913752e-01
6.061644753098783811e-01
6.026799307837988895e-01
6.017392929355782627e-01
6.011034100351501097e-01
6.015441052946736145e-01
6.005837276434068395e-01
6.000097331751620411e-01
5.993655769881287565e-01
6.000969626967792570e-01
5.991633824165272237e-01
5.979120168387646039e-01
5.979966813240177315e-01
5.966765295155570525e-01
5.965447435138039323e-01
5.969871195994717050e-01
5.956238673460609867e-01
5.946928704205308724e-01
5.950180757065464121e-01
5.941778748058684778e-01
5.929143521159322416e-01
5.943804843347527678e-01
5.912672894594540596e-01
5.916985766494421428e-01
5.910193467752221652e-01
5.903614593905258667e-01
5.892641068675533722e-01
5.910092691953684474e-01
5.901432148150361767e-01
5.879277321175817583e-01
5.885889273256538212e-01
5.899034090496098059e-01
5.874035639372566786e-01
5.859507755523432060e-01
5.875095846330813387e-01
5.868005887749113691e-01
5.842309727629434457e-01
5.865168624746296411e-01
5.819448816672206926e-01
5.841332293759657901e-01
5.854804581743708880e-01
5.834577608466573473e-01
5.835705639556491020e-01
5.805495768905054588e-01
5.826818998816901685e-01
5.823334130525894548e-01
5.803113016593642870e-01
5.822484104175634778e-01
5.802092115963748409e-01
5.786604281536589234e-01
5.820309135071605189e-01
5.772008626379878660e-01
5.799541678899385877e-01
5.803515886026083814e-01
5.790019025389442353e-01
5.771204102048087536e-01
5.772059375437496032e-01
5.754466032059458724e-01
5.769530211112575691e-01
5.765025756548642910e-01
5.759997986046263563e-01
5.762445802969159425e-01
5.759417255691285931e-01
5.738476416994698903e-01
5.748400266217642551e-01
5.727048333731623586e-01
5.747825004479446553e-01
5.727053051815563789e-01
5.726172815571431984e-01
5.723427814154609106e-01
5.717029911129417608e-01
5.721603180104151143e-01
5.693914052919087920e-01
5.717019684736849294e-01
5.711826785582106991e-01
5.694512479414524098e-01
5.685934752908577972e-01
5.687240216990405717e-01
5.694397184782599153e-01
5.683323929230742477e-01
5.658036447241777678e-01
5.679934205406181880e-01
5.645791119220052723e-01
5.672831852239159645e-01
5.666556170487963007e-01
5.645860254281885870e-01
5.662988187757411751e-01
5.626340381897964038e-01
5.648123597438575727e-01
5.605594024802023068e-01
5.616792102726523295e-01
5.590047641648172583e-01
5.584133193538446394e-01
5.599644249043008726e-01
5.588366952380505737e-01
5.573996892720222140e-01
5.566578199798805082e-01
5.570061478328859339e-01
5.571258656559908706e-01
5.584790773452360524e-01
5.552378284581922507e-01
5.584514003962199880e-01
5.544442491342878032e-01
5.548750191100215723e-01
5.531112338476397161e-01
5.546447367273393825e-01
5.512202443206759561e-01
5.550218862718577784e-01
5.537349651713420196e-01
5.539826270303493949e-01
5.507564435182614737e-01
5.545594486708954607e-01
5.519746526232534034e-01
5.499079970262337191e-01
5.498685864957549851e-01
5.484243795723946491e-01
5.512247111179676695e-01
5.522803691488554767e-01
5.474315457041506461e-01
5.499928461802098267e-01
5.477942272484851438e-01
5.478065721215857886e-01
5.481157060102391787e-01
5.472838542024481834e-01
5.476427964788893599e-01
5.478798300941473132e-01
5.456217837837686879e-01
5.486613596496566769e-01
5.455611342761835791e-01
5.470781655675757138e-01
5.452500232310665274e-01
5.446699166832542627e-01
5.472402250242537347e-01
5.443327723815583052e-01
5.438695885022187815e-01
5.404411847100539790e-01
5.440226334935657215e-01
5.424563391998502571e-01
5.433629078822334035e-01
5.419467264243528204e-01
5.405606459596737912e-01
5.403271669392418763e-01
5.401505392312703213e-01
5.393999802278089950e-01
5.381628646234075664e-01
5.404537140302830833e-01
5.383081171513324215e-01
5.381835120613397416e-01
5.393511551831249307e-01
5.377173122090238566e-01
5.370443815172071256e-01
5.372718151242376061e-01
5.377186380080423156e-01
5.361015675469645858e-01
5.366964451394762303e-01
5.354615023040608657e-01
5.344506974562827084e-01
5.351513570547735688e-01
5.359907434465759346e-01
5.344345999468173014e-01
5.332503223400107961e-01
5.333635317892334582e-01
5.327329403435731026e-01
5.308435114011081923e-01
5.316184637785615896e-01
5.329918055010536282e-01
5.323924605721588321e-01
5.309511064738025032e-01
5.317434026454116447e-01
5.318607040883328585e-01
5.292005373681084590e-01
5.296185735393138527e-01
5.290383888432801385e-01
5.306870099109490813e-01
5.267635275652077231e-01
5.319092796276960744e-01
5.291284726298172147e-01
5.283476906032305020e-01
5.280022986495576109e-01
5.282895647407767070e-01
5.270255014688944861e-01
5.260242046199309351e-01
5.264945815274214569e-01
5.271074275829245037e-01
5.264272103514728851e-01
5.254780175838825729e-01
5.252642678083523364e-01
5.247132765335722482e-01
5.249099765214561009e-01
5.234959419411607806e-01
5.254779744214806980e-01
5.226805413056364591e-01
5.243531994307439881e-01
5.217630610520702650e-01
5.229826473731731262e-01
5.230273996284959814e-01
5.234215666984110005e-01
5.203431628970839329e-01
5.220694033618235030e-01
5.215375716739488743e-01
5.196358751187394320e-01
5.211894983171959650e-01
5.177920416987837893e-01
5.183061918822305936e-01
5.190832545418274657e-01
5.180992363295792158e-01
5.173805790212877564e-01
5.175439595283968242e-01
5.154090252483017887e-01
5.157151927147997084e-01
5.160675459409386212e-01
5.156726606669140844e-01
5.131973886477692037e-01
5.132596759175103163e-01
5.157128672058725050e-01
5.126938931744493555e-01
5.132552576913594899e-01
5.129622645400110370e-01
5.114549150885826512e-01
5.109438473504733791e-01
5.130265182208448849e-01
5.116728764193058110e-01
5.090651895209132860e-01
5.112080317136371566e-01
5.110456417285204056e-01
5.104777100391577616e-01
5.106262019805115626e-01
5.086933958707170467e-01
5.096479203467058072e-01
5.093310883114913201e-01
5.087005844568884827e-01
5.075741981603330011e-01
5.080214233203691476e-01
5.072236726929134631e-01
5.078457815606934878e-01
5.054233148001808784e-01
5.059968412519696424e-01
5.056266038181274070e-01
5.067821140528784296e-01
5.085813701822926580e-01
5.049762912318233044e-01
5.058388954390364844e-01
5.034746143141372032e-01
5.048710754144708490e-01
5.031344120158950384e-01
5.031984685069743612e-01
5.054698071678024318e-01
5.014741238902138409e-01
5.035722010474313892e-01
5.020473842736948855e-01
5.008632272508340977e-01
4.990927755372847607e-01
5.027590811801233572e-01
5.007682864042225512e-01
4.978218188452883664e-01
4.987002846825733804e-01
4.989471951232608560e-01
4.947154522370821872e-01
4.988686166714826897e-01
4.965536236956655247e-01
4.962670396548812257e-01
4.958999557666430857e-01
4.983680219623878305e-01
4.951895034761428227e-01
4.964400356706623607e-01
4.963006052446977123e-01
4.943695123088140408e-01
4.983509193365713852e-01
4.953202358912371928e-01
4.952248221858281396e-01
4.942939166622991043e-01
4.940581537490318365e-01
4.944407383210212004e-01
4.945201578816550980e-01
4.943773474817481084e-01
4.939915470631244254e-01
4.911552115469599022e-01
4.925594068976196227e-01
4.935450094682311550e-01
4.933290806196575784e-01
4.930795526515193150e-01
4.906763100810525580e-01
4.923330593156367008e-01
4.937027557291873703e-01
4.902165418864594115e-01
4.946244640711718321e-01
4.896580769711570968e-01
4.910908904385899998e-01
4.902503426358235106e-01
4.878786087964319673e-01
4.927877782356187564e-01
4.878751177880373824e-01
4.902645801289559624e-01
4.895409450395972750e-01
4.902165511401918585e-01
4.877655272949664167e-01
4.911919226348459566e-01
4.875560993869575976e-01
4.868933029505828625e-01
4.894827525845391603e-01
4.863909882389815809e-01
4.881209673177930308e-01
4.890443048795336534e-01
4.877717044870910068e-01
4.850767411286825426e-01
4.873038039913330510e-01
4.886644506876947625e-01
4.837090883430772426e-01
4.856919449626175278e-01
4.837897039836079327e-01
4.862479871587243596e-01
4.843041770294855830e-01
4.861180795394707821e-01
4.870775776172838190e-01
4.809752509999040693e-01
4.845870557821964630e-01
4.830710328663896935e-01
4.831357587534843012e-01
4.826624722904029885e-01
4.846566226525463317e-01
4.817432393905851096e-01
4.851199347409433926e-01
4.820898976693343552e-01
4.800201259555573752e-01
4.831132402233599410e-01
4.833626312682442472e-01
4.813347092141929129e-01
4.829960446962029974e-01
4.796725628648670914e-01
4.807720238723826589e-01
4.771534009665072684e-01
4.827723435861137613e-01
4.774640100023514466e-01
4.791741932836657836e-01
4.826459950678250732e-01
4.785031044169217318e-01
4.808072954955707190e-01
4.787110695136829741e-01
4.799466684870194455e-01
4.764076159275170697e-01
4.783796383083429582e-01
4.778973645416078608e-01
4.786065045910071203e-01
4.775156786399061826e-01
4.784662698109377055e-01
4.773895282571757881e-01
4.739843519181454745e-01
4.779684145045062782e-01
4.764535512407327977e-01
4.770272216127042220e-01
4.772596336830772223e-01
4.771420207833442784e-01
4.741151698514413648e-01
4.754281964073785449e-01
4.760500549949057691e-01
4.750317586811664827e-01
4.756365552513544537e-01
4.723380743000774040e-01
4.772182250172898321e-01
4.700919639384673054e-01
4.747073434548392257e-01
4.753035944940641744e-01
4.733208241850777043e-01
4.772072368394885689e-01
4.715146521343753228e-01
4.722500531713427208e-01
4.717896922542169080e-01
4.727127792192729605e-01
4.743331873021103262e-01
4.705880672545943444e-01
4.753492675744629969e-01
4.682865449706921646e-01
4.712030486449046429e-01
4.715640452611931654e-01
4.729145443527302817e-01
4.705256971177098069e-01
4.725559700945138886e-01
4.709080419291742925e-01
4.718749907037716462e-01
4.669458722514046034e-01
4.707333137189310679e-01
4.701175962009652154e-01
4.694178512393578639e-01
4.691843035679544305e-01
4.693734220169757942e-01
4.718226359676866988e-01
4.660026362794036370e-01
4.711963242815503938e-01
4.698565044676130120e-01
4.680903850718645121e-01
4.655343549231154010e-01
4.700805717304290532e-01
4.684117646678611635e-01
4.668278327469050359e-01
4.646750637204127288e-01
4.671124345524020338e-01
4.697133775965754432e-01
4.666425938041691701e-01
4.691467758087774498e-01
4.662098190183592838e-01
4.671948001380540894e-01
4.664073988271693616e-01
4.645860041364671678e-01
4.678236291245099765e-01
4.675552841136263460e-01
4.657434142646638686e-01
4.642977425374539280e-01
4.654255445784569734e-01
4.661559187485804223e-01
4.650296663305542033e-01
4.645410135601379387e-01
4.663780026919370769e-01
4.646924119929980446e-01
4.654204861651245473e-01
4.641895735878043827e-01
4.631151768542249858e-01
4.646032183136330485e-01
4.630063741664997568e-01
4.660831376839064677e-01
4.633252146941950200e-01
4.636533966670228213e-01
4.630996149637338077e-01
4.600061522306469475e-01
4.652452860100311782e-01
4.624166172542266140e-01
4.662852212053585355e-01
4.619625545287733837e-01
4.612731644110057982e-01
4.636966217357470499e-01
4.638892875351774969e-01
4.606099865553770489e-01
4.618879379661751661e-01
4.609956570625076133e-01
4.605071959502828882e-01
4.634533973237360271e-01
4.601539083777129169e-01
4.636653654037112271e-01
4.595539962450878591e-01
4.587439123055577217e-01
4.614297140694525456e-01
4.614085329514598377e-01
4.582473334912356422e-01
4.599563071995882435e-01
4.599677387019087682e-01
4.606262961891187113e-01
4.630880780010546705e-01
4.589590256705605165e-01
4.569207174244345193e-01
4.604055184954625179e-01
4.600967414736820138e-01
4.608477872973698042e-01
4.551998037864062319e-01
4.582967203751202034e-01
4.594508068492192954e-01
4.606627039416212877e-01
4.589094895325609436e-01
4.585952755462086028e-01
4.580310430433139346e-01
4.602738032544200220e-01
4.595914702331613255e-01
4.551401501967650698e-01
4.599812145884378811e-01
4.547119674279705426e-01
4.578490967676551726e-01
4.581590669367716639e-01
4.578464007459820961e-01
4.544366515495968373e-01
4.587860070768203791e-01
4.558375923061574464e-01
4.574570986181523691e-01
4.584429207193457256e-01
4.572943332701607244e-01
4.521408292937117435e-01
4.564387951322663728e-01
4.580761803404569954e-01
4.554739893617811286e-01
4.522116608582801844e-01
4.549364248940872546e-01
4.573311369546342320e-01
4.562364613930321444e-01
4.505527733244007460e-01
4.548915802137831754e-01
4.576927557028814264e-01
4.526189805878495509e-01
4.539196163080025381e-01
4.553177080500774299e-01
4.527437010287756469e-01
4.568655899623472738e-01
4.539330221868482229e-01
4.512562259089404892e-01
4.534417352312576366e-01
4.537538718681828898e-01
4.516284420078511830e-01
4.522046969909334635e-01
4.535481526978321631e-01
4.523105620117791603e-01
4.534723030173352654e-01
4.506751029625545857e-01
4.513816344536876191e-01
4.529987556378551328e-01
4.537173630296857940e-01
4.478578145374670361e-01
4.490193125307385125e-01
4.511124000053131078e-01
4.525411289914210156e-01
4.504024541358234157e-01
4.497948145809516074e-01
4.503578485457909175e-01
4.529221073819401089e-01
4.519160129155070926e-01
4.493627076639952200e-01
4.488672878906712072e-01
4.529010003842078302e-01
4.457231763071307640e-01
4.502840051367040242e-01
4.520008793874067954e-01
4.507255323267894132e-01
4.490988638638880315e-01
4.457827200975454929e-01
4.506095756785066242e-01
4.524773846856203208e-01
4.505715303715405184e-01
4.482615343514204098e-01
4.459931282472858194e-01
4.498333747582609621e-01
4.510988271296447194e-01
4.502699651541434700e-01
4.457207055403648588e-01
4.474026928049875118e-01
4.491765171073440754e-01
4.496684293567110302e-01
4.482975721454143248e-01
4.454856584206349779e-01
4.471179347822349381e-01
4.488548024821202298e-01
4.456022317167223634e-01
4.497472974851119965e-01
4.477346603061655994e-01
4.494802781573330464e-01
4.452218496254032321e-01
4.482275511590437245e-01
4.466305963414716196e-01
4.479460900265246903e-01
4.453078598426696844e-01
4.491645315268272820e-01
4.440472673110522628e-01
4.454176844768312216e-01
4.479115017135548715e-01
4.448906552328735775e-01
4.468626844317853952e-01
4.446300443581572281e-01
4.477237666614519163e-01
4.449486089841687697e-01
4.474881216198540734e-01
4.425573144086936139e-01
4.467273384040340578e-01
4.461964079810354367e-01
4.435163646724866182e-01
4.425386687271748443e-01
4.475436767579755171e-01
4.469991973522841611e-01
4.448362642832172642e-01
4.449539350557721318e-01
4.447264597617567872e-01
4.423758679819448925e-01
4.435288276284588549e-01
4.480917522473455428e-01
4.401446372512864968e-01
4.459861932772030690e-01
4.458856805264279632e-01
4.445047531537398844e-01
4.431150290281565263e-01
4.416404895082270965e-01
4.446245400196049413e-01
4.461581852548145988e-01
4.406789451097395394e-01
4.449478303643949473e-01
4.447071815749953916e-01
4.392404449612952178e-01
4.454255940862617003e-01
4.441698255328341838e-01
4.394692710615075715e-01
4.396565186528333391e-01
4.447524169393510807e-01
4.444993340791678071e-01
4.434865223981294124e-01
4.394984803561567954e-01
4.434064165541948821e-01
4.412815307604505688e-01
4.403296317794489489e-01
4.433560093150737402e-01
4.442991537392653179e-01
4.401047895230402740e-01
4.402914630760360049e-01
4.409416749938797619e-01
4.425947213736367569e-01
4.399875864691771832e-01
4.435314866348461504e-01
4.404618275017143092e-01
4.403722646660867546e-01
4.395079770150789322e-01
4.430554264413096299e-01
4.420809701211310672e-01
4.407497399193254228e-01
4.393807345361281924e-01
4.404298459370647456e-01
4.421230884503595249e-01
4.417595412456390425e-01
4.418214038872838034e-01
4.379599921184673117e-01
4.405876259430474007e-01
4.400362325391910523e-01
4.393773426924547643e-01
4.380120254440520999e-01
4.389101632347940374e-01
4.385445592249682112e-01
4.416872663044904002e-01
4.379171312309400599e-01
4.404388398508460312e-01
4.383238411285521052e-01
4.385173566135316947e-01
4.415834131391467854e-01
4.383945867057417733e-01
4.366734494634175179e-01
4.398706822841531583e-01
4.393439662483830666e-01
4.396078262262064218e-01
4.350401209155992377e-01
4.394257693564804224e-01
4.363743155222508663e-01
4.373984570686519358e-01
4.402235972140733922e-01
4.387680154151240575e-01
4.345331808245327387e-01
4.386904864990657238e-01
4.361864531666523326e-01
4.390294930263629603e-01
4.366432754764152935e-01
4.363125962558365711e-01
4.380384576367867822e-01
4.390875377725566575e-01
4.350037899398502272e-01
4.382128727481803820e-01
4.348390958855517519e-01
4.354172494545503480e-01
4.370487409567196391e-01
4.374004449930182781e-01
4.343951647047373243e-01
4.357811775804896204e-01
4.343966804016905492e-01
4.362464876784390433e-01
4.363060643441278308e-01
4.353130873957933855e-01
4.360254621710800138e-01
4.324425183608258116e-01
4.363508711817705721e-01
4.370604581080220208e-01
4.339079100557463042e-01
4.334690428219910019e-01
4.340593948889697185e-01
4.354424566614968906e-01
4.310876954011069184e-01
4.347508286739238392e-01
4.345445781609695857e-01
4.355662933102832923e-01
4.335449796152824331e-01
4.336956166119629308e-01
4.336294805241227568e-01
4.351277540590026693e-01
4.307964213706568235e-01
4.347466962956460512e-01
4.352211428472158583e-01
4.352219236202530817e-01
4.328241585355991350e-01
4.337642910483081593e-01
4.298181831071453129e-01
4.318140568379349453e-01
4.342010907690727062e-01
4.351965251805540724e-01
4.316157972632310158e-01
4.304042070668057107e-01
4.342849237584334721e-01
4.311624313719957247e-01
4.294097562935674794e-01
4.304363575632876304e-01
4.328743699537031531e-01
4.341337682242960572e-01
4.301521335740182139e-01
4.327962734291571079e-01
4.290691732254512392e-01
4.310078269092733616e-01
4.315301495962844958e-01
4.340206143989786547e-01
4.293860157359225549e-01
4.320733590163195470e-01
4.329005355685504597e-01
4.312548981348247601e-01
4.323722763969498062e-01
4.286419461175590695e-01
4.285580489270359172e-01
4.319414770646769486e-01
4.329740547503029280e-01
4.296862553779714489e-01
4.296407622179574393e-01
4.290386397238841742e-01
4.295569897802977155e-01
4.309560258241278974e-01
4.297220986391837028e-01
4.318884791312666560e-01
4.279353408851748752e-01
4.284403331018504790e-01
4.302802167241470688e-01
4.279246771239855196e-01
4.289389152807954186e-01
4.287046612529006318e-01
4.313910074516157933e-01
4.265440206290303515e-01
4.276129557914395973e-01
4.295097292351311435e-01
4.290709717261524392e-01
4.269127135896950143e-01
4.276882025076049754e-01
4.291476643617202491e-01
4.270495652415771670e-01
4.284193779680907643e-01
4.282848861952953112e-01
4.276102080618908174e-01
4.278128090909197323e-01
4.268166861406081924e-01
4.274762486567427744e-01
4.261422057470884983e-01
4.245132283624514780e-01
4.259094752363974390e-01
4.272687829255990555e-01
4.265753241860795186e-01
4.246844305404530728e-01
4.269135026616470152e-01
4.269221458881651832e-01
4.239508280445066224e-01
4.242391871664337732e-01
4.274795378190512918e-01
4.271482369772500731e-01
4.229280725797282536e-01
4.230150809376311827e-01
4.250594614469460075e-01
4.254008651006659925e-01
4.244315066952139559e-01
4.244369902978437636e-01
4.250685145755563887e-01
4.231826692932898482e-01
4.259757674015132722e-01
4.225838133261068386e-01
4.237268864009433589e-01
4.243796636968615865e-01
4.236211325127548499e-01
4.242213602032871012e-01
4.228325728419777274e-01
4.222834476259839653e-01
4.251924532866473427e-01
4.223061987100536485e-01
4.234536656885408701e-01
4.228931402364907721e-01
4.227393838492290445e-01
4.216511584267986223e-01
4.207092640220168600e-01
4.235766012740354025e-01
4.235118079180035799e-01
4.205544903022310765e-01
4.222877874485595484e-01
4.225496682346838728e-01
4.215215749677735935e-01
4.220694930623765662e-01
4.234278231667938930e-01
4.192282360441715316e-01
4.218397834655963075e-01
4.222019556181883515e-01
4.213610468171697376e-01
4.195379528432138794e-01
4.198043082613018839e-01
4.203529389438216968e-01
4.239172062514107164e-01
4.201160688035652790e-01
4.196753600242466020e-01
4.191092983773966885e-01
4.221763254995694048e-01
4.205157496786887106e-01
4.192070083638633204e-01
4.191181116730794964e-01
4.206353003899228060e-01
4.209759546623884074e-01
4.195245239011433092e-01
4.185407474451443566e-01
4.186155949170669022e-01
4.199459344149222839e-01
4.197701358365535929e-01
4.160608770098017661e-01
4.202207685306183493e-01
4.174904282003575884e-01
4.202330768378002013e-01
4.185464735822497229e-01
4.182049050240455590e-01
4.194038689479466231e-01
4.191223096654710378e-01
4.180624302823287564e-01
4.181283772862475767e-01
4.174790864791724232e-01
4.173305948452990521e-01
4.172002764855636259e-01
4.193309121276104778e-01
4.174474766567055628e-01
4.189090498461205403e-01
4.187485902736524657e-01
4.176069100669949630e-01
4.175802020285309113e-01
4.164041376728265242e-01
4.153586155866759722e-01
4.178045087369270938e-01
4.182474577738244936e-01
4.159543511169639385e-01
4.157528023954850660e-01
4.165844608250495185e-01
4.171225473387361049e-01
4.170383062795757212e-01
4.181238872831166131e-01
4.153887163996516363e-01
4.165214134492564724e-01
4.162893279649774736e-01
4.166581803337929268e-01
4.161121385264805461e-01
4.156426825378422563e-01
4.164595175134011562e-01
4.184115916888394016e-01
4.152420113647268263e-01
4.162995904253936619e-01
4.169532757622686492e-01
4.148289014286811738e-01
4.154594832315075537e-01
4.147341198419523534e-01
4.162683254225192919e-01
4.160601711024596305e-01
4.147522805690956882e-01
4.152094783313151072e-01
4.148675295827140563e-01
4.146028899818103297e-01
4.139560890711548868e-01
4.156500208060676105e-01
4.163017328160580344e-01
4.150737122483998953e-01
4.151298387058835471e-01
4.146660792471218993e-01
4.153226572259013927e-01
4.155919939000921048e-01
4.158560569438379262e-01
4.146776142979591295e-01
4.142444022862868391e-01
4.148289552095935639e-01
4.142473631211198715e-01
4.141447290637347289e-01
4.152358455614230670e-01
4.124773299195003684e-01
4.123627455228305316e-01
4.136117394402978320e-01
4.142514319327532668e-01
4.142759019228948181e-01
4.139120506002672006e-01
4.147615818957129386e-01
4.146239206680176204e-01
4.138363481924381415e-01
4.133602501282562791e-01
4.136554108843971123e-01
4.136508179679636577e-01
4.117506506449730708e-01
4.143191897550800307e-01
4.118376186179896759e-01
4.116107617214457837e-01
4.128118293925406301e-01
4.136117310775153100e-01
4.119279875486234199e-01
4.099173834859314858e-01
4.120195010291989868e-01
4.135964636467912015e-01
4.132584319106047954e-01
4.120759641472759860e-01
4.127098465274159356e-01
4.137528244739623329e-01
4.143029331546152494e-01
4.111904864515842362e-01
4.127279185729629263e-01
4.124713360165220277e-01
4.114964337081274959e-01
4.113174019995611275e-01
4.105216376568945336e-01
4.121027880038674596e-01
4.102398667737434668e-01
4.119993828020960813e-01
4.114856396545215067e-01
4.124389882162203258e-01
4.112555986086845472e-01
4.116061486425980909e-01
4.110193587756800215e-01
4.103502132618095932e-01
4.115154429841177408e-01
4.097416566509003988e-01
4.114478635323681743e-01
4.117936318909489746e-01
4.111456024853031299e-01
4.099720413721044676e-01
4.126167966423281430e-01
4.080753164009977563e-01
4.116939891394379436e-01
4.082582482706633153e-01
4.080431976203124922e-01
4.094434096153317104e-01
4.122684054063489589e-01
4.077175962729671088e-01
4.096472559839912653e-01
4.122314443444256571e-01
4.101702741588952317e-01
4.087850062172728727e-01
4.098628093502800218e-01
4.119840478496343827e-01
4.107228774122471671e-01
4.077844682091285033e-01
4.098515930115172456e-01
4.092059448187222448e-01
4.091036017596330066e-01
4.091979879603769299e-01
4.086151616082127624e-01
4.081661337714131421e-01
4.098171901164275877e-01
4.085744215778241428e-01
4.085306031677670702e-01
4.070023571267524232e-01
4.102634876321702984e-01
4.086196321870994574e-01
4.088996674585256286e-01
4.081645471834458583e-01
4.083564758524955152e-01
4.056029939394370509e-01
4.085623031475525413e-01
4.074972231354757057e-01
4.077870579603479206e-01
4.072397070512780437e-01
4.110916242062232495e-01
4.070900043355356046e-01
4.082422129801527855e-01
4.054925667320480875e-01
4.084243074360749959e-01
4.048336622555719910e-01
4.083967745311111730e-01
4.071084036513523130e-01
4.058974881157059733e-01
4.076268971981971134e-01
4.085277148639672729e-01
4.038358483044166003e-01
4.078920759026719023e-01
4.061490571839043162e-01
4.088964846856790181e-01
4.062220716389130515e-01
4.087166358103691555e-01
4.050887059613707541e-01
4.080543785546227320e-01
4.062694014775868889e-01
4.073750314757400570e-01
4.047937653101845723e-01
4.071169661055504818e-01
4.058257583146884229e-01
4.052000420628742439e-01
4.071106384590282290e-01
4.042458133455293368e-01
4.043452789242334977e-01
4.048471346611157706e-01
4.061660315891190698e-01
4.055494725966675706e-01
4.067623431992634653e-01
4.037588607691174336e-01
4.079657883837339849e-01
4.031419796333788885e-01
4.033429565294708863e-01
4.043364720169483895e-01
4.059142232149213214e-01
4.060041217720242179e-01
4.064904659883203375e-01
4.047156457136070196e-01
4.073443657879459168e-01
4.040924737986751336e-01
4.060111651716141190e-01
4.051701551368409038e-01
4.062256016945383075e-01
4.034791157731336675e-01
4.079539353385520095e-01
4.041528152076307445e-01
4.030429821023457926e-01
4.032052327759872434e-01
4.040241263561270002e-01
4.028447798784933753e-01
4.031243189383642567e-01
4.051852954462595302e-01
4.022592457846068670e-01
4.058837450104770816e-01
4.043745321957813998e-01
4.035723853174055797e-01
4.049253238371343655e-01
4.045272367173725070e-01
4.041418136273364214e-01
4.058321640640871197e-01
4.049418299245814423e-01
4.048790232916885112e-01
4.025584969437205896e-01
4.044827990790251793e-01
4.025146409932798264e-01
4.035123809736184675e-01
4.030329665461901967e-01
4.028602536226821296e-01
4.036458442705584404e-01
4.014999893299842082e-01
4.014658141208624631e-01
4.031832207603743279e-01
4.018829567979776418e-01
4.024784811904162929e-01
4.002046480362407288e-01
4.011507399254842787e-01
4.021027505910306221e-01
4.029114144179127277e-01
4.028943652652230978e-01
4.012521908854921882e-01
4.050063735080133842e-01
4.011475732765983904e-01
3.999865113504886271e-01
3.991256714058559751e-01
4.018259050148429434e-01
4.017549365409703310e-01
4.031879458784909942e-01
4.019996611455809998e-01
4.002208783204394549e-01
4.040858551994917502e-01
4.002366068339942573e-01
3.996117695949900628e-01
4.033530189652094755e-01
4.012041763050022136e-01
3.987714326229489514e-01
4.021141843671864335e-01
4.008841863079608547e-01
3.996040195568950626e-01
4.004927370483700177e-01
4.007574344465704708e-01
4.014753093975345077e-01
3.990939748307896218e-01
4.013828098500835106e-01
4.023207273241517501e-01
4.021827723442798486e-01
3.998373332947557923e-01
3.988502338804085223e-01
3.993110130103207367e-01
4.001308292447340875e-01
4.004545390026081897e-01
3.989513521637826909e-01
4.007141429530134413e-01
4.002271159716077609e-01
4.002884523171200137e-01
3.978579829595444983e-01
3.993602026885525458e-01
4.009118615685129949e-01
3.994591413029419669e-01
4.007814112754171099e-01
3.995337879664298542e-01
3.982425052980742564e-01
3.994564116084665106e-01
3.992265271484217171e-01
4.019059627825302683e-01
3.987585311693959134e-01
3.999425625237147397e-01
3.984768237344769592e-01
3.990711532599384159e-01
3.998280030499806181e-01
3.989493849585967755e-01
3.982955499283415968e-01
4.023271248396475541e-01
3.998019901845299984e-01
3.981868805172088521e-01
3.981334136580918504e-01
4.003573911401511753e-01
3.977165398739841429e-01
3.974849278332319158e-01
3.995361542516598363e-01
3.993170493684536360e-01
3.980560984323103235e-01
3.988610972719958681e-01
3.976910751430572932e-01
3.959698894798450719e-01
3.995480862364912400e-01
3.990832291891937555e-01
3.975282911709248079e-01
3.974775496846874034e-01
3.976644510569298796e-01
3.980186969814023534e-01
3.984025525824558822e-01
3.958860155011652560e-01
3.962757372420473434e-01
3.963716121144799653e-01
3.984074137312911823e-01
3.997976339288730752e-01
3.986231226670326477e-01
3.972126677185809362e-01
3.981625909454478141e-01
3.980436145227100320e-01
3.988558551739476155e-01
3.972689253877653148e-01
3.982833659561977324e-01
3.983783401403824809e-01
3.986589104785523419e-01
3.977283457489642626e-01
3.982494901122489162e-01
3.986435346853350326e-01
3.994904331113433571e-01
3.958572610296612893e-01
3.976194638983709950e-01
3.976922111873914534e-01
3.973603711753105894e-01
3.971679795280423364e-01
3.946579664647094088e-01
3.946450669677204481e-01
3.962935271251009639e-01
3.952061304930470365e-01
3.956346968216761795e-01
3.971976798588274238e-01
3.996502204759033172e-01
3.979491868375529262e-01
3.994290829085428984e-01
3.956466253369299579e-01
3.971234897475390824e-01
3.981735470617244199e-01
3.959880011304064418e-01
3.974064386030073392e-01
3.944591069072517775e-01
3.955872726440378684e-01
3.959800467261461177e-01
3.952359590945242473e-01
3.957677337190423361e-01
3.979331764635512525e-01
3.956111864389784127e-01
3.960845616291328586e-01
3.948662416792859120e-01
3.959325492873992935e-01
3.974128497856646014e-01
3.972528157015576267e-01
3.961643933368698689e-01
3.953467087910387256e-01
3.955375793039146437e-01
3.956858229881361488e-01
3.951084855647683525e-01
3.952922970447756423e-01
3.952449112668097175e-01
3.943115583150429426e-01
3.957497253752560451e-01
3.949622196035424415e-01
3.934421362393203392e-01
3.940169669889284076e-01
3.957414762520450324e-01
3.971457005206984747e-01
3.951420285911999564e-01
3.937836639760191049e-01
3.954734548216771728e-01
3.946226337121436778e-01
3.933835962280879950e-01
3.953181393526428167e-01
3.947655157465887465e-01
3.945281401781310371e-01
3.935392171903098757e-01
3.941093116226672688e-01
3.956269809338692212e-01
3.942465934888768619e-01
3.932042340686747739e-01
3.944251127887505870e-01
3.941386700460256520e-01
3.946240901371853571e-01
3.933042750965489720e-01
3.936152468925591674e-01
3.955022103837879111e-01
3.943243395848706201e-01
3.928504558918497480e-01
3.918741933269476174e-01
3.942310988543555328e-01
3.928468606698476973e-01
3.938251802908148691e-01
3.944914514236246283e-01
3.954207230244071725e-01
3.933106807781736047e-01
3.918473210134126306e-01
3.930909038398104904e-01
3.927804465374755694e-01
3.928082056189362015e-01
3.957066830316220418e-01
3.929280108149540429e-01
3.901518399807769044e-01
3.930853336368538287e-01
3.931412283582584877e-01
3.946456406235174241e-01
3.916534081284934743e-01
3.951876367580813287e-01
3.950919105449714475e-01
3.931401641996887797e-01
3.935139807835908443e-01
3.932848952601941117e-01
3.921426078341035404e-01
3.924461776579358241e-01
3.921788888413322849e-01
3.918518847852174303e-01
3.914312902879663603e-01
3.922364730123028553e-01
3.936360686193319247e-01
3.932165683639678999e-01
3.925255254041135622e-01
3.926570043780246988e-01
3.924476787804895839e-01
3.919948587509010651e-01
3.929771543167450698e-01
3.932625155607769041e-01
3.907540864828886185e-01
3.927828401693685412e-01
3.919455152100577155e-01
3.908881977235166283e-01
3.888229171445666821e-01
3.930440618797654828e-01
3.914147059000889217e-01
3.911480963966511570e-01
3.923130509287077738e-01
3.925865478195726954e-01
3.917509026732124977e-01
3.913854273839845743e-01
3.895268644063860641e-01
3.919201282025093769e-01
3.908102739750160537e-01
3.929054990209899789e-01
3.909267001820488363e-01
3.909200595527795308e-01
3.924524034170735476e-01
3.914038314654681439e-01
3.905051518569206959e-01
3.925973391666148227e-01
3.904997477057014499e-01
3.892879361992745424e-01
3.907715065553017397e-01
3.902950060591975912e-01
3.930011586946913771e-01
3.903096757808197648e-01
3.906330242533822550e-01
3.905692559593640922e-01
3.903632027216110689e-01
3.897835803990803982e-01
3.922373873031619329e-01
3.897956055391693098e-01
3.909392542323974484e-01
3.928410296849471628e-01
3.898341746334705871e-01
3.925204389990968323e-01
3.907626381393672355e-01
3.896630358669697647e-01
3.892185051350856018e-01
3.908954308746033224e-01
3.901527561116959197e-01
3.908456785487702256e-01
3.892376529639727245e-01
3.919421593290241534e-01
3.905599049588124871e-01
3.885795742559669530e-01
3.887690769765796972e-01
3.894828665944416457e-01
3.876685530639008004e-01
3.916804322180719722e-01
3.890921032598753659e-01
3.885499792639694472e-01
3.908980832703891628e-01
3.896591146309331677e-01
3.877968850923014799e-01
3.890845558549640426e-01
3.886141725819020620e-01
3.895910066925320492e-01
3.889210390650798543e-01
3.895477481027329048e-01
3.896936686319800724e-01
3.885456954175184330e-01
3.889522903291345313e-01
3.891779176146590857e-01
3.906405054844241942e-01
3.878682520001294765e-01
3.889082622534347777e-01
3.886524831298879268e-01
3.904582449219748952e-01
3.905502920564675740e-01
3.880945231614331692e-01
3.879643543722997578e-01
3.868306489276846505e-01
3.901551612651885659e-01
3.892548400276829579e-01
3.885360238814108969e-01
3.882094746718902090e-01
3.885844854339464693e-01
3.868533466218398442e-01
3.896833627172675563e-01
3.870923805979862853e-01
3.883121922822414529e-01
3.900237819495802061e-01
3.877690177543400840e-01
3.869946414797385548e-01
3.900866377829723119e-01
3.872667047158387388e-01
3.869692622663332693e-01
3.872988596747424794e-01
3.885858873522822776e-01
3.909524172621074989e-01
3.895604635621186529e-01
3.882207899627403980e-01
3.870384301360313972e-01
3.878202701588872592e-01
3.873374000684848828e-01
3.896146014202763186e-01
3.864981150508032814e-01
3.854706870088899229e-01
3.873817428802359686e-01
3.861846869144230365e-01
3.886819083717080736e-01
3.866650111010861424e-01
3.870817339304541971e-01
3.890750026278411156e-01
3.870965075476273665e-01
3.864626755425374927e-01
3.870346359761087096e-01
3.878376748596999435e-01
3.847385838914269551e-01
3.857963574806647089e-01
3.884683535125954545e-01
3.897959969702080585e-01
3.877682020255954765e-01
3.868728959424944658e-01
3.871749498615177920e-01
3.871924658306246658e-01
3.861759302493494861e-01
3.877032066761179063e-01
3.853654831219488486e-01
3.875224429875152587e-01
3.877837928535094458e-01
3.867377839968150766e-01
3.839569514874524025e-01
3.861613983638826908e-01
3.851185557194200526e-01
3.875172334375389660e-01
3.863810796161655792e-01
3.864658561722898455e-01
3.855126772501495380e-01
3.869683778003681351e-01
3.874670154270483113e-01
3.854533548696332801e-01
3.836299420165066310e-01
3.858174167137220500e-01
3.860098205872031785e-01
3.855614100346513862e-01
3.875026615852945611e-01
3.859652992805619465e-01
3.850764084992755465e-01
3.860650382244222301e-01
3.878073063168620549e-01
3.863191506491225891e-01
3.860529843433300190e-01
3.859837060825450084e-01
3.856284293530504725e-01
3.856470923619554902e-01
3.852738784858129595e-01
3.862497668126412820e-01
3.855659367238853386e-01
3.867076379103349670e-01
3.852207343417661245e-01
3.858918275144404553e-01
3.857170462126530697e-01
3.849709700947864799e-01
3.858254340981115971e-01
3.856076304040096381e-01
3.872620211802963452e-01
3.867206471571840720e-01
3.849450062807921458e-01
3.834017765307658476e-01
3.846165156882467850e-01
3.850208656563975373e-01
3.856842716057939935e-01
3.852340527776332846e-01
3.828450850038743192e-01
3.866993929096944060e-01
3.841256381430548927e-01
3.862093405474094077e-01
3.863552118666724877e-01
3.856493634132149850e-01
3.850751367542235015e-01
3.842729932344814414e-01
3.851330928642167639e-01
3.835076876328855633e-01
3.852935093111389819e-01
3.857580774510812049e-01
3.850389697335594996e-01
3.851593631457791989e-01
3.856197583844790944e-01
3.837959881599359302e-01
3.863815477230977957e-01
3.837150720099725132e-01
3.860581699117378029e-01
3.831716234687457256e-01
3.849247644262678292e-01
3.831187686182710439e-01
3.841338240487051636e-01
3.834782590149212189e-01
3.855715879747469432e-01
3.851022123808132136e-01
3.848478395999659352e-01
3.832501095026901727e-01
3.854003136721483869e-01
3.850388951384260405e-01
3.839282983241279479e-01
3.847191770287209933e-01
3.827501261881367522e-01
3.845675556706443232e-01
3.848335387690052234e-01
3.836578259778771760e-01
3.848494637995532042e-01
3.849234356885872788e-01
3.845175279809222579e-01
3.835951475323959303e-01
3.822122891029086644e-01
3.852136404312104800e-01
3.841945455286993050e-01
3.825974298524992823e-01
3.828082602023260006e-01
3.854010378628851541e-01
3.832643668915303725e-01
3.842666926218066270e-01
3.838115730551410199e-01
3.831860137308505387e-01
3.829686671385323371e-01
3.824995366848371048e-01
3.843242876200111957e-01
3.834924847542457438e-01
3.831633492509976535e-01
3.819539924548256971e-01
3.828269686051612442e-01
3.827573274286193428e-01
3.815315250239278977e-01
3.858217120731885497e-01
3.831351894433205341e-01
3.828966056329068390e-01
3.839380207486915997e-01
3.831487772889830001e-01
3.821725621346263035e-01
3.828515521048628245e-01
3.830069612008671354e-01
3.835806556127623890e-01
3.819724216931994487e-01
3.818147049369322032e-01
3.831804853370294750e-01
3.836490878213881239e-01
3.830991133782331581e-01
3.819798936129167877e-01
3.831807274336756497e-01
3.819402024623206326e-01
3.826263814024042920e-01
3.831872367668310297e-01
3.810296030273321866e-01
3.829073141252180013e-01
3.834899023584859568e-01
3.807232950754093070e-01
3.828819341717243918e-01
3.821263672518551702e-01
3.837173832249886618e-01
3.814231806251176526e-01
3.817297738090671966e-01
3.820670652223985830e-01
3.831565194319697665e-01
3.839241530472034536e-01
3.839124932745439644e-01
3.817502188696721976e-01
3.809104499463859539e-01
3.794720771690642258e-01
3.829315853061192598e-01
3.812563639727475917e-01
3.833032352037724633e-01
3.820862461343335070e-01
3.813786125951132977e-01
3.809997818469037512e-01
3.827526265079607692e-01
3.819371612313002262e-01
3.836604171193461199e-01
3.823975456313986609e-01
3.819255820172092197e-01
3.808764968023088393e-01
3.814411091773680096e-01
3.808749455902054604e-01
3.824505567796688266e-01
3.811843398846646025e-01
3.799715230458717286e-01
3.813548747633542235e-01
3.827605499981877046e-01
3.792711598898823588e-01
3.824801000437545451e-01
3.831089255766673141e-01
3.805314389985539614e-01
3.805828373211327942e-01
3.800976067920154300e-01
3.808329218999699228e-01
3.825494916009175017e-01
3.799607592802842215e-01
3.822115880529977083e-01
3.817311938106962566e-01
3.807557562296763343e-01
3.809690446545445641e-01
3.815222538567958899e-01
3.806975280151023711e-01
3.805552165531111974e-01
3.806206441276021035e-01
3.793344616766414767e-01
3.808941977083880048e-01
3.813612360591608907e-01
3.817527917351901667e-01
3.796126490071065063e-01
3.818308342124603350e-01
3.809840383283552012e-01
3.801007484779868051e-01
3.817235650066214681e-01
3.797672751279754233e-01
3.811193241448851965e-01
3.817988297841547474e-01
3.825052168861398649e-01
3.795708174024707282e-01
3.812627047126543878e-01
3.791475383391809117e-01
3.805741582204653639e-01
3.807806959870110863e-01
3.794451117513129579e-01
3.815003709213932725e-01
3.813765426938016678e-01
3.814663401726333114e-01
3.834027219523822860e-01
3.804524386814482351e-01
3.790807946418343621e-01
3.789304492383607226e-01
3.811044918439122076e-01
3.794810737374154641e-01
3.826319436512552463e-01
3.816004871762621042e-01
3.817283430444182168e-01
3.814183055045011206e-01
3.778507806310902328e-01
3.815749054508998372e-01
3.807074027127024252e-01
3.783238694845935668e-01
3.807990919521986872e-01
3.812317313274988240e-01
3.816583324179113057e-01
3.798329825365809875e-01
3.793520885470145210e-01
3.806572274979373449e-01
3.802569900410883719e-01
3.804070094202717800e-01
3.812385520397170158e-01
3.825115699271275371e-01
3.815317739356808846e-01
3.798791476667860434e-01
3.783849991477381547e-01
3.795725685148119144e-01
3.790917080992837196e-01
3.809083727230316296e-01
3.798163564010311188e-01
3.793254443345928650e-01
3.792760529145260406e-01
3.803449922261057936e-01
3.795293142257513686e-01
3.811500076989661756e-01
3.800499013106701796e-01
3.789144505584482459e-01
3.808572365620623845e-01
3.798586006087188438e-01
3.783851300886882374e-01
3.782627665098307612e-01
3.790184126425564792e-01
3.811427218861422328e-01
3.807651287471590096e-01
3.805398595603757816e-01
3.791446427558255450e-01
3.800685656535334189e-01
3.787169312025486789e-01
3.785812704289288066e-01
3.790467737615116905e-01
3.806674299967879871e-01
3.793858376308196223e-01
3.811208165455515218e-01
3.789699206077781213e-01
3.789986664193809029e-01
3.797890852982192533e-01
3.792646586379573859e-01
3.787770975459628375e-01
3.793606989318791256e-01
3.783927583754835289e-01
3.809199187110811624e-01
3.774337256863317669e-01
3.822954855631950366e-01
3.806977886880729689e-01
3.796607576396210937e-01
3.772666564029392156e-01
3.800205964305742867e-01
3.792957233211425305e-01
3.793961061288109726e-01
3.795508374485769831e-01
3.805005753109186872e-01
3.788812058667965221e-01
3.801316993303443525e-01
3.787661267982090352e-01
3.786921299319755962e-01
3.791388719414663377e-01
3.785575315188662859e-01
3.804834774652436913e-01
3.781980410965313233e-01
3.803747523514517392e-01
3.806787077037736555e-01
3.792017311198693785e-01
3.803405551719894473e-01
3.773318676273191286e-01
3.788900282837028843e-01
3.800167063452657978e-01
3.771552129494006311e-01
3.784371951827292246e-01
3.792831001112921818e-01
3.763167775390958703e-01
3.801789295607473917e-01
3.806255637880568421e-01
3.811419562239088954e-01
3.780136485263614898e-01
3.787356129135558969e-01
3.791582704725605102e-01
3.773643385471365241e-01
3.785540584146822596e-01
3.800818798198333237e-01
3.776416982659772104e-01
3.792315402087789722e-01
3.776719851762724844e-01
3.782471837187759700e-01
3.761289253280563627e-01
3.797321562304835640e-01
3.798470308534327988e-01
3.805583744967639404e-01
3.789180447911346672e-01
3.773408531144974432e-01
3.774568759946850260e-01
3.784385771220712402e-01
3.772210516646292700e-01
3.802463886404574001e-01
3.786200118493946998e-01
3.810220417966007633e-01
3.787762873459204482e-01
3.767356568069790690e-01
3.791396853245240783e-01
3.786407976158457367e-01
3.771150792054133727e-01
3.775286023822680970e-01
3.789005957871356967e-01
3.782280447719117977e-01
3.778005117886537589e-01
3.795535874099614237e-01
3.788503437269657437e-01
3.773399324194762205e-01
3.791176338081911901e-01
3.789177843982590166e-01
3.776393842434601633e-01
3.791708705224383635e-01
3.793662259650723012e-01
3.771781347248325811e-01
3.763035021666765179e-01
3.789757051779418795e-01
3.783390150682516828e-01
3.773445171935196907e-01
3.779522183834227445e-01
3.776104563716227158e-01
3.779705345169510622e-01
3.790105423594777867e-01
3.800309343583254673e-01
3.755540795101029450e-01
3.784334213376496781e-01
3.777175073670406280e-01
3.778854674169136452e-01
3.775738924288944420e-01
3.782020373978353667e-01
3.786679243765249114e-01
3.773863328287793695e-01
3.784681396380780716e-01
3.780186697671099605e-01
3.768287403938683777e-01
3.766275915483649483e-01
3.778936364166132211e-01
3.773537755070934252e-01
3.770268309819911345e-01
3.784590935805980383e-01
3.773726468373603260e-01
3.768699385704488702e-01
3.789195209762409866e-01
3.767109900425915647e-01
3.777546807363409420e-01
3.773194724509756348e-01
3.774305478693316673e-01
3.762722720473996585e-01
3.770686437196792418e-01
3.781243426969992938e-01
3.778523375311891308e-01
3.773124491939537362e-01
3.789328407572624680e-01
3.774230577637227579e-01
3.786793999124226651e-01
3.765313893292074332e-01
3.777365533606910630e-01
3.790992831529138574e-01
3.766705698379216316e-01
3.767345953028324868e-01
3.757856123558886430e-01
3.762542313030738939e-01
3.764467895713350942e-01
3.780177481380860294e-01
3.767327693001140676e-01
3.773405992285720489e-01
3.783303527573014802e-01
3.772556158419678174e-01
3.768566821191448035e-01
3.781426099156467990e-01
3.764603551439645313e-01
3.783502524039441539e-01
3.770543149731540589e-01
3.774962183305439756e-01
3.782901606324855504e-01
3.771618215670364260e-01
3.752722247256121135e-01
3.792551129892887118e-01
3.779414867832992520e-01
3.754299600030499007e-01
3.764945553281618396e-01
3.776867504659951469e-01
3.781194247176225542e-01
3.762449039737158496e-01
3.761240132537144176e-01
3.777792600899894104e-01
3.775270686072437765e-01
3.792460030649249525e-01
3.757838372606780442e-01
3.780864076838069132e-01
3.781769769405501358e-01
3.765586905166406484e-01
3.753018115200277283e-01
3.775693885664503369e-01
3.774528977196618396e-01
3.774126289703192971e-01
3.778424771066864474e-01
3.765589453727631875e-01
3.761274893637185923e-01
3.771450869662453242e-01
3.763636096078858961e-01
3.761977612626668521e-01
3.776570160070320537e-01
3.789732616949780808e-01
3.744770285322021608e-01
3.766387198264629643e-01
3.776749669059117909e-01
3.770598715076950991e-01
3.774931352370045623e-01
3.772960256209436092e-01
3.764983036254839210e-01
3.765054055773285335e-01
3.747896100664036001e-01
3.776174455936088248e-01
3.774485599057626484e-01
3.761372851928295735e-01
3.776690647195953265e-01
3.764809917930089789e-01
3.756498817955185032e-01
3.775709807006946139e-01
3.758996010546600819e-01
3.758956246520325784e-01
3.773801042565245734e-01
3.764132075273578515e-01
3.761947122328891946e-01
3.768577105805732130e-01
3.772761886416980404e-01
3.760958823589046762e-01
3.772419027268315017e-01
