3.239727272962680331e+02
5.967050297045244633e+01
4.320212775031458108e+01
3.512954516125783755e+01
2.950665419166664094e+01
2.555471812905485862e+01
2.284325620490387720e+01
2.087504902132147677e+01
1.919881648270139607e+01
1.759191446859367858e+01
1.597188457819134122e+01
1.429396038646177658e+01
1.253332662151550458e+01
1.070085820708658453e+01
8.845067404208238671e+00
7.130135899409327571e+00
5.813155484204002299e+00
4.879666895174316288e+00
4.196502694078509954e+00
3.698307841196390999e+00
3.341904178307326223e+00
3.077682866838127307e+00
2.878981672058668284e+00
2.722547604237905094e+00
2.593058005668375188e+00
2.486143079752631824e+00
2.398307130029938339e+00
2.324058333485834016e+00
2.259906463201152071e+00
2.203598978369778028e+00
2.151954067697761541e+00
2.104183655606508996e+00
2.061263357765646731e+00
2.021973367895484763e+00
1.984879669284566939e+00
1.947243901144220635e+00
1.910897416529449222e+00
1.875844696332071626e+00
1.841598347578035311e+00
1.808795759466683251e+00
1.777431354768801874e+00
1.746102015395319285e+00
1.716053035395410653e+00
1.688417385883415278e+00
1.663595628718365971e+00
1.640655862401201537e+00
1.618968001013308289e+00
1.598617444833516421e+00
1.579609115814436082e+00
1.561201285121725846e+00
1.544170342253484263e+00
1.528509277922998066e+00
1.513503315506668834e+00
1.499507229193666413e+00
1.485891665742107515e+00
1.472840297105940444e+00
1.460802768799203122e+00
1.449107335398828411e+00
1.437841682943218347e+00
1.426792046735982922e+00
1.416532435100184451e+00
1.406289928410650703e+00
1.396327990502577832e+00
1.386779890049295583e+00
1.377976269160779310e+00
1.369178507157862379e+00
1.361015928969442568e+00
1.352272393022742270e+00
1.344304696536252841e+00
1.336262912077981646e+00
1.328639064664378200e+00
1.321531111533138514e+00
1.314577462274337138e+00
1.307516844013931978e+00
1.300994406853415830e+00
1.294552023897184823e+00
1.288104092220494712e+00
1.282162783643946868e+00
1.276459953339190712e+00
1.270471214167961049e+00
1.264743499073530897e+00
1.259044591271473834e+00
1.253568214153751859e+00
1.247620921003540939e+00
1.241603056597059274e+00
1.235955507518364582e+00
1.229871634404944958e+00
1.224865514927058419e+00
1.220004225725819014e+00
1.214924091129534256e+00
1.210149047334575734e+00
1.205585387700799815e+00
1.201181989532835725e+00
1.196710943136843897e+00
1.192811881779703542e+00
1.188988119542926158e+00
1.185230977240342876e+00
1.182109500577838368e+00
1.178560880128787014e+00
1.175257278763043312e+00
1.172069879347324539e+00
1.168624790858000528e+00
1.165222947220138083e+00
1.161835285718972433e+00
1.158864127693993717e+00
1.156033579879423234e+00
1.153042151476966426e+00
1.150213081534559478e+00
1.147364417332762621e+00
1.144724981916920958e+00
1.141999437036231191e+00
1.139283814237498360e+00
1.136590055312409753e+00
1.133944177704099721e+00
1.131179245952379731e+00
1.128716780784397633e+00
1.126192621431735708e+00
1.123499460000675798e+00
1.120783729664530437e+00
1.118053341701218839e+00
1.115341569820687662e+00
1.112649966943318303e+00
1.110201649096799414e+00
1.107681277686170640e+00
1.105260763719712935e+00
1.102599016462408876e+00
1.100347139006028208e+00
1.098168946305283944e+00
1.096050202695665110e+00
1.093575327806084463e+00
1.091376140769366510e+00
1.089022847839004493e+00
1.086850878958264488e+00
1.084877082831448680e+00
1.083055361039836795e+00
1.080852069093378054e+00
1.079072924240250586e+00
1.077167533504727936e+00
1.075297258628352681e+00
1.073538098254835704e+00
1.071704192204876449e+00
1.069918791636863986e+00
1.068100705012541063e+00
1.066554877043775829e+00
1.064872839710073515e+00
1.063147865707228856e+00
1.061633528229793955e+00
1.059404198006531628e+00
1.057164287271053604e+00
1.054599354689621737e+00
1.052380452267244637e+00
1.050423552885969558e+00
1.048380726812204733e+00
1.046361707276457942e+00
1.044401273108492179e+00
1.042327119857221041e+00
1.040296355784951166e+00
1.038110769072475348e+00
1.036120022610707680e+00
1.034442622329672989e+00
1.032343867798220627e+00
1.030481239943048744e+00
1.028637568567237315e+00
1.026685798589936693e+00
1.024636247459352445e+00
1.022468356658834621e+00
1.020533423266922091e+00
1.019093469343684388e+00
1.017064578424345944e+00
1.015555619611560045e+00
1.013775004370927491e+00
1.012107950245385135e+00
1.010402372914125158e+00
1.008860321731648968e+00
1.007317746885299181e+00
1.005348493043632940e+00
1.003467843699604067e+00
1.001435700264897033e+00
9.995330403367376215e-01
9.977366586604893284e-01
9.958883291726808862e-01
9.936647240718650131e-01
9.915219743438332678e-01
9.896970719537933059e-01
9.879170469082843020e-01
9.852746702311409033e-01
9.818463763621051443e-01
9.789289919922893324e-01
9.766559049874744547e-01
9.743427273960195700e-01
9.722667892581157156e-01
9.701909806856950924e-01
9.684166736669417297e-01
9.662546291806597409e-01
9.644759678018745008e-01
9.628355390307291595e-01
9.610199823855308798e-01
9.591607856576102042e-01
9.574944878000724025e-01
9.559746124093245756e-01
9.544989832047811040e-01
9.527871856809290163e-01
9.513280574924204425e-01
9.500159764203884860e-01
9.486159216788799808e-01
9.469411785931723946e-01
9.452211026697961982e-01
9.436995291131272667e-01
9.424128824775551694e-01
9.408717062394420516e-01
9.391740876532308491e-01
9.375061531742457932e-01
9.359365793105337561e-01
9.342114437984242459e-01
9.326476029958232772e-01
9.310104498454231381e-01
9.293942742736022167e-01
9.276444284146503350e-01
9.260790259580357064e-01
9.246756167328072928e-01
9.230759088162231452e-01
9.214247118686036409e-01
9.199914839350208373e-01
9.184425469909460737e-01
9.170091351946445535e-01
9.152644610974176587e-01
9.136999605207751785e-01
9.123431767517647950e-01
9.108826830573647504e-01
9.092732111697686692e-01
9.079038661272096356e-01
9.064008336485033235e-01
9.049617715538449403e-01
9.034533750709125011e-01
9.019939987801222081e-01
9.007073187590922680e-01
8.991362989242371873e-01
8.977639503940645360e-01
8.963491546453337122e-01
8.949363370108179838e-01
8.936456673782572357e-01
8.923409312538789218e-01
8.910042957212893633e-01
8.895499935246761192e-01
8.882868731089911263e-01
8.869851060384235097e-01
8.852893047587050424e-01
8.838042124832489188e-01
8.823894905362311691e-01
8.809398292713853662e-01
8.793751092566197691e-01
8.773055166332813792e-01
8.750836159306080164e-01
8.730839427437122602e-01
8.714129145254959630e-01
8.697839608630495434e-01
8.681819096117823209e-01
8.666832109826213548e-01
8.647939385090817055e-01
8.633156205014324014e-01
8.617830067930892790e-01
8.600832354779180955e-01
8.588719036455185751e-01
8.573790026745533588e-01
8.557956682289288297e-01
8.543871905260829180e-01
8.529837320978802540e-01
8.516860557946688282e-01
8.501178962566245945e-01
8.487003699450315075e-01
8.473627372592852369e-01
8.462185562074845402e-01
8.448915964431281678e-01
8.435467800044970099e-01
8.422915142994568116e-01
8.412415767463853333e-01
8.399969729464439316e-01
8.387827732839991945e-01
8.375727151641929602e-01
8.364742949896343260e-01
8.354571557035503915e-01
8.345855851242017787e-01
8.333026943267961562e-01
8.321299955384606761e-01
8.312705150186960879e-01
8.301479338112091044e-01
8.290970218928553903e-01
8.282324272883946348e-01
8.272065518029857456e-01
8.262288586104472587e-01
8.252703774691735328e-01
8.245885338733550673e-01
8.235920936813120319e-01
8.229428022222805561e-01
8.219600566594943425e-01
8.210363885361927627e-01
8.201748332370843997e-01
8.195748499225891104e-01
8.188279874815846959e-01
8.180662353973587875e-01
8.172630532260968250e-01
8.166971942171997734e-01
8.161361543210020608e-01
8.153510612522175682e-01
8.145561511996933790e-01
8.141255766503805447e-01
8.135722048366961223e-01
8.130464422146826964e-01
8.124135595870086712e-01
8.117539650599735479e-01
8.111308797094564094e-01
8.104216904262212529e-01
8.098008617928741382e-01
8.093962079521223041e-01
8.086045996960434801e-01
8.077257766871132061e-01
8.071368589243954617e-01
8.063474419223662926e-01
8.054716471708595060e-01
8.047455615808584151e-01
8.041049058293037177e-01
8.032670901518251805e-01
8.025456927015411912e-01
8.016138542864571503e-01
8.006334733159016226e-01
7.998074549641769337e-01
7.992496142621420274e-01
7.983868151556153814e-01
7.975991053847043544e-01
7.970471448426423855e-01
7.961251357134105922e-01
7.955970725039968050e-01
7.948446388987123745e-01
7.942391630023513116e-01
7.936256429353157893e-01
7.929731890407157868e-01
7.925322861816757047e-01
7.917757221300633086e-01
7.913000967472713088e-01
7.905602855375092330e-01
7.903385995579536027e-01
7.895883382180636234e-01
7.888956443512916694e-01
7.884492125498469006e-01
7.877894057724099675e-01
7.873681562927304922e-01
7.867148766832033902e-01
7.863032921760900740e-01
7.858126808573349109e-01
7.853090185219389063e-01
7.846638813257746925e-01
7.842164022392436040e-01
7.834084729265829994e-01
7.831641540185416694e-01
7.826136792026154865e-01
7.821305669760270085e-01
7.815881868910663499e-01
7.809678560159311056e-01
7.806200159106856384e-01
7.801192737687259182e-01
7.796138584091961699e-01
7.793103113327810583e-01
7.787427508364263007e-01
7.782880984265568847e-01
7.777965772609219952e-01
7.769313751436035531e-01
7.769957929073391112e-01
7.763392846206111919e-01
7.760586397690510951e-01
7.755417807493086846e-01
7.752417176139488886e-01
7.748884126306042619e-01
7.745388503954943049e-01
7.740848712282382138e-01
7.737273411927102496e-01
7.731667228564761407e-01
7.727903854174557052e-01
7.725058015158268176e-01
7.720373379966448679e-01
7.716167050894839896e-01
7.710913075217836754e-01
7.707815173120882157e-01
7.704252344973790967e-01
7.699582633466580672e-01
7.696774686686751465e-01
7.692229824976900554e-01
7.690627255991736577e-01
7.684335311566222737e-01
7.683671992614735657e-01
7.679338271746710687e-01
7.673803012568317650e-01
7.671658039119922945e-01
7.665961051521313907e-01
7.665320424548967004e-01
7.662007797408666443e-01
7.657362066129791422e-01
7.653963660601724728e-01
7.648956532022083143e-01
7.646455943924728160e-01
7.643667628657954127e-01
7.639724764409868696e-01
7.636476571257556634e-01
7.632990126717745794e-01
7.630983999702961595e-01
7.628104387914443896e-01
7.626303480827504311e-01
7.621450509542117002e-01
7.620486483953626822e-01
7.616754419734429460e-01
7.613421132123341373e-01
7.610467555341705603e-01
7.607724476796366986e-01
7.603875220884485087e-01
7.602437593370957591e-01
7.598389685556458106e-01
7.594682708809571414e-01
7.592923963362947504e-01
7.590441396865826862e-01
7.588880572533508451e-01
7.585431073276556191e-01
7.582520957788893012e-01
7.580413088710941105e-01
7.579598132203582139e-01
7.577105447572439756e-01
7.575586278174176735e-01
7.575902140986859878e-01
7.573267846860542996e-01
7.570395762576982435e-01
7.568989292846635131e-01
7.568029040276247343e-01
7.563809650317948607e-01
7.559927419688641237e-01
7.557236692254710730e-01
7.554653972637676018e-01
7.550506755477766063e-01
7.548582680773633369e-01
7.543384585225738626e-01
7.541665362490982405e-01
7.538651607190911541e-01
7.533449586310879686e-01
7.530132484892290146e-01
7.529002618565718841e-01
7.525698731460543911e-01
7.520907636643712202e-01
7.520568502397243504e-01
7.515788808204643123e-01
7.517344633944876842e-01
7.510686117385289018e-01
7.510348991394443230e-01
7.509457771932308567e-01
7.503107883302986281e-01
7.503042163598346859e-01
7.498454567605293830e-01
7.498196466133654203e-01
7.494491015599722417e-01
7.492742808542259825e-01
7.490017049549592132e-01
7.488890477105746291e-01
7.482270221001853239e-01
7.482506477505318498e-01
7.477520329279981892e-01
7.476221362624738687e-01
7.472919051426593073e-01
7.472711384916981281e-01
7.467350004306939626e-01
7.464383172492404794e-01
7.457609195084206055e-01
7.455786973220188685e-01
7.452504808609184961e-01
7.449385918598562251e-01
7.447939431355957707e-01
7.443632965763457010e-01
7.441934627559992910e-01
7.438674586281194268e-01
7.433813514779211706e-01
7.433252190211486754e-01
7.429047818094014488e-01
7.427288334444303031e-01
7.423890473337270146e-01
7.423503922896261820e-01
7.419540006280128663e-01
7.415813274856213333e-01
7.412434768860297618e-01
7.407441712696750669e-01
7.404250367296357771e-01
7.400242323705278347e-01
7.395745234953331471e-01
7.392314521716257802e-01
7.387066926438069503e-01
7.381450963140313570e-01
7.377329405776354987e-01
7.373259516272491210e-01
7.368397271641972113e-01
7.366087274855571687e-01
7.362353470193054861e-01
7.357863222814128301e-01
7.352388604477154699e-01
7.345713002384135493e-01
7.342321780580612911e-01
7.336250220626915342e-01
7.331614419960402751e-01
7.326366850608239112e-01
7.321047015928082713e-01
7.314680065320716684e-01
7.308177061721878864e-01
7.302084179403176556e-01
7.298627444936375275e-01
7.294444282726709750e-01
7.288798491305140681e-01
7.287118799137585201e-01
7.282399365523639645e-01
7.278183715448111046e-01
7.274770532460471673e-01
7.271920712236461526e-01
7.268678959625601843e-01
7.262441921079830776e-01
7.258809500363714307e-01
7.255925220722260205e-01
7.253117637750213786e-01
7.249529535611624054e-01
7.244179565256932962e-01
7.240465841581030793e-01
7.234621575959524487e-01
7.231371100603856128e-01
7.228396668743456432e-01
7.225822042038704263e-01
7.221628915246475211e-01
7.219763301678153722e-01
7.214696555243079734e-01
7.214304991363995612e-01
7.209319080730615115e-01
7.207303746622518714e-01
7.206159714669194694e-01
7.199609883112279007e-01
7.198214242509434202e-01
7.193257294596322460e-01
7.192262889097290612e-01
7.188088978989061184e-01
7.186580279002344751e-01
7.180959523373576792e-01
7.182392700016881903e-01
7.179005313752068185e-01
7.175396809420383493e-01
7.170985273496014445e-01
7.167791321148521133e-01
7.166085215748682069e-01
7.164473901940998646e-01
7.160293232739493030e-01
7.160852098440946278e-01
7.155822905659348088e-01
7.153214498196854843e-01
7.149084622915046205e-01
7.147161042641574369e-01
7.143771812024274359e-01
7.139894098300679781e-01
7.136990862813465952e-01
7.133838849508834512e-01
7.131659626954656162e-01
7.126953404207653220e-01
7.123701431901756642e-01
7.122056195907250364e-01
7.118930188415104610e-01
7.117949683438701269e-01
7.113671171457616182e-01
7.110303568838812760e-01
7.108919348448794473e-01
7.106248288246189704e-01
7.103636751119398740e-01
7.099801270160203126e-01
7.097959552571175834e-01
7.094629564152588053e-01
7.093945975562605533e-01
7.090457477504283901e-01
7.087538529751892247e-01
7.086088592377124407e-01
7.084384630282193340e-01
7.080661067283059440e-01
7.078694656826871601e-01
7.076345378240721518e-01
7.075391712443058756e-01
7.073344890321108247e-01
7.070418801948398224e-01
7.068077868159194921e-01
7.066657492465132639e-01
7.062096420814664155e-01
7.060713528800900418e-01
7.058927291319739838e-01
7.056529834956678515e-01
7.053733898024439064e-01
7.048195523405684781e-01
7.047056709082225590e-01
7.043365215324167705e-01
7.038617529208462953e-01
7.038491880043462601e-01
7.033992958610889579e-01
7.032257981945827519e-01
7.031234591868389394e-01
7.026372472791636570e-01
7.025014174151925639e-01
7.021324613459567487e-01
7.019690604715290716e-01
7.017240671339255442e-01
7.013681103245685833e-01
7.009545064751973031e-01
7.008911733334399763e-01
7.003433016231692676e-01
7.001225126562035106e-01
6.996057599891583045e-01
6.996097807422286818e-01
6.991561450689799395e-01
6.989067728419008363e-01
6.988031064119120117e-01
6.985905034019621596e-01
6.984526587837028844e-01
6.982400201554246344e-01
6.978822724220418161e-01
6.976200183785409292e-01
6.973638190579304341e-01
6.971228914915014174e-01
6.968572723598841501e-01
6.965037629745268744e-01
6.962013370509829713e-01
6.961113746968884408e-01
6.957778464931433371e-01
6.956141063598236807e-01
6.952681920714393060e-01
6.950378854263412620e-01
6.947943017192236281e-01
6.946860616779252373e-01
6.947414659201321951e-01
6.944488139176440145e-01
6.942876872595121762e-01
6.938152739307175132e-01
6.935599922294519715e-01
6.931362650581269769e-01
6.929951446064869236e-01
6.929066696649545110e-01
6.922977676615732490e-01
6.922359672291676924e-01
6.915931550097598191e-01
6.915578123756329632e-01
6.912131896118719476e-01
6.912605612565946300e-01
6.906888487594827764e-01
6.906229783444001180e-01
6.905191919228462760e-01
6.904183481006159750e-01
6.899141183154097190e-01
6.898076377593252984e-01
6.892016566797526389e-01
6.892735873684898706e-01
6.889113158807474990e-01
6.888414806616370845e-01
6.885125001806416956e-01
6.881076098301525112e-01
6.878967216092751746e-01
6.876101921616331047e-01
6.874146486698929914e-01
6.870789118063376222e-01
6.868684882662465796e-01
6.865696615850946927e-01
6.865261515010745441e-01
6.862032996086888659e-01
6.859133967564247092e-01
6.859085154608789425e-01
6.857161779362089815e-01
6.853445856142014181e-01
6.848189914915207011e-01
6.845994472498772021e-01
6.844023791468557549e-01
6.839221205256590386e-01
6.838799951857142956e-01
6.835677083366004103e-01
6.833006118350720692e-01
6.830706866154158119e-01
6.830050535420585378e-01
6.826646831045036778e-01
6.823900148980001079e-01
6.822036044077776085e-01
6.820297738754473871e-01
6.818792802234714401e-01
6.816825577211972353e-01
6.816201823844756369e-01
6.813065957773473125e-01
6.812071219265436461e-01
6.808533752512943016e-01
6.807813846678545389e-01
6.805555104730000027e-01
6.803854654514478462e-01
6.802479324926001825e-01
6.799861390298778119e-01
6.799094170999678832e-01
6.798447763812611733e-01
6.795945176117673681e-01
6.795231012954362493e-01
6.791375370078226448e-01
6.790559905165363119e-01
6.788576736638246567e-01
6.788807752025949327e-01
6.786591619717249335e-01
6.784147785445057144e-01
6.782476897126478166e-01
6.782312465914691613e-01
6.778370038589799362e-01
6.778610683364340028e-01
6.775721947852354488e-01
6.777016718044107657e-01
6.773229448967136301e-01
6.772834812020674944e-01
6.771336910511394080e-01
6.770399118780524583e-01
6.767711792131234638e-01
6.767537577763799161e-01
6.765002876038068713e-01
6.761204660094547458e-01
6.761283081045710297e-01
6.758748118769388746e-01
6.758663479946669383e-01
6.756684925211787762e-01
6.755625252870270936e-01
6.753999387355932305e-01
6.753109127653544874e-01
6.751896923859859179e-01
6.750582860073898184e-01
6.748956119286272370e-01
6.746499468114796061e-01
6.745548655695546847e-01
6.744624571269394187e-01
6.743544933839574762e-01
6.742791882317084040e-01
6.740525272470326845e-01
6.739532386186732893e-01
6.738575522360258363e-01
6.738255545870449614e-01
6.736844264850234687e-01
6.735264689133416693e-01
6.735094652904534129e-01
6.733205257412989697e-01
6.732432838513963125e-01
6.730681674075107424e-01
6.731453434315768369e-01
6.729373313624303909e-01
6.729618002068930016e-01
6.729051624560907774e-01
6.727295096275258679e-01
6.726597383170117572e-01
6.724104858474468926e-01
6.722858557682283021e-01
6.721877438894304779e-01
6.719916897823833279e-01
6.719776814134476028e-01
6.716011793558029908e-01
6.715926899171847930e-01
6.714166792375251269e-01
6.710447457131607507e-01
6.711383006540861951e-01
6.708439083157892169e-01
6.707429353289756646e-01
6.706951524951958454e-01
6.704163200830768332e-01
6.704368402596369014e-01
6.701445400853218715e-01
6.701494553384269581e-01
6.699684082943258012e-01
6.699936396052835752e-01
6.697241472893135095e-01
6.694560512668665808e-01
6.694031758868977944e-01
6.694503552259436496e-01
6.690046347392769599e-01
6.689983269267812949e-01
6.688804766101128507e-01
6.686624033122656741e-01
6.685906817066454844e-01
6.683065929533111849e-01
6.682289924605254727e-01
6.679992339947147251e-01
6.680835131080633538e-01
6.676786125272516914e-01
6.674926976653742239e-01
6.676022278599019755e-01
6.673391282497199706e-01
6.672943177706686102e-01
6.670668004154959307e-01
6.670319343845680926e-01
6.668083422838403385e-01
6.667109688220792529e-01
6.667883427967522536e-01
6.665377533350740347e-01
6.664126735878922458e-01
6.662787994517395118e-01
6.661417791584102188e-01
6.659897879256357900e-01
6.659446325489719598e-01
6.657559748566468372e-01
6.655858904073311821e-01
6.653122089393714855e-01
6.654812702794338231e-01
6.651994245495301827e-01
6.651066007577940420e-01
6.648304430741890370e-01
6.649514471283980432e-01
6.644971554428146243e-01
6.646999563228427332e-01
6.642827598155767177e-01
6.643192813945542063e-01
6.645399604900174007e-01
6.641743855136220676e-01
6.638588023104911029e-01
6.642096089284855731e-01
6.636922302787574557e-01
6.637985246952374796e-01
6.636139408020856889e-01
6.635155694688681383e-01
6.634386046908986589e-01
6.635724327579031190e-01
6.631435442119169021e-01
6.632950003081228285e-01
6.629065223071857194e-01
6.628576820653977464e-01
6.628491855503335639e-01
6.630735734166977036e-01
6.625416015392405766e-01
6.625935505299539452e-01
6.624464199084957317e-01
6.623395707223175277e-01
6.626464395057207746e-01
6.618622344411791980e-01
6.619492104444772984e-01
6.620226316295283464e-01
6.618983578113240007e-01
6.620088707016018592e-01
6.616814640869769226e-01
6.614826350088474083e-01
6.615898227364224171e-01
6.610779870243191914e-01
6.613749844704913672e-01
6.610202294369109666e-01
6.611325860211273442e-01
6.607566292168697286e-01
6.609645568721612685e-01
6.606943469810323544e-01
6.606918242568314836e-01
6.604752307633917630e-01
6.604099336348220328e-01
6.602793034854238519e-01
6.602695094921517960e-01
6.597165625947710721e-01
6.599240631658441769e-01
6.595688400745974844e-01
6.596054979278441754e-01
6.593548616136398755e-01
6.593903024277137925e-01
6.590203842187780658e-01
6.590116690729771465e-01
6.589357500701483739e-01
6.587573913378517165e-01
6.586609794027203924e-01
6.584182197006003268e-01
6.584338934097425655e-01
6.580319745122045205e-01
6.581982839378226480e-01
6.581410193788379548e-01
6.577089644428976145e-01
6.576766049394794367e-01
6.574224916903668170e-01
6.574085560739896250e-01
6.575090655825421848e-01
6.571522367351717575e-01
6.570359790532714905e-01
6.570526998062280466e-01
6.568251604528224652e-01
6.569279637768595803e-01
6.566281051032055727e-01
6.564807152941684043e-01
6.563216534397098290e-01
6.563138668867972703e-01
6.560556885292392337e-01
6.559955512175416059e-01
6.558360759087279446e-01
6.558799997973906448e-01
6.554995939557096696e-01
6.553420791451031180e-01
6.553957097471205806e-01
6.553632243625703291e-01
6.549319480548566608e-01
6.549291476450254113e-01
6.547658036133855441e-01
6.545349657506468466e-01
6.546367925591810577e-01
6.543294172318079305e-01
6.544628788291061428e-01
6.540693773322316940e-01
6.539597073689528139e-01
6.536941774532230021e-01
6.538643618222860221e-01
6.534593912481977407e-01
6.533157334352525103e-01
6.529532950142433734e-01
6.531291087056843025e-01
6.533115634717384657e-01
6.527524886224297385e-01
6.526532724160193366e-01
6.526835543347693225e-01
6.522190980663207238e-01
6.521562879522428968e-01
6.520673011277119402e-01
6.519804963466689918e-01
6.520287312010015768e-01
6.514569514323983457e-01
6.516336483012122871e-01
6.511931043720551315e-01
6.514919821156864854e-01
6.514504015714929208e-01
6.508492367961088432e-01
6.511409716885357968e-01
6.506082098767517197e-01
6.508230794927907237e-01
6.506267549580588838e-01
6.501723646229825571e-01
6.502982981422807951e-01
6.502699068890186451e-01
6.496984702620673957e-01
6.498819118082289625e-01
6.496899715768825745e-01
6.497548629113356622e-01
6.489901063996474928e-01
6.493138496804967685e-01
6.491149501218339557e-01
6.488303536723959430e-01
6.490863065633512008e-01
6.485743700632901065e-01
6.486854473938827859e-01
6.482153938519811254e-01
6.484958631636962290e-01
6.480915159200241193e-01
6.479191517016963386e-01
6.475601815126378336e-01
6.477476523348848492e-01
6.472124691507804561e-01
6.470455217480489685e-01
6.469737719329829995e-01
6.466198347041700600e-01
6.467669690408166527e-01
6.465287196769783362e-01
6.466130019471832968e-01
6.462911976069668496e-01
6.461652074463437589e-01
6.459000077624722502e-01
6.458640080251597526e-01
6.457060562466255815e-01
6.455280603925276361e-01
6.451228168201822433e-01
6.451235700249116078e-01
6.449260670334403533e-01
6.448094648776986348e-01
6.446891546528501493e-01
6.444509380161480561e-01
6.443439829641849359e-01
6.443469730528913475e-01
6.440843782014517016e-01
6.439409525151044145e-01
6.438467644237344523e-01
6.435950516135162669e-01
6.435495649462713574e-01
6.436554822743573157e-01
6.432043541801220066e-01
6.430935245782271048e-01
6.428743584594955873e-01
6.428120880824700345e-01
6.426644433562070935e-01
6.424748729505878053e-01
6.424332989623607881e-01
6.420303451172796327e-01
6.420878669161232954e-01
6.417152595538773152e-01
6.416247922073415877e-01
6.416013582786744829e-01
6.412271444425738931e-01
6.412870491873124967e-01
6.411017932274027942e-01
6.407485046947044571e-01
6.405946202814535306e-01
6.402706551756139897e-01
6.402792370522608634e-01
6.401762973010086677e-01
6.400771941543909049e-01
6.398411941937902636e-01
6.397261815802955942e-01
6.396326502647379231e-01
6.394692493037859027e-01
6.391794963559186415e-01
6.389625991060678967e-01
6.388968239461257914e-01
6.387125845626070442e-01
6.383408418360803083e-01
6.384566336339122516e-01
6.381767864737305507e-01
6.380927118454342573e-01
6.379315462984254115e-01
6.378626557233028072e-01
6.375076769414246280e-01
6.374742424279351560e-01
6.371433429844169938e-01
6.370769126549733485e-01
6.368836220344936683e-01
6.367687244143364067e-01
6.365457086264197928e-01
6.363683486764293296e-01
6.363220323902116782e-01
6.362156009726557260e-01
6.361393866586556589e-01
6.359942794899630103e-01
6.358937891216067673e-01
6.359399399145371223e-01
6.357754173411862553e-01
6.355780941641466786e-01
6.354504605902294712e-01
6.352907822158829765e-01
6.354225920627071256e-01
6.352248492467617025e-01
6.350725940981128970e-01
6.350459658255230844e-01
6.348051049164482595e-01
6.346065540933539806e-01
6.348258104262677337e-01
6.343508412191877222e-01
6.345330891898137704e-01
6.341144419305253521e-01
6.340565989846324024e-01
6.341184050655197524e-01
6.338327684158900910e-01
6.336926670607766487e-01
6.335843229459772186e-01
6.334571819089486189e-01
6.334025087851135050e-01
6.331347437250810506e-01
6.332248528211096295e-01
6.329581494794748187e-01
6.329868155437582411e-01
6.327860808350426192e-01
6.327693292868256103e-01
6.325682994151646810e-01
6.325069245478344149e-01
6.323354446167789300e-01
6.324482757748911554e-01
6.323068639650426537e-01
6.320837617469262648e-01
6.320343073494411046e-01
6.319422797517523227e-01
6.320151805764737674e-01
6.317120346946786258e-01
6.314048392795510445e-01
6.314903541761983652e-01
6.313031957059765942e-01
6.311654416168767101e-01
6.311848254508379830e-01
6.310809855621556386e-01
6.309184301593749877e-01
6.310220833888374736e-01
6.307675301637024612e-01
6.306833977853169015e-01
6.303609166634839278e-01
6.303557352050582763e-01
6.302780708542793375e-01
6.303208024315015701e-01
6.301475025596127155e-01
6.297997940918281801e-01
6.300123391841992992e-01
6.298719248631220458e-01
6.296982714261641911e-01
6.295273874351949850e-01
6.296748431020454673e-01
6.292858948118985607e-01
6.294135685473984942e-01
6.293291860061251963e-01
6.290888126734306418e-01
6.290588941922956590e-01
6.286320385929586863e-01
6.288444077383271713e-01
6.285224660846783218e-01
6.284403451411223473e-01
6.284648343901689804e-01
6.285150365098204350e-01
6.284388541052949861e-01
6.281758229931632131e-01
6.281803521173197069e-01
6.279864434207744761e-01
6.280306140834283068e-01
6.277600369332986263e-01
6.278992209327175500e-01
6.278404353237784230e-01
6.276619366080152806e-01
6.277051816653695937e-01
6.273686201301497123e-01
6.275948585775583677e-01
6.274461002207524229e-01
6.270587718376089414e-01
6.273457270458038249e-01
6.269252594606761209e-01
6.269761290268017762e-01
6.266678456968621802e-01
6.268737861499454889e-01
6.265371888018179680e-01
6.264856432841704459e-01
6.264860303000582276e-01
6.263302633777334538e-01
6.263511974802150606e-01
6.260416201421209470e-01
6.260030799450441164e-01
6.261462451361020642e-01
6.258409936506271753e-01
6.259277809244456758e-01
6.255956816268005705e-01
6.257582092283334729e-01
6.254848766087500733e-01
6.254437660035935265e-01
6.251136339311155199e-01
6.255811683837644299e-01
6.250270735854704940e-01
6.251504311967753802e-01
6.249006970011573570e-01
6.248790521003425580e-01
6.246409212175987324e-01
6.248352939009731433e-01
6.244520888850898510e-01
6.246081513916250660e-01
6.244538534139024710e-01
6.244546209475453358e-01
6.243722667448149410e-01
6.242539357156895452e-01
6.239956604300425091e-01
6.240625062587940031e-01
6.239780301670143636e-01
6.237076938573582474e-01
6.239288130532286702e-01
6.237704482940020778e-01
6.235928905929080113e-01
6.233744956397458958e-01
6.237485055998259753e-01
6.233098429109144023e-01
6.232574867652622697e-01
6.232803048403010582e-01
6.232801577372760748e-01
6.231613778247796498e-01
6.228449562775112414e-01
6.230372490504184624e-01
6.232114723496483544e-01
6.227187473616683233e-01
6.226608625494786109e-01
6.228178913025969043e-01
6.227248268255184405e-01
6.226949840814205439e-01
6.226653026475279518e-01
6.223361327271976773e-01
6.222769704944345337e-01
6.221588741185081206e-01
6.221413087069677106e-01
6.221646535259063304e-01
6.220307045635341536e-01
6.218939727827558217e-01
6.217598836983112554e-01
6.218113785851390185e-01
6.221789402499114940e-01
6.214943761843088055e-01
6.215824908950010608e-01
6.218064853957147031e-01
6.213910507216483525e-01
6.216885820653209604e-01
6.214487895090272662e-01
6.214596590160460510e-01
6.210330355749635878e-01
6.211559166542661714e-01
6.209595336408409993e-01
6.209211114694542788e-01
6.207317092423531024e-01
6.207153282035219322e-01
6.207474414440991017e-01
6.205854552500499333e-01
6.205774073080851938e-01
6.203956136131513199e-01
6.201385561505212696e-01
6.198493957275533761e-01
6.200324367036303963e-01
6.197135407083506076e-01
6.197602018563842519e-01
6.196730771776910451e-01
6.196430221769174684e-01
6.193725733944284162e-01
6.194197359462099151e-01
6.191923092841550291e-01
6.190733262177616769e-01
6.191924160678693445e-01
6.190067919067095970e-01
6.190531894235746790e-01
6.190418290661287015e-01
6.190167152805258199e-01
6.187494054541035071e-01
6.189310143005456455e-01
6.191789571104974188e-01
6.187655727933264460e-01
6.187746643961867798e-01
6.185666153782490850e-01
6.185046699551696170e-01
6.184244314779395735e-01
6.183890634007441767e-01
6.181183041710528459e-01
6.180840612424286507e-01
6.177886833343402273e-01
6.175295083463777646e-01
6.175807504970525219e-01
6.174163360504374420e-01
6.173160646078293956e-01
6.172702177917780419e-01
6.171543076411203366e-01
6.172528394217883241e-01
6.169218769101928457e-01
6.169210779976025405e-01
6.170267691351275507e-01
6.167086910623609253e-01
6.168108355957462319e-01
6.167839936683529034e-01
6.166122662851628577e-01
6.165091882896557296e-01
6.165469722279629528e-01
6.163856329306710569e-01
6.161435790510767507e-01
6.162191415849417320e-01
6.161549483992743159e-01
6.161135652528048068e-01
6.161480899141621448e-01
6.159761232175723356e-01
6.158781773453388952e-01
6.159586682102998756e-01
6.158528225645693022e-01
6.154416510965602383e-01
6.155824327814564123e-01
6.154881785407227968e-01
6.154288356562035434e-01
6.153612977468436718e-01
6.150968638140031919e-01
6.151463432699576517e-01
6.150912354580441166e-01
6.149290452284409403e-01
6.148043767478060806e-01
6.149802939002763091e-01
6.148089706547014144e-01
6.146734832197858767e-01
6.146281721177727642e-01
6.144594304105809313e-01
6.145365726472573620e-01
6.141865429131374565e-01
6.143709181202338110e-01
6.141358421779657961e-01
6.141118267256221452e-01
6.141973677512940766e-01
6.140455005263272259e-01
6.136817226143196358e-01
6.140876930811399736e-01
6.136623593995021997e-01
6.137993545337754320e-01
6.137234922199147347e-01
6.135459586665907850e-01
6.133619481843842758e-01
6.133018134006522626e-01
6.132857315002505638e-01
6.128812968201554634e-01
6.131770242228593570e-01
6.131001686298932496e-01
6.130084251261936901e-01
6.128248638466181619e-01
6.128799587973782215e-01
6.128282657822979873e-01
6.126760937723707556e-01
6.126369459393230521e-01
6.125411541534756532e-01
6.124126619108792857e-01
6.126198113330166839e-01
6.124602934104531604e-01
6.123064923098285872e-01
6.121071711054366649e-01
6.121536095272035460e-01
6.119588363408176024e-01
6.119775682818501261e-01
6.119675814095434374e-01
6.118338897813041521e-01
6.116198326508198724e-01
6.117201228201660790e-01
6.118255670225335452e-01
6.116452654995999660e-01
6.115473428579422110e-01
6.114788410627719495e-01
6.114192727703650077e-01
6.114137571398458038e-01
6.112426686899266048e-01
6.112440028854616569e-01
6.111114948442627481e-01
6.111398906362156547e-01
6.108559697765363339e-01
6.109119559840302527e-01
6.107824654163589440e-01
6.109119076465332476e-01
6.108904394994205678e-01
6.108443387533373237e-01
6.107380877717397683e-01
6.107998112683014069e-01
6.106044549599204396e-01
6.106258533402963984e-01
6.104588181445695927e-01
6.104535108271728072e-01
6.102510417209375815e-01
6.100316695093909170e-01
6.099238627062349982e-01
6.100899361892769823e-01
6.098802051943368330e-01
6.099353403464047307e-01
6.098133858224468185e-01
6.098028470820974212e-01
6.095503608331457324e-01
6.095281404386176938e-01
6.094590882748672778e-01
6.091422557803126692e-01
6.091519697374778719e-01
6.090510972859228822e-01
6.090184489447112437e-01
6.089624683919397929e-01
6.088484517445160726e-01
6.086061929728316944e-01
6.085947484645132244e-01
6.083994568321401397e-01
6.085650761633324413e-01
6.085811798949189999e-01
6.083784555230011826e-01
6.082032528313999764e-01
6.083384810317887803e-01
6.080093138041543499e-01
6.078721148532854057e-01
6.080323882099222255e-01
6.078475583866332910e-01
6.079519132925642610e-01
6.079323720889765470e-01
6.076867379567859606e-01
6.073878732184962992e-01
6.074769584257626587e-01
6.072541238959840992e-01
6.072004180308905319e-01
6.072102578721818578e-01
6.069538791813775536e-01
6.069616584429525785e-01
6.069764851174542786e-01
6.068554787793414285e-01
6.068488360470273291e-01
6.066208487636751689e-01
6.066764781063925804e-01
6.066516402554825715e-01
6.063069283796630460e-01
6.062545393092121371e-01
6.061584148847455333e-01
6.061240914527914470e-01
6.059401234154512261e-01
6.060986910991149612e-01
6.058275505062208355e-01
6.057242792254766695e-01
6.058526584314288810e-01
6.056952450311628988e-01
6.056232018499133618e-01
6.053892923883976707e-01
6.053315997090403799e-01
6.052783767745233412e-01
6.051414088804156766e-01
6.050275336112943547e-01
6.048701110187216790e-01
6.046541803431476625e-01
6.047742593847088566e-01
6.044262830907767281e-01
6.044792245621595228e-01
6.045674253824346867e-01
6.042219625228345548e-01
6.042287993954841285e-01
6.041062122510484356e-01
6.039702130910564737e-01
6.039780992359770062e-01
6.039261721290515306e-01
6.036850545466067031e-01
6.038308444698570199e-01
6.036595611110466830e-01
6.034256684290264516e-01
6.032464955129446249e-01
6.032813067579378963e-01
6.031563240010051619e-01
6.032282322522096729e-01
6.032275298406393205e-01
6.029553027774295915e-01
6.030002537259090412e-01
6.029850532052344336e-01
6.026015139458138492e-01
6.026827018665157354e-01
6.024475506974359407e-01
6.024755003072056470e-01
6.023574959204031076e-01
6.022774040353802150e-01
6.020934268782789367e-01
6.020247908234132028e-01
6.019709165569900877e-01
6.015595416836733156e-01
6.016818193763017186e-01
6.016333036811826185e-01
6.016170889304639502e-01
6.012994183824157401e-01
6.014605403051437316e-01
6.013186451033415425e-01
6.012087573656811346e-01
6.010986738880050861e-01
6.011694236720912521e-01
6.008466530482671208e-01
6.009639655600425012e-01
6.007045533337885823e-01
6.006721160612759070e-01
6.005977667372649487e-01
6.005945854269659767e-01
6.004055418344554917e-01
6.002421783071684169e-01
6.001569691782938643e-01
5.999558964553078910e-01
6.000133143501987787e-01
5.997674369737352462e-01
5.997695994171260425e-01
5.994313660013566025e-01
5.996697133590290774e-01
5.994982565181971035e-01
5.994024019403382253e-01
5.994476259569937460e-01
5.992918114526674112e-01
5.992051040025966335e-01
5.991764973720818954e-01
5.989709597806570640e-01
5.989137164785877099e-01
5.989292833385350123e-01
5.986262016974569500e-01
5.986326733192052219e-01
5.987874359392022505e-01
5.985481527785631028e-01
5.986333157521742665e-01
5.985183429487180851e-01
5.985080269521930729e-01
5.981249680847541272e-01
5.982692585579262312e-01
5.982775712398655799e-01
5.981194887475739241e-01
5.980823763804697935e-01
5.979541278520837944e-01
5.979757846339367466e-01
5.978112826806162294e-01
5.977589380518104623e-01
5.974386272545368914e-01
5.974489573616976745e-01
5.973994802512813118e-01
5.974134203526070275e-01
5.972729062789617904e-01
5.972273315110357972e-01
5.972303292862556345e-01
5.972333414841678456e-01
5.970473136401776015e-01
5.968508961607261742e-01
5.968048518039419381e-01
5.966501139879258897e-01
5.965518251733943345e-01
5.964685058832589482e-01
5.966182851565567935e-01
5.961796269106410806e-01
5.963879256519931671e-01
5.962399601340878652e-01
5.962620980849763219e-01
5.962668508954364066e-01
5.961116265267502046e-01
5.961760013183203810e-01
5.960742592707058973e-01
5.961083639187836347e-01
5.959332273199294816e-01
5.958545347927771685e-01
5.958928481221742457e-01
5.958029457473106305e-01
5.957954860397448593e-01
5.958183654141046004e-01
5.957838152357521899e-01
5.956109992284670529e-01
5.953928509155099746e-01
5.951964501670853336e-01
5.951570230838489906e-01
5.950379720650037507e-01
5.948945615066553172e-01
5.947499947177258273e-01
5.945881894382879507e-01
5.945297694550815137e-01
5.944352091775364499e-01
5.945127084155964470e-01
5.942804942432103887e-01
5.941808015883960348e-01
5.941872853500960172e-01
5.939230921294434973e-01
5.939193473448830529e-01
5.939128944234880469e-01
5.937601258509017654e-01
5.937093024534682018e-01
5.936399815239944422e-01
5.935655860507155213e-01
5.934826980861066525e-01
5.934555103593824876e-01
5.934173288826631865e-01
5.932913895198649312e-01
5.932288184607531489e-01
5.931963953576429027e-01
5.931942070328291017e-01
5.929636552236288161e-01
5.929103011624855535e-01
5.929265548218904947e-01
5.928641445671395394e-01
5.928403776471078412e-01
5.925044941536442566e-01
5.925489751223954604e-01
5.924975203126869872e-01
5.923908411482052827e-01
5.925344249920564410e-01
5.924088077139757491e-01
5.924644941266344889e-01
5.922918143141808756e-01
5.923564654474869906e-01
5.922086050728668782e-01
5.921084347114928814e-01
5.922437905949605730e-01
5.921667590157363437e-01
5.918801415021486267e-01
5.919032070504971488e-01
5.917568223923328485e-01
5.917963949581377392e-01
5.918142729777510214e-01
5.917193843627465144e-01
5.918080852436209405e-01
5.915470143728651653e-01
5.915655280706283436e-01
5.916240115415111189e-01
5.915940360951690291e-01
5.913581845756817890e-01
5.913312775386853071e-01
5.913127564990517948e-01
5.912763901215044582e-01
5.912058050199674453e-01
5.912003112951281780e-01
5.911180421250311623e-01
5.910072738026260764e-01
5.910008779593612926e-01
5.907215409184861654e-01
5.908745637754539981e-01
5.909722046023726527e-01
5.908549541941342520e-01
5.907726278103523354e-01
5.906566098075205495e-01
5.904780786040125795e-01
5.908578191605674546e-01
5.904415599775151291e-01
5.903213379862596311e-01
5.903379414467756492e-01
5.903147095035707892e-01
5.903971518253333661e-01
5.902562200403214110e-01
5.903510393282018764e-01
5.901140638977339092e-01
5.900022625662476594e-01
5.899782190278265448e-01
5.900011771737718735e-01
5.900914365201188616e-01
5.898651893606929875e-01
5.897049080102815255e-01
5.896099400463751250e-01
5.895261082814314824e-01
5.897502273807707640e-01
5.896091180771096951e-01
5.896014351468954473e-01
5.893194087062918474e-01
5.892881836680905483e-01
5.890835161951919474e-01
5.894427160590925974e-01
5.891161366186313808e-01
5.891346365991394496e-01
5.892880342548917350e-01
5.889663348714845315e-01
5.888779883028188999e-01
5.888309931011036502e-01
5.887228901226236877e-01
5.888807644804250341e-01
5.886159984047499849e-01
5.884283487658085177e-01
5.884516573623023161e-01
5.884819119869902915e-01
5.883050050878592119e-01
5.882086046935990353e-01
5.880490996061739084e-01
5.879885859243150215e-01
5.880654107902337779e-01
5.882528981255955580e-01
5.881485597395238463e-01
5.877995194678747870e-01
5.878642241237341803e-01
5.878212252760514067e-01
5.879940808969426058e-01
5.877190763443502775e-01
5.875292586042589749e-01
5.875831801230724238e-01
5.877491059900162851e-01
5.876260080904781580e-01
5.873321400831043038e-01
5.874481665945827658e-01
5.875533628452525026e-01
5.873642579816098497e-01
5.873524609811521247e-01
5.871260892982886892e-01
5.872554321615551798e-01
5.871858019757474345e-01
5.869488233785843390e-01
5.868779864945218305e-01
5.871991390061707117e-01
5.869282127687441841e-01
5.871006064270383185e-01
5.867391826797149212e-01
5.868501537935381096e-01
5.868268599838157851e-01
5.866695354282095431e-01
5.866082753895596191e-01
5.865948658449109399e-01
5.863213310074214535e-01
5.867729405805832688e-01
5.864999754873649884e-01
5.865263955232462578e-01
5.863114039759446117e-01
5.864024057062152684e-01
5.861170574741955130e-01
5.863613096034435701e-01
5.863268798653898939e-01
5.860781095310964028e-01
5.861870148616110665e-01
5.859491228856591460e-01
5.859683959857152624e-01
5.860921187960480561e-01
5.861041221054327233e-01
5.856509766050496113e-01
5.860010857606814394e-01
5.859609422801406176e-01
5.859026740500686836e-01
5.857292727958146594e-01
5.855797467579150206e-01
5.857335162422853125e-01
5.855269201529238465e-01
5.855900046798598879e-01
5.855791389076575593e-01
5.854938596977712351e-01
5.854232839319462034e-01
5.852604523934041847e-01
5.853967490558348308e-01
5.853261730659378159e-01
5.852633009108615392e-01
5.851043769836155040e-01
5.852624382044323559e-01
5.852762836566883786e-01
5.851932864490191344e-01
5.850463136344308257e-01
5.851915793256237119e-01
5.851303990608927030e-01
5.851139405300082030e-01
5.851700151196180810e-01
5.846797667071990112e-01
5.850364345546985589e-01
5.848717944794156187e-01
5.848006380715496944e-01
5.846960015724924631e-01
5.848043927264283681e-01
5.848679053704032293e-01
5.845729425837282722e-01
5.847378197606257766e-01
5.845968546364418428e-01
5.846183616253075588e-01
5.844950540977912334e-01
5.844466327023111196e-01
5.843361455204566512e-01
5.844187260224402714e-01
5.841860619630501184e-01
5.842616840962082669e-01
5.839749817764224860e-01
5.840637843866532952e-01
5.841200524523689763e-01
5.839433051406980324e-01
5.841045806738907054e-01
5.842493034308301469e-01
5.838727242049178701e-01
5.840349528408877999e-01
5.838910476607775957e-01
5.840025535930210010e-01
5.838772723728374858e-01
5.836430175721856184e-01
5.838645197427695388e-01
5.835821009291328743e-01
5.837543226826195086e-01
5.834760622340534608e-01
5.834409392766578550e-01
5.834538839161946822e-01
5.834754278345086753e-01
5.836773006682912657e-01
5.834868186809195612e-01
5.833515739824588486e-01
5.833995382545354991e-01
5.834053433792910637e-01
5.834181383741698923e-01
5.832320130747127296e-01
5.830873143578941820e-01
5.832083928269994333e-01
5.830888237417818365e-01
5.831030025213604917e-01
5.830738956979766296e-01
5.829288251782419605e-01
5.829607488155992279e-01
5.830488934005841895e-01
5.830871181784030854e-01
5.829526669974954833e-01
5.830360153827565117e-01
5.829306496172861340e-01
5.827840414823958204e-01
5.828714933536648379e-01
5.828728065889282606e-01
5.827986210621077801e-01
5.826570634053870323e-01
5.828053293738807428e-01
5.826285926434969786e-01
5.827797264759241314e-01
5.826869368166943675e-01
5.825389839967877181e-01
5.823425431789487350e-01
5.827366549174044508e-01
5.823052477002716998e-01
5.824867904606064739e-01
5.821389929648161932e-01
5.824112582743620203e-01
5.821294929404093876e-01
5.822853692508753731e-01
5.821902487627048650e-01
5.820967564367628411e-01
5.819845973487659530e-01
5.822663886343588668e-01
5.818488946916392512e-01
5.819713575970767439e-01
5.821050301263696047e-01
5.817352498166745711e-01
5.818890159889411606e-01
5.815813768103372805e-01
5.818588130807035297e-01
5.816272114465613763e-01
5.815563769194996846e-01
5.816339639762994063e-01
5.815935005808815506e-01
5.815920181680653833e-01
5.813525223947352272e-01
5.815626328142459167e-01
5.812072274482256162e-01
5.814359770617171241e-01
5.812936762287653769e-01
5.814078768015971121e-01
5.810330073878452461e-01
5.812649390507159675e-01
5.810924917221694797e-01
5.810268310496594646e-01
5.809767196640061027e-01
5.811349844152670086e-01
5.812092678538837154e-01
5.808257813056969532e-01
5.809480570807624700e-01
5.805638677007974868e-01
5.808749968033535271e-01
5.807724075076178272e-01
5.807389157222725418e-01
5.805776228786613258e-01
5.807362682294869849e-01
5.805288816841179811e-01
5.801853451735845546e-01
5.805377680879193480e-01
5.806798048832400028e-01
5.801895182430689690e-01
5.804415946121366243e-01
5.802881918394935390e-01
5.806045575372872358e-01
5.800801973604478023e-01
5.801444427538136051e-01
5.802424074438038426e-01
5.802129388282130096e-01
5.799434106508903897e-01
5.798281726909368938e-01
5.798201257990961421e-01
5.798203840564124523e-01
5.800280995869805389e-01
5.796757332175486166e-01
5.796899151526125893e-01
5.796521875088808118e-01
5.797433869470168810e-01
5.794590169775021282e-01
5.795695417255281034e-01
5.794365974176735046e-01
5.794045911868116461e-01
5.795136440887482809e-01
5.791875515413684727e-01
5.792034261534840800e-01
5.793426289091170300e-01
5.791235612413364597e-01
5.792022914328797123e-01
5.791038781998039120e-01
5.791985788671880631e-01
5.791453609551466819e-01
5.789814043527150567e-01
5.790168046430165250e-01
5.789496421486669542e-01
5.788347176346231304e-01
5.789187190919929948e-01
5.787764949011184878e-01
5.787152849312339198e-01
5.787553776070654132e-01
5.785736431548743619e-01
5.784827751684992192e-01
5.786056420599914318e-01
5.785106278575152805e-01
5.785876031013585941e-01
5.784668887578964247e-01
5.783344589365885247e-01
5.784265473344349928e-01
5.781791480589245635e-01
5.783596136764771467e-01
5.782718246831827225e-01
5.782033151029791762e-01
5.781420537432199191e-01
5.783357676634176547e-01
5.780172781804912008e-01
5.778097198935233658e-01
5.781626455587350888e-01
5.778246857369412348e-01
5.779555770389616098e-01
5.778111624329452800e-01
5.778935323426691584e-01
5.777456770518386575e-01
5.776624471105434866e-01
5.776312084891909171e-01
5.774449041162229568e-01
5.776014291000335366e-01
5.775488841964028230e-01
5.776001376283727007e-01
5.773011448266539558e-01
5.774713093929039198e-01
5.773247436446600211e-01
5.773948518335118019e-01
5.774686314418233657e-01
5.772360176800689358e-01
5.771793321549115729e-01
5.772386155742591507e-01
5.770778351907218662e-01
5.771338643782787381e-01
5.770856210814593323e-01
5.771684056780882477e-01
5.771775208793762379e-01
5.770474910210335873e-01
5.771422463715908391e-01
5.772330567988435135e-01
5.772167866863391339e-01
5.769411200570612186e-01
5.766936238244533275e-01
5.772419164985091999e-01
5.769546074596858531e-01
5.766757131631542466e-01
5.767029682554166703e-01
5.768621979813517431e-01
5.767012805274908116e-01
5.768359099329765094e-01
5.767996258150026589e-01
5.766037883288908095e-01
5.765439990229233036e-01
5.767683218358806707e-01
5.763810738983971005e-01
5.764194913341410542e-01
5.765734752186654211e-01
5.763165985149680814e-01
5.762797276435149829e-01
5.762245780904128312e-01
5.760814386827913802e-01
5.761665295244090546e-01
5.759483311435680264e-01
5.759825171901793439e-01
5.760628995850903822e-01
5.759281139740174416e-01
5.758559475054821908e-01
5.758858084856904869e-01
5.758427435516588755e-01
5.758540528941237246e-01
5.759121336137560387e-01
5.755449906374021651e-01
5.756404806000129382e-01
5.756815551809996157e-01
5.753722954607084494e-01
5.754086760079933915e-01
5.755916560327530851e-01
5.753381607265765085e-01
5.753092641463634083e-01
5.755578549845766778e-01
5.749880206155225659e-01
5.752790080921919014e-01
5.751954950320222748e-01
5.751475232844310836e-01
5.749479079237898027e-01
5.752411449799895715e-01
5.750988649239180406e-01
5.751288183485991912e-01
5.748830668951786516e-01
5.749757660160762507e-01
5.746152461746706352e-01
5.747538514467603887e-01
5.746872030427373490e-01
5.748093948986984225e-01
5.746676526115517269e-01
5.745857246413517139e-01
5.744315752430920741e-01
5.744265648019307724e-01
5.744957400784241885e-01
5.743741823099802746e-01
5.744576835767233325e-01
5.741568477766696432e-01
5.743380058380737063e-01
5.741277180841344308e-01
5.742246692558924392e-01
5.741065866227533787e-01
5.741902192665533367e-01
5.739537105536488548e-01
5.740214346627241504e-01
5.739986535733537787e-01
5.739290569283739263e-01
5.739055096490639496e-01
5.738903337838364704e-01
5.739384666691552672e-01
5.736345603093558898e-01
5.736459952074223212e-01
5.737529249177701907e-01
5.736917621076075280e-01
5.735605207778372572e-01
5.735239906946358879e-01
5.734186213748803107e-01
5.733894213923697025e-01
5.733895445562993132e-01
5.732242400010648664e-01
5.734125007088840542e-01
5.735088291987933129e-01
5.732466940764002761e-01
5.732777632951822078e-01
5.733491870375951871e-01
5.731435435401760481e-01
5.730490248635108363e-01
5.732705712060074399e-01
5.729338174425263608e-01
5.730734084926046856e-01
5.730356159122761417e-01
5.729499289563845243e-01
5.729972420287273716e-01
5.728104583439036501e-01
5.729468645686576211e-01
5.728885712589844026e-01
5.727113831742119965e-01
5.728699871065269233e-01
5.727895214305248617e-01
5.726844918237107285e-01
5.726055770463467365e-01
5.727809755210336862e-01
5.727163875970314733e-01
5.726882280117479018e-01
5.725453209938808907e-01
5.724323000476631007e-01
5.724597048351744988e-01
5.723552191483571860e-01
5.723369231656960654e-01
5.722912551217435029e-01
5.723753161917424226e-01
5.722012872459188992e-01
5.722150214098565835e-01
5.723118919714423880e-01
5.721967922413168095e-01
5.721100463361773469e-01
5.718998805925429307e-01
5.719901457113162335e-01
5.720082876068873778e-01
5.719325472511814779e-01
5.720813401839891510e-01
5.718728443807030715e-01
5.719020173914250993e-01
5.718639189208036822e-01
5.717886883195341108e-01
5.716600378848643027e-01
5.716194856067674523e-01
5.715497914782835531e-01
5.717331552524378413e-01
5.716174627050749635e-01
5.715787225204640443e-01
5.715247513062243767e-01
5.714272772306391301e-01
5.714603599523765398e-01
5.712311183691211047e-01
5.714045081271115212e-01
5.713225089135335333e-01
5.713884190466596014e-01
5.713040418645393137e-01
5.714167772955059954e-01
5.712367919178943376e-01
5.713580946535233851e-01
5.712881102986416826e-01
5.711804410549445876e-01
5.711931033830667248e-01
5.712073287289042289e-01
5.710383316710333501e-01
5.711191600190704820e-01
5.711319537272664393e-01
5.710502316038618131e-01
5.709193982354818786e-01
5.709819561073661287e-01
5.708898595484722671e-01
5.708606367969143447e-01
5.709936169115541471e-01
5.707861103813859360e-01
5.707671013178456931e-01
5.706039387939536578e-01
5.707706255770130799e-01
5.707409283853442927e-01
5.706742015117037825e-01
5.705439949478740003e-01
5.705001985220008454e-01
5.705896611338500124e-01
5.705455880256405932e-01
5.704580672816543796e-01
5.705819172419356322e-01
5.704990220660610678e-01
5.703997699661653709e-01
5.704242434314431565e-01
5.702613058866125018e-01
5.703279341475416819e-01
5.703397497589526299e-01
5.703398038399430936e-01
5.701382655920130826e-01
5.702402028889612673e-01
5.701482476775444619e-01
5.702031389130798322e-01
5.702598396291295169e-01
