3.541374472327547664e+02
5.865899502545826039e+01
4.025894928312546028e+01
3.095225424403897918e+01
2.590364157691233871e+01
2.322145967786732612e+01
2.135683348103605894e+01
1.972507133426828574e+01
1.811410110475626212e+01
1.643872969785531168e+01
1.465777422309934686e+01
1.273941531416439688e+01
1.067285379111152110e+01
8.671580017003543972e+00
6.987417316138803791e+00
5.628013262511946557e+00
4.592163670738371728e+00
3.872837450401851012e+00
3.387411538860697124e+00
3.047466190185118773e+00
2.793830193433075593e+00
2.594314299488704290e+00
2.437260712243359162e+00
2.309809375877051707e+00
2.201013450618662048e+00
2.106204875323225867e+00
2.023762476993999471e+00
1.948793777077391320e+00
1.881047221360212740e+00
1.818956157738207402e+00
1.762680365466046561e+00
1.710981832694636218e+00
1.664279601342819381e+00
1.621476561576644215e+00
1.581568205212904532e+00
1.543977521398212316e+00
1.509311517895872479e+00
1.476124262953300237e+00
1.444545145850652856e+00
1.415542392226428303e+00
1.387844337499556380e+00
1.362151847184349229e+00
1.338778692228343337e+00
1.315512790416614619e+00
1.292896200545575303e+00
1.270077714300482663e+00
1.247981318425173791e+00
1.226562538789633061e+00
1.206959229633930208e+00
1.189287820169899312e+00
1.173937545440123076e+00
1.159671646911030640e+00
1.146793161506787007e+00
1.134836021954847451e+00
1.123808611631649246e+00
1.113366734141144176e+00
1.103867612506047591e+00
1.094672647484295824e+00
1.086213372500687502e+00
1.078327567232473028e+00
1.070579470672248235e+00
1.062815397960577668e+00
1.055720774298264386e+00
1.048612615091612188e+00
1.041967824048799729e+00
1.035379821299287961e+00
1.029054348420435083e+00
1.023227007592247162e+00
1.017628879509719475e+00
1.012317442108461085e+00
1.007138417625955462e+00
1.002008926724728743e+00
9.972316197468876764e-01
9.920874004618105424e-01
9.872972478609294278e-01
9.824997865271180020e-01
9.781013502167051898e-01
9.737887801163135348e-01
9.693750910243812413e-01
9.653247785516581025e-01
9.612611343269540365e-01
9.571668527481352884e-01
9.534272762312832050e-01
9.496504540596499844e-01
9.457700973255257493e-01
9.420999477215105111e-01
9.382672889493982593e-01
9.350547490483869240e-01
9.313877945948308978e-01
9.282803138464815751e-01
9.251056068428670232e-01
9.215107998727205540e-01
9.180754599607986455e-01
9.147878129320603513e-01
9.115335890701832255e-01
9.079664917437023641e-01
9.042423730090639600e-01
9.006521999061652961e-01
8.971653210739302109e-01
8.937206690515832053e-01
8.903046421403123523e-01
8.869801626505701142e-01
8.836436758441655881e-01
8.802808446611066762e-01
8.770533793564380121e-01
8.734067073817154414e-01
8.697393771864484480e-01
8.663812890249400489e-01
8.631707566493691530e-01
8.598563033135686595e-01
8.563400034970100050e-01
8.530843435723269863e-01
8.501765563489440680e-01
8.472605092463064702e-01
8.445599155453055173e-01
8.419058632393524588e-01
8.392927155935696604e-01
8.366465805316062321e-01
8.338460331944747006e-01
8.313473558872654934e-01
8.287093909468336017e-01
8.264448519452881614e-01
8.237787466246406787e-01
8.212701465712206605e-01
8.188193974962493238e-01
8.164670617932413554e-01
8.140231581333607913e-01
8.115858702233440525e-01
8.095671030497347820e-01
8.072614112369668193e-01
8.051020281722528482e-01
8.033129911118578326e-01
8.011320776365605800e-01
7.989952874721008014e-01
7.966562021372084468e-01
7.946222427397318100e-01
7.925258502502141589e-01
7.903104517510510796e-01
7.879019479535780413e-01
7.858398465046673165e-01
7.836172736357283064e-01
7.812875627660661459e-01
7.792461067243992012e-01
7.772254569005253577e-01
7.750835418384783848e-01
7.728032581617392260e-01
7.707439306722471128e-01
7.688855390783538857e-01
7.670872309724763305e-01
7.650677085710283487e-01
7.633953042657347643e-01
7.614266983971295089e-01
7.595774907352389471e-01
7.577777141970390984e-01
7.559551058086646513e-01
7.542710209476911620e-01
7.526181950568723300e-01
7.507724578491227208e-01
7.490842520669219740e-01
7.473631140233938375e-01
7.457904492941618280e-01
7.441836642002946922e-01
7.428554800150889426e-01
7.412951219375242262e-01
7.398670551901256331e-01
7.383586138826586653e-01
7.370588828206625642e-01
7.356724106899249493e-01
7.341117608694455177e-01
7.328348540305357206e-01
7.311605642432289498e-01
7.300685146356906685e-01
7.286446688275355354e-01
7.272335614899083645e-01
7.257058946826170365e-01
7.242203980084874759e-01
7.228272852666911552e-01
7.212967510070354971e-01
7.198846916600788459e-01
7.185503934995863817e-01
7.171839000394596431e-01
7.158061250649455642e-01
7.146431395157063493e-01
7.131005055040936513e-01
7.119148148829768097e-01
7.106835805514547522e-01
7.094369009721472885e-01
7.079790836380563945e-01
7.066778984770718530e-01
7.052946331880081132e-01
7.039981117707077019e-01
7.028117534755584650e-01
7.015260795175605191e-01
7.003653066280612904e-01
6.989941007744483459e-01
6.979930640227101080e-01
6.968714134337079535e-01
6.957183232137061912e-01
6.946649621831827437e-01
6.936400793896297934e-01
6.923825733651498560e-01
6.914042948239158548e-01
6.905720926602437748e-01
6.895580088255165441e-01
6.879491196869514935e-01
6.869063922148379575e-01
6.858421798095979405e-01
6.847755016391685601e-01
6.836054207832472640e-01
6.825202965342133110e-01
6.814206826625567315e-01
6.804939189216764328e-01
6.794457117000306523e-01
6.784772055772544386e-01
6.774593247504649973e-01
6.765690434749274118e-01
6.756376009954250250e-01
6.746528383981593713e-01
6.736566899040634659e-01
6.726945130127882644e-01
6.716556459103819599e-01
6.707536794793997892e-01
6.698045404587412710e-01
6.690364518473151945e-01
6.680933281638145038e-01
6.671646683511954778e-01
6.664951985573869253e-01
6.654926304382119406e-01
6.646087043874545630e-01
6.638253142343792934e-01
6.629695465018806688e-01
6.621840687011706361e-01
6.614130398731919991e-01
6.605162796020004334e-01
6.598858942276798478e-01
6.589735247593474510e-01
6.581582317993871500e-01
6.575234564428799056e-01
6.565633799634899015e-01
6.559084703447607412e-01
6.551458884099468083e-01
6.544188494376150800e-01
6.536202024907026287e-01
6.528478708688678633e-01
6.520630556244779719e-01
6.515200308050914657e-01
6.507463708090145404e-01
6.500098824858095981e-01
6.490417477330312490e-01
6.480938451395213962e-01
6.473795801274276895e-01
6.466768030474884243e-01
6.461321883260574550e-01
6.453182690561666268e-01
6.447127992733795443e-01
6.440447558989575993e-01
6.434257034577347545e-01
6.427862624776278233e-01
6.422494302537703481e-01
6.415327193410579332e-01
6.409718453770406610e-01
6.401915227457765090e-01
6.397190820728199112e-01
6.388690232453241302e-01
6.385356199416841738e-01
6.379159662609341641e-01
6.373486545642247370e-01
6.366240738069294247e-01
6.362913248904471519e-01
6.358180519650256102e-01
6.355912503192161500e-01
6.349383891417151871e-01
6.345863724214702017e-01
6.339710870589180258e-01
6.332048774221140652e-01
6.327907373369600075e-01
6.319400063568304526e-01
6.316064551542913685e-01
6.307001176211226579e-01
6.304505821030016444e-01
6.297973071071302220e-01
6.292725653367340355e-01
6.287814976822242441e-01
6.281761054905059538e-01
6.277420066204979499e-01
6.272938689124883949e-01
6.267916611984960529e-01
6.262934616246720321e-01
6.256546005029050006e-01
6.252342384425192412e-01
6.246199010410286023e-01
6.240587680640170554e-01
6.236094037795897327e-01
6.231967499326214188e-01
6.226707737334895576e-01
6.222073972080620630e-01
6.217959935279326888e-01
6.214458043288192401e-01
6.209547478285817323e-01
6.205857114218299442e-01
6.202702442057890231e-01
6.198939423536163895e-01
6.194059027137127638e-01
6.187991746445766772e-01
6.183740856447429435e-01
6.179733068835416843e-01
6.175209260484432194e-01
6.171460361879419487e-01
6.166236033967846808e-01
6.162665216826924697e-01
6.158566713981913354e-01
6.155553582373242127e-01
6.150468160123373496e-01
6.148247455002530115e-01
6.143921583978305678e-01
6.138628481713993557e-01
6.136755231991187776e-01
6.133398230886503155e-01
6.128972242553558658e-01
6.125250801324880756e-01
6.121308424757893052e-01
6.118273620095471266e-01
6.114387705700236042e-01
6.111270180565195886e-01
6.106442646723477807e-01
6.103404302151863581e-01
6.099746860264562143e-01
6.097165648248717984e-01
6.093640393467946170e-01
6.090902294627487112e-01
6.088109408390841581e-01
6.085804088635123898e-01
6.082049214459184228e-01
6.078766263291551786e-01
6.076626581522270865e-01
6.074073245980883273e-01
6.071136971996896614e-01
6.067780554579987884e-01
6.064293900980072261e-01
6.061996387786255935e-01
6.059525635661745513e-01
6.056400863364280740e-01
6.052951705952127615e-01
6.051206183799374694e-01
6.047204628971097895e-01
6.044866566870221725e-01
6.042447444871112960e-01
6.040469203648831664e-01
6.035806154794324252e-01
6.033032039961626625e-01
6.029363229033143368e-01
6.027175131480039250e-01
6.023633735001919787e-01
6.021228326192474833e-01
6.016496238393682638e-01
6.015797117359008572e-01
6.012629510908101826e-01
6.010415643398855368e-01
6.007075689954887165e-01
6.004554994936595058e-01
6.000414903733074512e-01
5.997343212653308830e-01
5.993200040251608351e-01
5.992944538914095620e-01
5.988802308888573345e-01
5.985374105516029219e-01
5.983795237149959201e-01
5.982476907205730443e-01
5.978870240041803674e-01
5.975699525766725584e-01
5.973225944553547384e-01
5.970984485078342230e-01
5.966389110172405363e-01
5.965116222455908446e-01
5.962069074940935520e-01
5.959971632815895815e-01
5.958673573881335672e-01
5.952887550886497570e-01
5.952852440961743374e-01
5.950763377955573530e-01
5.947361034359254228e-01
5.945142297286932775e-01
5.942921531548212011e-01
5.936640176179334150e-01
5.937351970333889506e-01
5.933603108223114431e-01
5.932558097180714585e-01
5.930752035595714400e-01
5.926269365948036993e-01
5.924507865149750696e-01
5.922330091855242395e-01
5.920110261126960705e-01
5.918016232739358173e-01
5.915718927959497941e-01
5.914216405294444590e-01
5.911908840529694897e-01
5.909615875368923188e-01
5.907449085699191249e-01
5.905849575665532702e-01
5.902909799569296956e-01
5.901583516983963662e-01
5.899978228120533741e-01
5.897055913935441707e-01
5.895752515454325549e-01
5.895815489635464202e-01
5.891910870262657696e-01
5.890874472815109675e-01
5.888392041697020352e-01
5.886782424139354042e-01
5.885131535872848429e-01
5.882578187916468471e-01
5.879081683476578002e-01
5.879123456846173656e-01
5.874803853561328948e-01
5.876027414697173601e-01
5.873431692495941769e-01
5.871325543244571010e-01
5.867685334389668439e-01
5.867237488263329359e-01
5.864567156227696865e-01
5.860600222819318805e-01
5.859415233512577093e-01
5.857525438551417496e-01
5.855069320787998910e-01
5.854670091837573809e-01
5.853020910553483613e-01
5.851049536535308793e-01
5.848000582541177383e-01
5.847027895953227361e-01
5.845052478455611267e-01
5.843019159533748841e-01
5.842274267308720237e-01
5.840385795619575937e-01
5.837669158089406896e-01
5.837142871896110474e-01
5.835066537103416051e-01
5.834501323008509654e-01
5.831901028029806699e-01
5.829914738205320690e-01
5.828780362574026430e-01
5.826300763948956130e-01
5.826115864860701432e-01
5.824515322825364327e-01
5.822081868544611849e-01
5.821451750546201565e-01
5.819529527347521158e-01
5.817667479077649473e-01
5.816851803739436777e-01
5.814803419170709864e-01
5.813601354145078171e-01
5.812393115176753833e-01
5.811599093817452211e-01
5.809604234089996710e-01
5.805845015493115158e-01
5.806403984109709260e-01
5.803872929676977543e-01
5.803597122576712453e-01
5.801066350890385914e-01
5.800563994987802952e-01
5.798220878384043875e-01
5.797711575170931830e-01
5.795415103630464637e-01
5.794155975963563021e-01
5.792351322918759537e-01
5.791804731919556470e-01
5.789661471270662885e-01
5.787635463473529418e-01
5.786020165663444681e-01
5.785177273494515049e-01
5.785071376465418247e-01
5.781480968845438273e-01
5.781216916983392684e-01
5.779323835551742894e-01
5.777471316363882448e-01
5.776097263934452108e-01
5.774734363395165326e-01
5.773243209508548413e-01
5.773091741295274248e-01
5.769433788686620934e-01
5.768484853799323853e-01
5.767676728030749489e-01
5.764966157706868932e-01
5.765007154829309144e-01
5.762772407773798511e-01
5.762718061595598629e-01
5.760718204963056754e-01
5.760400447311135874e-01
5.758787493056402029e-01
5.756359385577716203e-01
5.756199272552604551e-01
5.754073526776354308e-01
5.753113786729938672e-01
5.750122437649910490e-01
5.749107613669478534e-01
5.748251064712626146e-01
5.748356132281809971e-01
5.744919366126652882e-01
5.745467049821219030e-01
5.743055140019469595e-01
5.742862380684825574e-01
5.740545112131748562e-01
5.740708845889289647e-01
5.738921905818400448e-01
5.737179960661763500e-01
5.737004949459928449e-01
5.734635513537995610e-01
5.734050017317426917e-01
5.732711996095330997e-01
5.732016855744348494e-01
5.731454091983556598e-01
5.729367455790023156e-01
5.728568237846106692e-01
5.726553257217114057e-01
5.725339521237313711e-01
5.724124047278574823e-01
5.724835222859927519e-01
5.724086211148361469e-01
5.721802713191437295e-01
5.720469690681756481e-01
5.718805147605923178e-01
5.717080281136962538e-01
5.716349274825198723e-01
5.715344626334293299e-01
5.714741782463951258e-01
5.713209403831130961e-01
5.711808948218096704e-01
5.710286177995856916e-01
5.709324698037445689e-01
5.707637624912202945e-01
5.707813096641208839e-01
5.706724211368188193e-01
5.704384701899112287e-01
5.704273816266300923e-01
5.703047254582211956e-01
5.701584751557718933e-01
5.698608137288792008e-01
5.697856010643634894e-01
5.696961376177395175e-01
5.695930105575283120e-01
5.694495732728205306e-01
5.693564890408383539e-01
5.691848202532289180e-01
5.690876577677692616e-01
5.689989901273794226e-01
5.689240399410554483e-01
5.687133965857441575e-01
5.685633167050444525e-01
5.684903961865747091e-01
5.681559277032031119e-01
5.680481354392855620e-01
5.679865126143098797e-01
5.679396888296845969e-01
5.678747491708766582e-01
5.675341674610311360e-01
5.674522364216062487e-01
5.674776334861076910e-01
5.672554674683112363e-01
5.671485317548944360e-01
5.669782800251854660e-01
5.669532375113351952e-01
5.667658839733716869e-01
5.665573198198666782e-01
5.664955995906785224e-01
5.663121769928027849e-01
5.662245165374226730e-01
5.660880761551242424e-01
5.660382490895132790e-01
5.658662140821612008e-01
5.657238947872270662e-01
5.657032979624611047e-01
5.654395108636682821e-01
5.653253010650145516e-01
5.652018357549039029e-01
5.649929951482465240e-01
5.649895406017536592e-01
5.648430191456370597e-01
5.647241332013001047e-01
5.645316962088560153e-01
5.643587001877869991e-01
5.644264415199882201e-01
5.642611441087673763e-01
5.641825389968143645e-01
5.639276772256547332e-01
5.639418617474188933e-01
5.636563307747917140e-01
5.636023468570984241e-01
5.634582360739935902e-01
5.633669180207734328e-01
5.633620854121662580e-01
5.633756947757294631e-01
5.631420647927398715e-01
5.632311012656058269e-01
5.630908369942878577e-01
5.629504794190225425e-01
5.628093523028798728e-01
5.625818323910390939e-01
5.625623686700408355e-01
5.623999208477719058e-01
5.624045820302342458e-01
5.624054314819338929e-01
5.621187594102181606e-01
5.621097602292401962e-01
5.619967829027334716e-01
5.618726530643308736e-01
5.618226303547133593e-01
5.616430096213304024e-01
5.617987531022260450e-01
5.616466801691105681e-01
5.614301131059662442e-01
5.615842635226923063e-01
5.613712380675298652e-01
5.615316810432499084e-01
5.613701654933288543e-01
5.612991683100686524e-01
5.611575303483186117e-01
5.610203722811921700e-01
5.611034162819367177e-01
5.608314887480991828e-01
5.607459215347856407e-01
5.606227231004087264e-01
5.606733656613570593e-01
5.607284392127858119e-01
5.607114210440008462e-01
5.606053297540335434e-01
5.605071225563099668e-01
5.604084075049835523e-01
5.602689432499939892e-01
5.601426609963472414e-01
5.599689695450729143e-01
5.598324252750410679e-01
5.597876265746296598e-01
5.597138160019803355e-01
5.598596589679385449e-01
5.596329745596799743e-01
5.596463839826403275e-01
5.593676793985465912e-01
5.593555989319222155e-01
5.591609708461328099e-01
5.590132583039669756e-01
5.589650256750542390e-01
5.589254031962935798e-01
5.589897186634193993e-01
5.588458388290354906e-01
5.588644026707020318e-01
5.587679020695027754e-01
5.587885268343228962e-01
5.585971905591371467e-01
5.584169007541665009e-01
5.582161396157869770e-01
5.582604603431143842e-01
5.583074032354767846e-01
5.581803916851344471e-01
5.580952932322698068e-01
5.580502262627359267e-01
5.578057227502734028e-01
5.577543773753353973e-01
5.577353707161890606e-01
5.577115265998741078e-01
5.575773866720918903e-01
5.575262721904665764e-01
5.573697197709877038e-01
5.573403006024620909e-01
5.571820471729768132e-01
5.571153499222735173e-01
5.570955066566530833e-01
5.569797048293813058e-01
5.569908656282297477e-01
5.568971157686235518e-01
5.569534027383876706e-01
5.567909317643838785e-01
5.567195388588056515e-01
5.564779959760094430e-01
5.565019311188947881e-01
5.563999766811954517e-01
5.562947992432322186e-01
5.562399241650891613e-01
5.562311738233503000e-01
5.562632424878285464e-01
5.561103855801730056e-01
5.558538905657340878e-01
5.558108666109216056e-01
5.557580227641860660e-01
5.556892007539381284e-01
5.555718929318440580e-01
5.555026105974314454e-01
5.555487757838170060e-01
5.553987939604153601e-01
5.552281910142207177e-01
5.552367043962121995e-01
5.552380492505344378e-01
5.551272799164786997e-01
5.550159565035294174e-01
5.549139289454365631e-01
5.547647084898242875e-01
5.548382981257024005e-01
5.547203615968522294e-01
5.545831942921722879e-01
5.544478301153121791e-01
5.543802868107898796e-01
5.543419015940698191e-01
5.542571969048220026e-01
5.542810260801417366e-01
5.541861082002281780e-01
5.540364761661781268e-01
5.539787891216094717e-01
5.538970080526151030e-01
5.538563688235864646e-01
5.537817130204857330e-01
5.537417693074769831e-01
5.536641648384708070e-01
5.536593267105359706e-01
5.535468386920741057e-01
5.535954304280064076e-01
5.534541104189966143e-01
5.534497676287940537e-01
5.532998636548601690e-01
5.532258810994742371e-01
5.531326379811468685e-01
5.530200530656456115e-01
5.528700004145825631e-01
5.527861542858993893e-01
5.527326321708264656e-01
5.526066477965915213e-01
5.526097902972291198e-01
5.524463808134620901e-01
5.523979627338676535e-01
5.521753902260683189e-01
5.522031084207555951e-01
5.520522032492343190e-01
5.520689709244037680e-01
5.519463745343203831e-01
5.518258461283519489e-01
5.518325794500101855e-01
5.516434028042194182e-01
5.515420831733716112e-01
5.514898609987887168e-01
5.513993636858587344e-01
5.514618249690245166e-01
5.514370785744099335e-01
5.512813252341404180e-01
5.513754575422452620e-01
5.511968512563171219e-01
5.512105830005644691e-01
5.511906450979958683e-01
5.510154005642405872e-01
5.509297699911962498e-01
5.507375558335391164e-01
5.508134129710647864e-01
5.503496593485633914e-01
5.503940573136856251e-01
5.503373837380256539e-01
5.502833319605077156e-01
5.502411688930798350e-01
5.500529824549675872e-01
5.500721541674121751e-01
5.498423250685458008e-01
5.498705100775731491e-01
5.498022397694339869e-01
5.496455852810947507e-01
5.496868532091673254e-01
5.496119267618061466e-01
5.495587615840368256e-01
5.495445386359332218e-01
5.494575735309187303e-01
5.492815059642609521e-01
5.492869123773250761e-01
5.489617417720921155e-01
5.491119186942993169e-01
5.489277164729965408e-01
5.488032447202908504e-01
5.483523838365979008e-01
5.483842017366236110e-01
5.482898781974111513e-01
5.482322512049165875e-01
5.479986110208400207e-01
5.479791060458857332e-01
5.479603670933935744e-01
5.477563110734930962e-01
5.478199563374938075e-01
5.475935352069939421e-01
5.476646323731759747e-01
5.476112617139287098e-01
5.475272425742442328e-01
5.473982103641847896e-01
5.473427664196479636e-01
5.471119132087034487e-01
5.471675768759268754e-01
5.470557411364082023e-01
5.468882066523822472e-01
5.467427589257313203e-01
5.467269900084962275e-01
5.466692793853745735e-01
5.466102573134893339e-01
5.464124933903159453e-01
5.463116784074713017e-01
5.461594871603722146e-01
5.461155775227034548e-01
5.459469702668564572e-01
5.460361374136170065e-01
5.459062199539074234e-01
5.457090811729874424e-01
5.456281399328816173e-01
5.454166866622636167e-01
5.456132148038803642e-01
5.453257016439143623e-01
5.452730398825526015e-01
5.451347643340255233e-01
5.451901675384333013e-01
5.451504868585039798e-01
5.449519060619855138e-01
5.448667342909215838e-01
5.448233585611700347e-01
5.446869132319044349e-01
5.445463079860520805e-01
5.444185912838929164e-01
5.444542448895736131e-01
5.443385073930329110e-01
5.441856857853842877e-01
5.441473779676485600e-01
5.440006370818452064e-01
5.439618473340409599e-01
5.439239922350936896e-01
5.439893310157196682e-01
5.437755694762562708e-01
5.436678272961917857e-01
5.436949599442876258e-01
5.435818075305952624e-01
5.434525989073600849e-01
5.434050838260277017e-01
5.433002048087695046e-01
5.432316033608161066e-01
5.431790792225653641e-01
5.429697871553348376e-01
5.430099500157560266e-01
5.429750800760246854e-01
5.428536904466801927e-01
5.428522347257219716e-01
5.426531112629277009e-01
5.424144246684248216e-01
5.425450207967997818e-01
5.424270736973981766e-01
5.425427134963308751e-01
5.423774520464991200e-01
5.422932147005680159e-01
5.420786496463515514e-01
5.422185449631501397e-01
5.418942450169393910e-01
5.419944953677454658e-01
5.418489370962533691e-01
5.418572300686151921e-01
5.416834163659268730e-01
5.417650555147384139e-01
5.415637376420536775e-01
5.414497359240676433e-01
5.414824866715172158e-01
5.414585896229947570e-01
5.412509419101333430e-01
5.413181384341362312e-01
5.412327088954614895e-01
5.411372390911032282e-01
5.408325437040026884e-01
5.409443713932056141e-01
5.408510618707099704e-01
5.408441307987005287e-01
5.406884236248700182e-01
5.406798167847348680e-01
5.405885921023961815e-01
5.405124744836764528e-01
5.403685442762239388e-01
5.404058999001380981e-01
5.403162740982107026e-01
5.402104360147094164e-01
5.401967797976287011e-01
5.401409362135952685e-01
5.400691317090245969e-01
5.399960716840195296e-01
5.397094367743390242e-01
5.398262024887910959e-01
5.397277540177088939e-01
5.396498111552380239e-01
5.396231578144120578e-01
5.396340318715652229e-01
5.394493225627013944e-01
5.393357578961807119e-01
5.392748858121393374e-01
5.392334118555250910e-01
5.390353169832716729e-01
5.391366920114618599e-01
5.390480328433550072e-01
5.389214050733418526e-01
5.390542200945510620e-01
5.389006229963405614e-01
5.387818049841121004e-01
5.387829187455602797e-01
5.388325256807061647e-01
5.387819573022744057e-01
5.386506126234476000e-01
5.384819520277659421e-01
5.385015628953687683e-01
5.383759786630831767e-01
5.383220012026864731e-01
5.383193293142719549e-01
5.381378338701021669e-01
5.381146676552198693e-01
5.380437855562336669e-01
5.379399876541001158e-01
5.378454678315065518e-01
5.377850754657923504e-01
5.377948217345717152e-01
5.376968958035518442e-01
5.376535632809952281e-01
5.374936733429851454e-01
5.377060882599472569e-01
5.375315155376683141e-01
5.374129033886176909e-01
5.374025627328026244e-01
5.375746429323163822e-01
5.373809707930405910e-01
5.372820596644595215e-01
5.372768223563926249e-01
5.371048728091126767e-01
5.369236259565692837e-01
5.369466637551074673e-01
5.367616473255537590e-01
5.366631471154118538e-01
5.367063717664837252e-01
5.366156559311795471e-01
5.367159737386276719e-01
5.367954319992065404e-01
5.364177697507578335e-01
5.365989246515949773e-01
5.363302398248845915e-01
5.363588480465230068e-01
5.362524729589245309e-01
5.362274490507134006e-01
5.362230702496474377e-01
5.361278712913285505e-01
5.360256359446902152e-01
5.359049516044711581e-01
5.360637332826817536e-01
5.358059223977160723e-01
5.357963002591409341e-01
5.357047132137018330e-01
5.356553229765718127e-01
5.357301492137009902e-01
5.356391747891575683e-01
5.355220524249131309e-01
5.354647230278795078e-01
5.355499633204359178e-01
5.355177611716585018e-01
5.354891762651131648e-01
5.352342042671967004e-01
5.353352801871337219e-01
5.354293209067652048e-01
5.353981006942524212e-01
5.352183163282336897e-01
5.354139566993191268e-01
5.352889106241000006e-01
5.352545211971287964e-01
5.351878328386642236e-01
5.351848141548903870e-01
5.349829408992019530e-01
5.350987872002265222e-01
5.347504831001984593e-01
5.349135167478045183e-01
5.348422600465877474e-01
5.347919328765543545e-01
5.348667649056443318e-01
5.347191593361024786e-01
5.347173677904117906e-01
5.345219283958281276e-01
5.346479242824787592e-01
5.343401892170783762e-01
5.344158905985693098e-01
5.342471340489433063e-01
5.343574520280393036e-01
5.342411001064237830e-01
5.341919900626775908e-01
5.340448401450509364e-01
5.341016591991912810e-01
5.338621149281866929e-01
5.336582483649635611e-01
5.337358333393905641e-01
5.336778748780751647e-01
5.334965792522915473e-01
5.333965370495387104e-01
5.332661124602865454e-01
5.334209134790837137e-01
5.331256067697772716e-01
5.331262461334825842e-01
5.330455122086343867e-01
5.329811936473723977e-01
5.330073566910987770e-01
5.329515548012390136e-01
5.326643416349282623e-01
5.326917700997401139e-01
5.327264051724555083e-01
5.325772141806569548e-01
5.326378589886640036e-01
5.323630194277467753e-01
5.323553093342975329e-01
5.325125972021668153e-01
5.323416726428967793e-01
5.322937196493657819e-01
5.323283073610071137e-01
5.325232608903996967e-01
5.322991184271549381e-01
5.321932241027315102e-01
5.321183428150390027e-01
5.319893359863981930e-01
5.317512458063272662e-01
5.316467170994528812e-01
5.318012965996317121e-01
5.316067403638926603e-01
5.317387484478917070e-01
5.314741627803849511e-01
5.315405383021857277e-01
5.313621624410155286e-01
5.312652489602343042e-01
5.311426145046008740e-01
5.309654880815500855e-01
5.309253328434997421e-01
5.308141173435103610e-01
5.308645764306142434e-01
5.305135462231004295e-01
5.305349392104904416e-01
5.303996115564691971e-01
5.302038145450884699e-01
5.301609168805289096e-01
5.300060246334904468e-01
5.297963297439386432e-01
5.299977613164991164e-01
5.297273623066071080e-01
5.297112970140559485e-01
5.297341756243452160e-01
5.295026100950647185e-01
5.294627386162357174e-01
5.292225595278130523e-01
5.293790988665573183e-01
5.291447127919580717e-01
5.292268944027195277e-01
5.290489532597971722e-01
5.290650358739641401e-01
5.289307057367537146e-01
5.289966639958317840e-01
5.289141237806439522e-01
5.286574492631158639e-01
5.288531277732178015e-01
5.283887498214127065e-01
5.285990116232955893e-01
5.284840481990799033e-01
5.283734029898289331e-01
5.282771359859429472e-01
5.282717754607547667e-01
5.279902147624088160e-01
5.280934637313338120e-01
5.280323370039738951e-01
5.279755015749051372e-01
5.279526164341064032e-01
5.280541613851833516e-01
5.278261458105023562e-01
5.278415278630220753e-01
5.279476955113328041e-01
5.278558028898885368e-01
5.275927217229970934e-01
5.275352922263106814e-01
5.275025255751834008e-01
5.277182980963645020e-01
5.276228301959265954e-01
5.275330420392767561e-01
5.274473715225752590e-01
5.272959988314022128e-01
5.272395809381139609e-01
5.273107731162401945e-01
5.271168242783276225e-01
5.273459700679226092e-01
5.270818107948062048e-01
5.272870776011694405e-01
5.269323163928597564e-01
5.269076901918118283e-01
5.270893674855355870e-01
5.269816332571447548e-01
5.267466876377558949e-01
5.267930637553123185e-01
5.268463027145039446e-01
5.268087249004955730e-01
5.267064654600789320e-01
5.265615135265123703e-01
5.266012574675282831e-01
5.265450834365884569e-01
5.263790932960852320e-01
5.263940746518993574e-01
5.261512714015619263e-01
5.261395434205250465e-01
5.263766472542935615e-01
5.261801439052061768e-01
5.261817451804798873e-01
5.262659640357388868e-01
5.261939493954034264e-01
5.261898319912803323e-01
5.263213113213042194e-01
5.260846287507435770e-01
5.259644857145907570e-01
5.259868638647414718e-01
5.260891074619570285e-01
5.259828796099100812e-01
5.261166253887769040e-01
5.258874704688560886e-01
5.260340801021544666e-01
5.258859670007827170e-01
5.259489603353412202e-01
5.258146871874761485e-01
5.258946862262553479e-01
5.255934277225630114e-01
5.257964620614304918e-01
5.256499078803041902e-01
5.258509377518091332e-01
5.256840439296105449e-01
5.256635619024744299e-01
5.256096304369511918e-01
5.254369443740209977e-01
5.255995947865035323e-01
5.252588482038015316e-01
5.253001237284916636e-01
5.254603709264797917e-01
5.253129429289815633e-01
5.251218209413299753e-01
5.251987804730312570e-01
5.251116658666310499e-01
5.251950346918313750e-01
5.251053990514805703e-01
5.252070210239209169e-01
5.250403030709680507e-01
5.248168179675877232e-01
5.249561741629016343e-01
5.249801078476138416e-01
5.248672323358059000e-01
5.248923471093330795e-01
5.246844649186633847e-01
5.247200455854303947e-01
5.247305257977965542e-01
5.244535177500765366e-01
5.245801966069428834e-01
5.245529578348638866e-01
5.244162451365842470e-01
5.243403751920729938e-01
5.244710924562355769e-01
5.243943652316717108e-01
5.244936748394480874e-01
5.246750096643827410e-01
5.243649460546634389e-01
5.241879443743547862e-01
5.245003872511889709e-01
5.242652870530638554e-01
5.241129086684798155e-01
5.241312128321818919e-01
5.241534836436544387e-01
5.241214397879853104e-01
5.241886879583008696e-01
5.241256018025339802e-01
5.241127233215879810e-01
5.239411830012675741e-01
5.239925882484842701e-01
5.240854407587707264e-01
5.241286198576049493e-01
5.238880593072952063e-01
5.237988315738898448e-01
5.238177646065972359e-01
5.237184715981572092e-01
5.237152777538198745e-01
5.237904944069272650e-01
5.236838600716163805e-01
5.236371262475437716e-01
5.235582643603443609e-01
5.235324341839371343e-01
5.236015256264869855e-01
5.233187258231433159e-01
5.235690619768956777e-01
5.232543139188369219e-01
5.232766823864416494e-01
5.231329344761569411e-01
5.230244869474737213e-01
5.233599530591476201e-01
5.231564884606184629e-01
5.228454365837548190e-01
5.230796001018380714e-01
5.229965396586885307e-01
5.229055920494675158e-01
5.228204690495853457e-01
5.224902838814459161e-01
5.225529127130119633e-01
5.227204291130965741e-01
5.224915815631175908e-01
5.223025282462495644e-01
5.225142810991406650e-01
5.224395616145351973e-01
5.224252197464361869e-01
5.220874140753796189e-01
5.223011204992158429e-01
5.218525044586627137e-01
5.221979245508440171e-01
5.220946445095423494e-01
5.222128113150353856e-01
5.218544231825285040e-01
5.217538163668143936e-01
5.218821832788873571e-01
5.218689591404557238e-01
5.217207110451727026e-01
5.217313861814120157e-01
5.217667391902808260e-01
5.216409047864708493e-01
5.218710294471420319e-01
5.215706413215771553e-01
5.215156231427567901e-01
5.216453135231734484e-01
5.213004624048492852e-01
5.214633215762406460e-01
5.213377428105750999e-01
5.214128666655277744e-01
5.214028323356555417e-01
5.212434732135028392e-01
5.213165943200134267e-01
5.212398973994442075e-01
5.212821882273724894e-01
5.212267980080029783e-01
5.212485403812952001e-01
5.209990438700664583e-01
5.211464005909105524e-01
5.210852190373408410e-01
5.208302925691085106e-01
5.209750468787245348e-01
5.210118328999452375e-01
5.210511470042078486e-01
5.209124440558599023e-01
5.207862599212983445e-01
5.208735569878675253e-01
5.207434925369226475e-01
5.208337961753574108e-01
5.206198010802604026e-01
5.208235102014789897e-01
5.208814456135175686e-01
5.206913674142648052e-01
5.209068348390021308e-01
5.207129790810253178e-01
5.206800749913801374e-01
5.205163316449475941e-01
5.208161389737949731e-01
5.205365146768503593e-01
5.205053697122474787e-01
5.204740561534791921e-01
5.205317227989088025e-01
5.203917949536808196e-01
5.204473257393841257e-01
5.204174775907166595e-01
5.201677045284479606e-01
5.201675352663909235e-01
5.202717152027317438e-01
5.200642175310820070e-01
5.200140710111349485e-01
5.200362016786123087e-01
5.200338644176688563e-01
5.199894172006410686e-01
5.200667969631410648e-01
5.200725807324517724e-01
5.199925577777004815e-01
5.200039738813176937e-01
5.199269562244434040e-01
5.194727532630719624e-01
5.194601520425042862e-01
5.195515596726457686e-01
5.195569031825063577e-01
5.194664595122580053e-01
5.194850739316069221e-01
5.193916099188335966e-01
5.194153324496898483e-01
5.194690035726551303e-01
5.192963356983956169e-01
5.193718023151209229e-01
5.192692306945048131e-01
5.192710262242096197e-01
5.191260240649985258e-01
5.192239272755813095e-01
5.190855257904566367e-01
5.190492538928258570e-01
5.191582088127535410e-01
5.191150029778072161e-01
5.190347973173189411e-01
5.190130363337688291e-01
5.190041507377852747e-01
5.190289114720436636e-01
5.189221089667824804e-01
5.189557384106134874e-01
5.188789399813930059e-01
5.188018971634128507e-01
5.187582674894433143e-01
5.185989890693027959e-01
5.185940135623318126e-01
5.185562531403632436e-01
5.186256204095708311e-01
5.185188785632600661e-01
5.185244857160339338e-01
5.183895555580367853e-01
5.184733499502749421e-01
5.184772968055130216e-01
5.184625951016753609e-01
5.182694131238646529e-01
5.183975765717355744e-01
5.182680786587643418e-01
5.182977181809025335e-01
5.182473433223079295e-01
5.180250302400420948e-01
5.181020610087604394e-01
5.180434483579658966e-01
5.181579288154748442e-01
5.180718891248810021e-01
5.179299892452311482e-01
5.179216839404710004e-01
5.180788144985671861e-01
5.177623528137752507e-01
5.178546979816427420e-01
5.179379500403418213e-01
5.177252591078523869e-01
5.179643450434590068e-01
5.176932532799354281e-01
5.176421335575667193e-01
5.176423079659573379e-01
5.176665266435507284e-01
5.175526651731363614e-01
5.176208162512949684e-01
5.174327963980627221e-01
5.174195638263455743e-01
5.175124451808595927e-01
5.173724527397357553e-01
5.173545665525749460e-01
5.173633478488176562e-01
5.172458171373192082e-01
5.173167898708109780e-01
5.172451779712378128e-01
5.172238989542373711e-01
5.171050235174347032e-01
5.171737085392704714e-01
5.172130627468430886e-01
5.171058600419339291e-01
5.170289260358025274e-01
5.170048971157017448e-01
5.169744090364135625e-01
5.169657225921825416e-01
5.169779315437492695e-01
5.168442806027598868e-01
5.168245635596032672e-01
5.168256504891283187e-01
5.166740730918648605e-01
5.167269085244083904e-01
5.165133033121084294e-01
5.165167422942009701e-01
5.165908069192398644e-01
5.165253105326137462e-01
5.164228432877879804e-01
5.164966966494078937e-01
5.165304084879001056e-01
5.162897487272742891e-01
5.161760700416216929e-01
5.163605271669500230e-01
5.161729158117397409e-01
5.162194379980518111e-01
5.159749997317744086e-01
5.162224209523281759e-01
5.162583204701453043e-01
5.160777579164393947e-01
5.161083850115839589e-01
5.159867374788498218e-01
5.160098449357229944e-01
5.160471430765647405e-01
5.159221834148918218e-01
5.158193292857931045e-01
5.159174153366651305e-01
5.159074653819177847e-01
5.158204112400361918e-01
5.157887857263675491e-01
5.156666646707074309e-01
5.157138012111893710e-01
5.158506043263139107e-01
5.155965732847779259e-01
5.157410497691267137e-01
5.155843607403806095e-01
5.156040738157777747e-01
5.155259583514819610e-01
5.155618308649089210e-01
5.156048405200863716e-01
5.154517832419007739e-01
5.154375599221910909e-01
5.153736289629908818e-01
5.153448359563191916e-01
5.153743512167157093e-01
5.153204281808971832e-01
5.152968322366886511e-01
5.152313087531296132e-01
5.151842922736913355e-01
5.151920747637025455e-01
5.151084522271525135e-01
5.149699128233845569e-01
5.150024941493777098e-01
5.150491860194199578e-01
5.148252783355110607e-01
5.148333087813250497e-01
5.147754197100574691e-01
5.147291551519880271e-01
5.147180776766629995e-01
5.145603094008467382e-01
5.147511630395792404e-01
5.147116771134369051e-01
5.146487672253500234e-01
5.143914954354996683e-01
5.146022735263210413e-01
5.145782123869738767e-01
5.143952891015430851e-01
5.144594932097906748e-01
5.145055808591331159e-01
5.144716862914757716e-01
5.143499227062143797e-01
5.143094542939133929e-01
5.143199562220263088e-01
5.143075554089147072e-01
5.142423471730909190e-01
5.142788746682768197e-01
5.142380302223755750e-01
5.142168734563777877e-01
5.142099211395145808e-01
5.140838996260643778e-01
5.140675615362080286e-01
5.140599662111212664e-01
5.140291203684111965e-01
5.139833756370394413e-01
5.139905075130944967e-01
5.139157909364974186e-01
5.137557625760497126e-01
5.137902831799199266e-01
5.138742067052707307e-01
5.138171875859397497e-01
5.137108409866828485e-01
5.137299443190697090e-01
5.136591387762330374e-01
5.136867210300100073e-01
5.135788049401314170e-01
5.135612877381828811e-01
5.135581012714159899e-01
5.136040860526415175e-01
5.135034362797800123e-01
5.134569482017072861e-01
5.133142008919098220e-01
5.133395476077237118e-01
5.132609271168159237e-01
5.134170095053277594e-01
5.131997538348483934e-01
5.132943587666333185e-01
5.134253151204007937e-01
5.130693182801459029e-01
5.132551374517017040e-01
5.131954782075188737e-01
5.130275460165170109e-01
5.132466492104174050e-01
5.131496133561290751e-01
5.131384694371018407e-01
5.131303713613440953e-01
5.130395289851403806e-01
5.129261049463954558e-01
5.130509881285874041e-01
5.130445934213944126e-01
5.128966121193365701e-01
5.130844969865197003e-01
5.129113440466940288e-01
5.129841651979940576e-01
5.129252373755436301e-01
5.127733446737134937e-01
5.127081511788513790e-01
5.128778156426091472e-01
5.128313680075444747e-01
5.127055430128976132e-01
5.125671058629118759e-01
5.126671801262648875e-01
5.125917112703431977e-01
5.124328066895835754e-01
5.123984018132020646e-01
5.125821646043289270e-01
5.124596560901674147e-01
5.123948228937260652e-01
5.123617753073992365e-01
5.123444988119446597e-01
5.122485736837347758e-01
5.121697006330666602e-01
5.122947779810484992e-01
5.122272069392418414e-01
5.121319548727091275e-01
5.121572965492772189e-01
5.122037220899552379e-01
5.121715677803263533e-01
5.120040626294753983e-01
5.120331470946036800e-01
5.120245155799963976e-01
5.119765499657875640e-01
5.120477284341117263e-01
5.118820692873758960e-01
5.118857204505417036e-01
5.118368402915245419e-01
5.118802953392224131e-01
5.117510574081147734e-01
5.118076786468376271e-01
5.118193786917131227e-01
5.118485511188344272e-01
5.118182750470942066e-01
5.117464288835894548e-01
5.115397265012204819e-01
5.115085597100451631e-01
5.116248017563718165e-01
5.114787045571459467e-01
5.114633238566487217e-01
5.116147981425337443e-01
5.113412770372308680e-01
5.115192718732379795e-01
5.113932503570781662e-01
5.113717313939266651e-01
5.112338225222862187e-01
5.114051144626956535e-01
5.112345500674778664e-01
5.112858969997544634e-01
5.112458001715185496e-01
5.112555258518031165e-01
5.113080662931651643e-01
5.110624625961810441e-01
5.112280435433950165e-01
5.111454795127138295e-01
5.110491855991908805e-01
5.109827618484189538e-01
5.111565879968813508e-01
5.108918392537601383e-01
5.110099426247948218e-01
5.109500721265161083e-01
5.109189690374514869e-01
5.109257556230482056e-01
5.107254873492911296e-01
5.108352289379219924e-01
5.107662624862866485e-01
5.109186175661094564e-01
5.106443016119501799e-01
5.107009079629728499e-01
5.108453239943966384e-01
5.105960159543431187e-01
5.105970495820054689e-01
5.107664842588991450e-01
5.103651045597178415e-01
5.105333252895981611e-01
5.105524006813206839e-01
5.104271677919588468e-01
5.105419375246985636e-01
5.103762533736122542e-01
5.102689980997358044e-01
5.104892032973662452e-01
5.103104280028750717e-01
5.102110380518650734e-01
5.101024510346846563e-01
5.103317490278691526e-01
5.100703025467901996e-01
5.102714837114209478e-01
5.101762853345250814e-01
5.102254716436224191e-01
5.102115906989562744e-01
5.101253742087700216e-01
5.099863130843614867e-01
5.100100096119860593e-01
5.099908493007588861e-01
5.100250419434971816e-01
5.098881389507776696e-01
5.100534033490089492e-01
5.100331209408720534e-01
5.099890485056243206e-01
5.099004864380597413e-01
5.098360047206688117e-01
5.098914823167544075e-01
5.097730708357199880e-01
5.097140057722242545e-01
5.098868122220958643e-01
5.095942665595988297e-01
5.097862496086512651e-01
5.097857722491810906e-01
5.097512699403631276e-01
5.096772058938137118e-01
5.094307862891501726e-01
5.097873042129604793e-01
5.097029071019570923e-01
5.096680504142264700e-01
5.096418956354253904e-01
5.096856666440451322e-01
5.095506659153274942e-01
5.094536847053336981e-01
5.095813583463034702e-01
5.093371944321729572e-01
5.095200285987954159e-01
5.094765310824733717e-01
5.094713990130490533e-01
5.093458249540488980e-01
5.095743871854747642e-01
5.092265555845508773e-01
5.093607495020791021e-01
5.094127268489617721e-01
5.092879402071953665e-01
5.091158287695775053e-01
5.093820046332077078e-01
5.093308487472503199e-01
5.092778459913359645e-01
5.092090262663299116e-01
5.092332053582685480e-01
5.091817010300156987e-01
5.092712318806090765e-01
5.091023824653886365e-01
5.088646231732046887e-01
5.091010140456621036e-01
5.092402006426892669e-01
5.090785946473133095e-01
5.089669501663177664e-01
5.088954574079272986e-01
5.089627138434942299e-01
5.089580199428094254e-01
5.089685236878965791e-01
5.088219331957866132e-01
5.088978678422534374e-01
5.088745791698056076e-01
5.088179862577472123e-01
5.088779549134673230e-01
5.088044246134467707e-01
5.086629182598442211e-01
5.088158044952885151e-01
5.086003836107299003e-01
5.086893516958098660e-01
5.087679653095521504e-01
5.086850734285141007e-01
5.086753799089470673e-01
5.086150883280170509e-01
5.086057248902410288e-01
5.084171794338003814e-01
5.086267352933490082e-01
5.085855224363148297e-01
5.084944538676136050e-01
5.084360459661371179e-01
5.084077205435905134e-01
5.083555626481919276e-01
5.084832326106279998e-01
5.083837846970135077e-01
5.083595669549870744e-01
5.084519113251914080e-01
5.082640014470781731e-01
5.082320093463645883e-01
5.082940337924146679e-01
5.082239189297688142e-01
5.082100301944715293e-01
5.082848963013396615e-01
5.080727257238070171e-01
5.082182051162280612e-01
5.080711654773678587e-01
5.082094133094791077e-01
5.080385190195427780e-01
5.079235390464915678e-01
5.080847966052277620e-01
5.080322182879911663e-01
5.079082085480274289e-01
5.079084162687116377e-01
5.078175133344337011e-01
5.074339350056533693e-01
5.075760820647176041e-01
5.073527437892072500e-01
5.075410844193339877e-01
5.074195004195044545e-01
5.073798430905224199e-01
5.074282247529093848e-01
5.074836081289592071e-01
5.073105167313013419e-01
5.073379928959179663e-01
5.073133868408209457e-01
5.072167765923975002e-01
5.071571026400095716e-01
5.072019183297032940e-01
5.072096263258510929e-01
5.071276577026526677e-01
5.070233880805520288e-01
5.071287743876129461e-01
5.070660622370117832e-01
5.069591118319988210e-01
5.070420426499964162e-01
5.070582060038281158e-01
5.068641276763253822e-01
5.071197329202358217e-01
5.069059525372449082e-01
5.069437721570072553e-01
5.070218684143664722e-01
5.069650297246022230e-01
5.069406254110789822e-01
5.069029258616626343e-01
5.067877742374424788e-01
5.068204955628631270e-01
5.068331005835778891e-01
5.067847424165728976e-01
5.066589534093880465e-01
5.068514439605883437e-01
5.066732316842921247e-01
5.067837483677536392e-01
5.066512442052355514e-01
5.066349681641216796e-01
5.068200317619143691e-01
5.065922653164767198e-01
5.065337346950969932e-01
5.065847920636199486e-01
5.065039896326239965e-01
5.065534734913524906e-01
5.063530564387648258e-01
5.065355132296504026e-01
5.063553058988277122e-01
5.065006049264137999e-01
5.063214632659318593e-01
5.063800632203198093e-01
5.063108103201381383e-01
5.062860551183607782e-01
5.063437166776346698e-01
5.060971175588068194e-01
5.061327322635246206e-01
5.061823557722990863e-01
5.060440660427056869e-01
5.061002807532132275e-01
5.061878717743104605e-01
5.060671004742247625e-01
5.061225543610292643e-01
5.060775935370291911e-01
5.060518628208864333e-01
5.059622848824868457e-01
5.059880890845752655e-01
5.057646097751474779e-01
5.058896812358754103e-01
5.058475728410410932e-01
5.058326544223064047e-01
5.057683198202477248e-01
5.057750984878631728e-01
5.056276065661458041e-01
5.057031739074774324e-01
5.056012853502630522e-01
5.055875867387329414e-01
5.055472325210034201e-01
5.054795271359368014e-01
5.055079242272141338e-01
5.055113372734065802e-01
5.053764299495978607e-01
5.055104417474466372e-01
5.053314998369096145e-01
5.052700834430362553e-01
5.053307020656578885e-01
5.050879583369790593e-01
5.052084677885961828e-01
5.050494216841417972e-01
5.050448006244516730e-01
5.051052418517784082e-01
5.049953049407532868e-01
5.050747246833412474e-01
5.049781159793641505e-01
5.050669321560448122e-01
5.049066077011590270e-01
5.048026180744303870e-01
5.048639225016428034e-01
5.046960063651044770e-01
5.047705746019105488e-01
5.047104803079699442e-01
5.048428333735374141e-01
5.046514306343780065e-01
5.045172418271213211e-01
5.046475244512278469e-01
5.044117241697994025e-01
5.041162578477434986e-01
5.040480931108543006e-01
5.039730988035900916e-01
5.037723040077127790e-01
5.038776669525948382e-01
5.036441572944685419e-01
5.036351396138069036e-01
5.037059649188497801e-01
5.036102118273999562e-01
5.036222875331972659e-01
5.035772055518071832e-01
5.035535914616474651e-01
5.036027177231426899e-01
5.036165979862098352e-01
5.033409178077560275e-01
5.035255551629408410e-01
5.035475859434556112e-01
5.034912615397176827e-01
5.035459470751654232e-01
5.033678689342779844e-01
5.031664573349544645e-01
5.031747945581022119e-01
5.029726967381175085e-01
5.029934987161100990e-01
5.030957262969385502e-01
5.028603408606338032e-01
5.029605302996903449e-01
5.029104105091470878e-01
5.028178313853398640e-01
5.028711268994566774e-01
5.027790197647178383e-01
5.026771143673030018e-01
5.027778915882105126e-01
5.025599537513814052e-01
5.025542652877742489e-01
5.024632043471699561e-01
5.021332940153043767e-01
5.020778553765119501e-01
5.021025382714737750e-01
5.018630602291683784e-01
5.018883339038673341e-01
5.018628749651025123e-01
5.018539165616214826e-01
5.015405315572454281e-01
5.016087744941312154e-01
5.016123775451907241e-01
5.014118608661174425e-01
5.015671006182113034e-01
5.013394542065029436e-01
5.014480257045740297e-01
5.011506326638232034e-01
5.012183468277636722e-01
5.011987257638782500e-01
5.012019454178080480e-01
5.010387807907088487e-01
5.011869786986030695e-01
5.011921165040266191e-01
5.009759236456376996e-01
5.009444879184595800e-01
5.010065455324261841e-01
5.009514758747884988e-01
5.008769436275788411e-01
5.009451036043739425e-01
5.009844176782526359e-01
5.007214474776996438e-01
5.007878835766333969e-01
5.007012336721545775e-01
5.007055361576683294e-01
5.005241080115846453e-01
5.004591909311547626e-01
5.006678796543272414e-01
5.005225904144400273e-01
5.004367020523384779e-01
5.004638192360461035e-01
5.002773541308622729e-01
5.002739234236527333e-01
5.003034597958619933e-01
5.002153356111412874e-01
5.001582652615647051e-01
5.001082954551779869e-01
5.000734987269109810e-01
5.001671882194287377e-01
4.999766629538868190e-01
4.999080357342920444e-01
4.999536935267418492e-01
4.998257974272355963e-01
4.999205737978669184e-01
4.997733652072530730e-01
4.995779342177716909e-01
4.996391975949212028e-01
4.996150665639220723e-01
4.994170440198597016e-01
4.993352459827218315e-01
4.994403276435475658e-01
4.994164363992725231e-01
4.993180595000306643e-01
4.992612195590864776e-01
4.991248078356374518e-01
4.992050461022339847e-01
4.992315471500516910e-01
4.988646893662658788e-01
4.990353008282541469e-01
4.989223376843483493e-01
4.988350410928218959e-01
4.988116996121880753e-01
4.987238865440317137e-01
4.987084175086256010e-01
4.987163615930315097e-01
4.985456898551923199e-01
4.984842290317868518e-01
4.984045323029346330e-01
4.984975236587598224e-01
4.984440796126708428e-01
4.983869475074165223e-01
4.983677923836901669e-01
4.983326443165843056e-01
4.983939205009165208e-01
4.983725652406321704e-01
4.983668681152877422e-01
4.982476933168187294e-01
4.981787512810529894e-01
4.981323011417415625e-01
4.981915513459678757e-01
4.980943857631991989e-01
4.981263127264273227e-01
4.979883863154744295e-01
4.979989788913410376e-01
4.979360007593263138e-01
4.980109568487230409e-01
4.978895853747886124e-01
4.977452529078820742e-01
4.976490018646667068e-01
4.976934436692219133e-01
4.977345987366803004e-01
4.975962700301344577e-01
4.976625441822198348e-01
4.976405721202459276e-01
4.974413766844624774e-01
4.975010619274501944e-01
4.975252860819793788e-01
4.974759009782516728e-01
4.974930547794609859e-01
4.974044587355988534e-01
4.973409424844747462e-01
4.972973061471203660e-01
4.974172482964924757e-01
4.972221753710861503e-01
4.972447572428961848e-01
4.972432902541177868e-01
4.972410126425708676e-01
4.972492200011267016e-01
4.972097478204665078e-01
4.971275177056535544e-01
4.971309882433445071e-01
4.970856184419262802e-01
4.970980267248139572e-01
4.968778619305212474e-01
4.969549229247774425e-01
4.969411809945336045e-01
4.968718208199556785e-01
4.968563722906976232e-01
4.968506271594926305e-01
4.968415881258023692e-01
4.967836748307645212e-01
4.967986440385339653e-01
4.966122650329841126e-01
4.966906177164005509e-01
4.967474692258888047e-01
4.966102433566985108e-01
4.964936914936002310e-01
4.965959982228887459e-01
4.965305073707883543e-01
4.965654676565046111e-01
4.963733398769203387e-01
4.964188813625781127e-01
4.963389973138854772e-01
4.963657387603421234e-01
4.962959409004272238e-01
4.962143467771010230e-01
4.963310369627866314e-01
4.962742668102699817e-01
4.962494602689966894e-01
4.961991551857125038e-01
4.961621062645151237e-01
4.960609059857670200e-01
4.961258481392161745e-01
4.960183383783808853e-01
4.960173575165707227e-01
4.960553349279204771e-01
4.958700461173877194e-01
4.959760807589583820e-01
4.958939654606517866e-01
4.958699061400665964e-01
4.958303196230577914e-01
4.958760022476179086e-01
4.957541104500729490e-01
4.958811197900387380e-01
4.956737085540061649e-01
4.957641076935770386e-01
4.956316015856060964e-01
4.955813023188238575e-01
4.956546846994917543e-01
4.956799900855915486e-01
4.956453961435254851e-01
4.955949152597393659e-01
4.954765641460472936e-01
4.955540856230564728e-01
4.956199924222883801e-01
4.954677684196899801e-01
4.954587280783104286e-01
4.953254696180771632e-01
4.954315958754847427e-01
4.955637796333038914e-01
4.953256906895464606e-01
4.954724421865213668e-01
4.953321084649184303e-01
4.952721910123356053e-01
4.952880440106610105e-01
4.951911712804593080e-01
4.952321904348333526e-01
4.952981551992396980e-01
4.950889105938654500e-01
4.951360986563426159e-01
4.952013836062116869e-01
4.951294744117391566e-01
4.950765296750178623e-01
4.951211410706244931e-01
4.950137524144667123e-01
4.950728928635430015e-01
4.949922872234103211e-01
4.950474680335485989e-01
4.949312377883685055e-01
4.949256239810416180e-01
4.947823022310623986e-01
4.948074979509578530e-01
4.948408380715615951e-01
4.947077181427630421e-01
4.947884968111490589e-01
4.947102801632274893e-01
4.946457240629745233e-01
4.946251311735426204e-01
4.947179824172462381e-01
4.946185159409474674e-01
4.946646731159731192e-01
4.946302904075532969e-01
4.946500411293096033e-01
4.947674770683200829e-01
4.945592266533255787e-01
4.946143242169848686e-01
4.944000488740545873e-01
4.943726111861053707e-01
4.945572144697361061e-01
4.943822319917470232e-01
4.943999350648299873e-01
4.945150434960168817e-01
4.945163088416031361e-01
4.944247936074364635e-01
4.943559307930522340e-01
4.943400554498679766e-01
4.944703084745189492e-01
4.942733659505085253e-01
4.944714621123637577e-01
4.942877062266617383e-01
4.941596162210713516e-01
4.944203935438211683e-01
4.942812482466730217e-01
4.941874570843993730e-01
4.943566764669857783e-01
4.943293166651392401e-01
4.941966614324691531e-01
4.941077781756733067e-01
4.942462492815000163e-01
4.942479012658334558e-01
4.941004074914645550e-01
4.938906324959846383e-01
4.940145309116721339e-01
