3.007213292835752441e+02
6.417936118842777660e+01
4.487023265261068872e+01
3.665179118849102480e+01
3.033489433864495766e+01
2.593600057483580557e+01
2.306094782914712127e+01
2.093628729634167485e+01
1.912121207200555872e+01
1.740199532601257104e+01
1.569377399526030814e+01
1.396717258116988880e+01
1.223579084298750708e+01
1.048064026321047670e+01
8.741586851371348388e+00
7.100102780431821081e+00
5.733841417928871032e+00
4.704993397571951341e+00
3.981034413839885655e+00
3.484248437285772937e+00
3.163314909663585084e+00
2.936815103408834560e+00
2.762003003809824886e+00
2.619442136691510381e+00
2.497719691939834341e+00
2.393975790907710621e+00
2.304303798693339012e+00
2.223428797485034636e+00
2.152481446597651615e+00
2.088814542649309214e+00
2.031588588735078194e+00
1.979413323016268711e+00
1.931102951380915700e+00
1.887078508092466356e+00
1.845487552649228036e+00
1.807360740873335869e+00
1.771138327686523573e+00
1.737367050997220552e+00
1.704048414158374491e+00
1.671642655371417208e+00
1.641675568529817220e+00
1.613669329498560012e+00
1.587512890631678664e+00
1.562397213191525580e+00
1.538661668647841596e+00
1.517475406304235941e+00
1.497888467626998787e+00
1.479950864680625644e+00
1.463541649286695723e+00
1.447041268148360649e+00
1.431200770467820460e+00
1.416515249390976505e+00
1.402596129338119724e+00
1.389421169757419028e+00
1.376649560459325405e+00
1.364742359219932588e+00
1.352776945789893936e+00
1.341257597372988331e+00
1.329798791065251562e+00
1.319244332021714650e+00
1.309102608068753559e+00
1.299017785069640052e+00
1.289188467931994264e+00
1.279284542055978191e+00
1.269988470789928048e+00
1.260975327362840126e+00
1.251622493776946010e+00
1.243108436603604927e+00
1.235085627718222723e+00
1.226812377326038428e+00
1.218279486435930536e+00
1.210251954146190245e+00
1.201984641851448155e+00
1.193003130616614449e+00
1.184538718514625888e+00
1.176304915708013210e+00
1.168100022080827527e+00
1.160751382545250676e+00
1.153902066865208242e+00
1.146704626077620803e+00
1.140199522341908134e+00
1.133628478053584798e+00
1.127326483271722468e+00
1.120554992459259713e+00
1.114356329118695088e+00
1.108101317182368817e+00
1.102238358399146856e+00
1.096307481879797097e+00
1.090412076073066894e+00
1.084383625450113131e+00
1.078488950272918467e+00
1.072167484619565014e+00
1.066076779960146270e+00
1.060242138692877090e+00
1.054649298983446615e+00
1.048925621566174859e+00
1.043416957871528661e+00
1.037689049791112872e+00
1.032065539725273151e+00
1.026790331783531629e+00
1.021357992252227787e+00
1.016202380192008592e+00
1.011110138828586580e+00
1.006051292577701206e+00
1.001065036854969170e+00
9.956725974752157482e-01
9.906878322844780982e-01
9.858190688703686311e-01
9.810766928809996346e-01
9.768199908150153599e-01
9.719691135927944758e-01
9.673040747975941711e-01
9.631262972410413736e-01
9.590596423418585870e-01
9.545281731544684733e-01
9.504201598082508973e-01
9.463278406296913303e-01
9.422466403997150630e-01
9.384234673304815422e-01
9.346153599088452557e-01
9.310736407490863842e-01
9.275373610467730900e-01
9.239239755281283273e-01
9.204482930244292094e-01
9.170515457030855577e-01
9.136898846986419853e-01
9.101403217027798087e-01
9.069994918245690707e-01
9.033328889143560358e-01
8.998352992162077513e-01
8.963330861029169538e-01
8.930660843953641681e-01
8.892712844311891907e-01
8.857415637782563023e-01
8.819640237040049513e-01
8.781952229792285847e-01
8.747921325999935549e-01
8.712939354889336352e-01
8.678480690781035234e-01
8.648885170690165936e-01
8.619393320679028525e-01
8.587446415956868639e-01
8.559255526665411340e-01
8.531004600269205262e-01
8.500995434084149815e-01
8.470573253484613430e-01
8.441609108896018787e-01
8.409097501309962253e-01
8.380645333188168067e-01
8.351832675950086049e-01
8.324193367053034365e-01
8.296229860543015144e-01
8.269482902526692492e-01
8.239327459894019157e-01
8.211585422935190337e-01
8.182162404825198410e-01
8.157236173470376883e-01
8.130727402088595568e-01
8.104986658475529238e-01
8.080334413453501563e-01
8.056074087177936827e-01
8.029683451951274975e-01
8.009009088371402685e-01
7.986949474181971320e-01
7.964253575495817694e-01
7.943918925011727028e-01
7.920544187008000669e-01
7.899360918692326372e-01
7.880028014783543311e-01
7.860691007924844875e-01
7.841610444695213955e-01
7.819805118595782867e-01
7.798689282295147018e-01
7.779028216435168730e-01
7.757951517734172908e-01
7.740705524685896899e-01
7.724264138183264405e-01
7.707899466617641471e-01
7.691866437452891114e-01
7.675120792637500911e-01
7.659369586891404680e-01
7.644638095460786209e-01
7.631656405645167451e-01
7.614956377363166773e-01
7.598041451863903895e-01
7.582728996572205560e-01
7.568300263064288158e-01
7.555278721164034872e-01
7.540155260566502315e-01
7.525238861234075927e-01
7.512057574373844915e-01
7.498553749329247564e-01
7.486209393317554417e-01
7.472022037433897479e-01
7.457165323004254498e-01
7.444884504408911807e-01
7.432364617819829933e-01
7.420639332788033782e-01
7.407937651439918669e-01
7.395777831250437417e-01
7.384983685797642528e-01
7.373656564609364361e-01
7.361500251399188954e-01
7.349955295980953318e-01
7.338692640072260742e-01
7.327415519916082864e-01
7.314878604419785546e-01
7.305582532713073007e-01
7.297779281496467041e-01
7.286833189139576561e-01
7.276236703693870211e-01
7.264922545808790710e-01
7.253807012878389360e-01
7.240748774310840075e-01
7.229251618360983400e-01
7.219321881861592294e-01
7.208715850751103993e-01
7.195887536112902660e-01
7.185841237513983515e-01
7.174695286703768327e-01
7.163119482948655525e-01
7.151787080836475852e-01
7.140495725932495263e-01
7.129109692321607961e-01
7.118234360324678933e-01
7.106940012168435628e-01
7.096581088036307827e-01
7.085593518281316783e-01
7.075012474313245869e-01
7.061718411039760168e-01
7.051723740534150409e-01
7.039252598047331944e-01
7.027297489339039416e-01
7.014796917458117065e-01
7.005380211058183093e-01
6.993259749537669157e-01
6.980997835274345142e-01
6.969099015436904798e-01
6.959448638029496204e-01
6.947525749737288869e-01
6.938324998269789212e-01
6.926151562390922001e-01
6.917968001041284731e-01
6.907559978917738874e-01
6.899066764607989510e-01
6.889033324494269195e-01
6.879720168249799928e-01
6.870780858867308050e-01
6.858811636427896152e-01
6.848659484960077926e-01
6.841196873365875675e-01
6.830731559910399042e-01
6.821116726826685905e-01
6.812214453386853386e-01
6.804462449296438953e-01
6.795191632214115929e-01
6.787016897298427942e-01
6.778541118139971289e-01
6.770165772791822967e-01
6.763039251409220798e-01
6.755176261023504436e-01
6.747858508444232184e-01
6.740966967597387116e-01
6.734319916481820156e-01
6.727098530774634488e-01
6.719948263003562294e-01
6.713829733538411171e-01
6.707439105612036379e-01
6.699050940662294451e-01
6.693301366242653261e-01
6.686059488704269027e-01
6.679454695031564748e-01
6.672279906726518162e-01
6.666683596297442449e-01
6.658751563435888476e-01
6.652220317656776238e-01
6.645923626729933753e-01
6.640198858114247926e-01
6.634000331983442855e-01
6.627062383104530552e-01
6.620184732663086935e-01
6.612960651296863057e-01
6.607077961435697810e-01
6.602600178563357014e-01
6.596188594050323983e-01
6.590794332809258860e-01
6.584749899599685596e-01
6.579855065510425982e-01
6.574589947380977684e-01
6.568097086615545255e-01
6.563860605096097922e-01
6.558422921801226879e-01
6.552367316375415918e-01
6.545798269219090804e-01
6.540137346145001862e-01
6.534507304959605856e-01
6.529500387518399895e-01
6.523850639576659338e-01
6.518356905941393720e-01
6.514173705572852136e-01
6.508255026671944110e-01
6.501697423269741094e-01
6.496790719456724261e-01
6.490455817037507069e-01
6.484774107018373979e-01
6.477398127802870276e-01
6.472429525127972871e-01
6.468076933655049210e-01
6.460491773742628174e-01
6.458008435385110824e-01
6.451686209837247388e-01
6.445292089330248997e-01
6.440397269970098426e-01
6.433953272329768769e-01
6.425576602900329171e-01
6.420145041912891370e-01
6.413292307089014654e-01
6.407165007233970311e-01
6.400785599686239502e-01
6.393431359614046849e-01
6.386333769278111916e-01
6.383774565260782463e-01
6.378620399083552162e-01
6.372093273692940318e-01
6.365091711782985273e-01
6.357060426706611089e-01
6.351111196665174541e-01
6.345229011385546958e-01
6.338738706356253916e-01
6.332450069912256563e-01
6.327546604525310370e-01
6.322442688814815526e-01
6.311937426022588005e-01
6.308564037576634975e-01
6.302379902562070813e-01
6.297364278198914755e-01
6.293207622737119200e-01
6.286744209368907432e-01
6.283220937460848310e-01
6.275621465071827831e-01
6.271545202616132242e-01
6.267179233274303707e-01
6.258854599032048771e-01
6.257516721469283949e-01
6.246750274506790435e-01
6.245843825001105021e-01
6.240451389696136664e-01
6.235092305390499412e-01
6.229152841830910559e-01
6.225180457407457624e-01
6.218382487225641020e-01
6.215047573717462637e-01
6.210445465267361298e-01
6.204846793390862425e-01
6.198746758794613232e-01
6.195887892300053768e-01
6.191445488592722812e-01
6.186500453141149380e-01
6.180796971123939665e-01
6.177800005664854099e-01
6.173873826843504498e-01
6.168323828911188578e-01
6.164555549911042709e-01
6.161749037087026482e-01
6.156925250227761603e-01
6.153880091795219665e-01
6.147622076780031586e-01
6.143205671283759051e-01
6.137687492529501077e-01
6.135093126709766365e-01
6.129977341287260462e-01
6.125506939996603339e-01
6.123652419094497423e-01
6.117866723988075739e-01
6.117778670044260458e-01
6.111649557682752310e-01
6.108584639649571324e-01
6.103128856154101944e-01
6.097156490894578562e-01
6.091725394511752212e-01
6.089291450134536321e-01
6.082788812148834934e-01
6.078582705296987632e-01
6.075109248626181513e-01
6.067730986123366366e-01
6.061567696729295296e-01
6.052502909947138354e-01
6.047600141230288218e-01
6.040818602589657083e-01
6.034848377086530213e-01
6.028831676162266229e-01
6.023987006968796187e-01
6.020920599849999277e-01
6.013299452079073903e-01
6.010620846648077054e-01
6.004717307943793214e-01
6.000626199712562059e-01
5.996284211027123057e-01
5.990647715888360869e-01
5.986739554364514104e-01
5.980990912228103529e-01
5.981218023103284098e-01
5.977146354532997252e-01
5.970264130164316674e-01
5.969163396211610850e-01
5.961667835370224600e-01
5.961918437916949864e-01
5.957508744994358674e-01
5.953874179491692731e-01
5.950574671991972764e-01
5.945181539902498757e-01
5.944731215286617187e-01
5.937069469805230648e-01
5.936646323065016828e-01
5.932142261975837938e-01
5.928422571043804323e-01
5.925077443961629386e-01
5.920804226876387188e-01
5.917267296409072230e-01
5.915635584083372978e-01
5.909993941106549409e-01
5.909110582461545302e-01
5.906232642651824127e-01
5.901705207621377181e-01
5.900825587644974446e-01
5.893921851147422286e-01
5.893716437059600688e-01
5.889095380444921979e-01
5.885644744545346363e-01
5.883459168222401336e-01
5.879445753767458260e-01
5.876195338733332107e-01
5.872599905249261676e-01
5.871445191602860936e-01
5.868714164101404007e-01
5.865155051307279210e-01
5.862967783258302701e-01
5.859538153808546701e-01
5.854811114722672238e-01
5.854783952557583993e-01
5.850060681037594357e-01
5.847599649355103013e-01
5.846865648475116917e-01
5.843115895986511488e-01
5.839537105168935982e-01
5.836583683414957591e-01
5.835017492267106087e-01
5.829366267969459114e-01
5.827544267912807552e-01
5.825490378948267045e-01
5.822594475992352026e-01
5.820388966483386328e-01
5.815444431723698626e-01
5.811582651304146863e-01
5.810530689736819188e-01
5.806527218029405857e-01
5.803957700935310493e-01
5.802690111364656733e-01
5.801754886324566041e-01
5.798850636181236418e-01
5.795279659710840248e-01
5.794211777049673717e-01
5.792068723641623507e-01
5.789716214618565449e-01
5.786203352510362885e-01
5.783596511564398357e-01
5.782784189484624360e-01
5.779120987304754431e-01
5.776593544199132291e-01
5.774852024638631454e-01
5.774313525170570172e-01
5.769789857452546356e-01
5.770106293806787079e-01
5.766377403011480052e-01
5.764981496917918058e-01
5.762631888776057476e-01
5.759826919134737322e-01
5.758210855462211342e-01
5.756750438137600012e-01
5.755032600141761767e-01
5.750835493666218712e-01
5.750094167851554916e-01
5.747530365546277276e-01
5.744391715992597236e-01
5.745151077280803431e-01
5.741483815599142115e-01
5.739797086307378837e-01
5.738702459172884129e-01
5.736718380903703673e-01
5.734264715668305756e-01
5.731756692962225452e-01
5.729028062389709408e-01
5.724611770307185266e-01
5.723014055356335783e-01
5.722854828282066819e-01
5.719097959763144168e-01
5.718911496822993712e-01
5.716400438027110509e-01
5.712699793406881277e-01
5.711747467528142108e-01
5.709293463340986419e-01
5.707705003792234999e-01
5.703787274105429628e-01
5.703854945918837016e-01
5.700405568875004381e-01
5.699091978533631364e-01
5.696851509385829626e-01
5.694497909638832622e-01
5.691574502945192515e-01
5.692991045428564822e-01
5.687671289051975387e-01
5.688365767234815351e-01
5.685329308743013454e-01
5.683112180140392766e-01
5.681457495110413536e-01
5.680241001640861098e-01
5.677001414619525788e-01
5.676402885347147098e-01
5.672793645038437527e-01
5.669766526344727220e-01
5.668224552946218298e-01
5.666924453630287628e-01
5.664293530160811052e-01
5.661156005555768589e-01
5.659170299130654724e-01
5.656424469249271558e-01
5.655637906041892649e-01
5.652879903942346074e-01
5.652026915605131707e-01
5.648367498809045983e-01
5.648742704757555577e-01
5.643364356107666291e-01
5.642489432111464920e-01
5.641950685543956068e-01
5.641019252122990713e-01
5.640008667651231766e-01
5.634592402681595225e-01
5.635962138909093033e-01
5.632360802529728927e-01
5.634388676665172957e-01
5.628737119002293898e-01
5.630488147854929570e-01
5.625593902451334616e-01
5.624505382314141100e-01
5.625366349924340037e-01
5.619653884934204813e-01
5.617521700814981367e-01
5.615967326901715184e-01
5.613666140332661536e-01
5.614601895165122203e-01
5.611149548241106677e-01
5.607872589328029012e-01
5.607014236359982862e-01
5.605431233673658920e-01
5.603536607996172370e-01
5.601985166418665951e-01
5.600282501439138860e-01
5.598684470323160856e-01
5.598839812384680537e-01
5.595521195136018422e-01
5.593459970716455620e-01
5.592738545180090393e-01
5.593928974914230690e-01
5.590128494540369530e-01
5.588363497892192555e-01
5.586911747250912219e-01
5.584130374277143094e-01
5.581930982964007359e-01
5.581334597315780188e-01
5.578355798621047468e-01
5.577821435420199370e-01
5.576260670847008605e-01
5.575011716182999288e-01
5.572143218974922041e-01
5.570137615763058880e-01
5.568639985758355726e-01
5.567073290204732627e-01
5.566788961532206370e-01
5.564405694010715608e-01
5.564187751524364289e-01
5.560556626907066091e-01
5.557932243775270953e-01
5.552914616245366863e-01
5.550934701925959169e-01
5.548853952863773698e-01
5.547964657598206673e-01
5.545275289675903885e-01
5.542059478360888969e-01
5.541328189999813469e-01
5.537657372451578741e-01
5.535430949666934053e-01
5.534747862312375810e-01
5.533734450120303405e-01
5.530372883851976118e-01
5.529551680109452416e-01
5.526238534719394302e-01
5.527701377594764764e-01
5.523025732260403720e-01
5.524117367513315946e-01
5.520233349584161564e-01
5.519979244999215773e-01
5.516521856573957105e-01
5.514770357027739545e-01
5.511277704954417045e-01
5.510984405350105586e-01
5.506201779820781850e-01
5.506581843052492653e-01
5.504154462937264070e-01
5.503149774391083993e-01
5.500691047916773657e-01
5.498195153748045572e-01
5.497208329176104247e-01
5.495786933139091834e-01
5.491172591183564045e-01
5.490517037991221594e-01
5.491406915027290392e-01
5.485792353579047598e-01
5.486921571590629432e-01
5.482762838534295247e-01
5.480886202769228444e-01
5.478082952068562550e-01
5.477481968028027337e-01
5.475044468968010003e-01
5.473786430841576234e-01
5.472059247566124496e-01
5.467777157025434098e-01
5.466887884564339828e-01
5.465231011098187208e-01
5.462002643987967643e-01
5.462548797998781902e-01
5.458251337984609819e-01
5.458055556707368527e-01
5.456337350095123995e-01
5.453694344264883309e-01
5.454139253132955778e-01
5.450980553501620918e-01
5.448118185450908646e-01
5.446050975619688428e-01
5.446707361111273737e-01
5.444326812675680527e-01
5.443670642809440574e-01
5.441820551419255247e-01
5.438314089996002521e-01
5.439619085621635319e-01
5.436900337095219582e-01
5.435072591453047330e-01
5.433095749311683820e-01
5.432105191760939755e-01
5.431471228775518467e-01
5.428863273471016271e-01
5.425926123804228896e-01
5.423812780390721011e-01
5.422350276428944404e-01
5.420431048650669048e-01
5.417670998540087268e-01
5.416520588895281652e-01
5.414906287371382687e-01
5.411709195216510837e-01
5.411201069507529660e-01
5.407461049639398221e-01
5.406684735636266836e-01
5.404847154849592439e-01
5.402514511153401200e-01
5.400606645890025925e-01
5.399990310947607730e-01
5.398262936568666293e-01
5.395804222272981843e-01
5.394179581880395036e-01
5.392527865765555095e-01
5.390112414815838582e-01
5.387600766461423385e-01
5.384494914975445079e-01
5.383913467752212689e-01
5.380257872114119211e-01
5.379820424094442499e-01
5.378361675646264883e-01
5.376285302250441989e-01
5.374350526653792759e-01
5.373413570838329045e-01
5.370743533003966563e-01
5.368555939675407895e-01
5.368309256504424365e-01
5.367002337080474250e-01
5.366087007875104398e-01
5.363230841978179342e-01
5.361592847362942615e-01
5.361633996317286543e-01
5.357305098386152542e-01
5.357503095518491021e-01
5.354523481771826798e-01
5.354462318408635957e-01
5.350602524298238016e-01
5.349373081691967124e-01
5.347782231328214175e-01
5.346171750497288322e-01
5.343747467742342439e-01
5.341970254535475249e-01
5.339170795647016909e-01
5.339218300345801582e-01
5.334585437323547952e-01
5.333375005045019046e-01
5.331847245736892615e-01
5.328529338582221886e-01
5.328527080297843499e-01
5.324320790418602956e-01
5.322998634042714894e-01
5.321070737921944627e-01
5.318476591181157120e-01
5.316217459278526070e-01
5.314631891490858573e-01
5.311760960787669239e-01
5.311443918921721075e-01
5.310403578461945218e-01
5.308803431863914346e-01
5.306065552893590720e-01
5.304252492494007099e-01
5.302398406099224637e-01
5.301910866228832786e-01
5.298957500943748400e-01
5.297001464248299873e-01
5.296311615875404222e-01
5.294259167157172596e-01
5.293998910935976410e-01
5.290548283315202882e-01
5.289000302872967074e-01
5.286456932340578563e-01
5.285981952122649208e-01
5.283363206014081159e-01
5.281603001197597846e-01
5.281547773970706183e-01
5.278566590658170243e-01
5.277193882878904452e-01
5.276893210512348942e-01
5.275466061366418380e-01
5.274048992088800070e-01
5.273823833505145720e-01
5.271633307506429222e-01
5.270242859633262889e-01
5.270836207810506435e-01
5.269739111358636707e-01
5.266717234708663264e-01
5.265232229804454045e-01
5.265124653170499824e-01
5.263833662598079721e-01
5.264088862042474171e-01
5.263708184686770597e-01
5.258600433901797766e-01
5.259242283470978441e-01
5.256707778033403722e-01
5.256868219585140167e-01
5.257298677642331386e-01
5.255295227604545039e-01
5.254618546909607391e-01
5.252182128884382850e-01
5.251728341299938263e-01
5.250767556293719496e-01
5.250105624875361920e-01
5.248999553684415842e-01
5.246835392667249520e-01
5.245247797805017154e-01
5.245580031459174952e-01
5.243202298512980031e-01
5.240760096005605551e-01
5.239789599671501596e-01
5.240574626950970094e-01
5.239388063924245165e-01
5.236623347565011466e-01
5.236607758684191927e-01
5.234141681799465706e-01
5.234953571429351582e-01
5.232982749767172148e-01
5.231342160800320773e-01
5.232223951910078830e-01
5.228362642032570173e-01
5.229751781180261849e-01
5.229092143544389337e-01
5.227784042225812611e-01
5.226101358557818655e-01
5.224882042133615068e-01
5.223875374929590754e-01
5.222263358198150351e-01
5.220865901234265083e-01
5.221248558575815046e-01
5.219996452271592480e-01
5.219386100776567394e-01
5.216307857539478343e-01
5.215871912624548967e-01
5.214748064467119582e-01
5.214111074571655680e-01
5.213885005794157701e-01
5.212353133730504018e-01
5.210655513343932510e-01
5.209305535607596793e-01
5.210254816018896618e-01
5.209240240046127957e-01
5.209605721150862845e-01
5.207258572383927087e-01
5.206421357482121648e-01
5.205247306623349557e-01
5.201972103001309966e-01
5.203045747383098218e-01
5.201739419324483693e-01
5.201121788312138561e-01
5.200517042924049926e-01
5.200136434552387055e-01
5.198524822887659047e-01
5.196907534605662571e-01
5.196088357192086837e-01
5.195339478294588309e-01
5.195303417454675277e-01
5.193939370546284406e-01
5.194403179588381603e-01
5.192297762515843962e-01
5.189854131436244522e-01
5.190306103308869323e-01
5.189622271032362510e-01
5.188600826750578987e-01
5.187233727143069073e-01
5.187524088495034658e-01
5.186046600680166430e-01
5.186122468974637689e-01
5.182876616823207661e-01
5.183399855129297018e-01
5.182680853854044756e-01
5.182675890763102089e-01
5.179803608048624275e-01
5.179704808365022117e-01
5.178628552288458975e-01
5.177974073959230594e-01
5.177657822201933158e-01
5.176832520570658902e-01
5.176438163635338485e-01
5.175120113094593410e-01
5.175812906036368899e-01
5.172821142401986538e-01
5.174980156393201858e-01
5.172156016070575957e-01
5.171383537772346051e-01
5.170876081980865235e-01
5.170596285236439549e-01
5.168119239932519315e-01
5.167669245890765817e-01
5.168654700533352742e-01
5.167105960784712515e-01
5.167090185191228757e-01
5.164194891449945812e-01
5.165237040789741885e-01
5.162226159023318717e-01
5.162154806871867008e-01
5.160594659673231055e-01
5.160667684542350475e-01
5.158610668824997747e-01
5.159210460071277371e-01
5.157333523635750927e-01
5.157071928812451134e-01
5.157112591062736895e-01
5.156787846382278051e-01
5.154953030967611705e-01
5.154318595198308373e-01
5.152628920366048026e-01
5.152723523576611120e-01
5.152215402295956537e-01
5.151225153430250003e-01
5.153037723353492972e-01
5.151355370221245566e-01
5.151023112141234206e-01
5.149596299832224222e-01
5.149135677328168237e-01
5.147305279697778069e-01
5.148922888176784562e-01
5.144617587672929426e-01
5.145705625352184898e-01
5.144506410068526714e-01
5.143158093194001301e-01
5.141792533684136357e-01
5.141845829363517195e-01
5.142482313463883070e-01
5.140658747706804421e-01
5.139227603476396178e-01
5.139234584438229225e-01
5.135912637266536462e-01
5.136440599056061318e-01
5.134824013345865579e-01
5.136672434312570257e-01
5.134130677749729754e-01
5.132197826669823160e-01
5.132721101583579415e-01
5.131902514225453737e-01
5.131062388096455651e-01
5.131486000890198573e-01
5.131545317848751342e-01
5.130241890943284533e-01
5.128329028767683040e-01
5.128927233977814693e-01
5.127695797212422635e-01
5.128280875639619207e-01
5.126128652090264914e-01
5.127174907728631048e-01
5.126075571127083341e-01
5.125868043585234402e-01
5.124625804111903049e-01
5.125395117888973395e-01
5.123543409199761145e-01
5.124809619158030571e-01
5.122113750966582613e-01
5.124058923440693025e-01
5.120791994921206625e-01
5.123055226654583683e-01
5.121345415246606469e-01
5.118982789269078681e-01
5.120881948057273148e-01
5.117760460321796323e-01
5.118492420444128443e-01
5.116587700128724103e-01
5.116459512576710944e-01
5.116638219032048074e-01
5.115669923768541016e-01
5.114095185134809318e-01
5.114062331137361195e-01
5.113283007100325461e-01
5.112888514840049359e-01
5.111567415395924519e-01
5.111943779004036736e-01
5.111309839269503330e-01
5.111107312711913320e-01
5.111871704630068791e-01
5.107731324393549599e-01
5.108031212332901916e-01
5.108981426776870727e-01
5.106941558939318559e-01
5.107916580585486477e-01
5.105860366384159521e-01
5.105270667233842152e-01
5.106018860601390097e-01
5.104282519749057112e-01
5.102134821887231997e-01
5.101114314653727444e-01
5.100500281105352363e-01
5.100647780112915752e-01
5.098737345771574558e-01
5.098311250457229216e-01
5.099874482956531230e-01
5.099406591554292989e-01
5.095617478600084072e-01
5.096989627850690985e-01
5.096505519242822135e-01
5.095252390956381827e-01
5.093686869046182286e-01
5.092240424676522936e-01
5.092723884174005233e-01
5.092678502842692412e-01
5.093211072728306421e-01
5.091317493117356596e-01
5.090448076099431951e-01
5.091608189274654528e-01
5.088995697103080307e-01
5.086794063844062297e-01
5.084720834329196082e-01
5.085018337041892211e-01
5.085789719321468505e-01
5.083427754818224953e-01
5.084767975681964147e-01
5.083457474093523443e-01
5.080515852407126998e-01
5.082101432633029381e-01
5.082211803446960996e-01
5.081436445973951388e-01
5.079979085752640566e-01
5.078553217494775618e-01
5.076818079275490225e-01
5.077975960571364800e-01
5.075369630471807669e-01
5.075262177054733481e-01
5.073756026752148651e-01
5.072667402222684752e-01
5.074455399594560712e-01
5.072213482545605556e-01
5.070832341103791441e-01
5.071060490116541253e-01
5.071018685586748953e-01
5.069664541486215148e-01
5.065981036011630856e-01
5.066294922533497447e-01
5.069564810131527155e-01
5.066980059050546492e-01
5.065034709468324570e-01
5.063749908363797125e-01
5.064137811480265983e-01
5.064121139661980076e-01
5.063941175262242078e-01
5.062264020414103394e-01
5.061928659542006548e-01
5.059708422148813112e-01
5.061583068498242133e-01
5.059146604705140327e-01
5.060017889401323687e-01
5.059290072603265243e-01
5.059770105994008116e-01
5.058997002658970343e-01
5.058124134428573226e-01
5.057232845115884334e-01
5.055210896362866135e-01
5.056828565993826130e-01
5.053657897195836801e-01
5.055842284274090215e-01
5.051631746297912118e-01
5.051948395450098772e-01
5.053658511144532017e-01
5.050229773604771877e-01
5.051683960761372827e-01
5.050058913017959616e-01
5.052899040210762083e-01
5.047349547918785762e-01
5.048762702496224497e-01
5.047029596073112634e-01
5.046544908748704650e-01
5.047809436040560094e-01
5.047040857892216570e-01
5.045390748039010331e-01
5.045859114681817692e-01
5.045616914325664615e-01
5.045427194437133167e-01
5.044283261104620664e-01
5.042829343535921716e-01
5.043679255141447770e-01
5.041998628550066197e-01
5.039941696538692284e-01
5.040984511266176638e-01
5.038862181519776495e-01
5.037546062635298583e-01
5.036847846349747915e-01
5.035540061962110459e-01
5.037145420272163276e-01
5.035683176365551850e-01
5.033827774429562307e-01
5.033935476219587590e-01
5.033815476601889438e-01
5.033555669025772117e-01
5.033597959160073243e-01
5.031370765923168786e-01
5.030931702381997717e-01
5.030248336094543804e-01
5.030999657716186402e-01
5.030365269251967364e-01
5.028363328268657950e-01
5.030172275559604556e-01
5.026237470098676718e-01
5.027837130259172893e-01
5.028010924078815114e-01
5.025615446075758497e-01
5.025231428017858937e-01
5.025548783909826733e-01
5.024235280385781488e-01
5.023714198329812808e-01
5.024525108611544999e-01
5.021577689842092740e-01
5.023502006645230722e-01
5.023954899083261649e-01
5.023527908090553717e-01
5.023398535603180726e-01
5.019417754244709373e-01
5.021161131862442728e-01
5.019065073460419191e-01
5.020398853854014520e-01
5.018842155291795004e-01
5.016204781573886384e-01
5.015943303814310861e-01
5.012870052008587818e-01
5.015165677215879247e-01
5.012346747385125756e-01
5.013236903616907769e-01
5.011580879875409122e-01
5.011008691474644339e-01
5.010637849604616667e-01
5.010382931147985275e-01
5.009171989305203354e-01
5.007413478352281677e-01
5.007100217731890179e-01
5.006552930758568776e-01
5.006576837669540758e-01
5.006792025055082362e-01
5.004182261486339600e-01
5.004323781854317366e-01
5.003573868943950176e-01
5.002390572339897590e-01
5.000252912322314947e-01
5.002140186983917713e-01
5.000581961987592416e-01
4.999894464304231456e-01
5.000212849902703205e-01
4.999217559391374022e-01
4.999908853891519844e-01
4.996967498755445214e-01
4.999222906371837971e-01
4.996551999151293000e-01
4.997677640327804482e-01
4.994135739986767519e-01
4.995666738217627301e-01
4.995575136494831425e-01
4.991197241179434752e-01
4.996777152504647268e-01
4.992634682439868743e-01
4.992376716652000002e-01
4.990627147309463774e-01
4.989160187186487128e-01
4.991003532890831429e-01
4.988718783490649344e-01
4.989874004501280713e-01
4.987247736074783000e-01
4.989376230869463913e-01
4.986412521356334282e-01
4.985693853820959975e-01
4.984153984477280308e-01
4.985746260734248980e-01
4.984648530855046444e-01
4.983473671398269134e-01
4.983224409008559785e-01
4.982914028265896800e-01
4.982816919247770038e-01
4.980587118699435489e-01
4.979861272680345397e-01
4.980331560582156869e-01
4.978466503997797665e-01
4.977099285064620626e-01
4.978021478604127137e-01
4.976209862440998388e-01
4.975133561473326083e-01
4.975296328893512587e-01
4.974046079875593107e-01
4.974315705541116905e-01
4.973799873648923064e-01
4.972218469753523773e-01
4.972483217828007063e-01
4.972061358669566111e-01
4.971505856593181893e-01
4.971098111460838798e-01
4.967989520105350887e-01
4.968615920023409238e-01
4.969105875122669658e-01
4.968578457902996237e-01
4.967053886084538683e-01
4.968811214039696722e-01
4.965281006942767195e-01
4.965428054454436579e-01
4.965404849641935070e-01
4.963894396835044631e-01
4.963367915608125625e-01
4.963609338264458604e-01
4.962547284948294890e-01
4.964376512481576964e-01
4.960953716321577223e-01
4.961671008923700943e-01
4.961161427145125979e-01
4.959702702182777201e-01
4.961049972920894002e-01
4.960111539982247630e-01
4.958643333823704591e-01
4.957670333387615980e-01
4.956549820728438083e-01
4.957914891315721717e-01
4.956514414498863208e-01
4.954696135327656958e-01
4.954119501376817447e-01
4.955187294017711075e-01
4.950919978418055201e-01
4.951475882593375233e-01
4.953021277998893024e-01
4.951474976822992091e-01
4.949656390298259878e-01
4.949305696081094941e-01
4.949953921536467960e-01
4.947743579439300987e-01
4.948063349414739132e-01
4.947026257580297570e-01
4.948270282324618852e-01
4.946330431849206843e-01
4.947599004793963862e-01
4.942764619244130464e-01
4.944972994024756097e-01
4.943455431706589298e-01
4.942961238414878000e-01
4.941855253863869368e-01
4.942045802154071410e-01
4.940921128214271207e-01
4.939743048538063896e-01
4.936299714970782682e-01
4.940663560135404864e-01
4.938752663862804315e-01
4.938065849474628233e-01
4.937187575349548663e-01
4.938284203953500207e-01
4.938340243540044749e-01
4.933976281137852360e-01
4.937076039531997917e-01
4.936196822221992631e-01
4.933383972929126227e-01
4.933303284989711268e-01
4.932503967851886717e-01
4.932106826130033816e-01
4.932567602445761534e-01
4.929567454121933090e-01
4.929856229496933917e-01
4.928046628140898000e-01
4.927870214845375130e-01
4.929327130571822813e-01
4.926695471254772252e-01
4.925412534879076709e-01
4.925412767140743830e-01
4.924067458045731094e-01
4.923506663844957054e-01
4.922093194557620177e-01
4.922973466860016134e-01
4.922034126274952848e-01
4.920475329969900002e-01
4.920789771631434717e-01
4.920385228000561106e-01
4.919588487694232515e-01
4.918402983013498986e-01
4.917613104085878373e-01
4.919481565934138989e-01
4.918030563127140931e-01
4.917097713503779111e-01
4.916052042038728254e-01
4.915648987975704820e-01
4.913836814719599322e-01
4.912839571431821262e-01
4.913031602279234189e-01
4.912684856129888034e-01
4.911868775391954878e-01
4.912001040314065148e-01
4.912534550785014886e-01
4.911579071315976264e-01
4.910034980138817673e-01
4.909120740449886000e-01
4.908349940776157716e-01
4.907183833855920940e-01
4.908360822074990804e-01
4.909356076027260318e-01
4.908235590314838359e-01
4.905650979510176035e-01
4.906665002131726516e-01
4.904458347303421450e-01
4.905279149046443687e-01
4.902454632595532602e-01
4.901024676526342660e-01
4.903454153299780516e-01
4.899616626073992065e-01
4.901706662404918258e-01
4.899318745767942129e-01
4.899885348342760683e-01
4.898726370366341953e-01
4.899414607169267910e-01
4.897161982409926062e-01
4.899124565156336986e-01
4.897040997737820422e-01
4.894260498730835240e-01
4.896782480525120884e-01
4.893588005300053001e-01
4.895882537404652735e-01
4.895662303747393973e-01
4.892939750094094653e-01
4.894220226592089218e-01
4.892043206055712301e-01
4.892034090566769744e-01
4.894204806729267609e-01
4.890133058746740091e-01
4.892269974840048885e-01
4.889245691768163149e-01
4.889835558752624323e-01
4.887865870162221849e-01
4.888244282451246758e-01
4.888683559293537928e-01
4.887419756229742784e-01
4.888230173887554986e-01
4.884689094037478196e-01
4.885800229401813244e-01
4.885132018110709962e-01
4.884837068913437386e-01
4.882331675131823534e-01
4.885239633179803143e-01
4.881394692583128081e-01
4.880589687692264422e-01
4.880630466532442369e-01
4.881738357390672522e-01
4.878938895933540021e-01
4.879329577837392407e-01
4.876906666220430786e-01
4.879444748752172489e-01
4.879403104704494454e-01
4.876664256582349810e-01
4.874259419281019579e-01
4.875618785230290686e-01
4.874748325182134967e-01
4.873885289286616351e-01
4.871964006252786916e-01
4.874078098907823065e-01
4.873832235713966288e-01
4.872359365760365324e-01
4.872458984619981170e-01
4.873687146379974688e-01
4.870671306791249378e-01
4.872924984054319286e-01
4.872239502054544480e-01
4.870154975289776034e-01
4.868643484028997714e-01
4.870290576377817593e-01
4.866229060291035746e-01
4.869651373946092821e-01
4.867676683820849060e-01
4.865919411585435950e-01
4.867685662852972439e-01
4.866834377769369002e-01
4.867158902651045338e-01
4.862823253298175774e-01
4.867049880887734936e-01
4.863977395275684290e-01
4.863890368974677081e-01
4.862062628678149312e-01
4.861907483449507961e-01
4.861993149160362404e-01
4.863272937407117635e-01
4.859517121077654989e-01
4.860855447868810408e-01
4.861021901533248979e-01
4.860851203142116383e-01
4.862228003161517265e-01
4.861060470458531402e-01
4.860341163335459291e-01
4.860773935371562327e-01
4.859579243273879912e-01
4.859870177010927050e-01
4.860668485899743985e-01
4.859343174908556939e-01
4.857594311805811249e-01
4.857836724559145836e-01
4.857113810007889776e-01
4.857621103806150642e-01
4.855530683829327732e-01
4.854964177384550328e-01
4.855683560949221600e-01
4.854606227218864478e-01
4.854756671396854295e-01
4.853479648278069547e-01
4.853937554039272073e-01
4.851645779411359327e-01
4.852235077649464379e-01
4.851949885894510373e-01
4.851981006796098339e-01
4.850434463973498089e-01
4.849940852549717296e-01
4.852126518955741097e-01
4.849785100730303888e-01
4.850093215499919896e-01
4.848105840263604027e-01
4.848924703736871566e-01
4.847579682990510452e-01
4.848569231661040146e-01
4.843980493044370284e-01
4.847865892310314617e-01
4.844216138533166682e-01
4.845143046840811318e-01
4.847164858333168902e-01
4.843917515854902489e-01
4.845214301035090099e-01
4.843500334051819567e-01
4.845421188162984394e-01
4.840775352674324683e-01
4.842771969464145232e-01
4.844098382742187958e-01
4.843068743942637866e-01
4.841409587161419892e-01
4.841516687979159350e-01
4.842723410525877070e-01
4.839957011065565973e-01
4.839281676223044504e-01
4.842420372956676711e-01
4.841832707071637709e-01
4.839745042803874076e-01
4.839224876881837445e-01
4.838743172153351924e-01
4.839755657448336912e-01
4.838380969798936615e-01
4.836927894311499609e-01
4.838572359777637555e-01
4.837745927380225353e-01
4.839279436167116533e-01
4.837829231493697701e-01
4.836521018512314751e-01
4.835262586005682484e-01
4.836093220391060599e-01
4.834120585624142596e-01
4.835097368994505929e-01
4.835771646756004127e-01
4.836027097478048375e-01
4.833961013544954555e-01
4.833280873168279146e-01
4.833213646748779069e-01
4.835631966383585056e-01
4.830349424415947279e-01
4.832393425528804798e-01
4.832504940355838996e-01
4.830572333959901599e-01
4.830807275715560678e-01
4.830557293006759179e-01
4.831074062764219579e-01
4.831390660618455346e-01
4.831293005486008152e-01
4.829152571048591081e-01
4.827263058492199388e-01
4.829490760758294865e-01
4.829228408684393403e-01
4.828105506275930936e-01
4.827022579864810314e-01
4.828176250473597553e-01
4.827938671965492090e-01
4.826703744541933627e-01
4.827114077538410819e-01
4.823917164856160178e-01
4.826748642695921632e-01
4.827231743766055572e-01
4.824179419050182438e-01
4.823933146494077673e-01
4.825006308581121228e-01
4.823320782386522065e-01
4.823788921683844211e-01
4.824817856405826944e-01
4.823403469461047255e-01
4.821271043867268458e-01
4.822046225944502940e-01
4.821186007079389380e-01
4.820356209110356893e-01
4.821485848169987931e-01
4.819058968018901101e-01
4.820724072079750067e-01
4.818357712527917003e-01
4.818308627658713927e-01
4.819354857554844496e-01
4.817614525334663056e-01
4.818593419705108349e-01
4.817192709831216724e-01
4.816652757709840582e-01
4.818284627957860056e-01
4.817643623744189973e-01
4.815736546293745146e-01
4.814699677344090323e-01
4.816428776345628715e-01
4.815619517284442375e-01
4.815798814122316807e-01
4.814657518017697591e-01
4.814336608070870493e-01
4.814048581837711560e-01
4.816041645705329000e-01
4.815308564308994899e-01
4.812883520905935075e-01
4.812517217262191616e-01
4.812749929472021626e-01
4.814854460314730300e-01
4.811785166638313238e-01
4.812056243469564620e-01
4.813934984733481137e-01
4.811087966901821389e-01
4.811109171019487540e-01
4.811611721619473703e-01
4.811371976759222790e-01
4.808449123066424469e-01
4.812488606680845327e-01
4.811354130811276164e-01
4.810437552389139615e-01
4.808158211816981331e-01
4.809452896624337725e-01
4.808694451137382475e-01
4.809746517395949716e-01
4.806804757706478193e-01
4.805238704422139517e-01
4.809833708737387137e-01
4.808715885821837621e-01
4.804507263987472521e-01
4.806658401494286470e-01
4.806738426824962995e-01
4.805909725667994459e-01
4.806037466249784007e-01
4.805445867238821722e-01
4.805475226161333158e-01
4.805419054072933016e-01
4.804600340771076894e-01
4.804335613384236869e-01
4.804693757200295678e-01
4.802652983873181292e-01
4.802809938344834717e-01
4.803672927675946558e-01
4.803497046738964826e-01
4.803385700653184376e-01
4.801219311654003619e-01
4.804007579384979576e-01
4.801499300851146401e-01
4.799822234535389143e-01
4.802217087192202638e-01
4.802104176453615980e-01
4.801351894796295761e-01
4.799642301182658888e-01
4.800471508896413941e-01
4.798520680172295161e-01
4.800355402163121177e-01
4.798336806561884771e-01
4.797735610568602538e-01
4.796652877015277761e-01
4.798942257057480787e-01
4.797491649215144816e-01
4.796654286045062832e-01
4.796940395498565657e-01
4.796174731238339040e-01
4.793962943198850635e-01
4.798470989154666189e-01
4.796058929508734692e-01
4.793937980092056184e-01
4.795595034141609259e-01
4.794675893688264967e-01
4.795081857106616163e-01
4.794418443269898300e-01
4.794023358255234957e-01
4.791725950512226717e-01
4.793569746893857619e-01
4.793440481330348280e-01
4.791859846155586133e-01
4.793209517312858048e-01
4.792340737612367785e-01
4.791516824703676569e-01
4.791299238143458816e-01
4.790835686085201939e-01
4.791604162141030465e-01
4.789832066550935852e-01
4.790841931277922683e-01
4.790278004151594105e-01
4.788707285245907830e-01
4.789745271021467743e-01
4.788953738948226735e-01
4.785663357776423488e-01
4.789903259170675831e-01
4.787644301028353699e-01
4.789479188198216275e-01
4.787774044558668618e-01
4.788697068439743965e-01
4.786593212821210752e-01
4.788363380202684261e-01
4.787447408786819625e-01
4.787228515804995976e-01
4.785730372560803025e-01
4.784847979181838795e-01
4.785183315746202592e-01
4.784720946527212249e-01
4.784140371119633972e-01
4.784042202728975846e-01
4.785013003596325087e-01
4.782847330722628243e-01
4.783183062860421608e-01
4.785622820418425349e-01
4.782508870467486184e-01
4.782245159250875233e-01
4.782665512921582263e-01
4.782749130494661771e-01
4.784634014215637943e-01
4.782297726421115835e-01
4.781992473133487298e-01
4.784105607946473326e-01
4.780126870272218276e-01
4.783071553649012597e-01
4.781300999553163567e-01
4.782362182794074879e-01
4.780972673321856603e-01
4.780148863749595356e-01
4.780321407446477822e-01
4.779975784191972110e-01
4.779755956509150749e-01
4.781499618029056431e-01
4.778086048983619105e-01
4.779438007879150963e-01
4.779665482918760144e-01
4.778885966556889464e-01
4.778339951845118061e-01
4.778945237816576985e-01
4.779349447920829275e-01
4.778089147187982721e-01
4.778203649395018071e-01
4.777289281959524181e-01
4.778544701710320530e-01
4.776469384734026158e-01
4.776759827155878657e-01
4.777152523358259018e-01
4.776794147094257093e-01
4.775599783168289481e-01
4.774195997633185473e-01
4.776134173524002047e-01
4.775023180176519166e-01
4.775670541650728906e-01
4.774943661713282328e-01
4.772363435720386460e-01
4.774566321655310808e-01
4.774148297619387749e-01
4.774809345228026580e-01
4.772827560111473910e-01
4.772978901590556045e-01
4.774731868545578628e-01
4.770774736681262507e-01
4.773367399250254550e-01
4.771199349286613933e-01
4.771732506335181756e-01
4.773662840316657552e-01
4.772161160865628360e-01
4.774151423625694335e-01
4.771583420002285525e-01
4.770415484420234553e-01
4.771601467680949837e-01
4.769714131794697276e-01
4.769699955809698633e-01
4.769491091256548576e-01
4.770052105848994195e-01
4.769345045993091947e-01
4.769968399061408904e-01
4.768940269122516340e-01
4.770360980449155353e-01
4.768986969222676620e-01
4.767872295581210285e-01
4.768420463174395940e-01
4.766616706744266629e-01
4.767813003489889678e-01
4.768255348691074480e-01
4.767355104276490008e-01
4.767841022791298733e-01
4.765026176109450340e-01
4.766474316199088013e-01
4.767367769663277688e-01
4.766816027067011796e-01
4.765441977416096653e-01
4.766238928123774365e-01
4.766385577613265201e-01
4.765250461627568157e-01
4.765329100648091898e-01
4.763610009743253770e-01
4.763376083782445147e-01
4.763451362047020354e-01
4.764023103562655681e-01
4.763820105007799399e-01
4.763875300453901396e-01
4.762953665789574909e-01
4.764544257643658631e-01
4.763515572315041857e-01
4.762034603493461304e-01
4.761879494155421555e-01
4.762047797148806771e-01
4.761454538187842034e-01
4.760906207587587979e-01
4.760354651725930419e-01
4.761015268852479831e-01
4.762065091895548163e-01
4.761025727507461891e-01
4.760527717999440966e-01
4.760922728302252049e-01
4.759396659553119524e-01
4.761123055762144785e-01
4.758524220553783657e-01
4.760182113493662270e-01
4.759044572693993391e-01
4.759227755637363000e-01
4.759321329333910389e-01
4.758017242640987798e-01
4.757414658602754365e-01
4.758248937093743636e-01
4.758717166316727698e-01
4.756636090313075549e-01
4.756625435669074586e-01
4.756143145066979439e-01
4.757786754693987263e-01
4.757837625580194629e-01
4.756682430008600249e-01
4.759159703675561182e-01
4.757063383716946259e-01
4.755805175828278775e-01
4.755420795454363136e-01
4.758196276369060507e-01
4.756035068858443515e-01
4.754363757102056387e-01
4.754889117413214628e-01
4.757774576982398140e-01
4.755487130711988919e-01
4.754760411101250916e-01
4.756616263719954385e-01
4.752201877361770799e-01
4.753568790014168766e-01
4.752682579208774016e-01
4.754942649746662919e-01
4.753486152843749424e-01
4.753120873397225776e-01
4.752629892340441420e-01
4.754573030016176483e-01
4.753967139800422959e-01
4.752960689717346532e-01
4.752112917971100248e-01
4.752402798363657976e-01
4.750882994387111702e-01
4.753431303442261502e-01
4.752189143988496678e-01
4.750721047095569083e-01
4.751658763151055953e-01
4.750928932176772812e-01
4.753096600830552521e-01
4.752363080460218492e-01
4.751466849433738648e-01
4.750939886094988629e-01
4.748919839939707011e-01
4.751446444367875555e-01
4.750771798208541785e-01
4.748937712809396250e-01
4.750072962776651919e-01
4.751220494055425347e-01
4.747402643969104719e-01
4.748704109899175574e-01
4.747367351082563136e-01
4.748753135242671508e-01
4.748896550726180443e-01
4.749348700790044231e-01
4.747104247691353862e-01
4.747248994617153106e-01
4.746378447692345404e-01
4.747740156784299170e-01
4.747396935737309143e-01
4.745049008370317289e-01
4.748882221688945915e-01
4.747159584218355044e-01
4.746400729532628815e-01
4.747198713890762867e-01
4.748344683734109228e-01
4.745512506008116027e-01
4.746837742164453089e-01
4.746558682072599122e-01
4.744262097293570624e-01
4.743367709592477000e-01
4.746044894403527170e-01
4.740827840862807396e-01
4.743294390442668873e-01
4.741106909597649910e-01
4.741009228836672307e-01
4.740647615648830304e-01
4.739227966373049661e-01
4.740204670124337771e-01
4.740250494930781655e-01
4.740975047107084950e-01
4.740466992989063599e-01
4.738392003111973616e-01
4.739084201415821873e-01
4.738673583201447048e-01
4.736906513335172875e-01
4.738487953412308662e-01
4.737895112237360817e-01
4.736166006404090023e-01
4.736551971797758331e-01
4.738180800139852322e-01
4.738960163102386436e-01
4.737140530849896503e-01
4.736700799953493246e-01
4.736967054386227449e-01
4.736492488391230160e-01
4.738449250440323612e-01
4.738474749683689313e-01
4.733625339779717334e-01
4.734952397581837502e-01
4.734518062493304202e-01
4.735108006828319671e-01
4.734896053533967919e-01
4.733717976555459894e-01
4.737180179761961707e-01
4.733145416907669767e-01
4.733163226790567113e-01
4.732257170878115815e-01
4.734291939116380132e-01
4.732889738617631625e-01
4.733886606462447411e-01
4.732452070805656663e-01
4.732508269761896980e-01
4.731222469769398864e-01
4.731417805164859769e-01
4.731109593926504098e-01
4.733626094095360615e-01
4.732405460385737395e-01
4.730189805739149489e-01
4.730601539826600477e-01
4.729673545794710332e-01
4.732069615037071131e-01
4.729364356598680375e-01
4.729592007669060627e-01
4.729548705875789572e-01
4.729742637123914850e-01
4.728106261030047830e-01
4.730381366663918286e-01
4.729074899805028598e-01
4.729529281307069954e-01
4.728707262530907340e-01
4.730445938728622401e-01
4.729661795210240993e-01
4.727653125458700090e-01
4.729304639818314726e-01
4.729404774576587145e-01
4.727547516496810598e-01
4.727881242959945385e-01
4.727473244866637336e-01
4.727189244111456023e-01
4.726588426211140725e-01
4.727031792125035436e-01
4.726147865288126138e-01
4.727044072301136435e-01
4.726874386124411687e-01
4.726117096815548035e-01
4.725884732844315983e-01
4.724932861774224779e-01
4.725362000779823046e-01
4.726014965205495577e-01
4.723601034426603840e-01
4.723820795054781141e-01
4.724188520002957081e-01
4.723836371203740114e-01
4.724872645633835799e-01
4.722419136702043496e-01
4.723269085506425213e-01
4.722563404061291270e-01
4.721906676154232763e-01
4.722034297233621003e-01
4.722036897617203355e-01
4.720789904438562612e-01
4.719981219733196398e-01
4.721919161954697963e-01
4.719779240348222493e-01
4.721221560711504339e-01
4.721880501679431852e-01
4.723235741936330778e-01
4.719682532411206832e-01
4.718598553012181562e-01
4.719675998855745180e-01
4.721855651382931840e-01
4.717989282564976072e-01
4.718569802792345058e-01
4.718154175098911440e-01
4.716970699498593267e-01
4.719275213396020852e-01
4.718242112655131604e-01
4.717333101187645705e-01
4.718398836802368823e-01
4.716215654098896981e-01
4.717140834361932544e-01
4.718461643456877685e-01
4.717111214456629065e-01
4.717772309158480559e-01
4.714754876025558095e-01
4.715130261102963849e-01
4.715810892189837844e-01
4.714596817457616940e-01
4.715533762769605342e-01
4.716255892307668618e-01
4.714572849280957989e-01
4.713798655920098390e-01
4.714223841395511205e-01
4.715170354002027331e-01
4.712616476434392521e-01
4.712988923867499902e-01
4.714769197251691968e-01
4.714165336045342269e-01
4.713211899490027945e-01
4.712442499846021260e-01
4.713232322315698553e-01
4.713054756900108000e-01
4.712089565297958305e-01
4.712326141151386150e-01
4.712685972471452600e-01
4.711880966927755598e-01
4.710734272456973404e-01
4.710832654861614732e-01
4.712382941326829777e-01
4.709303303572499044e-01
4.710872477021916804e-01
4.711861432947133665e-01
4.711535174882755528e-01
4.708655188085511534e-01
4.709846242350567702e-01
4.708935993918558771e-01
4.708681699245876318e-01
4.709723911315288336e-01
4.707685081345192590e-01
4.710151479871484415e-01
4.707938797564843458e-01
4.708591346148421342e-01
4.707330980901351380e-01
4.707486248714796706e-01
4.708980795715778656e-01
4.707745968410250170e-01
4.707142279294677656e-01
4.705950206296158900e-01
4.708130673278019818e-01
4.707059657684916076e-01
4.704974677709321540e-01
4.707292292343563389e-01
4.706789974798509246e-01
4.706045970531376743e-01
4.704886075301302761e-01
4.703744313694448453e-01
4.705771470322898664e-01
4.703419586443325362e-01
4.703435317429096596e-01
4.704967112504598870e-01
4.702313900198113461e-01
4.704704160554265546e-01
4.702863430335122441e-01
4.702642337742062306e-01
4.700881362997426094e-01
4.701635904898759932e-01
4.702393745574447448e-01
4.698983820030623870e-01
4.701447877100701223e-01
4.701079237051856707e-01
4.698771395526469274e-01
4.697777750183959600e-01
4.700927449521064561e-01
4.699473326118486782e-01
4.698819940274514551e-01
4.699480104923820512e-01
4.697981208085286742e-01
4.697749675314823459e-01
4.697363847254679148e-01
4.698608547667403879e-01
4.697406485990687774e-01
4.696793012129978351e-01
4.697209682310998224e-01
4.694830851260557991e-01
4.693899003257298030e-01
4.697075664634273728e-01
4.697649972028754006e-01
4.694188939704053709e-01
4.695228633833403165e-01
4.695233687751731999e-01
4.693296215851306408e-01
4.694306374122791947e-01
4.693459459056052996e-01
4.693355910333945058e-01
4.692605003548377396e-01
4.695102011706076550e-01
4.694362424748205753e-01
4.691415936370810225e-01
4.691202417165623029e-01
4.691844810908569752e-01
4.694034185764048295e-01
4.689920842899655828e-01
4.690571790137196828e-01
4.692088085274053189e-01
4.689748508180658360e-01
4.690371476191875222e-01
4.691145872187112431e-01
4.689378578629650463e-01
4.689563623328042996e-01
4.688717685667139201e-01
4.689396994370989002e-01
4.689426152573523132e-01
4.690339985652258181e-01
4.686698878909971722e-01
4.689392021358788631e-01
4.688788860469280118e-01
4.687767764676400994e-01
4.684577415335735573e-01
4.687760764216883924e-01
4.685795491780856969e-01
4.687494027095951421e-01
4.689248822237706560e-01
4.687741856202402579e-01
4.686406209891336161e-01
4.685827321607478613e-01
4.685181254187900102e-01
4.686085157653416267e-01
4.686318718607618283e-01
4.684584500330952195e-01
4.685929202851906172e-01
4.685721824614123565e-01
4.683257162794839945e-01
4.684967486955192162e-01
4.683302444817608046e-01
4.683953983461918713e-01
4.681883967719188688e-01
4.682084344299574652e-01
4.682889308875661794e-01
4.683823199833350714e-01
4.683000509023447222e-01
4.683233807824351280e-01
4.682119940564199445e-01
4.679976597488781920e-01
4.681222273244972087e-01
4.681375724079490097e-01
4.680678227691243420e-01
4.681307239517078500e-01
4.679740874264051720e-01
4.680367436562968830e-01
4.678659050273978326e-01
4.680950826663836106e-01
4.678554118229889536e-01
4.679671472430579904e-01
4.676956322863181081e-01
4.678067682102449165e-01
4.679610230390885417e-01
4.678934279330268509e-01
4.677839903518807296e-01
4.677395368508650009e-01
4.678019169337452321e-01
4.676935589227798062e-01
4.676557558830429229e-01
4.678573563517376965e-01
4.676606203148999108e-01
4.675961674662862944e-01
4.675033115003288109e-01
4.677014047554710063e-01
4.675627754106622125e-01
4.676294746129144309e-01
4.675309993903372097e-01
4.675078084853041549e-01
4.676037703356492603e-01
4.673416392622468662e-01
4.674518499295774454e-01
4.674710035031846012e-01
4.674040092920550560e-01
4.674327222503795176e-01
4.675354084073156113e-01
4.671547202714059210e-01
4.673899537705509810e-01
4.671918893605179757e-01
4.674921589212970297e-01
4.674227782251675900e-01
4.671850076745010516e-01
4.671668350294775895e-01
4.672208049020383225e-01
4.671893504234664873e-01
4.672944647173882804e-01
4.670216922740427212e-01
4.670439141937864913e-01
4.670696837338046969e-01
4.670871625541757610e-01
4.670800087409991974e-01
4.668381914195416926e-01
4.669531476331950093e-01
4.668990845450078919e-01
4.669624004453414856e-01
4.665397366414757996e-01
4.669344423648049136e-01
4.668237926588103548e-01
4.667838548450998215e-01
4.667780810221621723e-01
