3.149321892329009529e+02
5.987892627092502806e+01
4.151901994884958214e+01
3.340651773591050500e+01
2.865376657394499205e+01
2.559989433387500313e+01
2.344683596624182442e+01
2.175869264319715413e+01
2.027647164797829049e+01
1.890735252338582839e+01
1.754161716854825315e+01
1.611781351126402484e+01
1.448439111632017351e+01
1.237144633365711854e+01
1.035432664771869504e+01
8.392879426602208426e+00
6.476450215701543556e+00
4.840089694651872776e+00
3.785443038107785707e+00
3.215669385225293997e+00
2.893089528594671833e+00
2.682552659258160777e+00
2.532214569471893384e+00
2.416436156218086939e+00
2.320677316520951106e+00
2.239217811875960251e+00
2.168522018710471233e+00
2.106677826934689524e+00
2.051403278124482199e+00
2.001674480070523732e+00
1.955673923268311354e+00
1.912605488180862290e+00
1.873131231441427680e+00
1.836803050853917041e+00
1.802722199680081738e+00
1.770459098965126321e+00
1.738493036593728780e+00
1.692776659569917186e+00
1.632198300474691166e+00
1.585081272181746881e+00
1.548974876370638354e+00
1.519883729244857706e+00
1.494893012201200966e+00
1.472138294465413999e+00
1.449353473015555949e+00
1.427313599378199349e+00
1.408349581368821157e+00
1.391611100831430248e+00
1.375987472767753017e+00
1.361548164764512014e+00
1.347719989606650293e+00
1.333872867972619281e+00
1.320335553616977187e+00
1.307889176372095008e+00
1.295997654945283406e+00
1.283788805912523756e+00
1.271269821690667268e+00
1.259013856441190571e+00
1.246218978903653296e+00
1.233057308351811487e+00
1.219707447576373394e+00
1.205789053822801549e+00
1.192943634743476755e+00
1.181458913804440680e+00
1.170784952855633554e+00
1.159950926579725650e+00
1.150203377316655784e+00
1.140419792042669522e+00
1.130583324343150231e+00
1.121441965859356182e+00
1.112140150822254592e+00
1.103104222583566330e+00
1.094178958161150073e+00
1.085520458978757707e+00
1.076776179691008917e+00
1.067922820524028316e+00
1.059160238080098404e+00
1.051042460715785110e+00
1.043281168538298553e+00
1.036007802437179270e+00
1.028797416271248100e+00
1.022288369345745407e+00
1.016147654951519597e+00
1.010479001836005697e+00
1.004967689441186307e+00
9.999396281116905705e-01
9.950211752911569674e-01
9.900913654875087566e-01
9.854935633085551983e-01
9.807949383989941206e-01
9.761774254062647316e-01
9.718034437387060853e-01
9.674717299169453000e-01
9.633507144564407154e-01
9.589985387423732854e-01
9.550803474036343443e-01
9.513346570022628290e-01
9.476923971337939401e-01
9.441338376560476364e-01
9.404391989178076949e-01
9.370568107665541158e-01
9.335071134563777129e-01
9.299613707258019835e-01
9.264642656254057362e-01
9.231575124751963957e-01
9.199656977632547639e-01
9.168145939476017858e-01
9.138740698261602624e-01
9.104295834497376783e-01
9.071532428154690519e-01
9.040623504943431366e-01
9.010248788581773915e-01
8.980012045043741509e-01
8.948164456215056406e-01
8.919871949303598280e-01
8.892431389136034037e-01
8.868833327622631657e-01
8.845505553581142211e-01
8.822831861209290416e-01
8.799886378889975047e-01
8.777325555666678492e-01
8.755728067292162242e-01
8.736438405496187443e-01
8.717084479702293942e-01
8.697752192756108558e-01
8.679187422507169680e-01
8.661121290383412274e-01
8.641335278638737627e-01
8.624664355669912075e-01
8.606263578440357387e-01
8.590051574542095780e-01
8.570321303171254401e-01
8.550303266169448912e-01
8.527557506477546623e-01
8.506871474493862273e-01
8.486253353577960512e-01
8.463070326081864048e-01
8.438732328680380590e-01
8.413172915553274178e-01
8.386594947840250169e-01
8.358524024715968670e-01
8.330329113079854020e-01
8.301061470386198460e-01
8.272073366806259598e-01
8.243035343327879128e-01
8.215436581479824696e-01
8.188203607778167248e-01
8.160208209780046573e-01
8.133387461183229084e-01
8.106920631552432255e-01
8.082144310964564093e-01
8.057418866295188442e-01
8.032607198923419345e-01
8.008581751950738514e-01
7.984909950020906422e-01
7.961155976654042954e-01
7.936913831918493978e-01
7.914869485238126279e-01
7.889915407495307065e-01
7.868374563533260257e-01
7.848549651041988318e-01
7.827244295975961386e-01
7.804527577788799020e-01
7.785474056967869316e-01
7.764214303128310624e-01
7.744524817616061929e-01
7.726947331714421052e-01
7.709140290056152311e-01
7.691150296277924348e-01
7.675162256321167442e-01
7.657459467324553293e-01
7.640967347710851953e-01
7.625712488751220652e-01
7.609233004199261741e-01
7.594382149789957737e-01
7.581632801193967097e-01
7.569146325771348716e-01
7.555427344660428091e-01
7.543248226675833834e-01
7.531585449944221411e-01
7.519627083462799844e-01
7.507317494661838175e-01
7.496238429961156191e-01
7.485178741292991544e-01
7.475664811592689363e-01
7.466077799380118618e-01
7.455759008278569633e-01
7.447587030083648862e-01
7.439357929481295040e-01
7.429862806847896683e-01
7.422661271686515905e-01
7.414140691837728392e-01
7.405303378785514923e-01
7.398253408124751962e-01
7.388201161436355191e-01
7.381358115139596832e-01
7.376737772363738399e-01
7.369681082434906827e-01
7.363589804216071899e-01
7.356062062803970791e-01
7.348467864976783170e-01
7.340958627542534254e-01
7.334204302697636679e-01
7.329863335758556309e-01
7.321506228390055604e-01
7.317374190522231148e-01
7.308980808884496527e-01
7.303941708489748441e-01
7.294447408316951931e-01
7.285424888086601269e-01
7.273834297016312789e-01
7.265175534366674626e-01
7.252967035644314331e-01
7.244269133787759607e-01
7.231988584314827939e-01
7.220169088304956295e-01
7.208535605596101403e-01
7.196543938470774116e-01
7.185083861285618267e-01
7.172793749488945991e-01
7.151777930155485130e-01
7.128160100781433250e-01
7.102222590022327919e-01
7.077687946564923394e-01
7.051882783060459126e-01
7.029539334158908526e-01
7.012637103176988518e-01
7.000452984948007940e-01
6.989872983632231529e-01
6.980813901461848658e-01
6.973678768005365791e-01
6.965507719906383066e-01
6.959256328326898222e-01
6.953750584824899272e-01
6.947112168286020406e-01
6.939633282590426111e-01
6.935883023173237127e-01
6.930731486330512503e-01
6.927254872156218823e-01
6.921651545092055713e-01
6.919212940570056425e-01
6.914812600168235290e-01
6.909638601480708742e-01
6.906479359654514871e-01
6.901746728789656116e-01
6.898508933300906421e-01
6.893396231416882847e-01
6.889280605692734705e-01
6.885141177665626833e-01
6.881667505703824572e-01
6.878282157205172220e-01
6.874471644189775743e-01
6.870817844295098453e-01
6.865914080520201246e-01
6.862066945414531105e-01
6.859412842171878077e-01
6.854705059930153999e-01
6.851148301937276530e-01
6.848051033909733354e-01
6.845018079817108969e-01
6.844306392043955078e-01
6.841731077655229809e-01
6.840703407808716996e-01
6.837483829088050191e-01
6.831429962118050758e-01
6.828071133033088991e-01
6.824391336273919473e-01
6.820580262585370646e-01
6.816490745537185925e-01
6.814526968878483748e-01
6.809438844496539245e-01
6.805838777750756741e-01
6.803629706025250412e-01
6.798627976815673213e-01
6.796578032551101600e-01
6.792217023005062693e-01
6.789849471744759946e-01
6.787527807580446826e-01
6.783292099860838142e-01
6.780162482219269648e-01
6.776966118200814515e-01
6.774061886227524809e-01
6.770196395175939186e-01
6.767490499176797014e-01
6.764127615876530664e-01
6.759801894189304550e-01
6.756404914613974855e-01
6.753589841200035027e-01
6.750228750449299708e-01
6.746949335187663044e-01
6.743787160857429575e-01
6.740736371948444772e-01
6.737387296997231489e-01
6.732630539662219915e-01
6.730359836018843245e-01
6.728132373283085554e-01
6.725186863462683240e-01
6.721232380032283737e-01
6.719533834489849200e-01
6.716072098042954464e-01
6.712909299942464436e-01
6.710647588753059223e-01
6.706063008369378409e-01
6.704908437802828969e-01
6.701054844170021285e-01
6.698397991416981112e-01
6.695572302824616129e-01
6.692627663569505891e-01
6.689988163295207402e-01
6.685958288037752162e-01
6.683165901902081707e-01
6.680319240344253506e-01
6.677172980508084832e-01
6.673758244153993324e-01
6.671351760473620551e-01
6.667105342579265903e-01
6.665131123776996125e-01
6.660978942136516201e-01
6.657257956703320767e-01
6.655539939314206732e-01
6.651846191743222558e-01
6.649817837119661457e-01
6.645297912631981108e-01
6.643488709107463475e-01
6.638418789752614790e-01
6.636802480617706168e-01
6.633751446467127666e-01
6.630093983335759722e-01
6.627077626665516252e-01
6.625989709540435202e-01
6.622508505996865802e-01
6.618762179824418945e-01
6.616826186220373662e-01
6.614903437180663648e-01
6.610695791667539067e-01
6.607866027723720004e-01
6.604946907157910330e-01
6.602681716880259843e-01
6.599309569792374264e-01
6.598002360559038770e-01
6.594808208376587988e-01
6.590989937950577637e-01
6.588385907583201861e-01
6.587047448656598858e-01
6.585438791293994898e-01
6.582500720682590289e-01
6.578591720670782239e-01
6.574919876371108085e-01
6.574357799161989480e-01
6.569997810953590589e-01
6.568296215580198272e-01
6.563829183064880946e-01
6.562798582673234904e-01
6.559188149848779181e-01
6.556698986861640988e-01
6.552724754089676029e-01
6.551492963948770676e-01
6.547703582033540526e-01
6.546404145063647873e-01
6.542765574651271399e-01
6.540506648704809134e-01
6.538128304578890715e-01
6.535860414217170566e-01
6.532526293402410866e-01
6.531760132593795731e-01
6.528310571340608659e-01
6.525968689367550590e-01
6.522383519458959666e-01
6.520716536654620477e-01
6.517722359215892824e-01
6.515566588920390645e-01
6.511848574765882747e-01
6.510439920677447700e-01
6.507597709562279453e-01
6.504593147652965035e-01
6.500063758624106125e-01
6.497793581244827310e-01
6.494386038273386452e-01
6.491034568705534857e-01
6.486839702552078535e-01
6.482703384246981670e-01
6.480509260301763330e-01
6.475795188606378039e-01
6.472831459833722212e-01
6.468676222493857653e-01
6.464309587441287031e-01
6.459240309292724191e-01
6.453712572621838062e-01
6.449222025475255249e-01
6.443929012030442660e-01
6.439876133283991555e-01
6.435334540725488051e-01
6.432473137047080014e-01
6.429237416445569009e-01
6.425189127004368173e-01
6.422341562406531645e-01
6.418085963306887631e-01
6.416793072313328183e-01
6.411174234395448090e-01
6.408083683886895976e-01
6.403872957236068642e-01
6.404510591528460584e-01
6.400501866722685396e-01
6.397698502718568436e-01
6.396980323343017805e-01
6.393062444352263229e-01
6.390606303235483177e-01
6.387550154342663822e-01
6.386072426320341666e-01
6.383559749689056151e-01
6.380774646841360642e-01
6.378417453712345031e-01
6.377311945892789602e-01
6.373627654660017905e-01
6.370604133957300519e-01
6.368217693838758020e-01
6.365557129016735649e-01
6.363094790868724093e-01
6.361948027683974605e-01
6.358663955887466912e-01
6.357336810067847344e-01
6.356295715284744352e-01
6.354798554925509269e-01
6.351969131960021331e-01
6.349211260841608473e-01
6.346491344117680677e-01
6.344017096535298217e-01
6.342062087887787580e-01
6.339230263508704999e-01
6.335794278187026896e-01
6.334246753272760877e-01
6.330031286988598849e-01
6.327956970099267719e-01
6.325173234909208242e-01
6.322257783026908884e-01
6.319829364694523610e-01
6.315049045108726000e-01
6.313815551871765352e-01
6.310213000236072345e-01
6.305044405536359697e-01
6.300368813372577703e-01
6.297478588259637355e-01
6.292187132147163409e-01
6.288758704281405265e-01
6.286910882950508261e-01
6.283816352407184391e-01
6.280188896276495125e-01
6.279518435972418766e-01
6.275541762536656076e-01
6.273152182950166855e-01
6.270979411959812788e-01
6.267029491273592434e-01
6.263512918934734941e-01
6.262800107482667800e-01
6.259643571064186229e-01
6.256587622220437517e-01
6.254887853642768780e-01
6.252627013376795828e-01
6.248278311103568905e-01
6.246567558244801033e-01
6.244108465145996600e-01
6.242380374940743604e-01
6.238640741587094807e-01
6.237840680658476300e-01
6.234812936825878671e-01
6.233115739079757578e-01
6.229280886748315149e-01
6.227438845587229821e-01
6.225671604302699391e-01
6.222163276652302732e-01
6.220389791057032713e-01
6.217436261260252950e-01
6.212301335512385725e-01
6.208765923873807990e-01
6.204230069801769387e-01
6.200254349241122176e-01
6.197092068014707911e-01
6.192832261136671512e-01
6.191109028150399984e-01
6.185393453114392814e-01
6.184122152853605003e-01
6.178785981425518603e-01
6.175805361676350858e-01
6.173143661498520229e-01
6.168863764273887496e-01
6.165901019620930734e-01
6.163846624089310833e-01
6.159270878506766245e-01
6.155371121785202515e-01
6.153403556942749209e-01
6.150630376954345779e-01
6.148116423556276855e-01
6.146039376731688986e-01
6.142730401578885280e-01
6.140377335234874501e-01
6.137323803149090651e-01
6.134050110393891586e-01
6.131453483708111385e-01
6.128701088661826502e-01
6.126082241983588084e-01
6.122959048890485034e-01
6.121086587941462209e-01
6.118341095373945882e-01
6.115114984624175909e-01
6.112770418247966964e-01
6.110116399174084778e-01
6.107670530222510941e-01
6.104665848513523008e-01
6.102191623458462777e-01
6.101084366351722243e-01
6.098465043375758121e-01
6.094460626333245701e-01
6.091433152130771855e-01
6.090511893291349343e-01
6.087443699915350281e-01
6.084244243042032929e-01
6.081233196186389689e-01
6.078051742471525243e-01
6.076780205262323209e-01
6.073251899244287433e-01
6.071082769763539444e-01
6.070506978946572652e-01
6.066721705386325381e-01
6.062647199913683282e-01
6.061169531172415637e-01
6.059659088367815860e-01
6.054602605630103884e-01
6.053027246448353660e-01
6.049079696177310783e-01
6.047045597969096242e-01
6.044347353899196529e-01
6.040761095545487125e-01
6.040534410407201182e-01
6.036566062635279062e-01
6.036039000918020925e-01
6.029833579349478390e-01
6.030657115816299152e-01
6.029516260293060759e-01
6.027052002659728513e-01
6.023490728401923455e-01
6.021672792686657560e-01
6.019084766487153848e-01
6.016428242252785941e-01
6.015080556847177684e-01
6.009976728877054475e-01
6.008689198100678475e-01
6.006223322230798134e-01
6.003433019293249462e-01
6.001497247017353320e-01
5.999076809995627091e-01
5.997251861177675947e-01
5.993249314359977431e-01
5.992406754482580977e-01
5.988593194021959443e-01
5.987703654694788158e-01
5.983579213821619280e-01
5.981719189231083922e-01
5.978597289635083634e-01
5.977222915428367367e-01
5.974984156856004702e-01
5.971900906787549479e-01
5.969840239332847576e-01
5.968818179158171811e-01
5.966741007487762483e-01
5.965043966804497444e-01
5.960547624454746174e-01
5.959212654308568835e-01
5.955770109899939380e-01
5.956600372112390573e-01
5.955094426753362313e-01
5.951912638543982448e-01
5.950396353022466833e-01
5.948122903161968678e-01
5.945041528357012384e-01
5.943200600973751468e-01
5.942688241143172512e-01
5.939606982990633943e-01
5.937487769843782237e-01
5.936803543544688644e-01
5.937128910024410677e-01
5.932601535572598062e-01
5.930795093716267896e-01
5.928733085418192994e-01
5.926641567967366742e-01
5.924848318850478579e-01
5.925688473679718848e-01
5.923142751445652499e-01
5.920176424929807224e-01
5.919751905599128783e-01
5.917748218349117018e-01
5.914147992188519831e-01
5.913407496505144190e-01
5.911947780095608840e-01
5.909606850176983839e-01
5.908868165615226431e-01
5.908350635777920301e-01
5.905328410109205173e-01
5.909219882464823437e-01
5.906766583999227826e-01
5.906222639368446936e-01
5.906592546137416910e-01
5.904333004578464772e-01
5.902323948259821096e-01
5.900195898421843888e-01
5.901803036403033831e-01
5.900727539983102732e-01
5.899506992421134077e-01
5.894986022924468827e-01
5.897190327473506022e-01
5.894275453753913263e-01
5.889340962198454932e-01
5.891655911772228915e-01
5.890323340717182887e-01
5.886733764797663637e-01
5.885650845280385735e-01
5.883636866934875975e-01
5.882405722031985862e-01
5.881298798767312652e-01
5.878034622963081990e-01
5.875359731010320052e-01
5.876475019939916278e-01
5.877241090638058996e-01
5.875510388022803232e-01
5.874863571536564910e-01
5.869349991771313224e-01
5.869901497543347224e-01
5.869083884201815593e-01
5.868297110580588116e-01
5.866901234939192467e-01
5.865766484921925983e-01
5.863032089609482300e-01
5.862214978133826193e-01
5.861016663750032718e-01
5.856126924591061877e-01
5.856799668582302054e-01
5.855419318526912109e-01
5.852532169024325936e-01
5.852690970919074420e-01
5.848513241941768470e-01
5.849093430189579168e-01
5.848532268454581518e-01
5.847393657555771673e-01
5.846166544031284884e-01
5.843413334928871938e-01
5.842628589154084118e-01
5.841619176544013969e-01
5.839585643668552262e-01
5.838070418919268922e-01
5.835453626393286575e-01
5.832691173586947997e-01
5.832495572615207236e-01
5.831301283248149225e-01
5.827922313157217760e-01
5.828739546239196656e-01
5.827021934667452330e-01
5.825976927524386673e-01
5.824489338848591879e-01
5.821704476629842029e-01
5.820639236585470888e-01
5.820845059050362424e-01
5.818167619312558658e-01
5.817009011081170078e-01
5.814906868955573849e-01
5.810281152815962580e-01
5.810389895711079999e-01
5.808293210809877261e-01
5.808162203619221531e-01
5.805870092819227501e-01
5.805193195168267817e-01
5.802951536051071946e-01
5.800781751965407018e-01
5.798581784705931774e-01
5.798322115461589377e-01
5.796057946229415947e-01
5.793282652489187834e-01
5.791624370781723874e-01
5.792442680784385400e-01
5.791698596582722791e-01
5.790624236893139321e-01
5.787013677055140581e-01
5.787100757649747962e-01
5.783146975057438244e-01
5.784077901830576574e-01
5.781691152843410064e-01
5.779883994564798400e-01
5.777821644805323231e-01
5.778127060245619173e-01
5.776973850689675061e-01
5.774415903433106623e-01
5.774831111870469824e-01
5.772855278822170977e-01
5.770588693266366365e-01
5.771485588682371271e-01
5.767732977087013380e-01
5.768954344486142416e-01
5.764226254428698182e-01
5.764427648475949351e-01
5.762090743583985208e-01
5.761359405034075509e-01
5.759274014900502836e-01
5.757769884896376533e-01
5.757146832555111171e-01
5.756243319222207333e-01
5.753530417398599051e-01
5.751745109111555676e-01
5.752789885654846502e-01
5.751393293328551648e-01
5.748179939463856636e-01
5.747537669111809633e-01
5.745051304216431953e-01
5.743775257856874594e-01
5.741973152969609417e-01
5.740369573915998780e-01
5.739651489928415673e-01
5.738838183516955516e-01
5.736031543312015701e-01
5.735769082681972941e-01
5.732675199437465841e-01
5.731719387063877180e-01
5.732409931843744921e-01
5.729693728809861497e-01
5.727244560429841647e-01
5.726104510425554794e-01
5.725373841658673024e-01
5.723324829041287476e-01
5.721009311546919607e-01
5.721306345434478136e-01
5.716808995695985551e-01
5.717455182027526561e-01
5.716896545730070223e-01
5.713377517905326997e-01
5.713378494968851529e-01
5.710031538289781494e-01
5.708300058022391932e-01
5.707948099841435585e-01
5.705570458669900757e-01
5.705351171138305366e-01
5.701740770875753928e-01
5.700338544331789992e-01
5.698970251440605983e-01
5.697557806166910765e-01
5.693241663160890642e-01
5.694406083784219197e-01
5.691386932655178033e-01
5.688747412162498129e-01
5.687736257414871544e-01
5.687023941892395129e-01
5.683953294905019771e-01
5.681903020514608160e-01
5.680774731098309216e-01
5.679185074964071545e-01
5.678091951214212507e-01
5.675503494089044754e-01
5.674123194975903006e-01
5.672582776984599340e-01
5.671761553544211187e-01
5.670442850052124228e-01
5.668365614447911094e-01
5.668156756952509312e-01
5.665538483202977593e-01
5.665965232006517915e-01
5.661168431683033520e-01
5.661647778496673444e-01
5.659330249655015743e-01
5.661801717506010911e-01
5.659022552762055236e-01
5.655975665340183811e-01
5.655491469166621377e-01
5.655767076809076199e-01
5.652149856521944127e-01
5.651406836064140071e-01
5.649139978203753243e-01
5.648585700156029121e-01
5.647942606701849000e-01
5.645421109373774948e-01
5.643981025635815829e-01
5.644156568164380161e-01
5.642840053238716846e-01
5.640538435609436796e-01
5.640550790051436225e-01
5.638691345863057203e-01
5.638584776340359594e-01
5.638298496141299632e-01
5.635959066629033787e-01
5.634459237710038870e-01
5.633649713721032848e-01
5.633328470758812712e-01
5.634528326714138835e-01
5.630833986555393578e-01
5.631987359149808192e-01
5.628796561575315494e-01
5.628680742863517716e-01
5.626444649351591831e-01
5.627373603817341641e-01
5.625404826967460581e-01
5.624472876517977449e-01
5.624900136396192574e-01
5.620033660229832861e-01
5.620697704326894639e-01
5.619813757170663004e-01
5.619640105078554937e-01
5.618427045706716472e-01
5.617464508027399939e-01
5.616533042820451849e-01
5.613737649132951590e-01
5.615066063556440890e-01
5.612833404038631846e-01
5.612333467119867692e-01
5.610008626370125429e-01
5.610534989087119229e-01
5.609222548062164915e-01
5.606182237194335949e-01
5.604922190707609664e-01
5.606346749124179185e-01
5.604197297524070587e-01
5.602231681929977780e-01
5.603768933392866414e-01
5.605038148755835392e-01
5.600992723767912462e-01
5.601454593684770389e-01
5.599662151823623368e-01
5.599844786491813275e-01
5.599652911268961919e-01
5.599877018299491693e-01
5.596861749556129029e-01
5.595411143741861881e-01
5.595038847742885846e-01
5.593648468472022239e-01
5.591427003759706915e-01
5.590212319022841436e-01
5.589603554371308514e-01
5.588255528560662766e-01
5.584124226511332223e-01
5.583876421483410235e-01
5.582446183061401390e-01
5.579401730321875696e-01
5.582127500903379946e-01
5.576875710040296585e-01
5.575182605534588776e-01
5.575473250190287056e-01
5.572985125076265200e-01
5.572488910062656231e-01
5.569914088393917995e-01
5.569414227944463613e-01
5.568553029989854464e-01
5.568583222647677244e-01
5.567871569672484533e-01
5.563356779904036209e-01
5.564762099516403770e-01
5.562027378029642533e-01
5.561652963215809597e-01
5.559432896514565625e-01
5.558924176656914184e-01
5.558570075079974915e-01
5.556023086560332169e-01
5.554481203722514415e-01
5.552873767050292564e-01
5.550566573383840518e-01
5.550082397677325030e-01
5.549010765068075335e-01
5.547238571736770041e-01
5.545626257759141975e-01
5.544842035241771550e-01
5.544223900974577512e-01
5.542945230645592858e-01
5.542339709121429925e-01
5.539500890312568648e-01
5.541274771065838323e-01
5.536277801433143742e-01
5.536473289842224199e-01
5.534476039733349229e-01
5.534251265667401443e-01
5.531032843186957093e-01
5.531085265388379080e-01
5.530039491050889877e-01
5.529340563037018486e-01
5.527839878560731890e-01
5.527038264612598173e-01
5.525199871820233311e-01
5.525938949641179265e-01
5.522799943785235977e-01
5.521590780174063795e-01
5.520590569220897859e-01
5.519683658213950794e-01
5.517585840401529884e-01
5.515745192394374552e-01
5.515379329732496005e-01
5.514743153845235168e-01
5.511874208164343480e-01
5.510858652795426194e-01
5.510827321448652505e-01
5.507547070043885551e-01
5.507402925449721431e-01
5.507718236431166092e-01
5.506141088714094911e-01
5.503662472349071244e-01
5.502195057098673292e-01
5.499955828747765674e-01
5.500947222745549148e-01
5.497249765110803210e-01
5.496656843204164034e-01
5.496417894571493656e-01
5.493651181802806649e-01
5.492626313671128413e-01
5.494901022393270384e-01
5.492771217073942891e-01
5.491085122576059296e-01
5.490879624846339846e-01
5.489594334687143418e-01
5.488294985230370848e-01
5.484378725332189619e-01
5.484969135858527300e-01
5.482651038987658154e-01
5.482069607345448903e-01
5.483069653646402974e-01
5.480439730415176403e-01
5.479622202501089889e-01
5.479931097875549995e-01
5.478193631695241761e-01
5.476591820915378550e-01
5.477241711882795405e-01
5.474711604363015072e-01
5.474419942238718528e-01
5.474369065864246320e-01
5.471747541896391231e-01
5.470443320987624647e-01
5.469006950622399277e-01
5.468158317792845002e-01
5.466200594350042463e-01
5.465158476417816269e-01
5.464179518424728821e-01
5.464950324760666778e-01
5.460748616568128488e-01
5.462270952099245180e-01
5.461744451570483827e-01
5.459618153824600251e-01
5.459357186014269780e-01
5.456956620538709890e-01
5.456932102725824407e-01
5.456022941893597933e-01
5.455387364267701988e-01
5.452908957431911174e-01
5.452014162063473224e-01
5.451212177648890878e-01
5.449025203147904728e-01
5.449121826848690731e-01
5.447139735562569474e-01
5.445133514677563680e-01
5.446223249544730471e-01
5.443690976730742870e-01
5.444076646381729168e-01
5.442457852895913328e-01
5.439001420681195409e-01
5.441085049988839684e-01
5.438209158764354401e-01
5.435132443109729206e-01
5.433975780893894880e-01
5.432086993826488186e-01
5.428001532159523190e-01
5.426436239243324078e-01
5.424943553147036912e-01
5.424417396293517157e-01
5.420631540307453422e-01
5.421238630524537472e-01
5.418834658684743566e-01
5.416271327398559654e-01
5.416456098088875404e-01
5.416811749841520252e-01
5.415302178606814509e-01
5.413783898568819142e-01
5.411249197727995286e-01
5.412700423100894609e-01
5.410357004329316988e-01
5.410454147779149014e-01
5.408240159572715866e-01
5.408187392782392022e-01
5.406811329076152139e-01
5.405263038366432404e-01
5.405142727092460131e-01
5.405745062891638142e-01
5.403016657111978649e-01
5.401756756300305495e-01
5.403828547931480708e-01
5.400737513992791561e-01
5.399991126833346700e-01
5.398507477508204255e-01
5.398934949115835602e-01
5.397935832513072185e-01
5.398212788938845375e-01
5.396000982974538118e-01
5.395513471426439667e-01
5.395435203610330355e-01
5.395486094740922223e-01
5.394115639087414538e-01
5.393752099708203351e-01
5.392826544129237787e-01
5.389259790470335432e-01
5.389736724307282456e-01
5.388297841002105404e-01
5.386711592617066113e-01
5.386337893618312611e-01
5.385661737225697632e-01
5.386327553145269231e-01
5.384793687097549908e-01
5.383860925992309809e-01
5.383934448555094399e-01
5.383587162199355847e-01
5.382325730559124333e-01
5.380405193595224622e-01
5.379627636090181797e-01
5.378229901491287102e-01
5.379519615763137530e-01
5.377506146161991074e-01
5.376486928391119857e-01
5.375282309002775705e-01
5.374622156362892644e-01
5.374755642212504236e-01
5.374211228142667940e-01
5.373305922106428323e-01
5.372695206152893199e-01
5.371214830528898698e-01
5.370222282285948001e-01
5.369115602167024992e-01
5.370463070711940512e-01
5.369077823118845183e-01
5.365074191697959405e-01
5.368367646512791636e-01
5.365713524605438822e-01
5.365126680386174129e-01
5.364613351265391517e-01
5.361399734506060444e-01
5.362344315096548852e-01
5.360614978118690699e-01
5.361188603599612579e-01
5.358411014027452124e-01
5.358651988835642088e-01
5.357137595816193754e-01
5.355775398402973231e-01
5.354332552189734473e-01
5.354114136818063363e-01
5.353457641572059167e-01
5.353624236596338237e-01
5.350876451303866466e-01
5.352070995345047377e-01
5.350765356558249142e-01
5.347339426161198395e-01
5.348061934855175004e-01
5.348219664333803136e-01
5.347002619471169504e-01
5.347405024020224218e-01
5.343440692242844570e-01
5.345074375218197282e-01
5.343840366167915690e-01
5.343971512045638805e-01
5.340312938838193135e-01
5.340738069098465157e-01
5.340023196465634170e-01
5.340309271201358898e-01
5.339437134098711235e-01
5.342211143601031109e-01
5.339458382732993336e-01
5.340026995415892985e-01
5.342766750607593762e-01
5.338595397787462282e-01
5.337343722753172814e-01
5.333890588126656285e-01
5.333436855165666346e-01
5.331258663707908463e-01
5.330611166529041212e-01
5.333223076173382315e-01
5.329037331565179558e-01
5.326380285390522884e-01
5.324190240503928750e-01
5.322221774510019765e-01
5.321880566314541872e-01
5.327169097965847033e-01
5.321665990648293265e-01
5.319734881532679482e-01
5.318891727478374243e-01
5.319110972992452391e-01
5.319483823940022171e-01
5.314750464810441555e-01
5.313964665454761205e-01
5.311805787202494855e-01
5.313083556992653778e-01
5.311670131795892535e-01
5.310690080603962526e-01
5.309498895650067718e-01
5.309327310940584743e-01
5.307526545878916702e-01
5.305488416634037696e-01
5.306218474490835835e-01
5.306340496627833803e-01
5.303569376541564795e-01
5.305095488290044736e-01
5.304100770524822206e-01
5.300746001226969151e-01
5.303033607424189055e-01
5.300172279857103819e-01
5.302276531690965911e-01
5.299846760462384454e-01
5.299797441223794703e-01
5.298202176747017766e-01
5.299107991730098721e-01
5.296357951772510120e-01
5.297423444134413684e-01
5.296634560427918581e-01
5.295789084019718596e-01
5.292163451561840981e-01
5.293718874177156808e-01
5.293848548236282925e-01
5.290379538502315571e-01
5.293617582152640999e-01
5.293626760978473733e-01
5.289129928566090877e-01
5.289878536018229882e-01
5.291412449970834819e-01
5.293292620841197893e-01
5.286554262014556693e-01
5.288706648086868300e-01
5.289762432332686393e-01
5.292777681616139818e-01
5.289776274191403393e-01
5.286829804576899106e-01
5.280383547415181678e-01
5.281775514353684864e-01
5.281315944754813030e-01
5.284125257132792353e-01
5.281633874161599795e-01
5.279221188462756009e-01
5.282646199079744642e-01
5.279282365663189314e-01
5.276320589313127085e-01
5.276746878191377332e-01
5.275307121551934264e-01
5.274031041353848259e-01
5.273524371029678637e-01
5.270885178945677874e-01
5.271930436550830157e-01
5.270984802383299472e-01
5.268119451983285240e-01
5.269420441487053797e-01
5.268950321898787648e-01
5.267905104075306655e-01
5.266881492181417768e-01
5.266165935408594345e-01
5.265963695753820284e-01
5.263278234604112926e-01
5.262650413112411885e-01
5.263146786615068295e-01
5.262797014632086823e-01
5.261098104546114707e-01
5.261711789816487794e-01
5.259651418679237578e-01
5.258892611321521748e-01
5.259254318485190316e-01
5.258597568665936972e-01
5.254344426607022722e-01
5.254797606185824810e-01
5.252613945519651883e-01
5.252836961931887094e-01
5.253205071773950907e-01
5.249818666209945528e-01
5.251151751125836542e-01
5.250107884721315621e-01
5.249562971949440771e-01
5.246758075144076772e-01
5.245141086890574567e-01
5.246389013643265598e-01
5.244207288240628761e-01
5.243625126840080197e-01
5.245149736881974389e-01
5.241740852610693446e-01
5.240974871922783329e-01
5.240195263838507422e-01
5.238411828102730317e-01
5.237562949774983156e-01
5.237618287331642364e-01
5.238098414939785785e-01
5.235146794742435716e-01
5.235416569989983504e-01
5.233576020566452769e-01
5.234343093233945199e-01
5.232064922773849158e-01
5.231345090640534545e-01
5.231815699727959679e-01
5.228521882591986580e-01
5.228454205785800779e-01
5.226633953080694894e-01
5.226642143682179720e-01
5.226049240788315231e-01
5.223474861440789985e-01
5.221444039051599262e-01
5.221499078526601334e-01
5.217606048758710591e-01
5.219261557064750479e-01
5.218036760928045359e-01
5.216383001099911265e-01
5.215756861517486520e-01
5.211397982428499498e-01
5.212984343053356229e-01
5.211504679198769585e-01
5.210810195772682674e-01
5.207136043805203895e-01
5.207769840612985757e-01
5.206623019027574184e-01
5.206493443558550815e-01
5.204578239081983915e-01
5.201014550290303795e-01
5.199774972455516453e-01
5.199070993968255561e-01
5.196810504618820659e-01
5.197242341243818453e-01
5.196840962216199289e-01
5.196496477007547243e-01
5.197009681477475773e-01
5.192622446171036854e-01
5.193414069710345915e-01
5.190324904147377572e-01
5.187969699563637072e-01
5.184738683443264051e-01
5.186839854390051796e-01
5.185274379193997030e-01
5.183702525148686791e-01
5.182461546269331309e-01
5.179850909585606011e-01
5.180513154768796591e-01
5.177264646219272848e-01
5.177725188427579894e-01
5.177035036870100138e-01
5.174127978248456161e-01
5.173504569544209453e-01
5.171763609365435110e-01
5.174097589405914910e-01
5.170637600981583537e-01
5.169943625748799620e-01
5.165521956577846518e-01
5.170208329559987659e-01
5.166594996976934251e-01
5.167880864479839076e-01
5.163400908290916025e-01
5.163708324315562370e-01
5.159838404307007798e-01
5.162885287537916090e-01
5.161693562397436930e-01
5.157551208695586586e-01
5.162129487680503503e-01
5.160358656779066022e-01
5.157529811434918843e-01
5.155927132325098805e-01
5.157957237895417490e-01
5.155560586616857455e-01
5.154054207421940870e-01
5.151266122688648030e-01
5.153716564907204756e-01
5.151245966093477291e-01
5.149970248739575984e-01
5.148378420169564817e-01
5.149486254823099074e-01
5.148950382727428554e-01
5.152330607220418912e-01
5.149154694695415868e-01
5.142338067366175602e-01
5.139972024444893206e-01
5.143337587955211232e-01
5.146258525323544886e-01
5.144517996323779707e-01
5.147111117935618818e-01
5.141493221493610433e-01
5.136580945168599532e-01
5.134738937644736101e-01
5.130989265690341083e-01
5.131250813116167153e-01
5.127152305470620286e-01
5.127782893674581732e-01
5.130531484576545953e-01
5.124128692981648747e-01
5.124729305703106252e-01
5.119934499484227741e-01
5.122773679161838345e-01
5.120358438365760767e-01
5.116609756144482324e-01
5.121690431178388403e-01
5.115958530514993496e-01
5.112278664578208121e-01
5.114735863601090893e-01
5.111542621353714067e-01
5.108105119149598528e-01
5.106964189093267104e-01
5.106253404106496641e-01
5.099516940970678647e-01
5.100263009639361966e-01
5.100084226921264285e-01
5.097204097706332648e-01
5.099128407064305035e-01
5.090022673519658536e-01
5.093226349647508311e-01
5.088381114103227576e-01
5.087310002571100442e-01
5.088064667999349089e-01
5.082083659509225582e-01
5.081827329451762409e-01
5.081099149345410515e-01
5.079159483235944350e-01
5.078103300290827127e-01
5.078903102884049225e-01
5.077391314607959671e-01
5.074541956062926795e-01
5.076877560194438255e-01
5.072384006217659502e-01
5.070094528710588078e-01
5.069436378615664873e-01
5.070691844577769336e-01
5.065396720117079088e-01
5.067067746785157700e-01
5.063460978210250207e-01
5.063762970794717377e-01
5.063011875587623001e-01
5.066482550639496152e-01
5.056319895743760506e-01
5.056906111942834903e-01
5.054459621647480194e-01
5.057744622336203255e-01
5.051183501046655477e-01
5.056334125975378013e-01
5.049544964880023912e-01
5.050530192349433900e-01
5.046587862890338227e-01
5.050675453789570390e-01
5.044169285737912789e-01
5.041968252781076076e-01
5.043559970008250071e-01
5.040983240758425410e-01
5.044512628682161770e-01
5.038087134816632284e-01
5.043478447679868859e-01
5.036620780395931751e-01
5.042280423605298711e-01
5.035025962181668424e-01
5.037757494456163165e-01
5.033716662367436756e-01
5.039838106089444825e-01
5.031328385887764432e-01
5.034718592098988976e-01
5.031642483345667438e-01
5.034614000718145022e-01
5.029925658700838964e-01
5.035780829236274903e-01
5.026800548939194258e-01
5.030867519980093405e-01
5.025713765838920599e-01
5.030973970431337206e-01
5.025911499093900225e-01
5.032599037375097284e-01
5.025026854685010758e-01
5.025982243228582780e-01
5.020728058513462821e-01
5.028110271310867185e-01
5.020171995503016626e-01
5.024179208360274318e-01
5.022824263491875163e-01
5.021283238419501638e-01
5.018707060692703115e-01
5.022238180827556242e-01
5.015866374157852414e-01
5.014779787262353405e-01
5.016833114234666713e-01
5.018752137013865466e-01
5.012864294442441748e-01
5.013930583964061327e-01
5.015839200851128776e-01
5.011758579029240712e-01
5.011115622269475267e-01
5.012272362347310883e-01
5.009176236171877239e-01
5.007432390508551601e-01
5.011914510441594084e-01
5.009425298212878408e-01
5.007965249000271291e-01
5.007274726615723592e-01
5.006304796752619746e-01
5.006032527395357645e-01
5.004239818742359791e-01
5.004358827981812974e-01
5.001370787258097028e-01
5.001234609463409697e-01
5.001209394970861366e-01
4.998838683319160037e-01
4.999498327665690134e-01
4.999568277945924399e-01
4.997616926392509096e-01
4.993821590249437059e-01
4.997089590302744022e-01
4.997304656392245192e-01
4.993540688684407480e-01
4.994629838498712560e-01
4.993949445553794164e-01
4.995822657931729416e-01
4.991352879802858911e-01
4.994223690134036997e-01
4.989177689344367894e-01
4.992220615088489577e-01
4.989507804912630129e-01
4.992536411708234922e-01
4.989600879471468020e-01
4.993911620329192225e-01
4.988927669333760306e-01
4.991429461136906998e-01
4.997082295704255439e-01
4.982472871066216946e-01
4.985366882042628345e-01
4.991564504962367477e-01
4.983413159432916184e-01
4.986790028793453011e-01
4.989537883020352393e-01
4.983158647610974046e-01
4.979185720842600471e-01
4.989465313314227490e-01
4.980049379562237477e-01
4.984180529539773974e-01
4.977648731169577734e-01
4.980774958116780948e-01
4.976332712927099000e-01
4.985793970335042347e-01
4.977118766216841461e-01
4.978212499410212821e-01
4.981258624227483112e-01
4.975633255748022621e-01
4.974044239843529724e-01
4.976540591303157957e-01
4.980728685001029610e-01
4.969451543041532027e-01
4.974400964754681076e-01
4.976756059818749356e-01
4.970414440538852840e-01
4.969775547257024306e-01
4.976004588175328425e-01
4.970660014862795517e-01
4.970489134236397155e-01
4.968677800763256491e-01
4.970045412885399916e-01
4.971090856618278209e-01
4.967738892461301403e-01
4.968051210700449860e-01
4.969457550350682706e-01
4.969718364162118429e-01
4.966074061191534383e-01
4.964352005696977543e-01
4.966528027369856990e-01
4.964695872235682650e-01
4.961304699847970401e-01
4.960889024777212497e-01
4.959853493454640105e-01
4.961511603305524543e-01
4.961279621766673809e-01
4.959606838021468622e-01
4.960770997968361740e-01
4.957822022711901866e-01
4.957187055496870554e-01
4.957281516427092249e-01
4.955001366120337924e-01
4.957581612645305391e-01
4.954304968051437830e-01
4.956171409162443697e-01
4.956740650847593077e-01
4.953457013029882172e-01
4.953973331069736474e-01
4.952033164580989522e-01
4.949604245008746850e-01
4.946796905670631239e-01
4.956104172536106578e-01
4.950855052585346194e-01
4.949706044430519092e-01
4.949927627161336274e-01
4.948338580810871523e-01
4.948862485771026720e-01
4.949104585430961767e-01
4.945562299459014266e-01
4.948435105898325026e-01
4.948948469241907233e-01
4.941859966947017013e-01
4.944327085805601540e-01
4.943680414389777789e-01
4.939392489917491802e-01
4.941821824064312474e-01
4.941837520105698545e-01
4.936679149240196796e-01
4.941834564516183748e-01
4.943832850944918089e-01
4.938032319630547562e-01
4.932878821598982166e-01
4.937772860776359352e-01
4.934543017699532519e-01
4.936066570015693600e-01
4.931429400883118319e-01
4.936430913775344265e-01
4.927028940673145452e-01
4.933341664741773269e-01
4.932212136504190436e-01
4.928507815292584859e-01
4.927494931822493651e-01
4.928680924039845479e-01
4.925301253433063131e-01
4.929064648272063476e-01
4.928946626431240929e-01
4.928928726241533220e-01
4.920505668326649040e-01
4.928224045182372226e-01
4.925235526020629861e-01
4.921584664385632024e-01
4.924969313454452546e-01
4.918378718863933852e-01
4.922185101065175150e-01
4.924688752362295641e-01
4.921658641413728108e-01
4.917788830687579993e-01
4.918107600874417895e-01
4.919272556859007328e-01
4.924374202307347237e-01
4.920772729856709993e-01
4.914214104400084770e-01
4.918653703871385674e-01
4.920243788008918373e-01
4.920029888450569988e-01
4.913588460839371508e-01
4.918484361239902625e-01
4.916869662690632192e-01
4.913068328329883716e-01
4.915252093546397805e-01
4.913145103672840186e-01
4.915205527134243746e-01
4.915903388513754302e-01
4.911599200152714229e-01
4.910806739649187791e-01
4.911064235430959157e-01
4.914654917650393973e-01
4.911754230583517677e-01
4.909522452043218466e-01
4.910170215820884310e-01
4.911297999471285203e-01
4.906929327215922565e-01
4.907393347570594422e-01
4.907334355365267076e-01
4.910724171920180514e-01
4.906481052482965510e-01
4.903289623857524648e-01
4.907300594742418087e-01
4.910128504441879649e-01
4.902827285974792892e-01
4.903789527806170501e-01
4.904357763897350675e-01
4.905577365379401034e-01
4.902921893681252974e-01
4.901973435848583360e-01
4.904608881058885594e-01
4.901685112916682741e-01
4.899426708260692931e-01
4.902432079706231516e-01
4.902338632719611122e-01
4.898626686714995793e-01
4.899256022179245829e-01
4.900841279862542255e-01
4.902050565772400614e-01
4.896608834877129168e-01
4.895902281774835441e-01
4.898616534369865660e-01
4.901172555614273230e-01
4.895047243355281630e-01
4.896330529582474944e-01
4.897759147937223445e-01
4.897233607166875391e-01
4.896057753571856908e-01
4.897485699384096502e-01
4.897870732615183798e-01
4.897680302918054895e-01
4.893941164065394589e-01
4.896633014697476249e-01
4.892545097601512238e-01
4.890856641273440553e-01
4.894094683183043970e-01
4.889228641804936326e-01
4.891667195398369805e-01
4.892400859220518150e-01
4.893302777596513220e-01
4.887727307316525605e-01
4.889333242342761010e-01
4.896409366702065835e-01
4.882432032739754124e-01
4.892647281858624742e-01
4.890060815878625733e-01
4.885653464654812761e-01
4.888639510023096713e-01
4.888235804001450635e-01
4.885247456515566244e-01
4.885464641510591233e-01
4.892170087782288790e-01
4.879770594089449798e-01
4.886312663966599357e-01
4.884803774140014099e-01
4.879160529618594144e-01
4.886613683176930789e-01
4.879870404844517395e-01
4.882917135033827960e-01
4.882381249777592025e-01
4.880756521973687589e-01
4.882081540640432760e-01
4.880044032242191743e-01
4.882855832881337066e-01
4.875220001493176247e-01
4.885576305643896666e-01
4.878338569573317240e-01
4.878537503760538296e-01
4.881329547875161712e-01
4.874690679407225335e-01
4.878341503372902732e-01
4.875801032860256901e-01
4.878721449098362140e-01
4.873160545262762433e-01
4.881884291252254759e-01
4.873046235813121574e-01
4.870517715689529070e-01
4.879704171284682257e-01
4.873255563212391395e-01
4.871811551721610400e-01
4.879896029725137585e-01
4.873772196836967385e-01
4.872522614525112705e-01
4.871366707438670729e-01
4.875327959253741295e-01
4.873762781000934852e-01
4.870530539274960380e-01
4.871359000391231042e-01
4.872594456754923420e-01
4.872009405291925499e-01
4.863253445432337840e-01
4.870674074703634227e-01
4.873288666052643658e-01
4.865809777630327737e-01
4.867777031078246441e-01
4.868460740399900843e-01
4.868494231838706998e-01
4.870018343074086764e-01
4.863169994737276958e-01
4.865356824638447097e-01
4.865268152441212801e-01
4.862565998636198539e-01
4.862603693225395207e-01
4.863199994334512777e-01
4.861692025371650572e-01
4.861245937706041853e-01
4.859803253411041912e-01
4.862690432687771236e-01
4.867525946395372949e-01
4.855689562056105246e-01
4.859408687793849158e-01
4.863053461894790708e-01
4.857971982312922488e-01
4.860065219905702061e-01
4.857431768930309257e-01
4.857624741639370303e-01
4.863224993202161506e-01
4.859025711214604581e-01
4.855798354048796450e-01
4.859863266268158455e-01
4.858083835214341839e-01
4.852280436660758034e-01
4.857282735170043719e-01
4.859040358624645006e-01
4.853919769003036677e-01
4.855364814239817584e-01
4.855620863153107258e-01
4.857365505145205264e-01
4.855085814761908036e-01
4.852242355061053836e-01
4.852059175859131379e-01
4.854846220055599737e-01
4.853242428138611064e-01
4.855165885652443225e-01
4.853458643060655220e-01
4.852421083783343136e-01
4.852291709272075759e-01
4.849333431374686643e-01
4.853038587352658806e-01
4.852810951505187043e-01
4.850116775478887088e-01
4.845944727410089192e-01
4.849023661487782966e-01
4.850682523084443587e-01
4.847338275753206305e-01
4.847881253637434384e-01
4.847213967127430578e-01
4.842901351768924001e-01
4.852201497890420989e-01
4.845905026529177539e-01
4.844635062238665246e-01
4.846150539653342193e-01
4.843354251703913538e-01
4.847037621519634798e-01
4.845751929451347917e-01
4.845839856938793377e-01
4.841274441826433628e-01
4.844434015268911931e-01
4.844345992586110428e-01
4.839591329267171615e-01
4.840948416048291847e-01
4.837407982422972097e-01
4.845946615563040960e-01
4.840734013161094862e-01
4.841005229242879015e-01
4.839884215084315766e-01
4.840471522557516781e-01
4.841686910712808545e-01
4.837683449103873934e-01
4.839128962726322869e-01
4.837943300030991822e-01
4.838297324913096720e-01
4.841200657383282202e-01
4.839080675592929981e-01
4.835735909449174752e-01
4.839313574793213113e-01
4.836076702653898107e-01
4.837271898927020808e-01
4.838127955368962119e-01
4.837117651475553726e-01
4.835909519544780433e-01
4.834044027054151260e-01
4.837924388928996344e-01
4.830756461556842130e-01
4.835044541850869737e-01
4.834249202095712294e-01
4.835268333778250938e-01
4.834098578250911604e-01
4.832668057764653025e-01
4.834488103120266334e-01
4.832967350309274046e-01
4.833018609113079456e-01
4.833144084485631597e-01
4.828043703470579207e-01
4.830933859607410841e-01
4.830041736798411645e-01
4.830614169002827585e-01
4.825325464446894586e-01
4.825878289230731699e-01
4.829902897988764265e-01
4.829291161742903515e-01
4.828030398276901280e-01
4.826711699851267134e-01
4.831186367074618015e-01
4.826415150339500859e-01
4.827063652972985452e-01
4.832640186992473441e-01
4.825909935037750453e-01
4.824409902412217233e-01
4.824859097014517761e-01
4.823330667410414829e-01
4.825682703457678802e-01
4.822352902415969478e-01
4.829353705404333397e-01
4.822105525212986854e-01
4.829302337506474196e-01
4.821812172777895644e-01
4.824275376519386871e-01
4.823992414854805788e-01
4.824475859143765866e-01
4.822905554652557325e-01
4.822444845504019750e-01
4.823729324363977278e-01
4.819675443400591175e-01
4.820569704225798890e-01
4.820635976950007895e-01
4.821794566070856103e-01
4.820765744037009970e-01
4.819243165453466760e-01
4.818561201879539291e-01
4.819499467223436473e-01
4.818389984122022907e-01
4.822632908455392609e-01
4.816366426295149439e-01
4.821419367825480751e-01
4.816261206597285960e-01
4.816693186981058084e-01
4.815976423647044258e-01
4.823265587832926138e-01
4.818953559019037436e-01
4.814922728235022653e-01
4.813690106882702047e-01
4.822446316796707433e-01
4.816118071077734597e-01
4.820809875793752863e-01
4.814014488203672282e-01
4.813958352897946824e-01
4.813992110398817581e-01
4.818734346205488239e-01
4.813951037500008301e-01
4.815731086263619898e-01
4.817468002319811871e-01
4.816016575204868921e-01
4.810787835661987644e-01
4.815745895339422766e-01
4.811861051482413387e-01
4.816854104403615611e-01
4.809491551230368755e-01
4.816050554887159052e-01
4.807716229950145248e-01
4.813345367411014930e-01
4.814861995117844518e-01
4.813034737690671250e-01
4.809007368753230316e-01
4.810878981486259587e-01
4.807834404578687493e-01
4.811387088251068977e-01
4.808076730242649699e-01
4.810191221494271585e-01
4.809111888889360809e-01
4.811771872887970480e-01
4.805044732634426441e-01
4.804463105068255135e-01
4.810708890962482331e-01
4.806197560481053621e-01
4.800452130913304138e-01
4.803915314983782658e-01
4.805548916610467569e-01
4.801988575243983370e-01
4.802820515877310736e-01
4.799886478559253766e-01
4.800437178786884918e-01
4.806610051828995034e-01
4.800505884744832863e-01
4.798436648165300134e-01
4.802500313358430417e-01
4.799054379406608173e-01
4.801085764223042562e-01
4.798789307708051788e-01
4.798712914204492086e-01
4.799787810244961483e-01
4.798042025690988921e-01
4.799389776477382963e-01
4.797813731772875845e-01
4.793763424767655823e-01
4.801170494085251206e-01
4.797001135887125067e-01
4.791154466041998017e-01
4.797503968032097443e-01
4.796107768602546617e-01
4.795282115474389095e-01
4.795281899174253515e-01
4.794911656567948377e-01
4.795867468342791540e-01
4.793635546373933298e-01
4.795601294513197055e-01
4.791435426501273742e-01
4.791554508232327425e-01
4.796360945042475454e-01
4.792056437864553042e-01
4.793187992375653739e-01
4.791902462307147670e-01
4.793464599033050444e-01
4.790645976045913024e-01
4.794714279119824396e-01
4.787822684107241877e-01
4.795865285724689175e-01
4.786691105384896505e-01
4.791715919495755371e-01
4.791276635811248519e-01
4.790328508564030141e-01
4.787601569351261355e-01
4.786810203725981872e-01
4.790448974040249497e-01
4.793321947890521462e-01
4.785780690774211199e-01
4.788403148761095629e-01
4.790212155083337642e-01
4.787720404575041555e-01
4.785223186772146753e-01
4.788387863111363552e-01
4.786514140054123900e-01
4.786218067113122143e-01
4.788804353309520923e-01
4.785235810532750267e-01
4.789082961780615211e-01
4.785735064957550855e-01
4.784919428951526776e-01
4.786383321761855658e-01
4.785531297502164105e-01
4.782928908051299888e-01
4.785014003752961487e-01
4.786827542126378954e-01
4.782955261501353750e-01
4.782794952879489969e-01
4.786088236861429368e-01
4.781378026905537815e-01
4.778013488618933491e-01
4.785326401162295906e-01
4.779028287903400174e-01
4.785829452132113193e-01
4.777493550356406993e-01
4.780375542123069810e-01
4.778168503310902815e-01
4.781038946178932658e-01
4.779433885182862718e-01
4.782038297764406587e-01
4.776987490175599871e-01
4.777404078159275258e-01
4.780869412148927022e-01
4.778705615923051209e-01
4.773590593005261895e-01
4.780522778824818353e-01
4.777137379601452682e-01
4.775585623782729883e-01
4.774384616613786547e-01
4.775835031059244007e-01
4.775226992534764570e-01
4.774020122357838236e-01
4.778570950170077380e-01
4.771039107554800318e-01
4.773575581577480520e-01
4.775824154938566601e-01
4.772196216289512072e-01
4.771844636882289215e-01
4.770672419909660622e-01
4.772514861165728650e-01
4.779220474092264470e-01
4.774017621039286507e-01
4.771933322732198612e-01
4.767892233528332468e-01
4.772078580319401020e-01
4.775482251185305116e-01
4.771818463698102586e-01
4.772060188401912040e-01
4.768073644047437498e-01
4.770751404905275161e-01
4.770461695501431731e-01
4.771357336218413625e-01
4.768826261697345359e-01
4.771815887661016720e-01
4.771854562399130972e-01
4.768480339767820486e-01
4.769525807657048477e-01
4.768467619937206137e-01
4.767185017056524976e-01
4.768692889439278271e-01
4.771145351188489925e-01
4.770136495737971605e-01
4.768501640520630414e-01
4.766386901842080692e-01
4.765555104410372778e-01
4.764977155447465140e-01
4.765383678487164487e-01
4.766933942230149879e-01
4.763740422154181253e-01
4.764598088151986155e-01
4.761907091871173670e-01
4.765288914647580754e-01
4.763762001842919425e-01
4.764869907393341486e-01
4.759285060195653227e-01
4.762533549666858601e-01
4.762197706019022925e-01
4.760097544677477921e-01
4.761508344086509692e-01
4.764004043901603480e-01
4.758435738810597448e-01
4.764338852577894579e-01
4.757954089984806068e-01
4.760556400309390868e-01
4.760876605179904519e-01
4.759927440812311006e-01
4.767311480346321240e-01
4.758847953111098317e-01
4.759490801005585303e-01
4.758483550000371376e-01
4.758549456611491646e-01
4.759182961358922603e-01
4.762778276871317829e-01
4.755623582836094876e-01
4.761703807334610183e-01
4.752607035846805328e-01
4.758875224212708033e-01
4.760477335857327130e-01
4.756287096694897798e-01
4.756482614765991102e-01
4.759738690714405696e-01
4.753074813653607733e-01
4.758894119828051550e-01
4.754068034753347050e-01
4.756340055009276035e-01
4.752509540076162442e-01
4.757194073964423620e-01
4.759596504480889112e-01
4.754890519574874186e-01
4.753359780956837866e-01
4.754051999054135780e-01
4.752353253613739170e-01
4.756936224460048823e-01
4.752230738875227734e-01
4.750056627211360905e-01
4.754386214734699911e-01
4.748230814412353062e-01
4.749216208079161117e-01
4.750406476351649032e-01
4.754296075601028293e-01
4.744525564209965407e-01
4.752123296699583554e-01
4.753075337665229605e-01
4.748947628068331261e-01
4.748402726523934803e-01
4.746420338596662458e-01
4.750891909398997637e-01
4.744837507832249113e-01
4.751659485288448614e-01
4.750847526522424258e-01
4.745789528139358615e-01
4.750825164559582814e-01
4.743937388683037715e-01
4.747693121328233623e-01
4.745628226273968520e-01
4.747915620526070857e-01
4.746249548035320065e-01
4.743228900922538127e-01
4.750413514091118006e-01
4.742715510242436205e-01
4.744286381725475454e-01
4.747130221012144102e-01
4.744777969932145734e-01
4.749017619955944736e-01
4.741964422458247452e-01
4.744847382208502995e-01
4.744244425188288150e-01
4.737788872781336091e-01
4.743066121706607241e-01
4.740834230580731057e-01
4.748608185790086367e-01
4.737415187715687814e-01
4.746589031057332764e-01
4.743393501753967456e-01
4.737975896296906519e-01
4.746313852070385142e-01
4.740912480291470943e-01
4.745252360888896348e-01
4.734907182150325244e-01
4.742675832861111829e-01
4.740017974428954450e-01
4.742098007725543130e-01
4.743397935706794022e-01
4.736047737914432787e-01
4.741995091257278916e-01
4.739475070872063434e-01
4.738780652488329692e-01
