3.204879002224767532e+02
6.395494558355704839e+01
5.088556409308363726e+01
4.280098715088681161e+01
3.773027137802050390e+01
3.350057047255983633e+01
2.863412818106396784e+01
2.246456051946756460e+01
1.525318131344633876e+01
8.664924458881737124e+00
5.020633619364773814e+00
3.762403280921848836e+00
3.332234932050579079e+00
3.102777310148923551e+00
2.945297806158693188e+00
2.826654218551034159e+00
2.729405634441459227e+00
2.645759656706744067e+00
2.572820641148240828e+00
2.507244807388770536e+00
2.447421725243348334e+00
2.391342838799944026e+00
2.338119796178769416e+00
2.289380106677345150e+00
2.244403370081920812e+00
2.201851974300005121e+00
2.162320092395820570e+00
2.125666731632619211e+00
2.091320489266635718e+00
2.059240227258106071e+00
2.029944551672286490e+00
2.002410087993578447e+00
1.975960319201387705e+00
1.951824066863430351e+00
1.929502419793213575e+00
1.907707985481790436e+00
1.886541321899818824e+00
1.866559174082903283e+00
1.847226057864631343e+00
1.828687704550145954e+00
1.811752286734366946e+00
1.796287402192840110e+00
1.781354692367165926e+00
1.767076184530357308e+00
1.754085076422599032e+00
1.741207748350856788e+00
1.729415584378567905e+00
1.717916952514104922e+00
1.707339084022240216e+00
1.696657915696004659e+00
1.686793265752513760e+00
1.677559299502820567e+00
1.668853218276466599e+00
1.659620747043112354e+00
1.651352929183154350e+00
1.643243474391190340e+00
1.635227057607184564e+00
1.627550173399045841e+00
1.620132174393332791e+00
1.612163874095815741e+00
1.604444263119316760e+00
1.596470873864056061e+00
1.588135689323774358e+00
1.580306259038914307e+00
1.573159038184281933e+00
1.566276305370017274e+00
1.560082773531950018e+00
1.553944782870215979e+00
1.547685173915818391e+00
1.541761225782805056e+00
1.536039960851858233e+00
1.530534661928144358e+00
1.525346177252290270e+00
1.520275570836738588e+00
1.515625014317571795e+00
1.510959999253521646e+00
1.506503671625835539e+00
1.501612843389515284e+00
1.497324410763851255e+00
1.493145269923884966e+00
1.488550010452378780e+00
1.484203471471491342e+00
1.479889544317759098e+00
1.475431069797492611e+00
1.470263764124306149e+00
1.465652105130981875e+00
1.461345289843776873e+00
1.457155067315028196e+00
1.453317335465345472e+00
1.449579847963659240e+00
1.445991073136649208e+00
1.442413742720939140e+00
1.439090921829788483e+00
1.435867549702754209e+00
1.433028474758480941e+00
1.430116414014305670e+00
1.427178771508219590e+00
1.424270442954352012e+00
1.421445623747287890e+00
1.418573955016228849e+00
1.416012417248937894e+00
1.413582915129724116e+00
1.411038775560471192e+00
1.408659994890031797e+00
1.406183654716592235e+00
1.404020473056937446e+00
1.401776357108651672e+00
1.399597069226047097e+00
1.397646281479081765e+00
1.395440677367417059e+00
1.393450084910765163e+00
1.391479229369799064e+00
1.389564353997222446e+00
1.387641179431403193e+00
1.385809639881231847e+00
1.383879871190073940e+00
1.382061410314151750e+00
1.380321312100524223e+00
1.378588554045327319e+00
1.376973840957242734e+00
1.375309425561928478e+00
1.373547107256822164e+00
1.372201745911197035e+00
1.370639402068161594e+00
1.368910458522151652e+00
1.367476229869912574e+00
1.366059955165893847e+00
1.364662586975339265e+00
1.363110018364520393e+00
1.361928708203772098e+00
1.360637560765936227e+00
1.359361928234348982e+00
1.358242735207356722e+00
1.357036622999039821e+00
1.356014686117498647e+00
1.354880597244025209e+00
1.353816835987752043e+00
1.352743980624053544e+00
1.351819620925087007e+00
1.350737716780785247e+00
1.349973293304818078e+00
1.349060702010727475e+00
1.348191233730863692e+00
1.347429922328902352e+00
1.346484576629161545e+00
1.345643793229116314e+00
1.344787059826273223e+00
1.344097991914033008e+00
1.343179564962660777e+00
1.342441861158681027e+00
1.341621530647616245e+00
1.341008883637768934e+00
1.340404465065654138e+00
1.339599892341164944e+00
1.338908865730351172e+00
1.338212153488973044e+00
1.337468294970259208e+00
1.336877492704847681e+00
1.336347700566510754e+00
1.335680179805557755e+00
1.335124356515345445e+00
1.334478281273920208e+00
1.333887661160887639e+00
1.333447859996408580e+00
1.332917324523626101e+00
1.332389285149004010e+00
1.331838049621254738e+00
1.331275369773023742e+00
1.330722127088842521e+00
1.330197178663496960e+00
1.329586460261603431e+00
1.329043330369884979e+00
1.328615067049381482e+00
1.328155457969211417e+00
1.327484469660091149e+00
1.326937021234041891e+00
1.326380736522579262e+00
1.325880888038806660e+00
1.325277651800571554e+00
1.324890033616049845e+00
1.324393488892076753e+00
1.323953828951950795e+00
1.323523761316396374e+00
1.323015713297155393e+00
1.322205030137475257e+00
1.321791209830496472e+00
1.321281032961862945e+00
1.320807778349423645e+00
1.320370814998634845e+00
1.319890339031244642e+00
1.319336287869105506e+00
1.318910719914400120e+00
1.318514939308957690e+00
1.318140369478543183e+00
1.317762480243220624e+00
1.317295648272382547e+00
1.316875832987590256e+00
1.316519405496086703e+00
1.316121467232954423e+00
1.315801102571931391e+00
1.315399689857670085e+00
1.314976619387598467e+00
1.314477662405190372e+00
1.314129239578430086e+00
1.313720064712270652e+00
1.313454582884307831e+00
1.313038985869987574e+00
1.312583262859277067e+00
1.312072898518046982e+00
1.311690560464060296e+00
1.311366119278829956e+00
1.310909430141965926e+00
1.310609743996752785e+00
1.310192657950325135e+00
1.309815125286819537e+00
1.309490532813962105e+00
1.309177001837317222e+00
1.308754642745492136e+00
1.308514007518020383e+00
1.308148325228329689e+00
1.307777180491164648e+00
1.307451359459228746e+00
1.307130793799694768e+00
1.306855155229565080e+00
1.306586956603376315e+00
1.306242062843561591e+00
1.305880251804628189e+00
1.305586322401676824e+00
1.305180619714009005e+00
1.304964683128349234e+00
1.304623926542265888e+00
1.304299712257086519e+00
1.303830150750301398e+00
1.303582037148728334e+00
1.303271159760021281e+00
1.302956614813051139e+00
1.302579138931290403e+00
1.302241316411742567e+00
1.301797999034358666e+00
1.301401921322535626e+00
1.300987818617304503e+00
1.300615942237165923e+00
1.300337679770724231e+00
1.300003624660074575e+00
1.299767023940075594e+00
1.299411415711334561e+00
1.298980912631767515e+00
1.298824939962286873e+00
1.298360864589204411e+00
1.298136448954709143e+00
1.297759719626508934e+00
1.297556874997466414e+00
1.297222224472222463e+00
1.296993800632767480e+00
1.296586761263760934e+00
1.296288530572979214e+00
1.295991031466000365e+00
1.295603005982788991e+00
1.295423405691371599e+00
1.295152965778853860e+00
1.294786777467640038e+00
1.294513385871242539e+00
1.294147695808219867e+00
1.293895286252325860e+00
1.293766620499867459e+00
1.293418194436481761e+00
1.293021798056694260e+00
1.292793292492477653e+00
1.292448409769188400e+00
1.292137150091698494e+00
1.291921333017073126e+00
1.291530819697121357e+00
1.291350230645194497e+00
1.291024316906536296e+00
1.290732892107716134e+00
1.290526986911612051e+00
1.290259863362155590e+00
1.289740367460732173e+00
1.289607502408851358e+00
1.289151417138600486e+00
1.288909293521069532e+00
1.288512263295642279e+00
1.288144446916111630e+00
1.287753921417740921e+00
1.287313388044881490e+00
1.286939227697215582e+00
1.286511779855377346e+00
1.286183714739226325e+00
1.286053822409314540e+00
1.285678703661337741e+00
1.285314541863396220e+00
1.284991121860030949e+00
1.284616952195764883e+00
1.284224271940837436e+00
1.283918467162454169e+00
1.283714562298297501e+00
1.283535700102949706e+00
1.283126008026108433e+00
1.282788066945504735e+00
1.282485705931929454e+00
1.282117215774471797e+00
1.281833058101847556e+00
1.281666558170182268e+00
1.281255145465173273e+00
1.280905366142700119e+00
1.280701033602559047e+00
1.280426222168074224e+00
1.280243938817763327e+00
1.279866211685643629e+00
1.279796750602148592e+00
1.279315635944030971e+00
1.278992300584794295e+00
1.278867840641213505e+00
1.278472147943898518e+00
1.278198432357733560e+00
1.277699677465822914e+00
1.277393485578899979e+00
1.277069742302353594e+00
1.276846168200225895e+00
1.276406201954382036e+00
1.276140927184459484e+00
1.275772171198336524e+00
1.275604386021280900e+00
1.275268435961721680e+00
1.274789004457662633e+00
1.274617732532205894e+00
1.274408298112689630e+00
1.274127327607241789e+00
1.273678862551750557e+00
1.273559179347871773e+00
1.273005617703404813e+00
1.272773231575773378e+00
1.272524660276472597e+00
1.272479608112411897e+00
1.271944884634566453e+00
1.271418924351272350e+00
1.271052729238663970e+00
1.271235989981406522e+00
1.270589822312362616e+00
1.270149968713606858e+00
1.270436063813040972e+00
1.269661032599323613e+00
1.269250946751396603e+00
1.269063762773831483e+00
1.268815706327865112e+00
1.268548668459110740e+00
1.268315439154035884e+00
1.267855020569720770e+00
1.267501876129437433e+00
1.267135646280704409e+00
1.266796579503670417e+00
1.266386008712180766e+00
1.266047692760191579e+00
1.265601537688075151e+00
1.265265773717512809e+00
1.264888796518776060e+00
1.264690861218160656e+00
1.264179446063504075e+00
1.263765630055765365e+00
1.263536175700650022e+00
1.263127802004831546e+00
1.262785462688569504e+00
1.262569959591788082e+00
1.262179459395977865e+00
1.262101494309058269e+00
1.261851141440929691e+00
1.261400757291292640e+00
1.261357864154873054e+00
1.260645309169961426e+00
1.260586689228353707e+00
1.260316665767043709e+00
1.259923053140252547e+00
1.259655386419223477e+00
1.259423783989655377e+00
1.259111150954889569e+00
1.259080723595077611e+00
1.258900222348956932e+00
1.258605453200863478e+00
1.258342538984674297e+00
1.257903401767524132e+00
1.258047343228816173e+00
1.257616769145632363e+00
1.257411204942125549e+00
1.257133817590649016e+00
1.256894244500575297e+00
1.256714629332579714e+00
1.256355765720702733e+00
1.256130415125440436e+00
1.255926245012568776e+00
1.255753301789179543e+00
1.255504799323615694e+00
1.255263491601286363e+00
1.255079268727805841e+00
1.254776761231620075e+00
1.254637061396495445e+00
1.254416822862109537e+00
1.254283628903727577e+00
1.253926109930017851e+00
1.253696528129047971e+00
1.253472828396085870e+00
1.253304851826781308e+00
1.253014856503222418e+00
1.252808429045060068e+00
1.252614687879333610e+00
1.252408851605957940e+00
1.252365818923794505e+00
1.252061886579849181e+00
1.251981448461075397e+00
1.251714440411454854e+00
1.251511666282496549e+00
1.251298867230584921e+00
1.251124369386105384e+00
1.250920419531134753e+00
1.250701755756437494e+00
1.250497381083799597e+00
1.250350906603632462e+00
1.250189526862828027e+00
1.249912951566850117e+00
1.249798147759306088e+00
1.249629053828790193e+00
1.249489269136764724e+00
1.249331263967517147e+00
1.249242315083446409e+00
1.249008769258143525e+00
1.248937244097014121e+00
1.248877339646027540e+00
1.248694928308894392e+00
1.248495379700506280e+00
1.248572264470259263e+00
1.248184277933285902e+00
1.248126546548277371e+00
1.247932512562678120e+00
1.247739230556758949e+00
1.247594649556687640e+00
1.247331688428434004e+00
1.247286419511332900e+00
1.247012456665909097e+00
1.247016389978578887e+00
1.246763881311075961e+00
1.246643064584807004e+00
1.246475546978823123e+00
1.246218659844090970e+00
1.246144941789159466e+00
1.246045521152221891e+00
1.245823136474919046e+00
1.245673606244727116e+00
1.245525064918310276e+00
1.245399803230750502e+00
1.245253359741883115e+00
1.245053467863198593e+00
1.245090812643880440e+00
1.244921799396417450e+00
1.244728805614887746e+00
1.244543561392882802e+00
1.244461826745981048e+00
1.244387312521651801e+00
1.244192867853088247e+00
1.243960532490061555e+00
1.244015075567929784e+00
1.243792499617904612e+00
1.243676385834456610e+00
1.243546244209690510e+00
1.243352832856517987e+00
1.243193307655187541e+00
1.242930232075492913e+00
1.242722072461442506e+00
1.242683678549242776e+00
1.242585882809344788e+00
1.242315186643217162e+00
1.242271901459656380e+00
1.242041537416170849e+00
1.241903406333270565e+00
1.241692042424898945e+00
1.241629188629032043e+00
1.241518677783125524e+00
1.241402716064343936e+00
1.241298912065670113e+00
1.241099597933360998e+00
1.241059581288182168e+00
1.240830996371043549e+00
1.240793799890183458e+00
1.240584307640534067e+00
1.240410588878493092e+00
1.240403993542501970e+00
1.240215633886894153e+00
1.240005461459247504e+00
1.240099198817197212e+00
1.239884734867210403e+00
1.239862228504025721e+00
1.239733801435805693e+00
1.239420920344027399e+00
1.239343219973477517e+00
1.239363591439930801e+00
1.239157934816754070e+00
1.239144667196607985e+00
1.238989393077524204e+00
1.239029365981685782e+00
1.238694408139993097e+00
1.238745501976138419e+00
1.238531147093588913e+00
1.238542154324106637e+00
1.238203144083250384e+00
1.238320294862802262e+00
1.238147431432273793e+00
1.238054774398299918e+00
1.237922229010653519e+00
1.237871288803700898e+00
1.237716949619794837e+00
1.237509395316636951e+00
1.237600656790356135e+00
1.237337690978678628e+00
1.237384071776305383e+00
1.237199479165290716e+00
1.237243698059060648e+00
1.237019852387564844e+00
1.236922182031148010e+00
1.236864666242759370e+00
1.236761768340550072e+00
1.236672324356174801e+00
1.236538987495437558e+00
1.236524427339675825e+00
1.236305782003170206e+00
1.236305598347436474e+00
1.236129953656813774e+00
1.236207046552290523e+00
1.235921268383050498e+00
1.235996593298248181e+00
1.235953769815403724e+00
1.235722267367227900e+00
1.235723492628922893e+00
1.235498911883255113e+00
1.235601619890535519e+00
1.235500461915265413e+00
1.235334791781825814e+00
1.235248679828054641e+00
1.235168214724044811e+00
1.234979553861451640e+00
1.235061450866798971e+00
1.234798959346834035e+00
1.234867584802578966e+00
1.234642730779267561e+00
1.234647993496129859e+00
1.234505784711547927e+00
1.234495366040542441e+00
1.234328859484814966e+00
1.234367215415746122e+00
1.234214981116169119e+00
1.234182550284740998e+00
1.234193942644672637e+00
1.234123909873743763e+00
1.233966216039930286e+00
1.233974279950895703e+00
1.233879445197361369e+00
1.233830117281524030e+00
1.233684650006424688e+00
1.233679010112159524e+00
1.233640916796813647e+00
1.233585304626917400e+00
1.233349841765741139e+00
1.233346505008244165e+00
1.233244586587077363e+00
1.233158255373934420e+00
1.233206059367817353e+00
1.233097258976376898e+00
1.233014313034638931e+00
1.233052552968725957e+00
1.232936714886463392e+00
1.232855204315863817e+00
1.232842393097806521e+00
1.232695483441780926e+00
1.232691834921588514e+00
1.232529390364099919e+00
1.232557419672850374e+00
1.232428837291146495e+00
1.232431668736007735e+00
1.232338765102779066e+00
1.232230311301590886e+00
1.232111460901368583e+00
1.232184373440708969e+00
1.232029735521650959e+00
1.231860400470677019e+00
1.231812659132093701e+00
1.231814112680876372e+00
1.231727705716125554e+00
1.231431530106877004e+00
1.231544123738184116e+00
1.231460445809688942e+00
1.231515575157149378e+00
1.231277705279545387e+00
1.231182706077103672e+00
1.231189497914609410e+00
1.230879067187321985e+00
1.230958265605232915e+00
1.230834060696168519e+00
1.230892008908317292e+00
1.230881488688436498e+00
1.230616210331650029e+00
1.230611699423791228e+00
1.230584889222204881e+00
1.230576764855917160e+00
1.230441722586602671e+00
1.230398024389972589e+00
1.230400071182762067e+00
1.230341145286831583e+00
1.230333866876796245e+00
1.230124242282080393e+00
1.230062603741406413e+00
1.230181999217960565e+00
1.230059272642610724e+00
1.230021103915160730e+00
1.229714361162724368e+00
1.229866636062444396e+00
1.229823415610587611e+00
1.229687404829146180e+00
1.229736796948280864e+00
1.229648283011368859e+00
1.229604287198131418e+00
1.229340675428395979e+00
1.229507404777182344e+00
1.229336999412699472e+00
1.229376181029405046e+00
1.229349382816516512e+00
1.229295022222433698e+00
1.229162099986303103e+00
1.229254146484421328e+00
1.229090169535964394e+00
1.229184359472480947e+00
1.229041960683849188e+00
1.229040322455543732e+00
1.228875768033827365e+00
1.228962079503502114e+00
1.228820014567841623e+00
1.228839384065186335e+00
1.228648713945116100e+00
1.228761271529345445e+00
1.228625643357138975e+00
1.228617216819063218e+00
1.228587667121576077e+00
1.228572746581410025e+00
1.228353099458058484e+00
1.228506398062522598e+00
1.228348674985356492e+00
1.228443913370843132e+00
1.228115533055351039e+00
1.228362734241164933e+00
1.228218416830123561e+00
1.228077267399590111e+00
1.227974494807072547e+00
1.228038367882752668e+00
1.227958832174610215e+00
1.227997815260920556e+00
1.227741597808407858e+00
1.227846263084912293e+00
1.227483894468097025e+00
1.227845888222105275e+00
1.227603683691467440e+00
1.227641465652876240e+00
1.227412679594167999e+00
1.227684536317167785e+00
1.227337982775209779e+00
1.227489603455847789e+00
1.227293946119912826e+00
1.227296387397863286e+00
1.227373057847127358e+00
1.227150249584462616e+00
1.227291270540357582e+00
1.226972258856223963e+00
1.227194331896275026e+00
1.227134538382267381e+00
1.227192782519612946e+00
1.227056629235869112e+00
1.226839772356610236e+00
1.226954686367158098e+00
1.226830186495323938e+00
1.226956820725859432e+00
1.226793379097680381e+00
1.226600165350231197e+00
1.226641315940186994e+00
1.226630626712900796e+00
1.226717235632806879e+00
1.226444183687090739e+00
1.226422808681924215e+00
1.226449446980326430e+00
1.226400530964711466e+00
1.226356264307006949e+00
1.226202053433211203e+00
1.226222119105672803e+00
1.226095567510495421e+00
1.226260414118078401e+00
1.225963685159843441e+00
1.225902323352953127e+00
1.226068057996739347e+00
1.225822535426085436e+00
1.225718223499980608e+00
1.225843370223316686e+00
1.225876283159295310e+00
1.225723120841921920e+00
1.225760204790472985e+00
1.225613433958323562e+00
1.225621620732044059e+00
1.225671321745644304e+00
1.225415756656617505e+00
1.225471856911060309e+00
1.225288886414834133e+00
1.225244653124913707e+00
1.225346810582809587e+00
1.225174472865900865e+00
1.225149482223536257e+00
1.225108428453951959e+00
1.225145430179496175e+00
1.225034012473191991e+00
1.225074379235581157e+00
1.224956019655101036e+00
1.224935474776250866e+00
1.224895250464177465e+00
1.224859803137430481e+00
1.224690319904191638e+00
1.224769964331143157e+00
1.224749317115948255e+00
1.224733361899141837e+00
1.224743906338338961e+00
1.224395123732065827e+00
1.224578535565268966e+00
1.224387843379030061e+00
1.224500846774588814e+00
1.224421276790573776e+00
1.224322852979279785e+00
1.224337458530092571e+00
1.224404685925653213e+00
1.224177726023040202e+00
1.224214079548737732e+00
1.224112992287551993e+00
1.224238523773897080e+00
1.224137812779122925e+00
1.224098203672159935e+00
1.223940529539334854e+00
1.223962480465367930e+00
1.223847620306792061e+00
1.223901839367843802e+00
1.223928863469670558e+00
1.223816033961117489e+00
1.223699813985568818e+00
1.223671121909763349e+00
1.223780966729029140e+00
1.223674568558646758e+00
1.223636941606427220e+00
1.223418079765983935e+00
1.223524855362257968e+00
1.223516846715073436e+00
1.223498939301267407e+00
1.223434514092916148e+00
1.223311812888122185e+00
1.223404228617440692e+00
1.223285727936495926e+00
1.223435365967298294e+00
1.223222720627479720e+00
1.223262876363155449e+00
1.223282007548170069e+00
1.222973021229203594e+00
1.223025018649933404e+00
1.222872488968700377e+00
1.222997660391085706e+00
1.222895044962001077e+00
1.222844348404143355e+00
1.222958873754097509e+00
1.222641227842449885e+00
1.222762541318490159e+00
1.222778971178218654e+00
1.222743436836459585e+00
1.222490644063342957e+00
1.222327831516752505e+00
1.222558658484643512e+00
1.222376857315585541e+00
1.222292146951690306e+00
1.222375896912090809e+00
1.222221263989891282e+00
1.222138469314846487e+00
1.222250431719461794e+00
1.222012034345949738e+00
1.222109751520649823e+00
1.222002547993300769e+00
1.221947041926400690e+00
1.222064377389320722e+00
1.222054460507103535e+00
1.221899385879640532e+00
1.221981627602596321e+00
1.221870781252475169e+00
1.221829936129333216e+00
1.221852593386683949e+00
1.221764189729248606e+00
1.221676303860832702e+00
1.221742445415634926e+00
1.221701224137670794e+00
1.221721349760207520e+00
1.221721287847639115e+00
1.221586213417887423e+00
1.221576824661769312e+00
1.221505514029082473e+00
1.221553657751670352e+00
1.221388223801804340e+00
1.221442906286188235e+00
1.221401582606955749e+00
1.221266588340397474e+00
1.221164133129149620e+00
1.221191900063947733e+00
1.221059696004368478e+00
1.220998126497470748e+00
1.220974946249831161e+00
1.221002587475216616e+00
1.220934178094770006e+00
1.220850439337242355e+00
1.220756965517824977e+00
1.220793251248604161e+00
1.220701534908348540e+00
1.220485008241288805e+00
1.220345973630196257e+00
1.220309420446438420e+00
1.220251121148151485e+00
1.220071173226246364e+00
1.220147354373979143e+00
1.220013930541903546e+00
1.219873458923740772e+00
1.219986461849154269e+00
1.219858168319591707e+00
1.219669436967073306e+00
1.219901889638529857e+00
1.219687714064969120e+00
1.219558613574993178e+00
1.219566575716582113e+00
1.219464903320591098e+00
1.219409728035290241e+00
1.219394340284863487e+00
1.219324425447034344e+00
1.219246607567242568e+00
1.219335479174838088e+00
1.219042341182214217e+00
1.219191877113179556e+00
1.218998406982154892e+00
1.218973098037098302e+00
1.218881692286178486e+00
1.218892957300666602e+00
1.218766225739279063e+00
1.218697634224383153e+00
1.218492237690504743e+00
1.218443184640196852e+00
1.218558248030668034e+00
1.218368987117443014e+00
1.218273033457101251e+00
1.218365135501778829e+00
1.218202315080783471e+00
1.218191933873381316e+00
1.218167506582994886e+00
1.218029143250316748e+00
1.217969020636095356e+00
1.217979347376901389e+00
1.217855392886770804e+00
1.217829392335250782e+00
1.217685660105909173e+00
1.217710100047630029e+00
1.217584547441942666e+00
1.217537515481360133e+00
1.217522352099830174e+00
1.217365904086930462e+00
1.217296171376220482e+00
1.217404032228997401e+00
1.217243630795763698e+00
1.217281746916175189e+00
1.217253069001942967e+00
1.217020554113117603e+00
1.217115438916461123e+00
1.217056440756571600e+00
1.216916450635229685e+00
1.216916069705918479e+00
1.216862230302455661e+00
1.216772638490031033e+00
1.216774743428832295e+00
1.216590463074533002e+00
1.216519065537281952e+00
1.216723148058527659e+00
1.216498374969056551e+00
1.216508482725769724e+00
1.216364730595826504e+00
1.216329065796671216e+00
1.216140400253641340e+00
1.216263594491924449e+00
1.216276583978223913e+00
1.216227340999752160e+00
1.216115379967399601e+00
1.216063112411137181e+00
1.216265040962798860e+00
1.216042216867872616e+00
1.216033487469558194e+00
1.216063946599187595e+00
1.215826049360862138e+00
1.215800511816684137e+00
1.216035936335106760e+00
1.215875988885688708e+00
1.215695324109618891e+00
1.215638809054428782e+00
1.215643517240741156e+00
1.215462804589037438e+00
1.215460377491224042e+00
1.215549616827974466e+00
1.215336940364229790e+00
1.215289189158024419e+00
1.215257103758859314e+00
1.215119622638477059e+00
1.215090135103401581e+00
1.215108506840652636e+00
1.215011492277550564e+00
1.214857179508736396e+00
1.214852212263432873e+00
1.214862707474432701e+00
1.214802511197044854e+00
1.214712778305255592e+00
1.214656341718087784e+00
1.214561526344698272e+00
1.214582369958911334e+00
1.214497747606238187e+00
1.214399735720561369e+00
1.214525243287085443e+00
1.214455556866140373e+00
1.214355700829278240e+00
1.214380206194094924e+00
1.214252929520561963e+00
1.214266144695471006e+00
1.214206880740088978e+00
1.214044126128526413e+00
1.213976390705883812e+00
1.214034859591405668e+00
1.213879915578432334e+00
1.213876123472352964e+00
1.213959223415477018e+00
1.213882514149338565e+00
1.213756975634125101e+00
1.213704602416393774e+00
1.213764836074232578e+00
1.213630479168962717e+00
1.213607001425143217e+00
1.213532286963598050e+00
1.213459655206665433e+00
1.213441298952231184e+00
1.213328702402283854e+00
1.213420731052428092e+00
1.213262225959399254e+00
1.213204316219940848e+00
1.213178772139801076e+00
1.213114951489953741e+00
1.213042533141408752e+00
1.213040797013364314e+00
1.213056662166309030e+00
1.212966433668253741e+00
1.212865987832336456e+00
1.212854925026124908e+00
1.212925937717626246e+00
1.212824049574811491e+00
1.212788809498133835e+00
1.212710632790029663e+00
1.212576053608621418e+00
1.212671888338300308e+00
1.212582574817579362e+00
1.212521161690012450e+00
1.212445558392963640e+00
1.212375583104475352e+00
1.212409782146824044e+00
1.212254507434038286e+00
1.212040206336825188e+00
1.212111950125769111e+00
1.211996543538023552e+00
1.211987524588112430e+00
1.211936662845516821e+00
1.211903617228956564e+00
1.211770320591691208e+00
1.211751282348310976e+00
1.211668030057189593e+00
1.211652353601651910e+00
1.211575950527681522e+00
1.211462147798716193e+00
1.211413511177752200e+00
1.211494028740333961e+00
1.211340044276503436e+00
1.211398640621042855e+00
1.211226720672157198e+00
1.211206366296845749e+00
1.211107925486038628e+00
1.211068677696736762e+00
1.211051902305352090e+00
1.210919113385919621e+00
1.210819203756653861e+00
1.210619411228901487e+00
1.210753924855195285e+00
1.210635714687763764e+00
1.210485171352087219e+00
1.210493427258994448e+00
1.210313234384810643e+00
1.210325445542169254e+00
1.210275957261398139e+00
1.210299804611104646e+00
1.210110262499868750e+00
1.210126525724307234e+00
1.210064936785390843e+00
1.210030459113704993e+00
1.210122983677082376e+00
1.209843767947636151e+00
1.209863614362348239e+00
1.209634559871747506e+00
1.209635775514578793e+00
1.209552435270457860e+00
1.209576007487627836e+00
1.209567910065911578e+00
1.209463124470271600e+00
1.209410571754992558e+00
1.209294459562414215e+00
1.209245668138282381e+00
1.209174174845278671e+00
1.209170296948056000e+00
1.209001735970937075e+00
1.209106347029150985e+00
1.208849881810969640e+00
1.208833398066898157e+00
1.208649951560350821e+00
1.208737462900998372e+00
1.208627534717703345e+00
1.208421367577318106e+00
1.208446321773237520e+00
1.208383685867415291e+00
1.208214279238639000e+00
1.208393712670070563e+00
1.208293825347354744e+00
1.208206233475981994e+00
1.207968726850944696e+00
1.207948177821196678e+00
1.207843125670881479e+00
1.207742765261110351e+00
1.207623433040133198e+00
1.207420485255936038e+00
1.207410219853095601e+00
1.207272031932441037e+00
1.207347869401373064e+00
1.207203179057759757e+00
1.206947426907935661e+00
1.206973879615268253e+00
1.206982244590636411e+00
1.206725392228701788e+00
1.206617142689816236e+00
1.206543610683870282e+00
1.206462732545362737e+00
1.206451697657201505e+00
1.206436608243093511e+00
1.206340004089961004e+00
1.206159829508005155e+00
1.206116325380016230e+00
1.206156670174227896e+00
1.205908028230036733e+00
1.205992948101798135e+00
1.205953504880678873e+00
1.205873631745749464e+00
1.205893213969544187e+00
1.205655305457571824e+00
1.205529626005501953e+00
1.205387457979996801e+00
1.205392975020950885e+00
1.205234723711917644e+00
1.205110859042403115e+00
1.205047228646644042e+00
1.205224973227473795e+00
1.204933278581140410e+00
1.204838301149963709e+00
1.204835001380290427e+00
1.204727230908008151e+00
1.204768732476543702e+00
1.204555344112748116e+00
1.204501482575199622e+00
1.204351767251948369e+00
1.204222662981087044e+00
1.204257861839474808e+00
1.204287511492937002e+00
1.204111218451024534e+00
1.203952596087717763e+00
1.203923580090985102e+00
1.203891595715113949e+00
1.203725974607243288e+00
1.203692807780968765e+00
1.203605432134537745e+00
1.203533958547490235e+00
1.203406500729306883e+00
1.203418553581919737e+00
1.203262299973919092e+00
1.203175649598713148e+00
1.203124728229460816e+00
1.203029498280489218e+00
1.203048985043547736e+00
1.203026290162940937e+00
1.202997093200028456e+00
1.202833586537148891e+00
1.202767178797098824e+00
1.202631215179740254e+00
1.202705752092734004e+00
1.202598005645262536e+00
1.202559181164387647e+00
1.202552467806240033e+00
1.202480274743758848e+00
1.202316579791387285e+00
1.202263612749996602e+00
1.202197222433721402e+00
1.202139447277180917e+00
1.202218678225233983e+00
1.202208394714842088e+00
1.202152707127080555e+00
1.201989798528342313e+00
1.202099893740952830e+00
1.201891860523236266e+00
1.201964692629857945e+00
1.201782889518800745e+00
1.201876620063282219e+00
1.201702258964440828e+00
1.201677412601584116e+00
1.201622265509899146e+00
1.201874242577894325e+00
1.201770650134595275e+00
1.201696586566236569e+00
1.201536964520643069e+00
1.201493209970752707e+00
1.201510107794767857e+00
1.201234332963762030e+00
1.201353824380049007e+00
1.201349377290511056e+00
1.201158889473693758e+00
1.201267528373147098e+00
1.201168447207090928e+00
1.201193945446336064e+00
1.200926845830858625e+00
1.201004308529094677e+00
1.200963765840885600e+00
1.200898194001760455e+00
1.200816462274837404e+00
1.200762450643285906e+00
1.201025699410244396e+00
1.200657513921102426e+00
1.200910353674435660e+00
1.200982128910635049e+00
1.200829253808946451e+00
1.200826754701656673e+00
1.200836762805491675e+00
1.200661289091411232e+00
1.200748367492091573e+00
1.200595316868509732e+00
1.200500443128592387e+00
1.200536088635389520e+00
1.200394463139435652e+00
1.200489912268330572e+00
1.200377464416777062e+00
1.200294384990133301e+00
1.200315203724765301e+00
1.200224993914289273e+00
1.200195597277247339e+00
1.200141744792355247e+00
1.200116774516359230e+00
1.200070502890836943e+00
1.200048394126621343e+00
1.200000787050095719e+00
1.199935880206844718e+00
1.199960937360095459e+00
1.199702528433044701e+00
1.199731723034163311e+00
1.199766061511784221e+00
1.199696006056993669e+00
1.199578896632604197e+00
1.199572371311603991e+00
1.199525354331855143e+00
1.199508621638659012e+00
1.199435708324299688e+00
1.199426132536058676e+00
1.199369214178550580e+00
1.199379127725153982e+00
1.199274872898980826e+00
1.199193679216595809e+00
1.199272423563177759e+00
1.199210048392554739e+00
1.199180483783184981e+00
1.199013217602715731e+00
1.199035800622446191e+00
1.199019641553035198e+00
1.199048694241824586e+00
1.198978031289825052e+00
1.198885626165071328e+00
1.198880515036435002e+00
1.198818155268476682e+00
1.198766104806414434e+00
1.198724774353818079e+00
1.198633577872040723e+00
1.198657552681728466e+00
1.198556013596455916e+00
1.198582785094487235e+00
1.198394163504164167e+00
1.198456153176369332e+00
1.198365112082576900e+00
1.198298781986544714e+00
1.198216090837178616e+00
1.198136980103709170e+00
1.198040279961340770e+00
1.198065515263972092e+00
1.197998914463659359e+00
1.198085452289265884e+00
1.197982249348090278e+00
1.197941751616931727e+00
1.197797923117093655e+00
1.197716995779945170e+00
1.197712145633836212e+00
1.197689460718303511e+00
1.197600502055702787e+00
1.197657069354559844e+00
1.197586167011062797e+00
1.197582754774072056e+00
1.197450412223350913e+00
1.197410388736805942e+00
1.197319457855298142e+00
1.197359945724346453e+00
1.197257148921593739e+00
1.197214536639905180e+00
1.197182442577071848e+00
1.197047731839502971e+00
1.197049088140831552e+00
1.196998165576134365e+00
1.197020066991706377e+00
1.196982838891638368e+00
1.196810982217058728e+00
1.196820437987354380e+00
1.196641059968409193e+00
1.196838306184224487e+00
1.196699965804696619e+00
1.196652415776542133e+00
1.196643873040914796e+00
1.196628071331137688e+00
1.196460960482731206e+00
1.196452437899654386e+00
1.196362559549849047e+00
1.196378384895582014e+00
1.196326953025939055e+00
1.196249000439497001e+00
1.196184318103762578e+00
1.196089123318697212e+00
1.195993110163580342e+00
1.196013517010699134e+00
1.195968214499074422e+00
1.195776320713347385e+00
1.195842772654265529e+00
1.195710121590324748e+00
1.195782269422378308e+00
1.195675611538269179e+00
1.195732632960035513e+00
1.195539372032536907e+00
1.195600697236544496e+00
1.195498354240955186e+00
1.195499048571947442e+00
1.195346991169986772e+00
1.195342179651478931e+00
1.195281304413775336e+00
1.195225973170939149e+00
1.195136764263924567e+00
1.195227702082768184e+00
1.195114212698985101e+00
1.194979382512232347e+00
1.194937289545901171e+00
1.194919961336291303e+00
1.194837369549595962e+00
1.194774612556189330e+00
1.194698016226594106e+00
1.194662744287583900e+00
1.194549816210541016e+00
1.194567254830432690e+00
1.194432433142887495e+00
1.194337481269651891e+00
1.194143183743206604e+00
1.194211359517695081e+00
1.193979832570469135e+00
1.194046612307803068e+00
1.193972042742622586e+00
1.193910522340768665e+00
1.193866703182734357e+00
1.193823397732967972e+00
1.193798567151435952e+00
1.193829173263512233e+00
1.193630012903146298e+00
1.193567421113798988e+00
1.193591311356864582e+00
1.193503910766776865e+00
1.193549844923043279e+00
1.193397716366344286e+00
1.193339242684504198e+00
1.193291139914663956e+00
1.193450075411040423e+00
1.193367701785093660e+00
1.193158261462704317e+00
1.193256991459708649e+00
1.193104537834957179e+00
1.193205442718712872e+00
1.193006586571280447e+00
1.193000321302008171e+00
1.193051080490464155e+00
1.192868680313587948e+00
1.192976399676919597e+00
1.192794644696739237e+00
1.192768190117874605e+00
1.192788911407246744e+00
1.192753212871301871e+00
1.192540448036830680e+00
1.192842978767560291e+00
1.192539515197410305e+00
1.192525110492830942e+00
1.192478293160524894e+00
1.192488341293860721e+00
1.192386157514027101e+00
1.192478496996777215e+00
1.192340173074839305e+00
1.192195984578272805e+00
1.192189434083373634e+00
1.192293062148605642e+00
1.192190446675460924e+00
1.192149528788963408e+00
1.192173659331861701e+00
1.191983622036620671e+00
1.191948550023868680e+00
1.191860864252154206e+00
1.191916611369896684e+00
1.191837679624604185e+00
1.191857945547543540e+00
1.191767395098825899e+00
1.191695166863524280e+00
1.191658369737078838e+00
1.191672206348030283e+00
1.191617357154843182e+00
1.191519483791432465e+00
1.191615316207397246e+00
1.191489617627763398e+00
1.191365637615074968e+00
1.191405284845610035e+00
1.191299891234847808e+00
1.191241849449141466e+00
1.191278988400484407e+00
1.191162684220157475e+00
1.191029323282306818e+00
1.191213820464586126e+00
1.191030511869707098e+00
1.190827608233411938e+00
1.191063958598840289e+00
1.190902638259321522e+00
1.190827023433636889e+00
1.190708544632205212e+00
1.190767742734043511e+00
1.190782502170650625e+00
1.190705971235195060e+00
1.190568876362451567e+00
1.190730875040088899e+00
1.190750686994918484e+00
1.190533495138941689e+00
1.190560009064401514e+00
1.190515856567494923e+00
1.190534905485188366e+00
1.190466240269685061e+00
1.190432978720396884e+00
1.190335255027330508e+00
1.190307265436102879e+00
1.190293119695391422e+00
1.190202756571452580e+00
1.190198373205240800e+00
1.190186560892947831e+00
1.190114391751013079e+00
1.190160825021749025e+00
1.190201892419596064e+00
1.190117524268018867e+00
1.190010110121188402e+00
1.190008986727547846e+00
1.189884579266743847e+00
1.189942393495303508e+00
1.189814433371497060e+00
1.189812454679103348e+00
1.189780735348288543e+00
1.189726616338348419e+00
1.189639594157027247e+00
1.189708193151391535e+00
1.189640309395644246e+00
1.189632461097021698e+00
1.189572555810889387e+00
1.189484146740882098e+00
1.189506792043279360e+00
1.189441383909240590e+00
1.189408849507620047e+00
1.189420856422416017e+00
1.189373415149509894e+00
1.189329288416681507e+00
1.189328521053044430e+00
1.189279052277262272e+00
1.189285498495117999e+00
1.189222954455507519e+00
1.189120989064824441e+00
1.189010314504049370e+00
1.189127035784202091e+00
1.189017992326689699e+00
1.189075610996674248e+00
1.189056945834974899e+00
1.188935003603223794e+00
1.188985806796900135e+00
1.188937901505815686e+00
1.188880507504612050e+00
1.188722321622336153e+00
1.188751819294049161e+00
1.188748890445240791e+00
1.188698110527628637e+00
1.188744185974476730e+00
1.188733425715930769e+00
1.188702058937546324e+00
1.188556591832027554e+00
1.188581249802980411e+00
1.188576598602093304e+00
1.188507203708674798e+00
1.188451448369260532e+00
1.188407661219753386e+00
1.188459945377819293e+00
1.188395394358758184e+00
1.188366195823606253e+00
1.188318733395628657e+00
1.188247535472538141e+00
1.188184795828229001e+00
1.188245757476361408e+00
1.188252205017182428e+00
1.188173526637983812e+00
1.188116352638656892e+00
1.188159643679314037e+00
1.188082966360533232e+00
1.188143936023092095e+00
1.188056637666341953e+00
1.188066516601375744e+00
1.188063293194727921e+00
1.188117519676588074e+00
1.187795066509130359e+00
1.187886093492565909e+00
1.187906438298361289e+00
1.187692762905544264e+00
1.187832365267881052e+00
1.187684874005338509e+00
1.187719097892101283e+00
1.187551753150953404e+00
1.187661244396415849e+00
1.187525228471117078e+00
1.187434377113979034e+00
1.187567568735358403e+00
1.187504259103452364e+00
1.187440372798534760e+00
1.187610211504907642e+00
1.187368665089564956e+00
1.187340602869472406e+00
1.187359810705529428e+00
1.187216163106384892e+00
1.187374962625801222e+00
1.187198953103348442e+00
1.187204285690637073e+00
1.187065322756600816e+00
1.187114039062149295e+00
1.187000687540068045e+00
1.187179471239775630e+00
1.187024339204296730e+00
1.186900197066881768e+00
1.186993558556594941e+00
1.186950558194214134e+00
1.187025014992460825e+00
1.186931135381434466e+00
1.186843862229776780e+00
1.186847448883890932e+00
1.186862570520108351e+00
1.186816001793722819e+00
1.186751541724621051e+00
1.186710899733738778e+00
1.186677091262084316e+00
1.186426368033640211e+00
1.186494177543971462e+00
1.186387395372393572e+00
1.186687427235898040e+00
1.186394336027825291e+00
1.186499556510702602e+00
1.186137522832888314e+00
1.186267696193099797e+00
1.186340049465433255e+00
1.186260895896450895e+00
1.186220718033984989e+00
1.185980193678114469e+00
1.185980731250690701e+00
1.185994318731509622e+00
1.186047463296411086e+00
1.186078129084185084e+00
1.186097831423040816e+00
1.186151672609833563e+00
1.185919507793004479e+00
1.185825979561521581e+00
1.185994072395348820e+00
1.185796318891344070e+00
1.185881666552474734e+00
1.185787246012789398e+00
1.185889582785525587e+00
1.185907600866216383e+00
1.185756038420265002e+00
1.185739835234297601e+00
1.185720239039435908e+00
1.185682549663261698e+00
1.185639685080327910e+00
1.185636624553255913e+00
1.185486581787507765e+00
1.185467961649332658e+00
1.185541780228305031e+00
1.185460715533591669e+00
1.185545617892452608e+00
1.185390607334717572e+00
1.185481074989060302e+00
1.185296168914202086e+00
1.185418269283910808e+00
1.185195373645672623e+00
1.185376792434869486e+00
1.185153192928427357e+00
1.185240171317787139e+00
1.185199946204954946e+00
1.185123092883198836e+00
1.185236846389612131e+00
1.185002249119171847e+00
1.185284814595887637e+00
1.185046095399917787e+00
1.184841058157546367e+00
1.184903792490017649e+00
1.184779314735039168e+00
1.184798191934408829e+00
1.184657888623060096e+00
1.184937378218077431e+00
1.184740877312449925e+00
1.184874922921507423e+00
1.184685499925552055e+00
1.184722781428094063e+00
1.184669394881030291e+00
1.184690341395570945e+00
1.184662788016374702e+00
1.184632086069786538e+00
1.184473344180523968e+00
1.184401573250947193e+00
1.184306412035674994e+00
1.184492018011906955e+00
1.184451242417419836e+00
1.184354078980799807e+00
1.184231993912846281e+00
1.184125832226458064e+00
1.184082321465857790e+00
1.184199136918973716e+00
1.184196973336750558e+00
1.184083158790108170e+00
1.183962736652096170e+00
1.184155751328208162e+00
1.184146675907941315e+00
1.184075825157689277e+00
1.184090098728294516e+00
1.184063388473356682e+00
1.183933894388937036e+00
1.183832425708732927e+00
1.183720927974715620e+00
1.183815341233769747e+00
1.183855696558683501e+00
1.183705663592786950e+00
1.183702723650803756e+00
1.183847974644609780e+00
1.183642741761665507e+00
1.183648635686889161e+00
1.183522278343269951e+00
1.183617199599085845e+00
1.183462331126164946e+00
1.183417478792617494e+00
1.183479122517961502e+00
1.183428321617572720e+00
1.183312258916169979e+00
1.183385419797342797e+00
1.183268402668584462e+00
1.183366943536185767e+00
1.183231793881250882e+00
1.183224435374661709e+00
1.183191629361532993e+00
1.183006997956175255e+00
1.183216401810215590e+00
1.183040123010597799e+00
1.183084022551202930e+00
1.182895700151803453e+00
1.183019315229394852e+00
1.182832179062634603e+00
1.182888404260098669e+00
1.182880939059163916e+00
1.182863262485804645e+00
1.182775555903780473e+00
1.182895625137354356e+00
1.182693483674186918e+00
1.182758818688554259e+00
1.182599429124058021e+00
1.182700625248216619e+00
1.182584683356346478e+00
1.182558139837825317e+00
1.182443538332144772e+00
1.182273698440826637e+00
1.182415668292317479e+00
1.182348533935678292e+00
1.182259401638467766e+00
1.182353405921284573e+00
1.182249343205118430e+00
1.182255538389237026e+00
1.182150218841947487e+00
1.182249352134031817e+00
1.182085434496558118e+00
1.182072428852339208e+00
1.182160103492301273e+00
1.182000760150430985e+00
1.182139197945083486e+00
1.181944777763114685e+00
1.181961031019645558e+00
1.181951586721758707e+00
1.181899775278136611e+00
1.181728023911138736e+00
1.181778138380196186e+00
1.181779420567214300e+00
1.181773236315191378e+00
1.181589145970558752e+00
1.181675016035772741e+00
1.181580291179784803e+00
1.181529742056625532e+00
1.181592939238952145e+00
1.181576512489772801e+00
1.181635442658677260e+00
1.181601009741523933e+00
1.181498781876779702e+00
1.181403935507564507e+00
1.181402504074646753e+00
1.181393738941340699e+00
1.181375929331487606e+00
1.181308399945119936e+00
1.181201016905975898e+00
1.181268940649548682e+00
1.181220761956507159e+00
1.181051273938644730e+00
1.181388187543320756e+00
1.181171410501442365e+00
1.181330312342370625e+00
1.181044351193148545e+00
1.181050027091469223e+00
1.180944739148489964e+00
1.180940829441300854e+00
1.181164335517697950e+00
1.181035159539118640e+00
1.180901480487047239e+00
1.180851174777354684e+00
1.180956119769444035e+00
1.180737486776433087e+00
1.180840781136516915e+00
1.180720003171205290e+00
1.180813539442169491e+00
1.180649129825040999e+00
1.180672393596130521e+00
1.180585916475630714e+00
1.180535164197175080e+00
1.180600763502521300e+00
1.180554065648382833e+00
1.180576393583492534e+00
1.180488778939173367e+00
1.180665231464135934e+00
1.180403168429892569e+00
1.180526212192121394e+00
1.180420822332360675e+00
1.180394506114413877e+00
1.180311613565002027e+00
1.180161801323448056e+00
1.180242723271489158e+00
1.180212986291843791e+00
1.180111174908388572e+00
1.180017608973444210e+00
1.179949165575511882e+00
1.179921900238167121e+00
1.179959488888074226e+00
1.179876455806338154e+00
1.179788680937412293e+00
1.179758376609574055e+00
1.179712421970372294e+00
1.179712504358199965e+00
1.179675411541943886e+00
1.179756898626417749e+00
1.179663176813793291e+00
1.179457686966464136e+00
1.179469757436400590e+00
1.179631435352995528e+00
1.179404860248850939e+00
1.179352004509827800e+00
1.179502252178905586e+00
1.179237871923439762e+00
1.179277707491513283e+00
1.179355970417933053e+00
1.179320145368948802e+00
1.179251613519818997e+00
1.179125912612181581e+00
1.179147305355282782e+00
1.179085872880794472e+00
1.179031558087559217e+00
1.179265269377473002e+00
1.178978810191282145e+00
1.179063900944934185e+00
1.179128422983259039e+00
1.179119128657638349e+00
1.178914045188389714e+00
1.179158476298520108e+00
1.179032354137644178e+00
1.179002437572890916e+00
1.178951507382315800e+00
1.178819509572637703e+00
1.178806283232983754e+00
1.178860661287303380e+00
1.178618209741757905e+00
1.178749409532845682e+00
1.178567830078696810e+00
1.178457013244403884e+00
1.178481943456321179e+00
1.178572681506875330e+00
1.178542276104145081e+00
1.178448740090503710e+00
1.178558204287220024e+00
1.178361744333849659e+00
1.178548919786417848e+00
1.178491733281970211e+00
1.178297119867631304e+00
1.178425189477735557e+00
1.178348218390407709e+00
1.178323409298100310e+00
1.178168483812920053e+00
1.178281228595365659e+00
1.178241351132830017e+00
1.178123679742299368e+00
1.178170431805005469e+00
1.178271951954564578e+00
1.178071035436623504e+00
1.178322177492363565e+00
1.178004978565259764e+00
1.178097101803265545e+00
1.178147608569542149e+00
1.178066329733063133e+00
1.178141524178928368e+00
1.178023933516019861e+00
1.177914395967270655e+00
1.177895531229936399e+00
1.177872997092524576e+00
1.178015643964915204e+00
1.177818533984675620e+00
1.177804475064611056e+00
1.177882555455896041e+00
1.177805731500721542e+00
1.177750058937416799e+00
1.177758373267008274e+00
1.177788978043441626e+00
1.177603002283070133e+00
1.177660501817421768e+00
1.177611186648042318e+00
1.177671459161532264e+00
1.177584460424998758e+00
1.177543051284894338e+00
1.177529943972279280e+00
1.177445317387836088e+00
1.177460263015102093e+00
1.177552263396077548e+00
1.177443143590552355e+00
1.177443731205312316e+00
1.177568219573195574e+00
1.177394752109378606e+00
1.177326917277111251e+00
1.177232362481942962e+00
1.177344288436085629e+00
1.177276833077538498e+00
1.177242642664182881e+00
1.177267801645119460e+00
1.177177344234256129e+00
1.177211657857493377e+00
1.177180044901759981e+00
1.177120154049183354e+00
1.177034898727999268e+00
1.177027054875343426e+00
1.176954135662053647e+00
1.176867588009700816e+00
1.176875115118720005e+00
1.176954546621573394e+00
1.176902907238628115e+00
1.176970238904301969e+00
1.177002992151555238e+00
1.176892290258754192e+00
1.176846266086814641e+00
1.176939112496720785e+00
1.176904906642189941e+00
1.176987596313606721e+00
1.176747621474070638e+00
1.176851183318827765e+00
1.176815247640375928e+00
1.176897647966356431e+00
1.176713009369957819e+00
1.176766281604854081e+00
1.176806164740505034e+00
1.176808739922906355e+00
1.176726181459814446e+00
1.176725036892619869e+00
1.176794125150538273e+00
1.176522599863558893e+00
1.176688722965242961e+00
1.176715407370720667e+00
1.176432946123475931e+00
1.176421713412426850e+00
1.176571072688318953e+00
1.176439495086019305e+00
1.176491028453433341e+00
1.176222869056410270e+00
1.176291955307385173e+00
1.176158710441972399e+00
1.176266551512242353e+00
1.176177085037098280e+00
1.176148064282399153e+00
1.175960067157650002e+00
1.176120470106839067e+00
1.175904836692457156e+00
1.175876064757205741e+00
1.175910029706311422e+00
1.175863143714349635e+00
1.175751671417091915e+00
1.175787351456092367e+00
1.175621263258168625e+00
1.175650254944384132e+00
1.175777606125511188e+00
1.175586568079459715e+00
1.175827289167307832e+00
1.175513649064452215e+00
1.175376124667516287e+00
1.175460602841147395e+00
1.175574034504754062e+00
1.175332089175968209e+00
1.175498549653345659e+00
1.175380506154576787e+00
1.175233317686387613e+00
1.175171982087855893e+00
1.175263188358928401e+00
1.175269382456173739e+00
1.175220127653909818e+00
1.175109889548192621e+00
1.175199771319708208e+00
1.175081098282421133e+00
1.175161918675898587e+00
1.175187906595363874e+00
1.175140835551572227e+00
1.175105649932906005e+00
1.175057586085618055e+00
1.175027670158049764e+00
1.174998962620479093e+00
1.174919703280715488e+00
1.174782485082941808e+00
1.174760467222236260e+00
1.174641824155647774e+00
1.174828303384674699e+00
1.174566698485405958e+00
1.174587528462042174e+00
1.174347031427859900e+00
1.174520113398564769e+00
1.174395133266552316e+00
1.174461431493947661e+00
1.174338000319682829e+00
1.174370483194813852e+00
1.174441455836844339e+00
1.174315557154864686e+00
1.174410000426651779e+00
1.174168053686903912e+00
1.174382417183500893e+00
1.174317227557446275e+00
1.174123535775174698e+00
1.174192539904014287e+00
1.174149498511893874e+00
1.174178447389712554e+00
1.174084099416728977e+00
1.174101070585846562e+00
1.173996911807408283e+00
1.173856950738207727e+00
1.173966240812020834e+00
1.173812765903351929e+00
1.173863181237424946e+00
1.173836314791280921e+00
1.173764120517678977e+00
1.173972745210005275e+00
1.173706304330355277e+00
1.173658555077330412e+00
1.173668179125656019e+00
1.173753649966553514e+00
1.173597571998080014e+00
1.173729053074906936e+00
1.173542097146398566e+00
1.173570882497342316e+00
1.173695950975941260e+00
1.173436758279222891e+00
1.173447617788019981e+00
1.173493678388743744e+00
1.173514528290855674e+00
1.173388488715727762e+00
1.173325245729169408e+00
1.173223112751127450e+00
1.173340509742013094e+00
1.173186601744823587e+00
1.173116508561471649e+00
1.173202257101198187e+00
1.173227372730762497e+00
1.173124901580736568e+00
1.173119779960240860e+00
1.173184351197878117e+00
1.173118215027967093e+00
1.173023154412136337e+00
1.173061122826355218e+00
1.173074277978969793e+00
1.173107773094675954e+00
1.173067251740416594e+00
1.172817429270045730e+00
1.172974547593388150e+00
1.172955113833234142e+00
1.172590542902841593e+00
1.172693666751638553e+00
1.172709444770723586e+00
1.172654922300628400e+00
1.172769700345432264e+00
1.172703708700280512e+00
1.172625019997558748e+00
1.172546522704504213e+00
1.172607772730609677e+00
1.172602141319760261e+00
1.172607086586809233e+00
1.172528408625280294e+00
1.172383964309586579e+00
1.172491026100195510e+00
1.172357659341750402e+00
1.172349019382210145e+00
1.172430647420916960e+00
1.172235276608286636e+00
1.172276112130059778e+00
1.172090720841037381e+00
1.172269312799317342e+00
1.172139026574466669e+00
1.172193547720142615e+00
1.172118562304810929e+00
1.172144831099489526e+00
1.172087803212852775e+00
1.172079403127159525e+00
1.172083904543070876e+00
1.171872181840554861e+00
1.172034306794944580e+00
1.172000256067989188e+00
1.172041096880668709e+00
1.171781717487888841e+00
1.171921235240478643e+00
1.171732937162303534e+00
1.171558068077529269e+00
1.171723534751665463e+00
1.171740376703019670e+00
1.171649668340227768e+00
1.171549975101138008e+00
1.171669655076222449e+00
1.171471578723245699e+00
1.171387818834355388e+00
1.171520839373878964e+00
1.171449789985206769e+00
1.171344296287459841e+00
1.171378343825882906e+00
1.171266220782856804e+00
1.171329753731953582e+00
1.171342242108686982e+00
1.171480858915627588e+00
1.171288688387279731e+00
1.171142795327950514e+00
1.171159413583647169e+00
1.171284679728782141e+00
1.171047335686898005e+00
1.171169668712034984e+00
1.171035357249335274e+00
1.170985887518136481e+00
1.171170012087235701e+00
1.171109750510193726e+00
1.171004586823949811e+00
1.170878554076975719e+00
1.171022373652216286e+00
1.170943722951152788e+00
1.170795077180846633e+00
1.170832261714829681e+00
1.170768850597238453e+00
1.170811995756054991e+00
1.170664031575763264e+00
1.170675203358872318e+00
1.170653137582113201e+00
1.170682589350039216e+00
1.170590904828814782e+00
1.170548683211915408e+00
1.170629988724887882e+00
1.170537857844166307e+00
1.170588841788750223e+00
1.170513316441005758e+00
1.170579008779228269e+00
1.170422819646825374e+00
1.170489780612330222e+00
1.170367831925785085e+00
1.170491159695925321e+00
1.170395995396917854e+00
1.170373112893618339e+00
1.170359302607904883e+00
1.170241271172021813e+00
1.170307269601024380e+00
1.170420628494181159e+00
1.170310566045420719e+00
1.170198009913163029e+00
1.170101120812668816e+00
1.170098930167637663e+00
1.170143444312666592e+00
1.170169875121158443e+00
1.170104767096143084e+00
1.170048998401169271e+00
1.170130800549799899e+00
1.169990682663353931e+00
1.170005612767452297e+00
1.169913471649794756e+00
1.169905980301221282e+00
1.169959254598969212e+00
1.169793165535584656e+00
1.169822165376811718e+00
1.169904472718908295e+00
1.169960786472252323e+00
1.169856034981964443e+00
1.169791725266788651e+00
1.169710251315106309e+00
1.169825969422450873e+00
1.169816920318255793e+00
1.169760165775687977e+00
1.169773342148543893e+00
1.169787798225490061e+00
1.169621198177239307e+00
1.169592670754475483e+00
1.169663090012776463e+00
1.169664755133265954e+00
1.169634090160419637e+00
1.169724110752783597e+00
1.169526338186891001e+00
1.169554856391580522e+00
1.169482539736363735e+00
1.169479776846538144e+00
1.169569754543280382e+00
1.169487090211799751e+00
1.169512441294438654e+00
1.169311770067695155e+00
