2.824539112450931952e+02
6.207732391643282455e+01
4.844572307499871755e+01
4.157462362753930307e+01
3.698496525112211231e+01
3.335138415931219669e+01
2.984647335892189446e+01
2.596272974765642871e+01
2.121171752825827284e+01
1.560983019542155859e+01
1.033555596724474945e+01
6.395207337886986032e+00
4.583949930016324892e+00
3.915020683552441483e+00
3.592716840646172916e+00
3.374847350644511579e+00
3.200271069177513805e+00
3.054677228275856748e+00
2.930925447706485887e+00
2.827533294327732261e+00
2.738294093057703993e+00
2.660389223288909921e+00
2.589867426993093691e+00
2.525530873167896484e+00
2.466814524185522384e+00
2.412645402356289548e+00
2.363512274714754113e+00
2.318836016154519175e+00
2.277341264742324345e+00
2.240954503435821366e+00
2.210105595720514682e+00
2.183908272059777556e+00
2.160128285101816203e+00
2.138768500268464212e+00
2.119509298238851702e+00
2.101776909244959857e+00
2.085251771678757304e+00
2.069421766800962015e+00
2.054340014741025566e+00
2.039603915876129658e+00
2.026162606951018574e+00
2.013395054355303859e+00
2.000801602162781023e+00
1.988773030242633411e+00
1.976958543879159036e+00
1.965561590687285864e+00
1.954076748343298364e+00
1.943686796953509877e+00
1.933831792192923338e+00
1.924119770677675367e+00
1.914780875749654721e+00
1.905427964358962001e+00
1.896688668742486650e+00
1.887886690383005162e+00
1.879379700996648417e+00
1.871086590233484559e+00
1.862776618369242021e+00
1.854733368447473829e+00
1.846851152488989234e+00
1.839218600226907085e+00
1.831578021182030946e+00
1.824174868838095875e+00
1.816562851720263216e+00
1.809177776249841108e+00
1.801438147008261659e+00
1.794055447364962141e+00
1.786804437269371659e+00
1.779649062244661017e+00
1.772555778336613708e+00
1.765951259388245598e+00
1.759600621792084540e+00
1.753496029295354530e+00
1.747378886883739213e+00
1.741335790245553738e+00
1.735924977220649090e+00
1.730751465827603752e+00
1.725763839198606986e+00
1.720452390280304611e+00
1.715778417639123310e+00
1.711140177015121111e+00
1.706622117333597144e+00
1.701498110366378436e+00
1.692972727058462468e+00
1.683683424403194850e+00
1.674551532030064571e+00
1.666705149887137916e+00
1.659562500607576263e+00
1.653183099649977450e+00
1.647315737607008446e+00
1.642254451155679140e+00
1.637203518040535322e+00
1.632265033248310848e+00
1.627979707020017708e+00
1.623729823435094088e+00
1.619216322427087462e+00
1.614704002861985899e+00
1.610256477210546100e+00
1.606183971367274310e+00
1.602400157578149242e+00
1.598508627803128634e+00
1.594944281583902113e+00
1.591503964195934984e+00
1.588001512754617650e+00
1.584787675844400612e+00
1.581556778720374368e+00
1.578211680384415283e+00
1.575190271005324050e+00
1.570955350853958210e+00
1.567865525732145437e+00
1.564525057138668629e+00
1.561290964345551702e+00
1.557616784657786857e+00
1.554385727237082016e+00
1.551101635453472127e+00
1.548080867991989296e+00
1.544752816698784725e+00
1.542170457625550162e+00
1.538988574297434075e+00
1.536061769128308940e+00
1.532992116010251316e+00
1.530108271879855986e+00
1.527046543775543830e+00
1.524254820830663881e+00
1.521076082981113631e+00
1.518195786188108576e+00
1.515866248428584528e+00
1.512666782588412140e+00
1.510021535987410957e+00
1.506784467972861918e+00
1.504777003781136768e+00
1.501520738574619429e+00
1.499482547031737001e+00
1.496909591927085836e+00
1.494643588100917020e+00
1.491968200508353881e+00
1.489308398538785161e+00
1.487072752998922276e+00
1.484590034422131000e+00
1.482138483007927832e+00
1.479843366850041475e+00
1.477327894246029727e+00
1.475244024974044166e+00
1.472869390449140115e+00
1.470012236969364450e+00
1.467766708670118270e+00
1.465507996500187149e+00
1.463222883314680312e+00
1.461305747757240425e+00
1.459235824716347940e+00
1.457563446114177985e+00
1.455533191366088497e+00
1.453621338215318914e+00
1.451813904072601025e+00
1.450158895637205569e+00
1.447997266065837785e+00
1.445616528944613899e+00
1.443552567650179030e+00
1.441189398063985605e+00
1.439361404232385455e+00
1.437429690299335761e+00
1.435648083322080604e+00
1.433769838604063374e+00
1.432000067466275617e+00
1.430413481538562293e+00
1.428729954393784807e+00
1.427367161036452892e+00
1.425414656014969195e+00
1.424013074243003274e+00
1.422347232626322899e+00
1.420773458716296345e+00
1.419284592399994160e+00
1.417960071554810630e+00
1.416576396749007927e+00
1.415353595694113897e+00
1.413998388147966523e+00
1.412522228975429117e+00
1.411410843135090021e+00
1.410158758634970866e+00
1.409032949803843415e+00
1.407916261611546815e+00
1.406840022485238428e+00
1.405545244045232733e+00
1.404399588761567230e+00
1.403403883440572208e+00
1.402381522732082608e+00
1.401284314560554245e+00
1.400247342572200848e+00
1.399104852545987043e+00
1.398149545574873143e+00
1.396767150336127861e+00
1.395937377750842145e+00
1.394918095461851637e+00
1.393899118561571449e+00
1.393058187966671468e+00
1.392107015860359231e+00
1.391114810640498023e+00
1.390070654532648442e+00
1.389215537597725536e+00
1.388345356148543930e+00
1.387741483425493527e+00
1.386751482083626641e+00
1.385974032837000713e+00
1.385116065536765362e+00
1.384221057299538371e+00
1.383369505223713825e+00
1.382632537269192774e+00
1.381809337502884594e+00
1.381138295269995320e+00
1.380103888704419468e+00
1.379442165100859485e+00
1.378669564489660715e+00
1.377897223787950542e+00
1.377235829528672850e+00
1.376467177391741847e+00
1.375697963613466968e+00
1.375188237649122014e+00
1.374348340306924543e+00
1.373544762691836452e+00
1.372767490839635895e+00
1.372180028834267596e+00
1.371522669449505072e+00
1.370915616223634226e+00
1.370201491377990299e+00
1.369548188611591444e+00
1.368842033006317793e+00
1.368319659645423902e+00
1.367512249601049001e+00
1.366894504500125507e+00
1.366161860979050457e+00
1.365240790907403357e+00
1.364700068625505969e+00
1.363996859474987167e+00
1.363173064167724879e+00
1.362650163269916836e+00
1.361863592557712721e+00
1.361173932945289211e+00
1.360568887857553477e+00
1.359889750921166929e+00
1.359129739846641094e+00
1.358463767683765644e+00
1.357741801680091953e+00
1.357240550048388839e+00
1.356604331279158027e+00
1.356020054369100558e+00
1.355342457741924633e+00
1.354923220655458893e+00
1.354202510183346364e+00
1.353544413656553536e+00
1.352883273539896791e+00
1.352008915231662556e+00
1.351533324786182044e+00
1.351054916847453491e+00
1.350429739410688112e+00
1.349741694409561044e+00
1.349135272982626255e+00
1.348750389876189892e+00
1.348146967309242550e+00
1.347665449322351217e+00
1.347241912051032386e+00
1.346457794557357035e+00
1.345802784750962156e+00
1.345103802101821122e+00
1.344578467192624194e+00
1.344044053703907116e+00
1.343663661446809376e+00
1.343214602790008927e+00
1.342347638823307543e+00
1.341952480430090633e+00
1.340886511992806618e+00
1.340415477881603090e+00
1.339755651293979666e+00
1.339021246365227347e+00
1.338284209858823459e+00
1.337436693596599335e+00
1.336724212044355653e+00
1.336065115010438120e+00
1.335340965561073068e+00
1.334618885969157454e+00
1.333652893898316094e+00
1.333101590920921398e+00
1.332473283996822966e+00
1.331802266208832242e+00
1.331106283884709640e+00
1.330391847020415463e+00
1.330103486107614641e+00
1.329391165023519505e+00
1.328974772814626615e+00
1.328237223090814156e+00
1.327498645661616239e+00
1.326958150529001346e+00
1.326199195217763194e+00
1.325723354219069394e+00
1.325297815272925339e+00
1.324767444847976483e+00
1.324206315851448545e+00
1.323691749046259636e+00
1.323028459515613431e+00
1.322631899141121670e+00
1.322147246329498538e+00
1.321699529220277336e+00
1.321114540285321715e+00
1.320511037096113727e+00
1.320146621724471725e+00
1.319704519562679534e+00
1.319343232130430810e+00
1.318932951482499005e+00
1.318325353865622995e+00
1.318131733693669760e+00
1.317673269357950483e+00
1.317287486638617278e+00
1.316701042076557249e+00
1.316353859565972284e+00
1.315973761957010657e+00
1.315549559906870281e+00
1.314927810856897805e+00
1.314536467150673849e+00
1.314026248299748678e+00
1.313625740552752497e+00
1.313059481958214425e+00
1.312555313620899389e+00
1.312116109720056878e+00
1.311740197020202503e+00
1.311443664795829411e+00
1.310897629317382407e+00
1.310466550509632011e+00
1.309888373779416471e+00
1.309393592736095124e+00
1.308947010933356969e+00
1.308435401309018475e+00
1.307982512651333140e+00
1.307594662245283201e+00
1.306992483305888575e+00
1.306605695359643216e+00
1.306021604219304910e+00
1.305499208026509983e+00
1.304659492986699698e+00
1.304292719272565737e+00
1.303709340883985046e+00
1.303118874169613806e+00
1.302219367311994391e+00
1.301416028624557963e+00
1.300639265504259789e+00
1.300022038676084124e+00
1.299202922596812249e+00
1.298473945581155808e+00
1.297477786081912221e+00
1.296799424022321290e+00
1.295887827079558186e+00
1.295321341492581491e+00
1.294654458849473055e+00
1.294129916955889081e+00
1.293503798511202119e+00
1.292798254118401546e+00
1.292157552177842783e+00
1.291606258940549035e+00
1.291053155773023597e+00
1.290542838126953473e+00
1.290089955644276420e+00
1.289475761700083156e+00
1.288867664643617461e+00
1.288215457355395666e+00
1.287675733272123368e+00
1.287164355086076739e+00
1.286607866749746476e+00
1.286066865648804125e+00
1.285534922442987060e+00
1.284936839684745813e+00
1.284344118607764651e+00
1.283737231428945691e+00
1.283130422887292177e+00
1.282490248555897550e+00
1.281969110483337948e+00
1.281264824982731865e+00
1.280708800916836809e+00
1.280118916825297548e+00
1.279697593816122803e+00
1.278903822654285927e+00
1.278422765210444512e+00
1.277837992682330892e+00
1.277338937160481080e+00
1.276915552002860110e+00
1.276496517690094867e+00
1.276079940875084029e+00
1.275665044346505850e+00
1.275225831305647928e+00
1.274723381149021506e+00
1.274337374747434026e+00
1.274030091971906087e+00
1.273497811339205699e+00
1.273152987434722716e+00
1.272591703662548701e+00
1.272225660246038670e+00
1.271931338903619979e+00
1.271430062152531848e+00
1.270808164846418453e+00
1.270528634493502507e+00
1.270101224743205082e+00
1.269664448631295350e+00
1.269361508394972970e+00
1.268804826764158511e+00
1.268482008279401052e+00
1.267924795071567967e+00
1.267833048634313231e+00
1.267188124185175901e+00
1.266797451532199581e+00
1.266367033632824324e+00
1.265670569338232410e+00
1.265398343922472968e+00
1.265042888324709791e+00
1.264466152922751663e+00
1.264090436418833674e+00
1.263712846275838020e+00
1.263258196339161143e+00
1.262773569014019825e+00
1.262405847876734599e+00
1.261868795863631210e+00
1.261272988337788004e+00
1.260816138869464753e+00
1.260459144771542306e+00
1.260029558235842062e+00
1.259713448137494973e+00
1.259400282400654048e+00
1.258966898686142200e+00
1.258783078861972271e+00
1.258307369292281042e+00
1.257903512648002708e+00
1.257415875599700472e+00
1.256916478850483410e+00
1.256691401208749559e+00
1.256233854137533967e+00
1.255916492506858217e+00
1.255703442959879235e+00
1.255186631074487469e+00
1.254915773150601987e+00
1.254346177669906304e+00
1.254119362706242802e+00
1.253745957919615961e+00
1.253494446222226832e+00
1.253151645918060053e+00
1.252910795920952447e+00
1.252444222208529245e+00
1.252110122397947833e+00
1.251687163863120400e+00
1.251427733141607934e+00
1.250979936211959354e+00
1.250683513474461606e+00
1.250308080610492256e+00
1.250051730380034920e+00
1.249593919108911599e+00
1.249417973526739667e+00
1.248937987406053773e+00
1.248667362240078349e+00
1.248383919791868246e+00
1.247973227706590027e+00
1.247887856717050825e+00
1.247601852383248167e+00
1.247275358571129367e+00
1.246970562963886531e+00
1.246854518501983922e+00
1.246609018866650542e+00
1.246364309670382919e+00
1.246087017991553969e+00
1.245790386904287006e+00
1.245617682492801581e+00
1.245420198059548289e+00
1.245120163553704140e+00
1.244852081837482638e+00
1.244551128813761620e+00
1.244301929919860994e+00
1.244096405798738036e+00
1.243860099434544120e+00
1.243534278668409376e+00
1.243320521540630219e+00
1.242952859939995713e+00
1.242851385891496907e+00
1.242497695288379722e+00
1.242338677561568128e+00
1.242067632047213266e+00
1.241706297747398047e+00
1.241463404888969668e+00
1.241230347621454344e+00
1.241107563723885754e+00
1.240839599891845335e+00
1.240703073507369192e+00
1.240282803486373764e+00
1.240223947778216429e+00
1.239941868512125955e+00
1.239842403301808060e+00
1.239722481824993228e+00
1.239283185554337807e+00
1.239334414848224375e+00
1.239020458916567202e+00
1.238722033973742365e+00
1.238625695169339958e+00
1.238349968483259511e+00
1.238134013990529914e+00
1.237971248138973968e+00
1.237745406149024285e+00
1.237356552260369114e+00
1.237207742785878306e+00
1.237099149787327157e+00
1.236864734143356293e+00
1.236634994712068725e+00
1.236409912645228593e+00
1.236196063714505966e+00
1.235999001124283847e+00
1.235812256404101861e+00
1.235452351177037666e+00
1.235294649281819312e+00
1.235191548398235861e+00
1.234915922198302374e+00
1.234708793623427336e+00
1.234622260610433342e+00
1.234308278707943574e+00
1.234039925208944233e+00
1.233861521468845757e+00
1.233653419121029104e+00
1.233551687539517383e+00
1.233234780966427691e+00
1.233064573088282101e+00
1.232870165873557244e+00
1.232667441591499990e+00
1.232411830866061431e+00
1.232434518396901435e+00
1.232180789140963739e+00
1.232008191380538076e+00
1.231851578728823116e+00
1.231736904750404760e+00
1.231585559614771119e+00
1.231294734911626554e+00
1.231241528604470448e+00
1.231015540377923712e+00
1.230774576010670751e+00
1.230572850171258281e+00
1.230350833836877600e+00
1.230077651042959186e+00
1.230038024243802708e+00
1.229753342385957238e+00
1.229690548992523391e+00
1.229302460958555665e+00
1.229235068001454989e+00
1.228980709520049119e+00
1.228881193275644934e+00
1.228736895530110784e+00
1.228534421775831609e+00
1.228448076088026308e+00
1.228145156603198229e+00
1.228069350893401301e+00
1.228087795316289199e+00
1.227674254887889171e+00
1.227641454491889883e+00
1.227383097988184124e+00
1.227287935269942620e+00
1.227100816427246111e+00
1.226932445693801776e+00
1.226826037360192467e+00
1.226453258400899360e+00
1.226347138770035539e+00
1.226249140684622985e+00
1.226207485060264224e+00
1.225923672201049142e+00
1.225894256958638850e+00
1.225596501951673023e+00
1.225470403482629367e+00
1.225287609525015586e+00
1.225096721348194251e+00
1.224861858777010593e+00
1.224710635484826060e+00
1.224400173338876296e+00
1.224551902980844487e+00
1.224312705377876176e+00
1.224078761982981822e+00
1.224233590287604256e+00
1.224052101722752139e+00
1.223884403560485001e+00
1.223824924275518811e+00
1.223541286268871042e+00
1.223424733869050929e+00
1.223353874404341957e+00
1.223161508374559503e+00
1.223037671709916951e+00
1.222920188631493987e+00
1.222786999036680866e+00
1.222595922854577077e+00
1.222466410161601846e+00
1.222302552598977021e+00
1.222077096929027551e+00
1.221899052432439570e+00
1.221875049341021979e+00
1.221631801585249422e+00
1.221350973561795117e+00
1.221213245016107285e+00
1.220991921899794441e+00
1.220941912976984733e+00
1.220638537054010486e+00
1.220440762373534715e+00
1.220344545734961539e+00
1.220303382840109530e+00
1.220110746876636787e+00
1.219765984002606496e+00
1.219695759054177486e+00
1.219422498361385943e+00
1.219343307756101336e+00
1.219172457053909087e+00
1.218984193928853932e+00
1.218899920017751271e+00
1.218785318539047369e+00
1.218491974610733886e+00
1.218311017460596668e+00
1.218207198739581942e+00
1.218019279890535378e+00
1.217842888108372490e+00
1.217595199369105652e+00
1.217465895974225942e+00
1.217341380197703105e+00
1.217099830334083199e+00
1.216936617152815758e+00
1.216817098985266465e+00
1.216636746172766514e+00
1.216485979958944919e+00
1.216424425966600831e+00
1.216324901444182593e+00
1.216122231067471082e+00
1.216031427253671637e+00
1.216012424538689407e+00
1.215817349771045164e+00
1.215628757140436056e+00
1.215517155321761189e+00
1.215457844521312447e+00
1.215391704688882912e+00
1.215109425299132129e+00
1.215093121637275564e+00
1.214757767200072225e+00
1.214604422402383088e+00
1.214536996276671665e+00
1.214506215618672558e+00
1.214195472215063631e+00
1.214227729602870509e+00
1.214278758087909083e+00
1.213883901222169825e+00
1.214016433396874817e+00
1.213945587807676807e+00
1.213784132062442955e+00
1.213598995182671336e+00
1.213392772833296052e+00
1.213327213241490510e+00
1.213235257961371882e+00
1.213132615573285777e+00
1.212903028316590248e+00
1.212728182253980824e+00
1.212777721414500798e+00
1.212447629592148024e+00
1.212568235087612356e+00
1.212534341382445868e+00
1.212176215136018920e+00
1.212326853448960184e+00
1.211977770249940578e+00
1.212143815263764912e+00
1.211717775871778313e+00
1.211901239282286324e+00
1.211735036203601679e+00
1.211682193513016648e+00
1.211472844562792028e+00
1.211334531711708351e+00
1.211377004100577137e+00
1.211294322594047346e+00
1.211243480201649403e+00
1.210975514982446155e+00
1.210924072707795451e+00
1.210768257708863649e+00
1.210661580745843180e+00
1.210594485173843937e+00
1.210585325388804812e+00
1.210334578181191612e+00
1.210372108368681809e+00
1.210181684039215666e+00
1.210166737302583950e+00
1.210275961841885239e+00
1.209982158998125223e+00
1.210042624957244906e+00
1.209696625548502213e+00
1.209617614173918332e+00
1.209913915263503226e+00
1.209526135572877248e+00
1.209497267674138454e+00
1.209319532603077230e+00
1.209323357744576777e+00
1.209041544210013308e+00
1.209009090390283259e+00
1.208942081869754048e+00
1.208759976124406998e+00
1.208787816456337927e+00
1.208997240654819061e+00
1.208609163841574574e+00
1.208605526306424149e+00
1.208582454655724669e+00
1.208454378700816401e+00
1.208013111446713417e+00
1.208210881225035394e+00
1.208057427731620503e+00
1.207799469638985768e+00
1.207927704357109500e+00
1.207960930984930625e+00
1.207895424936115569e+00
1.207653171751240206e+00
1.207400010057951611e+00
1.207234777070688381e+00
1.207268708038615079e+00
1.207299947823222697e+00
1.207120341995329138e+00
1.206883386180362949e+00
1.206859958378023068e+00
1.206960731066352377e+00
1.206564100525873373e+00
1.206556582504206832e+00
1.206727471241282990e+00
1.206263999289191702e+00
1.206444122259134444e+00
1.206268638213096711e+00
1.205978709560876938e+00
1.205873590885853108e+00
1.206049959203263633e+00
1.205639264576555680e+00
1.205854233406780773e+00
1.205714483156364425e+00
1.205386480740578747e+00
1.205423397275295683e+00
1.205576281774767500e+00
1.205131914150340267e+00
1.205094427673696567e+00
1.205080245658605387e+00
1.205375655915408295e+00
1.204918380546878831e+00
1.204896127023357577e+00
1.204746583302614971e+00
1.204720726901895134e+00
1.204472618760705105e+00
1.204745219424493419e+00
1.204267791278078148e+00
1.204317220520123577e+00
1.204563167506654819e+00
1.204179455302938795e+00
1.204392533691674094e+00
1.204341459797293457e+00
1.203947294116564981e+00
1.203934458919489581e+00
1.203798489323275378e+00
1.203636225637786383e+00
1.203753653836237891e+00
1.203565273605339270e+00
1.203445264553498317e+00
1.203533669184642330e+00
1.203329737058598914e+00
1.203242133926182511e+00
1.203434839463091821e+00
1.203220293356984438e+00
1.203122574093744124e+00
1.203063021220804663e+00
1.203149614942106371e+00
1.202870850001531045e+00
1.202757542880542152e+00
1.202724678360769017e+00
1.202671219117039003e+00
1.202518871171641690e+00
1.202355536370246059e+00
1.202462264528616265e+00
1.202320940788406345e+00
1.202373524559727125e+00
1.202057465226995747e+00
1.202220526252133270e+00
1.202002571441792345e+00
1.201748323791676398e+00
1.201863056169491184e+00
1.201801004950733054e+00
1.201598389034120862e+00
1.201520026385207718e+00
1.201684595974936043e+00
1.201445537210293457e+00
1.201089461254356339e+00
1.201198734927942047e+00
1.201218703805552623e+00
1.200987297677877486e+00
1.201074737404827841e+00
1.200960990331446432e+00
1.200685986874649336e+00
1.200735129531826040e+00
1.200449930177296176e+00
1.200484808471791842e+00
1.200459581699140132e+00
1.200196352884716156e+00
1.200196672913457885e+00
1.200014183509973575e+00
1.200076224197851760e+00
1.199851840696590788e+00
1.199866293251971694e+00
1.199901925834596872e+00
1.200049938592679721e+00
1.199902792066402046e+00
1.199792764613140106e+00
1.199630808770765000e+00
1.199491876363815601e+00
1.199583305478033601e+00
1.199382771019585014e+00
1.199252665039062249e+00
1.199263933893149003e+00
1.199197575110917402e+00
1.199174262320633177e+00
1.198980161154572954e+00
1.199008715808282721e+00
1.198922301313712468e+00
1.198900109050003104e+00
1.198772761268359188e+00
1.198571400723907443e+00
1.198529155310255945e+00
1.198418312969828703e+00
1.198408234434829023e+00
1.198414745105621515e+00
1.198256643881586037e+00
1.198280048623565852e+00
1.198121136510572837e+00
1.197885864662467492e+00
1.198015463571006078e+00
1.197777945430162028e+00
1.197622440015372991e+00
1.197688537581857782e+00
1.197548603970182368e+00
1.197448527487756431e+00
1.197477203688884773e+00
1.197378816224161868e+00
1.197429692075007823e+00
1.197169580371037823e+00
1.197099314073178267e+00
1.197045802941124615e+00
1.197016372590828270e+00
1.196877525890093663e+00
1.196900380515547146e+00
1.196698123112881484e+00
1.196684522526637151e+00
1.196440373416838954e+00
1.196564453394446170e+00
1.196423020978788276e+00
1.196426236896936279e+00
1.196115708601918737e+00
1.196101527643986584e+00
1.195911030256036955e+00
1.195862432599449576e+00
1.195847475953745409e+00
1.195709588327085404e+00
1.195510588857397138e+00
1.195458539616284011e+00
1.195491264264999964e+00
1.195284937604436548e+00
1.195156527457404971e+00
1.195181432902753249e+00
1.195123357592712043e+00
1.195043518011832395e+00
1.194981708275704158e+00
1.194980020722719249e+00
1.194774632322809227e+00
1.194841774310452687e+00
1.194755807092819699e+00
1.194803387715407839e+00
1.194547317399893283e+00
1.194683748463785555e+00
1.194511465604016331e+00
1.194295122446757729e+00
1.194137510417436543e+00
1.194052888707560767e+00
1.193984550979006132e+00
1.193992784104689564e+00
1.193999748511320069e+00
1.193823872379163431e+00
1.193699026133455243e+00
1.193705638172465333e+00
1.193647570958411341e+00
1.193707950977591858e+00
1.193580166938364107e+00
1.193347253395087515e+00
1.193388770214817596e+00
1.193207016683239585e+00
1.193137573263676865e+00
1.193201712033820305e+00
1.193161107028928081e+00
1.192855448290704556e+00
1.192913364544397670e+00
1.192874806464590209e+00
1.192977477116842211e+00
1.192841545172667050e+00
1.192868404167422236e+00
1.192806229573234900e+00
1.192541887784689170e+00
1.192725502112976343e+00
1.192773663233296810e+00
1.192360228765554808e+00
1.192466528544449789e+00
1.192394230474908445e+00
1.192537876222599769e+00
1.192240065448202602e+00
1.192267677004732462e+00
1.192268601614173029e+00
1.192427662716159409e+00
1.192054664841568190e+00
1.192127828841615278e+00
1.191896772363778778e+00
1.191973115270945405e+00
1.191970293358119992e+00
1.191953933960091527e+00
1.191686776406234882e+00
1.191625743158072570e+00
1.191463098192097947e+00
1.191685276940459781e+00
1.191617069737152201e+00
1.191487396535724885e+00
1.191283703004598404e+00
1.191359452767811744e+00
1.191200547513183050e+00
1.191407104687766116e+00
1.191287721709178404e+00
1.191181473392838974e+00
1.191020633669950479e+00
1.191125851375535172e+00
1.191023288267080371e+00
1.190910846620219843e+00
1.190682334414393084e+00
1.190783732599355549e+00
1.190565945240954715e+00
1.190643780440406641e+00
1.190676001426026476e+00
1.190424484058377308e+00
1.190441834336283478e+00
1.190240707897437744e+00
1.190206465266193225e+00
1.190197041530163036e+00
1.190162847987572325e+00
1.189931640706549443e+00
1.190172783450553551e+00
1.189941923275130042e+00
1.189901471827510271e+00
1.189873539359691756e+00
1.189714049062139400e+00
1.189754779038037613e+00
1.189533155427632716e+00
1.189622438019268813e+00
1.189538604880798767e+00
1.189348644120296949e+00
1.189453025958203458e+00
1.189282455283392714e+00
1.189367992331089363e+00
1.189147197738062323e+00
1.189391146628146378e+00
1.189261514084698490e+00
1.189222928506816990e+00
1.189018125631875700e+00
1.189058783098548844e+00
1.188932187340596913e+00
1.189009906969941577e+00
1.188818449675442812e+00
1.188711946413492315e+00
1.188828813710251175e+00
1.188650975067800042e+00
1.188688375102173067e+00
1.188740854951085391e+00
1.188498151463589503e+00
1.188615433594039983e+00
1.188441593432219445e+00
1.188468661979008578e+00
1.188419371133506486e+00
1.188182894487640029e+00
1.188189919325179256e+00
1.188184297991911276e+00
1.187993108603610626e+00
1.188097825014913012e+00
1.187860171198194870e+00
1.187868892678316080e+00
1.187910612059684290e+00
1.187801852606430453e+00
1.187613656945453622e+00
1.187691172170086684e+00
1.187619291086719375e+00
1.187745300766617218e+00
1.187450453639250059e+00
1.187588574280889597e+00
1.187522633518612869e+00
1.187515718304463119e+00
1.187331131895460468e+00
1.187512032523826200e+00
1.187252664443132710e+00
1.187264866224088999e+00
1.187352688446702720e+00
1.187027461744677437e+00
1.187117488088915485e+00
1.187107963583251768e+00
1.187018982102774789e+00
1.187292530166553339e+00
1.186833459553014558e+00
1.186883902194355800e+00
1.186689675022646551e+00
1.187186369695256705e+00
1.186944439598757617e+00
1.186972547372983744e+00
1.186779203268359728e+00
1.186804091751456625e+00
1.186614255372872684e+00
1.186524226024168849e+00
1.186780889799808003e+00
1.186528161936931669e+00
1.186494412751796457e+00
1.186475085382585171e+00
1.186265443529272545e+00
1.186352241670695973e+00
1.186120054557423309e+00
1.186110173606351514e+00
1.186309907858668966e+00
1.186258917954861047e+00
1.186195616472230041e+00
1.185992656745395557e+00
1.186143587839743274e+00
1.186027149020638438e+00
1.185807301867459751e+00
1.185970511588549714e+00
1.185701259194824386e+00
1.185898815914223858e+00
1.185684223247039260e+00
1.185739906244155595e+00
1.185678354832330417e+00
1.185470533569248808e+00
1.185667714855615840e+00
1.185629303094992482e+00
1.185540475670452842e+00
1.185572008408924072e+00
1.185392389337753594e+00
1.185525425780802111e+00
1.185505309056118728e+00
1.185347014614204442e+00
1.185213744503489819e+00
1.185408639847693069e+00
1.185174826538248904e+00
1.185191419748718333e+00
1.185329242986332465e+00
1.185121318609998697e+00
1.185174078252609453e+00
1.185075534096654559e+00
1.184969922513519958e+00
1.185104426295937374e+00
1.184998870461403175e+00
1.185095324510412551e+00
1.184984941276354453e+00
1.185071837102058323e+00
1.184747193275897059e+00
1.184689307285113458e+00
1.184504141871000060e+00
1.184629944151618597e+00
1.184577270186589537e+00
1.184358678218802252e+00
1.184466316964179589e+00
1.184472126867808006e+00
1.184329229334019518e+00
1.184340925162546077e+00
1.184474000477703681e+00
1.184233193359486069e+00
1.184221717500699045e+00
1.184151006284165364e+00
1.184151145992039078e+00
1.184060111199734644e+00
1.184031522313603313e+00
1.184003402390655602e+00
1.184007665646069185e+00
1.184037813781938953e+00
1.183910666228291220e+00
1.183719249789163763e+00
1.183803743534675323e+00
1.183703859672716074e+00
1.183494694551440629e+00
1.183641977369624732e+00
1.183494754592137488e+00
1.183547959058372401e+00
1.183452597400386885e+00
1.183355841751489779e+00
1.183428065919306604e+00
1.183441083343544475e+00
1.183260483076895353e+00
1.183103486502530055e+00
1.183317968236095252e+00
1.183135661273909012e+00
1.183229381843189598e+00
1.183033580792770767e+00
1.183060212362420760e+00
1.182925602809339782e+00
1.182972159987655036e+00
1.182939354816714639e+00
1.182989622098326699e+00
1.182932741330573023e+00
1.182904523848669287e+00
1.182762386918696063e+00
1.182854286016022494e+00
1.182523768353516136e+00
1.182674979865756315e+00
1.182600162857959658e+00
1.182477581908749409e+00
1.182350820744331621e+00
1.182207570835938970e+00
1.182279152121902488e+00
1.182295009655411455e+00
1.182216272034121829e+00
1.182137277399407660e+00
1.181953954439598942e+00
1.182102456373154142e+00
1.181985192844941635e+00
1.181943852536547324e+00
1.181959750040983526e+00
1.181856562209750328e+00
1.181723475489620645e+00
1.181673857210864487e+00
1.181677524616007391e+00
1.181650428060684765e+00
1.181553278467082135e+00
1.181710246275542220e+00
1.181597835172561117e+00
1.181501532465991433e+00
1.181488731888871602e+00
1.181358718050516288e+00
1.181383761186217685e+00
1.181310809694126496e+00
1.181191321852397946e+00
1.181289794108034474e+00
1.181220080656697258e+00
1.181284287432802449e+00
1.181040628767051404e+00
1.181181781480164394e+00
1.181101853797206891e+00
1.181074354536617799e+00
1.180921229350109902e+00
1.180931022720685286e+00
1.180810878199471503e+00
1.180709103936372628e+00
1.180753803763266108e+00
1.180823641293129223e+00
1.180629309057980914e+00
1.180530736510573275e+00
1.180559362054152794e+00
1.180459639393555582e+00
1.180496969977055999e+00
1.180496074722268807e+00
1.180441381278163115e+00
1.180305694786133008e+00
1.180334454100630870e+00
1.180243329836667243e+00
1.180269341054553500e+00
1.180341252233702454e+00
1.180067526414897428e+00
1.180214276637752358e+00
1.180100857748878740e+00
1.180095746665840828e+00
1.180033907216448963e+00
1.180115707069008923e+00
1.179836837357578494e+00
1.179934657425936395e+00
1.179846488487906742e+00
1.179990084293407682e+00
1.179628464046620584e+00
1.179829655427722335e+00
1.179755832357759493e+00
1.179568057475931520e+00
1.179572701265342971e+00
1.179474752104414881e+00
1.179336090686490257e+00
1.179408143194775827e+00
1.179297938058635697e+00
1.179272860685269819e+00
1.179148818452681713e+00
1.179131570429409859e+00
1.179035337013243590e+00
1.178848292886525373e+00
1.179126177752602533e+00
1.178702328659007259e+00
1.178728336388139342e+00
1.178743171065352868e+00
1.178631638680750049e+00
1.178512434464231484e+00
1.178612554393235756e+00
1.178497321578198864e+00
1.178379465262725967e+00
1.178491075384524134e+00
1.178170080557928490e+00
1.178377545834920159e+00
1.178241324030127046e+00
1.178154954273234578e+00
1.178217732640170157e+00
1.178123227795772276e+00
1.177982074402576185e+00
1.178060414095697173e+00
1.177949000550320813e+00
1.178144418705135310e+00
1.177954892766282180e+00
1.177966568625997690e+00
1.177953228955147535e+00
1.177807592649294577e+00
1.177869833036270242e+00
1.177817747807970106e+00
1.177645845541255953e+00
1.177913259674261637e+00
1.177594542253797671e+00
1.177551548122736547e+00
1.177541224082284677e+00
1.177509368022053637e+00
1.177384847306564009e+00
1.177476154000079323e+00
1.177328164285012635e+00
1.177224870683495350e+00
1.177047109835047900e+00
1.177248196078031439e+00
1.177290320432220927e+00
1.177208200770357038e+00
1.176975870337557684e+00
1.176993398485540743e+00
1.176925534686492192e+00
1.176906924665267917e+00
1.176780530426653870e+00
1.176694534666419045e+00
1.176933704715196649e+00
1.176814137883597455e+00
1.176768078027724540e+00
1.176623665492501081e+00
1.176570439455986827e+00
1.176707940176892508e+00
1.176415828375605876e+00
1.176655586820682720e+00
1.176416761780122222e+00
1.176443781901927110e+00
1.176198267223218297e+00
1.176283141619367978e+00
1.176243371999383003e+00
1.175990363582036569e+00
1.176014387621727497e+00
1.176037616563695876e+00
1.175859551091041899e+00
1.175750316927211214e+00
1.175829074163504240e+00
1.175620685345081462e+00
1.175869989237351865e+00
1.175664794268439950e+00
1.175651771329025541e+00
1.175781642628502599e+00
1.175352940959003556e+00
1.175425424390421858e+00
1.175568666147219110e+00
1.175529203805274037e+00
1.175370939964770267e+00
1.175417840107630063e+00
1.175512901245789221e+00
1.175109365664562366e+00
1.175109413563800720e+00
1.175029216693397327e+00
1.175180863821193133e+00
1.174948161130119351e+00
1.175046868111227605e+00
1.174861879197202752e+00
1.174774934129427573e+00
1.174777608400895401e+00
1.174722893843806126e+00
1.174537656548230613e+00
1.174734238044471413e+00
1.174635738116874828e+00
1.174478679891444166e+00
1.174508493277982124e+00
1.174293586473974971e+00
1.174307669959528955e+00
1.174416483676530731e+00
1.174383070311931343e+00
1.174151026287641786e+00
1.174178932976225109e+00
1.174102725255197877e+00
1.174174996641644375e+00
1.174026784987232785e+00
1.174150042048683451e+00
1.174090523808048347e+00
1.173950916416959922e+00
1.173720532191279586e+00
1.173844878855198282e+00
1.173626505681583554e+00
1.173577255615434689e+00
1.173628333339149288e+00
1.173698034163675796e+00
1.173726455623152143e+00
1.173548561321859918e+00
1.173681085486045328e+00
1.173082471006313021e+00
1.173311383938266728e+00
1.173164518847782611e+00
1.173129097977386959e+00
1.173413734087371152e+00
1.172981687718054333e+00
1.173149621563923661e+00
1.173020966093836215e+00
1.172984175818018615e+00
1.172838927081192750e+00
1.173005731309081145e+00
1.172824772011109573e+00
1.172773087020406502e+00
1.172851025639853884e+00
1.172811556790186005e+00
1.172783103685105743e+00
1.172621880186485832e+00
1.172666055887393588e+00
1.172606009389322912e+00
1.172265874152906839e+00
1.172598518407570234e+00
1.172569523887577292e+00
1.172477192607352281e+00
1.172333253648496720e+00
1.172303266828963242e+00
1.172629449614434050e+00
1.172399056836928022e+00
1.172444484390789521e+00
1.172035342945971115e+00
1.172352356423728148e+00
1.172141911483431054e+00
1.172046052489976731e+00
1.172074744859900930e+00
1.172023782972016592e+00
1.171968207989135147e+00
1.171999690983509312e+00
1.172019097907889496e+00
1.171853454481862178e+00
1.171843559143515456e+00
1.171800276273781805e+00
1.171562935876098166e+00
1.171650232557323257e+00
1.171655078975893494e+00
1.171716766701448975e+00
1.171607261950007972e+00
1.171455074309214250e+00
1.171543182582555298e+00
1.171423661585888398e+00
1.171567012026164978e+00
1.171393439594475838e+00
1.171263214900902794e+00
1.171170539506942498e+00
1.171338649782861507e+00
1.171195643826600019e+00
1.171063518006359105e+00
1.171088343607890714e+00
1.171094046207276085e+00
1.170975441676052720e+00
1.171016985663172694e+00
1.171019617092310172e+00
1.170867506604073682e+00
1.171064024392427294e+00
1.170834078133446088e+00
1.170773691720081056e+00
1.170797359861130094e+00
1.170689654372249811e+00
1.170598121127483182e+00
1.170666142990735681e+00
1.170475008968388630e+00
1.170812810542143589e+00
1.170635605045570848e+00
1.170510602960804780e+00
1.170396214485664776e+00
1.170517551762544128e+00
1.170369540992819646e+00
1.170452653455275271e+00
1.170303256226387978e+00
1.170510940711892989e+00
1.170332331489177147e+00
1.170052832301362811e+00
1.170164393323208207e+00
1.170129221614695458e+00
1.170142190820624650e+00
1.170125277123946095e+00
1.169952422609031872e+00
1.169896837541382961e+00
1.170064142291709741e+00
1.169951301491163553e+00
1.170029911741474971e+00
1.169867274998312778e+00
1.169824281905851526e+00
1.169702530734255008e+00
1.169716197782445288e+00
1.169828340280344880e+00
1.169509889509095402e+00
1.169770339577457241e+00
1.169586759456151759e+00
1.169582057938276964e+00
1.169543842340035278e+00
1.169446287464651180e+00
1.169483788904972288e+00
1.169398322581716831e+00
1.169145567777426953e+00
1.169219331254433447e+00
1.169230015738127237e+00
1.169406574234972185e+00
1.169081261180735742e+00
1.169053706008932991e+00
1.169105934835665606e+00
1.169135231146201992e+00
1.169113342756657570e+00
1.169048758388436804e+00
1.168911306232607972e+00
1.169162964209492728e+00
1.168923297882447754e+00
1.168977783671186321e+00
1.168750852083060732e+00
1.168679671825093580e+00
1.168809858628776954e+00
1.168775468082187796e+00
1.168772442412231438e+00
1.168696407318278618e+00
1.168585929660943767e+00
1.168517012011872191e+00
1.168673092613154774e+00
1.168436754090204532e+00
1.168402068766406066e+00
1.168435000079796948e+00
1.168407110711130237e+00
1.168341852228279132e+00
1.168365323979861481e+00
1.168163885862050888e+00
1.168297032752241504e+00
1.168174190479157160e+00
1.168327605714869266e+00
1.168283433533104265e+00
1.168124181809220063e+00
1.168325291188455184e+00
1.167858907847898475e+00
1.167810310578054844e+00
1.167851398263193508e+00
1.167979826662798315e+00
1.167668878730213189e+00
1.167817930037649665e+00
1.167914727839297173e+00
1.167769973896409352e+00
1.167565364765606128e+00
1.167386960773139082e+00
1.167683998480798513e+00
1.167553247406133199e+00
1.167542275562257315e+00
1.167475435912887383e+00
1.167487405795930799e+00
1.167519565653624802e+00
1.167438195803728096e+00
1.167180560768255937e+00
1.167324162001246668e+00
1.167281276304454218e+00
1.167178661581817378e+00
1.167137532534965105e+00
1.167248515874465209e+00
1.167098173462890021e+00
1.166633680208802426e+00
1.167131741626811881e+00
1.166744361227374904e+00
1.167000497287748351e+00
1.166858617861636471e+00
1.166368576549110747e+00
1.166910912291618141e+00
1.166546450551135594e+00
1.166742875957098802e+00
1.166235548263218957e+00
1.166719972132435723e+00
1.166460655859744788e+00
1.166398084808534685e+00
1.166425286166812070e+00
1.166160564134500977e+00
1.166431690365862694e+00
1.166387807539903454e+00
1.166254293588672386e+00
1.166348758047619949e+00
1.166025979393779277e+00
1.166189908648202378e+00
1.165959298447583725e+00
1.165933450960063400e+00
1.166336691139464588e+00
1.165763172521818491e+00
1.165964145468854518e+00
1.165753024962745021e+00
1.165857703040569016e+00
1.165739071291300721e+00
1.165841543723883600e+00
1.165863711608558617e+00
1.165666651830183920e+00
1.165448596325859398e+00
1.165481640879558745e+00
1.165568763996035928e+00
1.165574802833941437e+00
1.165402460650637684e+00
1.165490612582985586e+00
1.165439802322866925e+00
1.165248000383509286e+00
1.165160757940630232e+00
1.165270886439563558e+00
1.165431779163236037e+00
1.165022783606309176e+00
1.165243001003435586e+00
1.165089198277028393e+00
1.165115921650031305e+00
1.164930353847372757e+00
1.165363843200681426e+00
1.165144153307394959e+00
1.164805623941447932e+00
1.165276909289426177e+00
1.164528174481960443e+00
1.165085728195550896e+00
1.164760700829478024e+00
1.165273423235575700e+00
1.164290983560644976e+00
1.164706754990560755e+00
1.164892994845834195e+00
1.164417722325182147e+00
1.164723428145274742e+00
1.164112357164456935e+00
1.164410381264393335e+00
1.164497705331051236e+00
1.164357665897006733e+00
1.164246382638242316e+00
1.164191474074779631e+00
1.164420064946537048e+00
1.164234676127326118e+00
1.164266603201650652e+00
1.164285817718915927e+00
1.164021011475504297e+00
1.164059242687263795e+00
1.163959015986314460e+00
1.164138072379311550e+00
1.164328575354127038e+00
1.163964235502453759e+00
1.163948160062735271e+00
1.164076423272583094e+00
1.164039172374220721e+00
1.163947060285352331e+00
1.163826092368186460e+00
1.164056591604829771e+00
1.163673180928304296e+00
1.163910530194160797e+00
1.163674347800195186e+00
1.163677294568462584e+00
1.163628426580526565e+00
1.163370117828239403e+00
1.163793802702318025e+00
1.163532502622080855e+00
1.163480183752275243e+00
1.163470100439234267e+00
1.163558790091013373e+00
1.163177128480385347e+00
1.163440308772234699e+00
1.163512356870575193e+00
1.163202460715313302e+00
1.163323393073286471e+00
1.163268339349273317e+00
1.163217970443360949e+00
1.163203380276270016e+00
1.163066391743940997e+00
1.163057044981102628e+00
1.162967693423486937e+00
1.163164491821848667e+00
1.162953251555468581e+00
1.162888996429144006e+00
1.162932090327694956e+00
1.162889489403908128e+00
1.162917728678264373e+00
1.162903384357974801e+00
1.162831271547096756e+00
1.162778646932854931e+00
1.162749318725367687e+00
1.162746735472282467e+00
1.162650548451168886e+00
1.162718203902688652e+00
1.162471286335519105e+00
1.162693156499334357e+00
1.162505189155822682e+00
1.162263993326125178e+00
1.162468318327469108e+00
1.162479321653793196e+00
1.162309587961813273e+00
1.162376405923117639e+00
1.162200449557523330e+00
1.162257553197296511e+00
1.162077802313973729e+00
1.162120468395970496e+00
1.161997045332449519e+00
1.162092147260260555e+00
1.161733331438348893e+00
1.162001648705327295e+00
1.161856652584590366e+00
1.161809385843233455e+00
1.161746905059072743e+00
1.161760682703198544e+00
1.161686141314541176e+00
1.161748050913244512e+00
1.161527946975151826e+00
1.161829673149808118e+00
1.161541390139963825e+00
1.161705617604054552e+00
1.161317898029947226e+00
1.161675239254086334e+00
1.161354156516624991e+00
1.161446712044440943e+00
1.161584657401045328e+00
1.161281297878657304e+00
1.161528994982677920e+00
1.161231955976299579e+00
1.161353777138232735e+00
1.161377998393962718e+00
1.161465177553953065e+00
1.160935110652656643e+00
1.161198816152142710e+00
1.161270471361718348e+00
1.161115479629307279e+00
1.161015220609786791e+00
1.161020280817013584e+00
1.160876783277610125e+00
1.161252390652838251e+00
1.160744620406417349e+00
1.161260889027353027e+00
1.160723329211728050e+00
1.160950522260155049e+00
1.160762018808106033e+00
1.160736439036941237e+00
1.160822679907095312e+00
1.160633480448808763e+00
1.160761444117221819e+00
1.160576573880214069e+00
1.160636112389924257e+00
1.160552815548861805e+00
1.160403506938934681e+00
1.160542197286139166e+00
1.160472741172269506e+00
1.160356979841121738e+00
1.160457550819667061e+00
1.160262068746923836e+00
1.160265655099179893e+00
1.160096291784593614e+00
1.160302739948190220e+00
1.160266821860335806e+00
1.160046553149884474e+00
1.160058623497512986e+00
1.159998087554050983e+00
1.159990997131055801e+00
1.159861449116893706e+00
1.160138587274977429e+00
1.159911049698600483e+00
1.159731147499772685e+00
1.159760063834793131e+00
1.159679475106488500e+00
1.159930526189266509e+00
1.159783346594158049e+00
1.159845041712734393e+00
1.159710085761059828e+00
1.159547581825504325e+00
1.159524387450153293e+00
1.159332962763131247e+00
1.159650078112809402e+00
1.159405330915284971e+00
1.159538164239237501e+00
1.159194762656128086e+00
1.159566665818913878e+00
1.159105367204543713e+00
1.159470797681235510e+00
1.159292256440933588e+00
1.159236877913252250e+00
1.159099211508490601e+00
1.159116571393939310e+00
1.159220832489457509e+00
1.158975075063078064e+00
1.159200223972139066e+00
1.158953519174452662e+00
1.159059149898458152e+00
1.159016962607686718e+00
1.158849756776953344e+00
1.158720154842624916e+00
1.158914636211067828e+00
1.158879308353679916e+00
1.158557994117611623e+00
1.158847011477546873e+00
1.158700682812361160e+00
1.158640446454169748e+00
1.158740870109317811e+00
1.158819965122799056e+00
1.158494840752462673e+00
1.158666877636393755e+00
1.158437750913433595e+00
1.158303731843328244e+00
1.158538550455761262e+00
1.158207334948272882e+00
1.158400455244775751e+00
1.158319780581507974e+00
1.158385690086003450e+00
1.158196837602635476e+00
1.158153973234442358e+00
1.158317232238708305e+00
1.158005114153642712e+00
1.158187681147142767e+00
1.157944271853314167e+00
1.158196906801995052e+00
1.157913715829080870e+00
1.157933225195777238e+00
1.158006498948243923e+00
1.157849429105266559e+00
1.157957586523869153e+00
1.157972805200816468e+00
1.157792208396786870e+00
1.157694322632109918e+00
1.157854799924309175e+00
1.157554052999856253e+00
1.157937247457964558e+00
1.157749035365261525e+00
1.157478076629624208e+00
1.157635646448055722e+00
1.157433591715400389e+00
1.157391368294756751e+00
1.157657161441473681e+00
1.157506994789128330e+00
1.157473898133696499e+00
1.157309567661149341e+00
1.157302952828479725e+00
1.157163116191529451e+00
1.157461940019161029e+00
1.157220985363200061e+00
1.157207420623815874e+00
1.157159377024725488e+00
1.156999442041927839e+00
1.157124251134294735e+00
1.157063781567362115e+00
1.157007107295147774e+00
1.156971143256139589e+00
1.157209405283893933e+00
1.156979215335562028e+00
1.156821849843851835e+00
1.157011203129062915e+00
1.157076850616891806e+00
1.157021308397119475e+00
1.156812246894043605e+00
1.156918237147056772e+00
1.156905906403055795e+00
1.156981833651212765e+00
1.157015532061450802e+00
1.156763413594849910e+00
1.156642301342396317e+00
1.156629633666670820e+00
1.156930210982287432e+00
1.156500106393658189e+00
1.156574928465521124e+00
1.156658697181146556e+00
1.156237904509200609e+00
1.156840981909961208e+00
1.156661276853665266e+00
1.156515623363774559e+00
1.156606681768169498e+00
1.156345774017217387e+00
1.156526986464384565e+00
1.156582165085699998e+00
1.156495034887493167e+00
1.156353940037114558e+00
1.156293391144260330e+00
1.156473285602572121e+00
1.156231702221576452e+00
1.156224874948129422e+00
1.156098541505891752e+00
1.156472146595217465e+00
1.156188745848848232e+00
1.156029531215289730e+00
1.156394586745946196e+00
1.156117074141655765e+00
1.155822831795329853e+00
1.156169162832157982e+00
1.156135501967887391e+00
1.156006041795176520e+00
1.155769951106978333e+00
1.156028283819338531e+00
1.156127473043855991e+00
1.155869869608656453e+00
1.155901350646758141e+00
1.155735951185289379e+00
1.155712924960810684e+00
1.155981859210666762e+00
1.155615281771530833e+00
1.155320141992701943e+00
1.155845787741828667e+00
1.155586643891552967e+00
1.155439513907980720e+00
1.155362683056887940e+00
1.155716688244999846e+00
1.155541820960287014e+00
1.155646803576668713e+00
1.155835356495213961e+00
1.155586426532584143e+00
1.155412862971070487e+00
1.155144264451700487e+00
1.155592522063364047e+00
1.155309728412931003e+00
1.155380765126464260e+00
1.155383835478785537e+00
1.155271807200661804e+00
1.155514485210580977e+00
1.155294815291215915e+00
1.155329607467264319e+00
1.155294619266139522e+00
1.155235470598878988e+00
1.154991007871421838e+00
1.155227781770004736e+00
1.155010973787957917e+00
1.154781346806702524e+00
1.155242715068828696e+00
1.154896614091120766e+00
1.155075338023628717e+00
1.155305028039442794e+00
1.155026608744485372e+00
1.154960837415387465e+00
1.155003131698976837e+00
1.155020051133228698e+00
1.154976666765101578e+00
1.154660549037593187e+00
1.154871908051820606e+00
1.154895170227303147e+00
1.154753386828263340e+00
1.155053982770036791e+00
1.154641884507138894e+00
1.155026660398483562e+00
1.154653213204362538e+00
1.155010077466436469e+00
1.154577717584084562e+00
1.154754444633206090e+00
1.154701938008611872e+00
1.154761589038932224e+00
1.154688656224395205e+00
1.154406821418389795e+00
1.154846874944700952e+00
1.154726007756449846e+00
1.154483732813519348e+00
1.154698124749427679e+00
1.154480974152149786e+00
1.154550363936544644e+00
1.154508690453298625e+00
1.154413430568665300e+00
1.154399722893076241e+00
1.154579506182599635e+00
1.154444884546536265e+00
1.154351394909244322e+00
1.154388920580441846e+00
1.154182621307231260e+00
1.154579813883650719e+00
1.154144052649900720e+00
1.153985084478294842e+00
1.154136854159823811e+00
1.154378389202907806e+00
1.154379637155070304e+00
1.154084005991786954e+00
1.154176062631105060e+00
1.154311741918598200e+00
1.153953820826716603e+00
1.153887505439020300e+00
1.154167172004096908e+00
1.153982663465633829e+00
1.154001026040238687e+00
1.154010366462571380e+00
1.153887093693485300e+00
1.153843005750526673e+00
1.153775805328202342e+00
1.153775318181322618e+00
1.154132911543626294e+00
1.153921909451772310e+00
1.153863623898413016e+00
1.153841425131601151e+00
1.154023182979057927e+00
1.153623981499223961e+00
1.153598596118737163e+00
1.153705761022585374e+00
1.153396299116531631e+00
1.153760862714891866e+00
1.153666958740587445e+00
1.153480360771687030e+00
1.153551130106713618e+00
1.153602394918721297e+00
1.153549851410762273e+00
1.153556060191996080e+00
1.153293072003474640e+00
1.153169368485866153e+00
1.153297618740158681e+00
1.153440888736543046e+00
1.153374548560154311e+00
1.153487505379352518e+00
1.153471269013763179e+00
1.153328023947873149e+00
1.153402194039170992e+00
1.153303059225523786e+00
1.153296900299025207e+00
1.153334276738260611e+00
1.153165919211122548e+00
1.152977508276159080e+00
1.153017992692613403e+00
1.152875454799887622e+00
1.153238452390740854e+00
1.153090974675328617e+00
1.153001792589969821e+00
1.153100921015070890e+00
1.152941952202463982e+00
1.153006468642489013e+00
1.152936914663194035e+00
1.153018874648890968e+00
1.153041169141640010e+00
1.152800952484761110e+00
1.152707716373481572e+00
1.152697137085149093e+00
1.152840717619571409e+00
1.152752636231967331e+00
1.152793037940056609e+00
1.152822092686155875e+00
1.152833976787087655e+00
1.152784366709572517e+00
1.152797906689105867e+00
1.152543551194789906e+00
1.152700083407343090e+00
1.152556525044631908e+00
1.152817241395725611e+00
1.152562706614734367e+00
1.152742574384082452e+00
1.152348485600200423e+00
1.152628219304206558e+00
1.152545649939937800e+00
1.152648692224422566e+00
1.152565130660125226e+00
1.152541723847388733e+00
1.152662755131743655e+00
1.152523747743606997e+00
1.152420585718941126e+00
1.152590110489094988e+00
1.152388674020466519e+00
1.152395578711143953e+00
1.152281917172632397e+00
1.152278463577013801e+00
1.152230517073956406e+00
1.152332839603789294e+00
1.152373329056815665e+00
1.152396258616268154e+00
1.152293187704085620e+00
1.152489866363229476e+00
1.152330543450951872e+00
1.152502980123298881e+00
1.152301874511930668e+00
1.152540375207758760e+00
1.152350401773310384e+00
1.152312383266769436e+00
1.152281255621104838e+00
1.152294305344606418e+00
1.152007778995581155e+00
1.152240015587554955e+00
1.152177444159482089e+00
1.152164289280587672e+00
1.152051730332862123e+00
1.152091253440343577e+00
1.152182762027957663e+00
1.152050737146355086e+00
1.152052135724630499e+00
1.152034701287777407e+00
1.152098809524262801e+00
1.152064566493045783e+00
1.151960396905305828e+00
1.152048697911840947e+00
1.151986763735991071e+00
1.151937069066307773e+00
1.152013103627398616e+00
1.151851078364491743e+00
1.152088727945648428e+00
1.151892576184278205e+00
1.151782790727346573e+00
1.151918927552530336e+00
1.151557028081780398e+00
1.151865683030456777e+00
1.151581944156855997e+00
1.151714129638878426e+00
1.151593974733924108e+00
1.151771378567782333e+00
1.151630199772733176e+00
1.151590828693123791e+00
1.151364827856580897e+00
1.151271835710922398e+00
1.151400719397112526e+00
1.151599504845513877e+00
1.151252292545825062e+00
1.151475480800637108e+00
1.151504665634599078e+00
1.151366431051634054e+00
1.151407930632667664e+00
1.151363901627655340e+00
1.151453107347491178e+00
1.151314645766941647e+00
1.151218487211313368e+00
1.151580773149929682e+00
1.151160974041866014e+00
1.151050239504694206e+00
1.151337707583290459e+00
1.151142650156938840e+00
1.150957474532944502e+00
1.151240142002420308e+00
1.150953135041627107e+00
1.151162686421273174e+00
1.151035554344016720e+00
1.150902351267500512e+00
1.150986765613573048e+00
1.150950073720621303e+00
1.150936148900250311e+00
1.150994242098041909e+00
1.151124216156752089e+00
1.151097232396804282e+00
1.150694268890051220e+00
1.150928424638531622e+00
1.150819684814316401e+00
1.150885034269283347e+00
1.150533278944495530e+00
1.150722598126058704e+00
1.150719998483719309e+00
1.150557744587374698e+00
1.150672680026588290e+00
1.150785620307638757e+00
1.150638809510888594e+00
1.150771035856186453e+00
1.150616257204064352e+00
1.150495951584622700e+00
1.150568557580525342e+00
1.150524440923205383e+00
1.150367946398489938e+00
1.150579251826457039e+00
1.150689192253340210e+00
1.150488716747340545e+00
1.150374035005415907e+00
1.150510041202976508e+00
1.150601247617401901e+00
1.150378491971687511e+00
1.150504222280782640e+00
1.150160097368899903e+00
1.150169522561284241e+00
1.150485359886254999e+00
1.150207235144861118e+00
1.150139156157175435e+00
1.150199358712254982e+00
1.150337380635957807e+00
1.150315298254285912e+00
1.150112167374297778e+00
1.150282932266978086e+00
1.150011193161655676e+00
1.150161263725436811e+00
1.150112464369961840e+00
1.150190639479486299e+00
1.150131569810097343e+00
1.150028867341747807e+00
1.149949394083842558e+00
1.150077725654100602e+00
1.149888057975095856e+00
1.149884052302073245e+00
