3.506912212310158452e+02
6.659889063912943641e+01
5.153893873283841032e+01
4.300093871279474200e+01
3.788984427130145605e+01
3.392821053296966483e+01
2.943029743980980939e+01
2.401053484190989806e+01
1.758495286646662592e+01
1.022828965740426277e+01
5.666932613859717804e+00
4.233679797734098749e+00
3.724221782203568143e+00
3.423267193608536374e+00
3.201816632432166632e+00
3.025022628018696480e+00
2.880909143623196389e+00
2.758454431129024442e+00
2.650873776517945313e+00
2.552867854512474555e+00
2.464564573817256132e+00
2.386319653185299483e+00
2.316963542671123477e+00
2.254448032048518513e+00
2.200561748892952085e+00
2.152397803358925277e+00
2.109094028662344744e+00
2.068615269699615400e+00
2.031282309417614229e+00
1.998277966102608660e+00
1.966776257763829472e+00
1.937348787141708550e+00
1.910916246599694945e+00
1.885795457103110806e+00
1.861702412214832458e+00
1.838478397600694869e+00
1.815315897563390735e+00
1.792097938450371020e+00
1.766992868736740219e+00
1.743169760862059769e+00
1.722502726301842868e+00
1.703060545131606318e+00
1.684957930017752181e+00
1.668416266693689920e+00
1.653972244362385657e+00
1.640066939579464700e+00
1.626772483790414725e+00
1.614301691881703915e+00
1.603443813717909672e+00
1.593503384285492208e+00
1.584288909476718521e+00
1.575224973366669223e+00
1.566790347520882198e+00
1.558935149134047071e+00
1.551733055365141389e+00
1.544331015979038879e+00
1.537165470720195382e+00
1.530792349820185416e+00
1.524229677206363709e+00
1.517840656368378172e+00
1.512024959735960072e+00
1.506520345823030071e+00
1.501445360131856033e+00
1.496603861790635426e+00
1.491962775296604704e+00
1.487666659250000079e+00
1.483588231631003174e+00
1.479373774074323356e+00
1.475335398103569284e+00
1.471161183609913436e+00
1.467643002641348060e+00
1.463710814390291270e+00
1.459399478520640336e+00
1.455063890007946226e+00
1.451453056316452050e+00
1.447634150055368663e+00
1.444156986878989635e+00
1.441096552160670008e+00
1.437837791213643301e+00
1.434589729188177509e+00
1.431664349728141383e+00
1.428955195997831495e+00
1.426445509949006540e+00
1.424200545291416597e+00
1.421879161663858859e+00
1.419749526262592765e+00
1.417658401821172864e+00
1.415626553809409716e+00
1.413692606390640094e+00
1.411988374627334286e+00
1.410353297709121101e+00
1.408661788088820144e+00
1.407231098412941472e+00
1.405741290346052885e+00
1.404092370830963388e+00
1.402650407872222837e+00
1.401010186177235939e+00
1.399704759700662438e+00
1.398219609869675750e+00
1.396497968028391101e+00
1.395080910856265843e+00
1.393521363183849227e+00
1.391944244548502851e+00
1.390594704801237258e+00
1.389244981927609812e+00
1.387814561374439926e+00
1.386479197023150922e+00
1.385223426506630995e+00
1.383911092098752960e+00
1.382633962555234186e+00
1.381339861149997406e+00
1.380027610886881861e+00
1.378589926727421755e+00
1.377360448771734802e+00
1.376120678810254683e+00
1.374809742521867273e+00
1.373484617367723315e+00
1.372271994376240478e+00
1.371030458895942994e+00
1.369594249942160280e+00
1.368172372448768215e+00
1.366746824832494100e+00
1.365361206378602255e+00
1.363822000247004951e+00
1.362720644930429215e+00
1.361265461864405557e+00
1.359979178590937421e+00
1.358758358630366425e+00
1.357518880104128911e+00
1.356361275880000550e+00
1.354971246023771281e+00
1.353972992275480403e+00
1.352627757946785136e+00
1.351364725184539317e+00
1.349878767758734277e+00
1.348741285925049604e+00
1.347424231480332191e+00
1.346095813787467455e+00
1.344938533692092930e+00
1.343469592906611831e+00
1.342223534860336187e+00
1.340908957299069115e+00
1.339741607534299606e+00
1.338524149450301293e+00
1.337208185031085739e+00
1.335955526965640239e+00
1.334653078405521498e+00
1.333488911612424666e+00
1.332182500205149944e+00
1.330712789139864016e+00
1.329382089820878354e+00
1.328013638889120829e+00
1.326518908139644237e+00
1.325004510730132035e+00
1.323735361467979432e+00
1.322563027519059853e+00
1.321264195153768251e+00
1.320046491128654909e+00
1.318984778208303510e+00
1.317770150343832603e+00
1.316652545482938974e+00
1.315384623203372128e+00
1.314242134719157296e+00
1.313195741655735604e+00
1.311934793165812074e+00
1.310823181664121595e+00
1.309660037234196883e+00
1.308484799765688544e+00
1.307561419026782579e+00
1.306505028945996738e+00
1.305463235397082533e+00
1.304480777880360653e+00
1.303440680307476063e+00
1.302331074156834800e+00
1.301422096856298838e+00
1.300594771603418076e+00
1.299594083426052871e+00
1.298598419405196047e+00
1.297802952591246450e+00
1.296676470732172959e+00
1.295425954757293718e+00
1.294390933985514636e+00
1.293459049797686333e+00
1.292374579418132052e+00
1.291366595117655836e+00
1.290314527960826352e+00
1.289243794064294457e+00
1.288168035256415989e+00
1.287159736018429923e+00
1.286211766220888064e+00
1.285218023500521944e+00
1.284185098467161446e+00
1.283146111764230435e+00
1.282211143519895291e+00
1.281405817317094131e+00
1.280550921557354949e+00
1.279714034765455200e+00
1.278899324088177858e+00
1.278000346158747691e+00
1.277285799274499700e+00
1.276583524222552724e+00
1.275677486357604584e+00
1.274890458197076359e+00
1.274147891118702303e+00
1.273245019338674400e+00
1.272506570685471239e+00
1.271653105604178657e+00
1.270874534360399322e+00
1.270178629011738058e+00
1.269456513558486765e+00
1.268650682408996921e+00
1.268072022134324905e+00
1.267311499403463104e+00
1.266463375743270392e+00
1.266037632211560071e+00
1.265351087195460522e+00
1.264500371866651873e+00
1.264042673967765706e+00
1.263349674089994545e+00
1.262838974054627750e+00
1.262281486323324486e+00
1.261565450384554588e+00
1.261229235483088074e+00
1.260615937634213202e+00
1.260004779178429457e+00
1.259479575881230717e+00
1.259015280350976651e+00
1.258300971189683759e+00
1.257710168719540667e+00
1.257065725749904717e+00
1.256418386589537306e+00
1.255850326548776374e+00
1.255295690611013759e+00
1.254646744764700506e+00
1.254158656405047312e+00
1.253558512327579200e+00
1.253055008318277430e+00
1.252447707474017902e+00
1.252052838015655700e+00
1.251503972922223928e+00
1.251159023645608270e+00
1.250610498809459292e+00
1.250171182445199980e+00
1.249760255624689620e+00
1.249394561799677783e+00
1.248985724639226191e+00
1.248528027389163908e+00
1.248166812229684952e+00
1.247678774976616944e+00
1.247285301031264781e+00
1.246852025474117331e+00
1.246469479030910321e+00
1.246038593834143837e+00
1.245497947448420906e+00
1.244979909040317079e+00
1.244517177055982859e+00
1.244145813005045786e+00
1.243705536643333609e+00
1.243343842534380128e+00
1.242871086464918173e+00
1.242705527330054238e+00
1.242255103963822771e+00
1.241928140771199063e+00
1.241430977436003280e+00
1.241481502207705256e+00
1.241098925599963154e+00
1.240625979211883001e+00
1.240394632006809550e+00
1.240100354150888373e+00
1.239792450520359024e+00
1.239551353896550800e+00
1.239192677179102198e+00
1.238851193566706810e+00
1.238625653781013858e+00
1.238299187783487021e+00
1.237989327668200135e+00
1.237647527186946261e+00
1.237392127280287690e+00
1.237068238304916079e+00
1.236886455327124823e+00
1.236459461614283439e+00
1.236293859876150592e+00
1.235939580700587515e+00
1.235769446860905285e+00
1.235387891845304287e+00
1.235257451878541746e+00
1.234803103263814483e+00
1.234530318856409847e+00
1.234010777469522813e+00
1.233688310465269833e+00
1.233369015201281949e+00
1.232979082525782033e+00
1.232616611876354407e+00
1.232227103833105630e+00
1.232113843316540613e+00
1.231805958362448328e+00
1.231425240347000072e+00
1.231249769432680274e+00
1.230713697255942041e+00
1.230400932553086024e+00
1.230057353005196141e+00
1.229765819130554272e+00
1.229461956818428625e+00
1.229186185564348444e+00
1.228798152465856663e+00
1.228449402658249090e+00
1.228077999221251382e+00
1.227925328941412930e+00
1.227242620917562421e+00
1.226795981710850691e+00
1.226512769146655080e+00
1.226129585096825902e+00
1.225777004707953699e+00
1.225642570268079767e+00
1.225013349217685121e+00
1.224719255505947402e+00
1.224316798766732717e+00
1.223997570677248126e+00
1.223468722787434571e+00
1.223354902478266171e+00
1.222929334027411885e+00
1.222582816927934912e+00
1.222292561407717360e+00
1.221862629886845353e+00
1.221510307401093787e+00
1.221382188367660326e+00
1.220907980841972273e+00
1.220727841896783739e+00
1.220323180767099558e+00
1.220005825454675508e+00
1.219551823734576379e+00
1.219418513740960330e+00
1.218921712497198051e+00
1.218755872063589818e+00
1.218331899230043147e+00
1.218097085660605705e+00
1.217780568659190044e+00
1.217670332558924873e+00
1.217146493747387259e+00
1.216954783877851831e+00
1.216355315867576614e+00
1.216274105887400703e+00
1.215764529383977832e+00
1.215593301854347219e+00
1.215241406280385350e+00
1.214986014286390414e+00
1.214730469563501503e+00
1.214517497101981425e+00
1.214009544258835449e+00
1.213852666476317399e+00
1.213557641274267462e+00
1.213309024006849812e+00
1.212991019725249364e+00
1.212626666005686582e+00
1.212340001848733140e+00
1.212058785773473479e+00
1.211743720063273022e+00
1.211552385585569214e+00
1.211271259122800981e+00
1.211045056260320552e+00
1.210816199421490325e+00
1.210386421883686614e+00
1.210214881228737882e+00
1.210023733673901702e+00
1.209780443780138492e+00
1.209519115898780584e+00
1.209361643344460058e+00
1.209092196360704419e+00
1.208604114841543620e+00
1.208509578922317251e+00
1.208385153174075910e+00
1.208104414062213916e+00
1.207782690330523545e+00
1.207573903298029050e+00
1.207316348413401963e+00
1.207115072332920258e+00
1.206814878896499410e+00
1.206513970212575559e+00
1.206310567098396680e+00
1.206218064086447717e+00
1.205977293706705478e+00
1.205791203831765523e+00
1.205526711236210913e+00
1.205142896627005245e+00
1.204916707716903623e+00
1.204927886858641495e+00
1.204693452450300351e+00
1.204355350106258715e+00
1.204004491201288829e+00
1.203928897645817120e+00
1.203576667713731618e+00
1.203335548742260341e+00
1.203098425930070992e+00
1.202703334190950546e+00
1.202777897217782943e+00
1.202127552425017454e+00
1.202242716687883961e+00
1.202098075490875884e+00
1.201816576950377469e+00
1.201495090916629538e+00
1.201267407265582232e+00
1.201015577844930959e+00
1.200966069786203905e+00
1.200622461081147119e+00
1.200410082825923874e+00
1.200300528425249036e+00
1.199929697506376014e+00
1.199811776427384125e+00
1.199574261665927288e+00
1.199329695282405295e+00
1.199155270906069992e+00
1.198990697899221969e+00
1.198800431076732398e+00
1.198496334828419885e+00
1.198246814508245661e+00
1.198055576184424265e+00
1.198067733325238082e+00
1.197549813001442365e+00
1.197524300479639869e+00
1.197102174508182681e+00
1.196992023984043252e+00
1.196623074038119627e+00
1.196750027529954297e+00
1.196430267142104986e+00
1.196091166916332105e+00
1.195958177831198732e+00
1.195756990860869617e+00
1.195370532430335198e+00
1.195298460248924277e+00
1.195052454400721498e+00
1.194861833101983573e+00
1.194659127760698825e+00
1.194508457903086240e+00
1.194322148286011354e+00
1.194156093498214277e+00
1.193947324079904559e+00
1.193861910515190417e+00
1.193685818278637845e+00
1.193575340359586789e+00
1.193365981939394027e+00
1.193229897329181721e+00
1.192995103119937728e+00
1.192770637950181456e+00
1.192815957479332889e+00
1.192476011152493021e+00
1.192510741434786858e+00
1.192171118238829708e+00
1.192213840649736234e+00
1.192034057971707028e+00
1.191938815700041010e+00
1.191717401205599769e+00
1.191533912262102701e+00
1.191418167740065481e+00
1.191236781834479563e+00
1.191161186659990712e+00
1.190930464502732100e+00
1.190855654371783201e+00
1.190639095387671320e+00
1.190605829434377538e+00
1.190455308831021020e+00
1.190287985020239914e+00
1.190154444981703863e+00
1.189931001501583596e+00
1.189816781006446833e+00
1.189752566672914735e+00
1.189442597530576462e+00
1.189311331102234304e+00
1.189260424632623492e+00
1.188983927095047077e+00
1.188877217452502189e+00
1.188777864297051456e+00
1.188550480654621211e+00
1.188336162964128695e+00
1.188454351011368315e+00
1.188150280407018089e+00
1.188033051194124168e+00
1.187845079650017954e+00
1.187745550849847564e+00
1.187701391205961743e+00
1.187476337006677429e+00
1.187321669182315187e+00
1.187211688591220726e+00
1.187053586598160182e+00
1.186734195060105579e+00
1.186811105188517734e+00
1.186555335409280598e+00
1.186333215996135726e+00
1.186233224892506266e+00
1.186243706918459928e+00
1.186016488565033056e+00
1.185932624723765150e+00
1.185756073710242386e+00
1.185592862576631656e+00
1.185530589883478259e+00
1.185351062470483052e+00
1.185350181769606603e+00
1.185117688604070851e+00
1.185128397666077582e+00
1.184916327592343110e+00
1.184863919458989612e+00
1.184834183085817561e+00
1.184557868840536710e+00
1.184543731490180329e+00
1.184368420562367019e+00
1.184314038149736792e+00
1.184120403587327397e+00
1.184130566605628099e+00
1.183946457364683180e+00
1.183871745509632145e+00
1.183597600949692241e+00
1.183639344769887858e+00
1.183378760183797285e+00
1.183416693571695211e+00
1.183057778731497978e+00
1.183005650809356046e+00
1.182893343253684115e+00
1.182748809036993753e+00
1.182573808328245768e+00
1.182504147074390666e+00
1.182406201965181536e+00
1.182325605467666518e+00
1.182138802977739767e+00
1.182156315167039340e+00
1.181924257706801429e+00
1.181944333464013397e+00
1.181852164605131650e+00
1.181644745078193504e+00
1.181634710855868464e+00
1.181429037841131846e+00
1.181461559463867550e+00
1.181315829081756030e+00
1.181198776090099711e+00
1.181074589268612529e+00
1.180936056046509197e+00
1.180900158411879897e+00
1.180830498857749378e+00
1.180680698899906345e+00
1.180661461584696426e+00
1.180530111982971642e+00
1.180320810005366594e+00
1.180316907242660029e+00
1.180105957541909278e+00
1.180078073135248928e+00
1.179990804753810796e+00
1.179957080372179723e+00
1.179775282950170201e+00
1.179677277169087768e+00
1.179643044403387853e+00
1.179523105890164514e+00
1.179403501783570452e+00
1.179330433133546352e+00
1.179175111476118865e+00
1.179046555025818677e+00
1.179027660518189302e+00
1.178879262529077154e+00
1.178824082330752754e+00
1.178710666738933099e+00
1.178686689211918326e+00
1.178548373223001766e+00
1.178569809230322507e+00
1.178466181180133798e+00
1.178468684266180011e+00
1.178273323323441923e+00
1.178192389524883810e+00
1.178090854402636722e+00
1.177970610941438290e+00
1.177967511946153012e+00
1.177882974150450623e+00
1.177755304106852252e+00
1.177744401547959674e+00
1.177666970469994911e+00
1.177614351325638964e+00
1.177598426780542828e+00
1.177452799766954827e+00
1.177337368598649237e+00
1.177376237233255241e+00
1.177241346454785953e+00
1.177330164746147823e+00
1.177010159943115530e+00
1.177038969241183120e+00
1.176954025624932898e+00
1.176869842262807442e+00
1.176811754922726383e+00
1.176689113976058909e+00
1.176713198823709394e+00
1.176562193445330307e+00
1.176497242871855420e+00
1.176376109497860867e+00
1.176442420703921909e+00
1.176274462763456929e+00
1.176075262556963041e+00
1.176086345431241353e+00
1.175987802701164098e+00
1.175936032283916521e+00
1.175861940571906628e+00
1.175803626961983150e+00
1.175494759352610163e+00
1.175648164048343602e+00
1.175530135560069578e+00
1.175494296305606978e+00
1.175382430282796209e+00
1.175338283878936574e+00
1.175100921985686719e+00
1.175052724857505559e+00
1.175193072389002058e+00
1.174749089658640777e+00
1.174878432132968387e+00
1.174705363972766703e+00
1.174861811983133553e+00
1.174655106173550179e+00
1.174711004946946469e+00
1.174408472717040963e+00
1.174385692955751237e+00
1.174123769437322107e+00
1.174222349380084518e+00
1.174234616365500417e+00
1.173964468740992251e+00
1.174041659701803964e+00
1.173710487091196297e+00
1.173773307287859557e+00
1.173714159520913292e+00
1.173571490196079870e+00
1.173650254762498513e+00
1.173364605443943054e+00
1.173354535856324876e+00
1.173305453224548378e+00
1.173205892820055274e+00
1.173093918616829878e+00
1.172968096055018394e+00
1.173127957583298686e+00
1.172954836589910288e+00
1.172980199034692639e+00
1.172701777484209895e+00
1.172712324927831506e+00
1.172815716517018325e+00
1.172596665430534424e+00
1.172474963669874803e+00
1.172494920990077238e+00
1.172322225162131692e+00
1.172241625069871951e+00
1.172306013887304710e+00
1.172172011738418229e+00
1.172098919511336268e+00
1.171956785411559787e+00
1.171942178453184491e+00
1.171937468962185092e+00
1.171821677406925000e+00
1.171763629536704654e+00
1.171371618311148000e+00
1.171428932121888922e+00
1.171547954262273317e+00
1.171374859241196775e+00
1.171305337866967111e+00
1.171256168142656984e+00
1.171158861794931116e+00
1.171048425870407916e+00
1.170851585883253554e+00
1.171038227541805643e+00
1.170681759588716675e+00
1.170720703652177175e+00
1.170722849861411285e+00
1.170524577940920796e+00
1.170506460921263647e+00
1.170402923413463414e+00
1.170307080262855015e+00
1.170435049374852987e+00
1.170239724212003507e+00
1.170280908873985837e+00
1.170137939327794863e+00
1.169999401571133690e+00
1.170036156166228469e+00
1.170002878691150272e+00
1.169884064197768359e+00
1.169868901015470364e+00
1.169695349444478838e+00
1.169802535515230613e+00
1.169542814548335530e+00
1.169558850224209356e+00
1.169526545908497583e+00
1.169488193578880120e+00
1.169355614724178372e+00
1.169375334851306514e+00
1.169255092801604112e+00
1.169074390909006445e+00
1.169261318703622932e+00
1.169085874301911687e+00
1.168980411349762161e+00
1.169006402493419250e+00
1.168863658825382457e+00
1.168709665183176094e+00
1.168629162789031728e+00
1.168681082398909110e+00
1.168605340072936150e+00
1.168519947258156000e+00
1.168416418483955388e+00
1.168274871615019306e+00
1.168252199572082262e+00
1.168107055520701598e+00
1.168268545569795647e+00
1.168017035632295864e+00
1.168058984040023951e+00
1.167983574995444140e+00
1.167804961704856925e+00
1.167804219047887004e+00
1.167723262898654690e+00
1.167702268658778575e+00
1.167587895103570306e+00
1.167544204817989817e+00
1.167545809204728835e+00
1.167500032405423882e+00
1.167264077494060581e+00
1.167392416374634978e+00
1.167124509437020619e+00
1.167264312624116229e+00
1.167125458840715391e+00
1.167173871525558626e+00
1.166991406170796663e+00
1.166826893641092155e+00
1.166772532424050546e+00
1.166815272081374033e+00
1.166691244045844345e+00
1.166601860135923152e+00
1.166388458414022278e+00
1.166392145761147026e+00
1.166427192635015597e+00
1.166239559907625845e+00
1.166228996373087190e+00
1.166287470168866136e+00
1.166172298903248583e+00
1.165960881596266985e+00
1.165909333312373564e+00
1.165920371928063970e+00
1.165893957483093324e+00
1.165738372119207833e+00
1.165723164795085198e+00
1.165688587596442671e+00
1.165511195860953642e+00
1.165528483218396749e+00
1.165490780624449885e+00
1.165414023072154803e+00
1.165371071833752437e+00
1.165251945199531791e+00
1.165109581395194160e+00
1.165120496187027621e+00
1.165045031699743827e+00
1.165004520633303953e+00
1.165076018798380408e+00
1.164908109416814996e+00
1.164812939084338472e+00
1.164643546360092374e+00
1.164719126796519566e+00
1.164752499434674959e+00
1.164513614977304767e+00
1.164576860133352376e+00
1.164424930481693155e+00
1.164503665104117847e+00
1.164430051297371094e+00
1.164178848541084887e+00
1.164163147087235783e+00
1.164115247483436866e+00
1.164062170322978984e+00
1.164273345458235021e+00
1.164053416248289841e+00
1.163920776710020144e+00
1.163947104798292553e+00
1.163875482059913979e+00
1.163865573860421110e+00
1.163801845235666654e+00
1.163731906456098031e+00
1.163672164824507860e+00
1.163646680143880507e+00
1.163537207599979917e+00
1.163523898859930350e+00
1.163479328718395989e+00
1.163434550628416941e+00
1.163477726016475478e+00
1.163355971197324701e+00
1.163280940330808644e+00
1.163336537856824560e+00
1.163176575931070156e+00
1.163144328483492584e+00
1.163262658875624078e+00
1.163000278966622725e+00
1.162999091444988142e+00
1.162949217823997516e+00
1.162904304687563117e+00
1.162803505786951686e+00
1.162797200642702089e+00
1.162704788420160007e+00
1.162658388874350912e+00
1.162562195794093478e+00
1.162535679105048958e+00
1.162493966527323952e+00
1.162472802592118271e+00
1.162456729415102918e+00
1.162354536886062384e+00
1.162304913051487310e+00
1.162235184890570538e+00
1.162242115215918803e+00
1.162142195969604996e+00
1.162120337190927666e+00
1.162013256837886255e+00
1.162071384538653662e+00
1.161987530706317440e+00
1.161957073644575678e+00
1.162016702087323550e+00
1.161902615308392228e+00
1.161777222498403317e+00
1.161601564629351602e+00
1.161621536882311734e+00
1.161768448687933608e+00
1.161624227063017489e+00
1.161482034907554750e+00
1.161509392998001156e+00
1.161361987081202862e+00
1.161237851195587423e+00
1.161301917885941393e+00
1.161180156945750719e+00
1.161125807781992814e+00
1.161205829228319164e+00
1.161052467190986759e+00
1.161077122657984573e+00
1.160949178441239793e+00
1.161034635505570067e+00
1.160870439952141897e+00
1.160819121126121178e+00
1.160747797881519716e+00
1.160718808709077621e+00
1.160707226522600832e+00
1.160683505792477810e+00
1.160651761137595495e+00
1.160581769942426567e+00
1.160498162156851309e+00
1.160404228442615704e+00
1.160367333870413464e+00
1.160303514973246797e+00
1.160293871216554917e+00
1.160314465454600930e+00
1.160080463585453581e+00
1.160220048768220380e+00
1.160140505540698141e+00
1.160205206683045942e+00
1.160195517892380401e+00
1.159938379183749202e+00
1.159958036088500899e+00
1.159905864262642083e+00
1.159730967428523885e+00
1.159626284350243175e+00
1.159673755122085703e+00
1.159724044906769169e+00
1.159543530268998701e+00
1.159489105517031104e+00
1.159326691840735224e+00
1.159346513618362051e+00
1.159417418812635159e+00
1.159328277917315964e+00
1.159399285933176982e+00
1.159271123384892244e+00
1.159135202516250684e+00
1.159104390075109681e+00
1.159073915979599967e+00
1.159159894061512208e+00
1.158916849258000203e+00
1.158902755037990895e+00
1.158846717515113367e+00
1.158766441489693655e+00
1.158771989604584052e+00
1.158750258885624662e+00
1.158677592292659764e+00
1.158565571301601871e+00
1.158622195421677992e+00
1.158585862521074095e+00
1.158412661069544880e+00
1.158415461543222280e+00
1.158307676659967145e+00
1.158297754890392994e+00
1.158352125407752897e+00
1.158158281033539572e+00
1.158140155412823891e+00
1.158032925377794120e+00
1.158138386498764216e+00
1.157981906472641986e+00
1.157956486424670306e+00
1.157948992531705912e+00
1.157885251592092324e+00
1.157920093087269064e+00
1.157718321336444589e+00
1.157779457651777699e+00
1.157653888045439894e+00
1.157598422631695323e+00
1.157551484334168768e+00
1.157436275031632045e+00
1.157528023510389970e+00
1.157323090004083399e+00
1.157461051609785629e+00
1.157288833832056385e+00
1.157256406199418164e+00
1.157235693996636838e+00
1.157280578691499029e+00
1.157245304723058199e+00
1.157230406490072694e+00
1.157131952719968382e+00
1.157145837668789090e+00
1.157248481325868772e+00
1.157013600020208921e+00
1.157115700657020074e+00
1.157029610299095790e+00
1.157026554235909499e+00
1.156866969924951638e+00
1.157033850307692679e+00
1.156721897455081471e+00
1.156851771744091373e+00
1.156872563509534935e+00
1.156593883032500436e+00
1.156689976124927632e+00
1.156682032971385832e+00
1.156701007324216102e+00
1.156477114573283949e+00
1.156601668059077825e+00
1.156444710299352918e+00
1.156526937592817772e+00
1.156476846358747368e+00
1.156311266387531678e+00
1.156343858499091715e+00
1.156189117437329994e+00
1.156216581007397215e+00
1.156305285337998479e+00
1.156133268386898783e+00
1.156063822894103366e+00
1.156204617270380375e+00
1.155989411105960540e+00
1.156048214068114754e+00
1.155911077228109152e+00
1.155785171623531449e+00
1.155865466608077430e+00
1.155823743145423688e+00
1.155726752423338111e+00
1.155708139424783676e+00
1.155620810858922765e+00
1.155520572349441943e+00
1.155559408853411130e+00
1.155537985977827864e+00
1.155544109141774189e+00
1.155357353417475919e+00
1.155372482573715276e+00
1.155384332687452442e+00
1.155398254834755889e+00
1.155238502292778913e+00
1.155268755271426917e+00
1.155170712226402108e+00
1.155006242059463117e+00
1.155145370397581583e+00
1.154995662588558458e+00
1.155151852755431863e+00
1.154939053112961300e+00
1.154949970489618893e+00
1.154856746993542016e+00
1.154936113778257001e+00
1.154779353593052837e+00
1.154759520432050657e+00
1.154815923780301956e+00
1.154746181226613322e+00
1.154705871302333930e+00
1.154679664134640182e+00
1.154555968537123833e+00
1.154503673674832420e+00
1.154456771451369823e+00
1.154482012786343992e+00
1.154457933826718241e+00
1.154316484504307683e+00
1.154291701736602116e+00
1.154296274537126354e+00
1.154229771154848150e+00
1.154200795129834756e+00
1.154185400155174568e+00
1.154272082480916062e+00
1.154179676407949939e+00
1.154050631702350893e+00
1.154134959745273692e+00
1.154041327377061110e+00
1.154156423874870274e+00
1.154021468344034185e+00
1.153788064204902764e+00
1.153822668888607517e+00
1.153812848224863741e+00
1.153861775854039484e+00
1.153788414400377826e+00
1.153659644916580573e+00
1.153661389462664388e+00
1.153643657396497879e+00
1.153519570543769301e+00
1.153551332357737547e+00
1.153560586157055923e+00
1.153313149902883250e+00
1.153450173070677431e+00
1.153236064124843585e+00
1.153219859755904908e+00
1.153238258757774526e+00
1.153210203260126798e+00
1.153169587075401514e+00
1.153031134338301067e+00
1.153164095346037810e+00
1.152883955217688383e+00
1.152956530126638679e+00
1.152869941057068415e+00
1.152839755684711642e+00
1.152793019674100972e+00
1.152763724121847799e+00
1.152618775548275520e+00
1.152586686552607986e+00
1.152592463819029689e+00
1.152532369409255519e+00
1.152503648577628104e+00
1.152522645350962271e+00
1.152406955255767862e+00
1.152331454716945203e+00
1.152279052545994942e+00
1.152349803392511474e+00
1.152288748529640250e+00
1.152164638172199274e+00
1.152167398278867383e+00
1.152083054381536575e+00
1.152062690577151605e+00
1.152078724285985123e+00
1.151974373437447019e+00
1.152137092846027278e+00
1.151919743026834864e+00
1.151894199347795578e+00
1.151773735624052497e+00
1.151750138381900213e+00
1.151791191425734162e+00
1.151612402945743963e+00
1.151736969109027786e+00
1.151488989109897831e+00
1.151696728394705271e+00
1.151576497871572125e+00
1.151637972296245982e+00
1.151260579150225505e+00
1.151582737907900666e+00
1.151419739276726917e+00
1.151451260594842596e+00
1.151461698486203167e+00
1.151406953010507328e+00
1.151290368884157811e+00
1.151423610483388149e+00
1.151383825941378225e+00
1.151208824632220074e+00
1.151166063039749998e+00
1.151110671926017792e+00
1.151157362028474074e+00
1.151150260833143868e+00
1.151026080378583005e+00
1.150956845397197448e+00
1.151047276631339766e+00
1.150963028393505505e+00
1.150838634576677011e+00
1.150853254451163377e+00
1.150766468165837608e+00
1.150699830346082697e+00
1.150684027656200703e+00
1.150643066533051817e+00
1.150646248753017131e+00
1.150649062977730397e+00
1.150537746125309235e+00
1.150435795411618001e+00
1.150391514130092219e+00
1.150598906776377994e+00
1.150417108313690706e+00
1.150385867548001873e+00
1.150343465553654854e+00
1.150302123915999841e+00
1.150181927259396497e+00
1.150340326429298177e+00
1.150192837441991855e+00
1.150217368210214364e+00
1.150291195360443552e+00
1.150237461168790887e+00
1.150190411770612320e+00
1.150013638725915888e+00
1.150316634729360965e+00
1.149986245110444338e+00
1.150049314742861650e+00
1.149939024843063207e+00
1.149938600045759207e+00
1.149995981215643726e+00
1.149974832489281562e+00
1.149690650062307862e+00
1.149820886897278127e+00
1.149639425222477085e+00
1.149755240595910388e+00
1.149674188095566318e+00
1.149543431310354746e+00
1.149558076329983969e+00
1.149527630309478798e+00
1.149516437656890488e+00
1.149461320279684839e+00
1.149537919887692494e+00
1.149286928166931343e+00
1.149393154733593825e+00
1.149367694589858990e+00
1.149373395914818463e+00
1.149226873483454536e+00
1.149133733382589950e+00
1.149183171661998015e+00
1.149018570188474087e+00
1.149086314233839223e+00
1.149018835546963713e+00
1.149026464233818823e+00
1.149005315624421542e+00
1.148999909632301586e+00
1.148974859149790806e+00
1.148965117291083970e+00
1.148969230798370100e+00
1.148846761283510043e+00
1.148752088585348607e+00
1.148705560398765479e+00
1.148677243642862722e+00
1.148522797874029999e+00
1.148696191378945519e+00
1.148624698418696743e+00
1.148680430749977388e+00
1.148539964187235585e+00
1.148674474170606974e+00
1.148405880647273447e+00
1.148495984294012340e+00
1.148507506521476484e+00
1.148332620193909692e+00
1.148421022466482144e+00
1.148278258047335409e+00
1.148285125670678086e+00
1.148250358178695363e+00
1.148163087259126414e+00
1.148192430876622927e+00
1.148164298663357785e+00
1.148129960764038948e+00
1.148105249505815273e+00
1.147974890507868162e+00
1.148021137738278741e+00
1.147875128083797547e+00
1.147828631831843138e+00
1.147945048210535335e+00
1.147880403749532263e+00
1.147892828504182061e+00
1.147856683118386512e+00
1.147797755381596563e+00
1.147845950992431252e+00
1.147727139839181065e+00
1.147737472140253567e+00
1.147603482880058090e+00
1.147617310570234750e+00
1.147617271148128726e+00
1.147556459991593281e+00
1.147548958112021511e+00
1.147530594786539959e+00
1.147476583489817736e+00
1.147438341326872058e+00
1.147471573096737307e+00
1.147521021519223750e+00
1.147352739121927589e+00
1.147337308776183562e+00
1.147221777965524270e+00
1.147232800032190747e+00
1.147180446591064440e+00
1.147211384434771109e+00
1.147172662624203143e+00
1.147090064211089055e+00
1.147061402833563060e+00
1.147059518544720103e+00
1.146981062832960641e+00
1.146938484648176937e+00
1.147046801999522803e+00
1.146863233512500413e+00
1.146861831146925637e+00
1.146905737291961769e+00
1.146722482422424250e+00
1.146751394351466447e+00
1.146734713225717739e+00
1.146615946110695949e+00
1.146732230990677115e+00
1.146608872816394120e+00
1.146558676066227855e+00
1.146435288883512538e+00
1.146434779875007637e+00
1.146438705872246944e+00
1.146405387084511007e+00
1.146220143909121747e+00
1.146163071529912036e+00
1.146321074751262437e+00
1.146289781933122809e+00
1.146239262676110204e+00
1.146000590136153852e+00
1.146105466230751935e+00
1.146110037382482405e+00
1.145926884593649442e+00
1.146002644964200901e+00
1.145884159103685684e+00
1.145708209187940030e+00
1.145735926842125663e+00
1.145715476571211200e+00
1.145651950352089887e+00
1.145639917742695468e+00
1.145598286005439004e+00
1.145565183578423296e+00
1.145542685557988438e+00
1.145486627063579510e+00
1.145456743779446285e+00
1.145474807756768021e+00
1.145176802792510662e+00
1.145363646450512585e+00
1.145231738532303423e+00
1.145227968078400771e+00
1.145064100230427595e+00
1.144987835283622912e+00
1.145074117222710575e+00
1.144882878883387578e+00
1.144822581559648222e+00
1.144917515776889827e+00
1.144853556321519639e+00
1.144711954507034779e+00
1.144770002434186251e+00
1.144614010912162083e+00
1.144624125771613876e+00
1.144610789912319015e+00
1.144608773440237925e+00
1.144441142387114363e+00
1.144461230189311562e+00
1.144523413787164268e+00
1.144386184147538899e+00
1.144353920107458844e+00
1.144440615377012582e+00
1.144295265258706618e+00
1.144301943820806411e+00
1.144169351691146641e+00
1.144160194946413078e+00
1.144223531236991498e+00
1.144191880132719552e+00
1.144024118521600686e+00
1.143926917259686871e+00
1.144014689934044426e+00
1.143975690535089074e+00
1.144057803704516152e+00
1.143889099220494865e+00
1.143855928373491260e+00
1.143749941235404854e+00
1.143803933610772594e+00
1.143740285224497555e+00
1.143714835131805607e+00
1.143554027155909258e+00
1.143645398084563558e+00
1.143489848255554664e+00
1.143579702627784744e+00
1.143661586146141884e+00
1.143435027135132787e+00
1.143636346450340069e+00
1.143350122648282285e+00
1.143333083516228310e+00
1.143455378821257140e+00
1.143293214914547162e+00
1.143267055360695617e+00
1.143148344221739388e+00
1.143163527187686324e+00
1.143083198732629979e+00
1.142955012799398151e+00
1.143059958257147235e+00
1.142970025974412218e+00
1.142909200808943426e+00
1.142914578527844061e+00
1.142791516324947354e+00
1.142832985020394432e+00
1.142703795587552529e+00
1.142764832217981086e+00
1.142712369061259281e+00
1.142710479823088709e+00
1.142642117215778130e+00
1.142624775033333817e+00
1.142614985879693235e+00
1.142551928439746289e+00
1.142656305707183906e+00
1.142457647581569757e+00
1.142371722167403236e+00
1.142244583939049596e+00
1.142594069497232523e+00
1.142233696084876238e+00
1.142178341241709916e+00
1.142331740078835978e+00
1.142281526071876163e+00
1.142184188628540875e+00
1.142048657157110902e+00
1.142236173649605613e+00
1.142010071472212340e+00
1.142118953428576944e+00
1.142030272475910824e+00
1.142012728065363136e+00
1.141970856971183279e+00
1.141873001677631949e+00
1.141856442284430395e+00
1.141953393309891984e+00
1.141782397686296191e+00
1.141839247386618572e+00
1.141733675637002454e+00
1.141612880920939599e+00
1.141744742954146963e+00
1.141755655007479220e+00
1.141711245442477152e+00
1.141507255867961090e+00
1.141541208935090923e+00
1.141420631560379428e+00
1.141430149811727635e+00
1.141206000542377863e+00
1.141219940377341535e+00
1.141240103344667522e+00
1.141308333409515763e+00
1.141024699081801375e+00
1.141007397538885249e+00
1.141125649470156045e+00
1.140990838166999977e+00
1.141000942292942133e+00
1.140880728463201654e+00
1.140927337924424467e+00
1.141025064016191859e+00
1.140763770936080501e+00
1.140811760730149116e+00
1.140770757406358138e+00
1.140679406058075829e+00
1.140641582687889954e+00
1.140801762303999878e+00
1.140599295612299890e+00
1.140649983744038254e+00
1.140582687914027948e+00
1.140624747797593264e+00
1.140473385088071279e+00
1.140554998525090458e+00
1.140566417467099081e+00
1.140508466004468424e+00
1.140451211211281901e+00
1.140442309420349520e+00
1.140464720716556579e+00
1.140421409147254206e+00
1.140226225117236813e+00
1.140481079575824230e+00
1.140237418991033369e+00
1.140288740633638165e+00
1.140209419627352228e+00
1.140196751441691525e+00
1.140200906079523291e+00
1.140103652209261353e+00
1.140196484105485686e+00
1.140060446625981605e+00
1.140128184697968061e+00
1.140003233074370348e+00
1.139947913213157138e+00
1.139832655096330249e+00
1.139971388421908927e+00
1.140019933255452367e+00
1.139842980226452918e+00
1.139839855811667357e+00
1.139766300766682727e+00
1.139706270398402443e+00
1.139758193569718525e+00
1.139659995822045468e+00
1.139628311074324607e+00
1.139580569516456476e+00
1.139476555826089088e+00
1.139507259190420507e+00
1.139550898585853789e+00
1.139458383518274109e+00
1.139394344879158805e+00
1.139384525542437299e+00
1.139216250003352693e+00
1.139435372462259899e+00
1.139233850714856722e+00
1.139405868465917182e+00
1.139249335286153242e+00
1.139202948749222122e+00
1.139315352924769265e+00
1.139256175097673518e+00
1.139177206273240150e+00
1.139116054968301484e+00
1.139025038298008718e+00
1.139235507590774743e+00
1.138969635259259094e+00
1.139023886329421753e+00
1.138960227415115822e+00
1.138907241077914856e+00
1.138921665865382238e+00
1.138833881640885393e+00
1.138969838652459599e+00
1.138923823901836885e+00
1.138870153084320380e+00
1.138943774954570998e+00
1.138865083626373176e+00
1.138809127659077047e+00
1.138792739092411299e+00
1.138803474060808396e+00
1.138717767462684050e+00
1.138611213634230568e+00
1.138751943622471563e+00
1.138657394418022495e+00
1.138655157638266635e+00
1.138641758523444070e+00
1.138534920078232870e+00
1.138696085621387910e+00
1.138608246678449509e+00
1.138638733359439437e+00
1.138479398292555844e+00
1.138565091008631791e+00
1.138501382525292760e+00
1.138539381847253118e+00
1.138414402678843862e+00
1.138287039873474127e+00
1.138379611883217235e+00
1.138385369765058552e+00
1.138372832592190464e+00
1.138244568434636061e+00
1.138318816616546325e+00
1.138238446296667039e+00
1.138323297501674825e+00
1.138251999195635245e+00
1.138191552742414014e+00
1.138227026897241645e+00
1.138124404273642476e+00
1.138079660198728860e+00
1.138185910311100946e+00
1.138130203189512857e+00
1.138010963157310984e+00
1.137996098130622302e+00
1.138018180524530631e+00
1.137935000076681691e+00
1.137924369896123000e+00
1.137988092301256193e+00
1.138021961018482964e+00
1.137936090468234074e+00
1.137885263322777840e+00
1.137929182490975633e+00
1.137862017651089630e+00
1.137765542798178986e+00
1.137749936565334741e+00
1.137689363073412840e+00
1.137837110118499639e+00
1.137705317355362178e+00
1.137807462070825615e+00
1.137721379515130637e+00
1.137591363487442164e+00
1.137693864157537593e+00
1.137705686323546628e+00
1.137723764166381768e+00
1.137636750476461289e+00
1.137600072299880694e+00
1.137527948178677972e+00
1.137664350001919011e+00
1.137582986204852542e+00
1.137548888841559469e+00
1.137490804658077836e+00
1.137474145427412209e+00
1.137408170526753137e+00
1.137586786485729640e+00
1.137433154851637651e+00
1.137340784864141696e+00
1.137342242026224914e+00
1.137251961612465667e+00
1.137286459924006454e+00
1.137303213250145717e+00
1.137341463602338010e+00
1.137151686983638221e+00
1.137150616951243975e+00
1.137023931854636905e+00
1.137139455494910134e+00
1.136907390037927401e+00
1.137025743174396641e+00
1.136922131837103889e+00
1.136956988337926910e+00
1.136859411328717595e+00
1.136883969192057586e+00
1.136870487540806218e+00
1.136958747166460615e+00
1.136892438303199082e+00
1.136725173187281390e+00
1.136735805567028912e+00
1.136724646655619564e+00
1.136723245402502025e+00
1.136804161807554392e+00
1.136732586480248219e+00
1.136747070859990716e+00
1.136736541877646278e+00
1.136692577479917476e+00
1.136576853745506321e+00
1.136682826206332875e+00
1.136614729709198857e+00
1.136628768306204851e+00
1.136564173474802208e+00
1.136552547980851147e+00
1.136496623877441214e+00
1.136407096045510601e+00
1.136521955775081638e+00
1.136498924180366021e+00
1.136467966507382465e+00
1.136494620724298299e+00
1.136350799209549178e+00
1.136494938612745642e+00
1.136445788223525932e+00
1.136329241108799959e+00
1.136314536605507852e+00
1.136338851781160786e+00
1.136331690428461494e+00
1.136161758117676168e+00
1.136146505974648724e+00
1.136138317505990480e+00
1.136046867406460992e+00
1.136051460302556437e+00
1.136040629500445709e+00
1.136121750618376725e+00
1.136021213349004411e+00
1.136008182884571172e+00
1.135902025306892993e+00
1.135808099495616785e+00
1.136068228786736523e+00
1.135927243096067407e+00
1.135920014118440236e+00
1.135905411622240013e+00
1.135840927293219060e+00
1.135807832138308715e+00
1.135797951282613960e+00
1.135736865683099728e+00
1.135666010797785619e+00
1.135747315957335024e+00
1.135673200369278657e+00
1.135662026294979476e+00
1.135679251111189947e+00
1.135567989410015466e+00
1.135579316388278137e+00
1.135626440213168165e+00
1.135395321384176315e+00
1.135447493458806356e+00
1.135481989615453324e+00
1.135521374349154788e+00
1.135378220777624625e+00
1.135382633476681891e+00
1.135377181815486747e+00
1.135406282134704625e+00
1.135352615157588563e+00
1.135239370094962341e+00
1.135358647343201799e+00
1.135120084233504967e+00
1.135236649312337587e+00
1.135203780930627904e+00
1.135129097176276636e+00
1.135136339533566741e+00
1.135190542405098091e+00
1.135105902833380975e+00
1.135149921624819758e+00
1.135148633516628980e+00
1.135044442592069602e+00
1.135186549211708140e+00
1.135148256858315330e+00
1.135033324726663295e+00
1.134970235152825024e+00
1.134957325004413375e+00
1.134929819712492849e+00
1.134931750646036797e+00
1.134815521764851898e+00
1.134850412106849005e+00
1.134685973727560526e+00
1.134845952236816613e+00
1.134764473555898379e+00
1.134818484249376258e+00
1.134719067931091230e+00
1.134737950476521373e+00
1.134711977489778034e+00
1.134529437557332265e+00
1.134564251415135061e+00
1.134477697274036023e+00
1.134558883171670862e+00
1.134383710357180552e+00
1.134524632265260236e+00
1.134480433648432429e+00
1.134361463337637321e+00
1.134336802487754259e+00
1.134358767830767833e+00
1.134372179633548194e+00
1.134357677953863996e+00
1.134220294744207047e+00
1.134283020264936548e+00
1.134225943934522363e+00
1.134241821073729950e+00
1.134213634498343559e+00
1.134172639574783092e+00
1.134089837854722393e+00
1.134094771452143435e+00
1.134138997215683675e+00
1.134090032204255305e+00
1.134152134317030880e+00
1.133975903658813511e+00
1.134078172381414840e+00
1.133987997489459776e+00
1.133971478261171839e+00
1.133849464505057858e+00
1.133843499033582836e+00
1.133844492805315518e+00
1.133776054028804658e+00
1.133889777556502443e+00
1.133944757660743319e+00
1.133779376443121656e+00
1.133791605411855752e+00
1.133693662891340326e+00
1.133862849879319512e+00
1.133685714403785960e+00
1.133788911392921595e+00
1.133564532846603745e+00
1.133795500269071388e+00
1.133478582924304812e+00
1.133685885676941174e+00
1.133545729331607799e+00
1.133536872722452626e+00
1.133611138967985044e+00
1.133464966197359924e+00
1.133539426420039797e+00
1.133402980037266472e+00
1.133427742816938144e+00
1.133490324883785538e+00
1.133446731080351100e+00
1.133361903884883448e+00
1.133354698103568703e+00
1.133449767268676966e+00
1.133286192782074320e+00
1.133217841016957328e+00
1.133385229670326844e+00
1.133319832860041343e+00
1.133225116609225092e+00
1.133141358035065105e+00
1.133343159254165844e+00
1.133256203950163021e+00
1.133277760452843674e+00
1.133312262958011019e+00
1.133124194071362112e+00
1.133272272008563064e+00
1.133153810356819724e+00
1.133167808238725316e+00
1.133067856053583400e+00
1.133156957543087540e+00
1.132946657584685823e+00
1.133035817527306088e+00
1.133016849578847074e+00
1.133076464592976951e+00
1.133018966452949305e+00
1.132916996738747573e+00
1.133000032566905180e+00
1.132990491692598356e+00
1.132906648353033008e+00
1.132911152999410254e+00
1.132906141629204777e+00
1.132798466208617683e+00
1.132897033352070926e+00
1.132814115660981891e+00
1.132899211247064386e+00
1.132752558552403421e+00
1.132770167846858911e+00
1.132898304344662765e+00
1.132806909312581434e+00
1.132697249780261206e+00
1.132725451010217599e+00
1.132715718459985199e+00
1.132601175533353821e+00
1.132760384097662998e+00
1.132614210191120074e+00
1.132608602658356611e+00
1.132689477329184902e+00
1.132560973111767844e+00
1.132678196614602895e+00
1.132630210857954900e+00
1.132495927039584460e+00
1.132494581725594474e+00
1.132410350034207314e+00
1.132445508352913244e+00
1.132448794274723669e+00
1.132540481920382591e+00
1.132264839999995720e+00
1.132477914093008797e+00
1.132325748756490835e+00
1.132305456781418807e+00
1.132406906778277600e+00
1.132179059261113174e+00
1.132285114783475155e+00
1.132286231570357904e+00
1.132232213169597879e+00
1.132197454802919667e+00
1.132230125548253641e+00
1.132276316921296377e+00
1.132068501546126038e+00
1.132047806442165294e+00
1.132162249132905307e+00
1.131989280482784244e+00
1.132093006866789375e+00
1.132036140066310592e+00
1.131924503466152254e+00
1.132006379913244265e+00
1.131863343247786480e+00
1.131981820312864651e+00
1.132004943503905903e+00
1.131812136570446325e+00
1.131856341284508405e+00
1.131749678232007339e+00
1.131773588631496130e+00
1.131849814716749281e+00
1.131754647337090747e+00
1.131690596650268166e+00
1.131759400749043687e+00
1.131740928236844690e+00
1.131560846280200261e+00
1.131635389621899135e+00
1.131768088999809851e+00
1.131616393620392014e+00
1.131761050133399671e+00
1.131666966736456947e+00
1.131656919854304943e+00
1.131623838368423618e+00
1.131472256873445437e+00
1.131589714515317313e+00
1.131710732711290524e+00
1.131394150248481667e+00
1.131572289409192633e+00
1.131558184068764961e+00
1.131521148633387819e+00
1.131519104774670437e+00
1.131288003063302572e+00
1.131536005338044104e+00
1.131398967902067065e+00
1.131623806122066700e+00
1.131322236499402445e+00
1.131462376923431101e+00
1.131415367873660260e+00
1.131265920180753115e+00
1.131274362521369481e+00
1.131248008688678475e+00
1.131215465991773250e+00
1.131368574463690768e+00
1.131239645824198892e+00
1.131224146607020087e+00
1.131146370490633268e+00
1.131188401090218676e+00
1.131099339091720557e+00
1.131142275243939066e+00
1.131098298947849301e+00
1.131100998601027419e+00
1.130951014565042101e+00
1.130951848741035937e+00
1.131145382147575651e+00
1.131032373469922137e+00
1.131011895369073761e+00
1.130948260375530756e+00
1.130856028945103953e+00
1.130949174052787942e+00
1.130934822672468920e+00
1.130742277994144951e+00
1.130910579548250139e+00
1.130661754296719668e+00
1.130784174157502875e+00
1.130800857829719508e+00
1.130606189519173688e+00
1.130767332786645429e+00
1.130672156679652929e+00
1.130627238737023310e+00
1.130643912877687951e+00
1.130526842055666226e+00
1.130641556066937614e+00
1.130570874204487319e+00
1.130642423236178029e+00
1.130544041053647364e+00
1.130463076108932263e+00
1.130468794223126627e+00
1.130481655959910237e+00
1.130380682474650511e+00
1.130286042659801815e+00
1.130410466447276496e+00
1.130241701636344187e+00
1.130439169003297994e+00
1.130348490719361498e+00
1.130334860703867017e+00
1.130339318025799900e+00
1.130182020251230934e+00
1.130176003261617046e+00
1.130239013893678202e+00
1.130249080162472941e+00
1.130223212692045065e+00
1.130083154365746134e+00
1.130284254073416816e+00
1.130047867231765535e+00
1.130229780355123781e+00
1.130128774819937343e+00
1.130061317458225911e+00
1.130038180136335058e+00
1.130060761336936226e+00
1.130037590071217846e+00
1.130098394022654995e+00
1.129986123615904559e+00
1.130102299918812836e+00
1.129969391627648756e+00
1.130038505735724952e+00
1.129853669766066160e+00
1.129961750784321373e+00
1.129903680071228544e+00
1.129894791554687528e+00
1.129922114235613284e+00
1.129689804266663877e+00
1.129771112222644369e+00
1.129921556363219670e+00
1.129893128061068230e+00
1.129846763409370736e+00
1.129764350475030321e+00
1.129777380196933523e+00
1.129833974755097392e+00
1.129824379495702802e+00
1.129716428263265016e+00
1.129775374127343968e+00
1.129562812833114549e+00
1.129773923716705264e+00
1.129664636113168585e+00
1.129491246134575633e+00
1.129595503835093551e+00
1.129676638577702619e+00
1.129482039672172311e+00
1.129414739367802012e+00
1.129629172580657537e+00
1.129492208294051059e+00
1.129414542150406264e+00
1.129365052903031463e+00
1.129547959020820835e+00
1.129646228624271220e+00
1.129531470972585439e+00
1.129426969349685228e+00
1.129575874720368800e+00
1.129480141894717571e+00
1.129366699843226129e+00
1.129545146974150649e+00
1.129266411990703878e+00
1.129308933208724497e+00
1.129606196520262396e+00
1.129398991242687833e+00
1.129351671700860482e+00
1.129358468695209394e+00
1.129298794987241283e+00
1.129373909058035030e+00
1.129221322742026246e+00
1.129142469259642123e+00
1.129122247047625205e+00
1.129367305125271059e+00
1.129358910662676241e+00
1.129158540324528337e+00
1.129116994776034000e+00
1.129075560284872992e+00
1.129245178370476888e+00
1.129238786030715813e+00
1.129322976907822573e+00
1.129130720834697454e+00
1.129254195344700840e+00
1.129091358857419847e+00
1.128930640368774663e+00
1.129039963771988786e+00
1.129097482443292444e+00
1.129108491985963081e+00
1.128944799896012485e+00
1.128990746828113734e+00
1.129039389029664830e+00
1.128999343412864453e+00
1.128914233278049739e+00
1.128882338911987526e+00
1.128938524973037927e+00
1.128885915819899610e+00
1.129025388440108246e+00
1.128876988896686528e+00
1.128828507337691578e+00
1.128947226100716961e+00
1.128851646206070924e+00
1.128929496089059015e+00
1.128719321926318520e+00
1.128905005461041888e+00
1.128765305028540888e+00
1.128747603047666415e+00
1.128739590905006862e+00
1.128814832712768279e+00
1.128740059124152539e+00
1.128866465662876850e+00
1.128691034945567662e+00
1.128757556294683218e+00
1.128720768424118504e+00
1.128673561890771282e+00
1.128473504259358995e+00
1.128646389362723879e+00
1.128579049061772421e+00
1.128522021372838635e+00
1.128697547108506782e+00
1.128557317079922129e+00
1.128644773758521014e+00
1.128588175167591912e+00
1.128527504018028926e+00
1.128650933774388188e+00
1.128519151827568789e+00
1.128458509585334113e+00
1.128605645262925616e+00
1.128448943879690747e+00
1.128594266210267705e+00
1.128373782015707372e+00
1.128460934254216674e+00
1.128394315294648509e+00
1.128405564945919037e+00
1.128369263644765974e+00
1.128496356830750003e+00
1.128364561810229150e+00
1.128274953255861579e+00
1.128257393091710137e+00
1.128430007899546395e+00
1.128259190674913981e+00
1.128368765321035694e+00
1.128303400782063370e+00
1.128389143262987337e+00
1.128248366989462959e+00
1.128257966513610322e+00
1.128368081432160608e+00
1.128138908846688659e+00
1.128265126314598188e+00
1.128068800991071763e+00
1.128352542415167026e+00
1.128192116823913294e+00
1.128006800152029587e+00
1.128144708344168468e+00
1.128138796848503045e+00
1.127886852401437379e+00
1.128035405954395776e+00
1.128012684418543410e+00
1.128184857098817107e+00
1.128154687689316926e+00
1.128054664450836686e+00
1.127957530562403221e+00
1.128162429489220298e+00
1.128092973490429696e+00
1.128039277242691263e+00
1.127893097927394228e+00
1.127915133081630161e+00
1.128085339665539033e+00
1.128070076767372365e+00
1.128150281080340767e+00
1.127962715952721684e+00
1.128063586218360337e+00
1.127833844402126084e+00
1.127885303768205949e+00
1.127991299420464610e+00
1.128090183884286946e+00
1.127834659662345196e+00
1.128026987234245659e+00
1.128033446429316466e+00
1.127972410174162610e+00
1.127783256414566226e+00
1.127995363016091046e+00
1.127965213277990486e+00
1.127794713832427798e+00
1.127980022890577416e+00
1.127858617419606357e+00
1.128086265601779825e+00
1.127961095926658164e+00
1.127872635936437717e+00
1.127918777677864304e+00
1.127890250482645573e+00
1.128015643108061461e+00
1.127875258505420808e+00
1.127995532117965771e+00
1.127952143546343988e+00
1.127867013103853511e+00
1.127936506663324456e+00
1.127860812475037777e+00
1.127946823759885975e+00
1.127862245375094163e+00
1.127942266185860243e+00
1.127876180950262652e+00
1.128038203335928191e+00
1.127850392451384742e+00
1.127906685445486668e+00
1.127942527793258209e+00
1.127888147376863603e+00
1.127924864488254908e+00
1.127973308009269315e+00
1.127950932174375032e+00
1.127913914808751583e+00
1.128057321612320418e+00
1.128001565622179792e+00
1.128163380487950951e+00
1.128101566914782916e+00
1.128201310493050391e+00
1.128301457531683427e+00
1.128257086313953161e+00
1.128419803888002226e+00
1.128620860240623358e+00
1.128657797365962612e+00
1.128682318719146371e+00
1.128891187501609661e+00
1.129062364032568766e+00
1.129081555925512514e+00
1.129272733117522076e+00
1.129420426067603955e+00
1.129550142069780660e+00
1.129661558591930959e+00
1.129689155681463442e+00
1.129764381987986566e+00
1.129680678861508136e+00
1.129805449890100899e+00
1.129921090703845721e+00
1.129767068478932268e+00
1.129804484854699753e+00
1.129787866026726872e+00
1.129653703427324851e+00
1.129668922960952893e+00
1.129652645827839086e+00
1.129703020684164505e+00
1.129623382694550537e+00
1.129508534876132009e+00
1.129575889109153186e+00
1.129601943416643772e+00
1.129610323854741250e+00
1.129505072148333733e+00
1.129547980937309237e+00
1.129494888326934454e+00
1.129580858546374467e+00
1.129461171735788749e+00
1.129417628620940972e+00
1.129342012236131287e+00
1.129272583022527421e+00
1.129255662919351311e+00
1.129190299817057319e+00
1.129355990138795507e+00
1.129062926849814685e+00
1.129043200018595927e+00
1.128915020091287191e+00
1.128975953010164845e+00
1.128969079894543315e+00
1.128949970817854753e+00
1.128843871623924855e+00
1.128842981009492208e+00
1.128796962031926254e+00
1.128784820952971613e+00
1.128856631646186548e+00
1.128808810133782092e+00
1.128734040906472780e+00
1.128734118238214013e+00
1.128619595200400783e+00
1.128633575298285896e+00
1.128742201099404374e+00
1.128455123722510667e+00
1.128525861813502340e+00
1.128601755054559730e+00
1.128452889156832617e+00
