3.208251147668307226e+02
6.013196244783577527e+01
4.982977593109851711e+01
4.318021780907315588e+01
3.857344389315531430e+01
3.489507541619926201e+01
3.104860488176264255e+01
2.653454471574230311e+01
2.087724740764388898e+01
1.398901761324836457e+01
8.794931120338143060e+00
6.169555459407457754e+00
5.087844306208925360e+00
4.548154057286116547e+00
4.201592835450630226e+00
3.934025551530586196e+00
3.712296297007066315e+00
3.524142207500948754e+00
3.361000822021324996e+00
3.222424061098280834e+00
3.104158178214294850e+00
3.002333418337659765e+00
2.912450175001030761e+00
2.833213608621255819e+00
2.764082655808291378e+00
2.703953714132403263e+00
2.650848487495657491e+00
2.603274762881581328e+00
2.561280389376014544e+00
2.523444306633000345e+00
2.489600896896290383e+00
2.457706135621740007e+00
2.428955323429313751e+00
2.402402098352388382e+00
2.377793719610743928e+00
2.354883397095206554e+00
2.333248114932570783e+00
2.313736130583540440e+00
2.294907791315671020e+00
2.276606440085998440e+00
2.256508429344376676e+00
2.236400810144125728e+00
2.217776296236169564e+00
2.199431963975821080e+00
2.182849222393292710e+00
2.167637334484985967e+00
2.153709000265550344e+00
2.140304150625324642e+00
2.127006948018042021e+00
2.114313645778314932e+00
2.103035789312770465e+00
2.090657323488990027e+00
2.079930612029216253e+00
2.068770913986069715e+00
2.058666714185783952e+00
2.048458852919812223e+00
2.038619693295364410e+00
2.028863741373519769e+00
2.019201084057654860e+00
2.009173627616563262e+00
1.999481925713423536e+00
1.990001805881579378e+00
1.980570084698789257e+00
1.971318815805676250e+00
1.962135100319348124e+00
1.953557325224259733e+00
1.945136097727356406e+00
1.937097792047284051e+00
1.928753033787668381e+00
1.921120919355104206e+00
1.913609592438578089e+00
1.906532129025019673e+00
1.899088898160725236e+00
1.892388786629669140e+00
1.885833309848011341e+00
1.879150174024908138e+00
1.871901661056356359e+00
1.865176461832292132e+00
1.858969537096194280e+00
1.853642063570611453e+00
1.847247848579397500e+00
1.840958350760762308e+00
1.834346499488162863e+00
1.828636801316286364e+00
1.822774769829838659e+00
1.816620623470460716e+00
1.811187296459770835e+00
1.805831175220843354e+00
1.800823034415832913e+00
1.796080494262850102e+00
1.790942171554072315e+00
1.786600668282000592e+00
1.781973846937535910e+00
1.777307660262860134e+00
1.773332676602808355e+00
1.769351678369580183e+00
1.765513496262362425e+00
1.761744842594721971e+00
1.757949676136865813e+00
1.754376797144120204e+00
1.750807569112271089e+00
1.746915374937280996e+00
1.743298972094513788e+00
1.739576288983586627e+00
1.735961674508112340e+00
1.732476895883767298e+00
1.728924242622369656e+00
1.725503377007590045e+00
1.722306632578576524e+00
1.718953156071632238e+00
1.715483448584944837e+00
1.712295067116275549e+00
1.708982910656414056e+00
1.705747048942798161e+00
1.702639780199642905e+00
1.699722844072502292e+00
1.696692847491131140e+00
1.693647871057439858e+00
1.690791497335196070e+00
1.687837362481587666e+00
1.685099902921820769e+00
1.682106956880369486e+00
1.679058848466305598e+00
1.676150775187601027e+00
1.673160952565583948e+00
1.670527601710334542e+00
1.667735171116409454e+00
1.664891862800526257e+00
1.661932923240740712e+00
1.659027414841325987e+00
1.656034806111757129e+00
1.653126053560295405e+00
1.650164020484186311e+00
1.647122432380958790e+00
1.644354973622877303e+00
1.641410863229346040e+00
1.638695575900152468e+00
1.636028217292128106e+00
1.633459003808349186e+00
1.630970524822616063e+00
1.628438395113914305e+00
1.626099388143006808e+00
1.623869818439396262e+00
1.621637367377995131e+00
1.619434794033173697e+00
1.617356794291910704e+00
1.614950733078599709e+00
1.612936107578371692e+00
1.610976757771664714e+00
1.608931333931211016e+00
1.606989568832312587e+00
1.604843313953345785e+00
1.602781670806757264e+00
1.600857964806858602e+00
1.599027172085038417e+00
1.597121709161031688e+00
1.595325790792013088e+00
1.593486031369868661e+00
1.591890698277790728e+00
1.590142904952446479e+00
1.588077631117094102e+00
1.586713960711279681e+00
1.585629317337269084e+00
1.584315400971997079e+00
1.583226945956558440e+00
1.581776893686240193e+00
1.580413692297012007e+00
1.579047799493908721e+00
1.577711513252708642e+00
1.576370716687867768e+00
1.575116375429086224e+00
1.573807266444045894e+00
1.572478261645150033e+00
1.571233628483333478e+00
1.570102370625122035e+00
1.568884590311030003e+00
1.567759910593823136e+00
1.566650115521599274e+00
1.565458564250772566e+00
1.564548194494083999e+00
1.563611876100736042e+00
1.562499719611048610e+00
1.561345797169162664e+00
1.560393051027508582e+00
1.559363021414728268e+00
1.558349088327855680e+00
1.557414846152064269e+00
1.556369883153390310e+00
1.555457528946970980e+00
1.554463361684125466e+00
1.553359723001319415e+00
1.552462651084605350e+00
1.551400085793700923e+00
1.550551481225535433e+00
1.549597188657364510e+00
1.548866612991520730e+00
1.548130887302347825e+00
1.547224815721421010e+00
1.546475272067583839e+00
1.545466881430451522e+00
1.544441078283697921e+00
1.543803072514855934e+00
1.542606424106317098e+00
1.541895826752554433e+00
1.541191927134916595e+00
1.540486675084503432e+00
1.539671000339040141e+00
1.538659029447343229e+00
1.537924716825037175e+00
1.537092679518883953e+00
1.536400946239779186e+00
1.535781528123766337e+00
1.535060345989372577e+00
1.534557444628083189e+00
1.533751829329196292e+00
1.533401636381665156e+00
1.532258900750231190e+00
1.531815692440522847e+00
1.530857898762045144e+00
1.530219921585556087e+00
1.529463963603583387e+00
1.528734700342206487e+00
1.528009016113881513e+00
1.527359919413326494e+00
1.526660532243594659e+00
1.526047697554484550e+00
1.525493818958893577e+00
1.524776942570067684e+00
1.524236189231844785e+00
1.523680839611444293e+00
1.523011647418775594e+00
1.522398349926527450e+00
1.521914924753264842e+00
1.521179155350778744e+00
1.520544823421227321e+00
1.519863403023416382e+00
1.519158548128036523e+00
1.518665478517571721e+00
1.517866129348899307e+00
1.517392922917406795e+00
1.516949684534537601e+00
1.516119345908210070e+00
1.515531842840259991e+00
1.514658502983128763e+00
1.514154091413197234e+00
1.513601810955154114e+00
1.512787324272409251e+00
1.512052217718850899e+00
1.511422789300430169e+00
1.510800895200577365e+00
1.510151990499847940e+00
1.509458397997972989e+00
1.508915206970336653e+00
1.508598121219189681e+00
1.507754010040164516e+00
1.507030287316627026e+00
1.506534574608333843e+00
1.505952308210893875e+00
1.505305191154168831e+00
1.504396126095306707e+00
1.503607630185388011e+00
1.502881743865957409e+00
1.502430060925116884e+00
1.501739622411517594e+00
1.501315972430954160e+00
1.500799423664847865e+00
1.500107561564762548e+00
1.499566686414250727e+00
1.498964565883435407e+00
1.498560114882730998e+00
1.497822395632742776e+00
1.497448552430266977e+00
1.496918041158220802e+00
1.496269123468797480e+00
1.495503446562910677e+00
1.495033092031959887e+00
1.494567382149539769e+00
1.493949050153073443e+00
1.493254853545206595e+00
1.492810970099517576e+00
1.492082372612283381e+00
1.491179746238720627e+00
1.490356774938810913e+00
1.489663566614417567e+00
1.488777532145625360e+00
1.488138263272534401e+00
1.487199144037379739e+00
1.486526617997250277e+00
1.485971379292952754e+00
1.485234980317621689e+00
1.484605914582513231e+00
1.483870950961752255e+00
1.483346673137991845e+00
1.482715681094805449e+00
1.481988581083933498e+00
1.481237877994421304e+00
1.480602619620798643e+00
1.479975195955613776e+00
1.479370365430966450e+00
1.478800079202498452e+00
1.478480087271700993e+00
1.477957016092696918e+00
1.477384054594159224e+00
1.476545022399511353e+00
1.475912414200431622e+00
1.475062525526461776e+00
1.474752851399286468e+00
1.474154284900628609e+00
1.473601324569973947e+00
1.472650905403755539e+00
1.472200552973840004e+00
1.471141502251310129e+00
1.470326855078265105e+00
1.469605398762941162e+00
1.468965405923109424e+00
1.468874531597007982e+00
1.467628391810504640e+00
1.467592345555912781e+00
1.466617941632634592e+00
1.465742900356660661e+00
1.465100269296568447e+00
1.464672143602041343e+00
1.463903144132417955e+00
1.463253690419289876e+00
1.462749169668764004e+00
1.462393751287697663e+00
1.461794421772716346e+00
1.461031428792027853e+00
1.461151092764477744e+00
1.460320682569155037e+00
1.459358851124035183e+00
1.459155536676630005e+00
1.458705647265228000e+00
1.458087580752885692e+00
1.457618465807442698e+00
1.457154790352331197e+00
1.456447439174263225e+00
1.456324892379558422e+00
1.455735430161566812e+00
1.455214565771401292e+00
1.454635225447086233e+00
1.454396782600986704e+00
1.453719352855997515e+00
1.453380313045575578e+00
1.453033614689001496e+00
1.452580064365344370e+00
1.451999759562214942e+00
1.451608952534754415e+00
1.451051318021338465e+00
1.450797949679392351e+00
1.450185886167080662e+00
1.449645285175870990e+00
1.449196418654034701e+00
1.448926399591059289e+00
1.448492088531704747e+00
1.448062293792913735e+00
1.447671601496072880e+00
1.447597847845308872e+00
1.447051531082023557e+00
1.446478493760628758e+00
1.446130458744216973e+00
1.445752251479349937e+00
1.445161137180015709e+00
1.444411378202080876e+00
1.443823121155776379e+00
1.443059186566132412e+00
1.442544429490407509e+00
1.441785658294628902e+00
1.440965915532239405e+00
1.440393979907099942e+00
1.439917677925921735e+00
1.439284537311550594e+00
1.438835957792017117e+00
1.438108905839642349e+00
1.437370193785734607e+00
1.437095316513054222e+00
1.436229914192414414e+00
1.435545868803164149e+00
1.435386975043744906e+00
1.434727683415357946e+00
1.434170318845991110e+00
1.433305210486513159e+00
1.432948938196059840e+00
1.432537448955827131e+00
1.431950232175751125e+00
1.431131429699170177e+00
1.430643862012067835e+00
1.430271553393697159e+00
1.429554585129047650e+00
1.429036824152010832e+00
1.428714148296369002e+00
1.428041822094722413e+00
1.427586966114943179e+00
1.427473096167915401e+00
1.426923762736178602e+00
1.426516049702753364e+00
1.426061292694892346e+00
1.425714712421528363e+00
1.425308157160728895e+00
1.424761637762546940e+00
1.424476450640895564e+00
1.423930899247320525e+00
1.423772050620197183e+00
1.423252888053109011e+00
1.422787355577726842e+00
1.422348911396311921e+00
1.421873218342055933e+00
1.421390356913657449e+00
1.421170526234332598e+00
1.420660163098417250e+00
1.420374049555362506e+00
1.419957363656543903e+00
1.419408153995397548e+00
1.419119053826482402e+00
1.418851801900231857e+00
1.418435562095787583e+00
1.418013336200207641e+00
1.417425602093384862e+00
1.417257806578134050e+00
1.416636607085855815e+00
1.416145957232551877e+00
1.415720440077577580e+00
1.415151990745479038e+00
1.414822694893030031e+00
1.414414498779906326e+00
1.414155591764452824e+00
1.413647278276000785e+00
1.413412099656727650e+00
1.413067995741185578e+00
1.412754487746847865e+00
1.412281920104296873e+00
1.412079043500075626e+00
1.411630677568977754e+00
1.411317844367037333e+00
1.410988176805714422e+00
1.410491532150956573e+00
1.410205027561038271e+00
1.409923653120235931e+00
1.409400557384702601e+00
1.409290702887145530e+00
1.408779830562755464e+00
1.408585307079916804e+00
1.408084153244358205e+00
1.407745373614325501e+00
1.407507395211547552e+00
1.407142279462262557e+00
1.406955580919394322e+00
1.406499446162849276e+00
1.406255014689645533e+00
1.405870177502958507e+00
1.405659410909940732e+00
1.405181005120089921e+00
1.405061932976097161e+00
1.404828965824786557e+00
1.404511376906130815e+00
1.404167158096928603e+00
1.403859527484178971e+00
1.403615288455135612e+00
1.403003084886594864e+00
1.402908566983517069e+00
1.402719122920203398e+00
1.402550781014221037e+00
1.402399837888516076e+00
1.402263914571250325e+00
1.401879707728368452e+00
1.401841822867605281e+00
1.402026480503459460e+00
1.401973137413677017e+00
1.402045489439668335e+00
1.401937639062396768e+00
1.401848122289066190e+00
1.401338226453819891e+00
1.401226473598526701e+00
1.400278523493190264e+00
1.400472348904246767e+00
1.399854827966038329e+00
1.399722653604064559e+00
1.399115391838886113e+00
1.398946269783249319e+00
1.398284871309781296e+00
1.397987040080573840e+00
1.397679569310932068e+00
1.397318295399263777e+00
1.397088403895880404e+00
1.396712101519478111e+00
1.396800842040571977e+00
1.396154803647188247e+00
1.396046456323701390e+00
1.395833186972478712e+00
1.395215649197623975e+00
1.395200702391488745e+00
1.394586988052280097e+00
1.394936122448003468e+00
1.394188077841415074e+00
1.393708511887817636e+00
1.393691496499378735e+00
1.393726422799195452e+00
1.393318239910987799e+00
1.393206562881806221e+00
1.393076223857934615e+00
1.392136991223366094e+00
1.391864656088612762e+00
1.391868833864772448e+00
1.391431679809042032e+00
1.391477029945912713e+00
1.390663538326347926e+00
1.390943885935255198e+00
1.390589378443113810e+00
1.390146436354336323e+00
1.389833072836398786e+00
1.389633162245142550e+00
1.389452455655575180e+00
1.388948732172873290e+00
1.388655430182858197e+00
1.388573741499249392e+00
1.387797535838257934e+00
1.387747897413576181e+00
1.387232506835839985e+00
1.387373705826226100e+00
1.386975603915004074e+00
1.386735754628871220e+00
1.386406021763239238e+00
1.386261277557752747e+00
1.385864815416366858e+00
1.385539505223388090e+00
1.385432872322164277e+00
1.384711219355389211e+00
1.384641176770400106e+00
1.384397617519322665e+00
1.384217143475294121e+00
1.384019421916763859e+00
1.383397385760034792e+00
1.382947993925096375e+00
1.382832991015571444e+00
1.382366997662509034e+00
1.382087564907709343e+00
1.381962976285673550e+00
1.381514736609942950e+00
1.381398499414171921e+00
1.381004659474901475e+00
1.381003283482872268e+00
1.380690543097786716e+00
1.380237231482105642e+00
1.380064362919520171e+00
1.379769283897549714e+00
1.379269207655694274e+00
1.378916830305277008e+00
1.378980054382890286e+00
1.378388799244048668e+00
1.378062999608003381e+00
1.378171492054395264e+00
1.377511362224091096e+00
1.377447647190116031e+00
1.376890707648231071e+00
1.376625427818062519e+00
1.376355856646989340e+00
1.376242607535203000e+00
1.375769267705148957e+00
1.375532579999146909e+00
1.375238589864452576e+00
1.375258506182010620e+00
1.374686577347701499e+00
1.374425918753764408e+00
1.374252364157219297e+00
1.373943636278127878e+00
1.373647862276462517e+00
1.373397716848113959e+00
1.373279981901550206e+00
1.372679720419038851e+00
1.372600279468563444e+00
1.372020694266034235e+00
1.371724694809502099e+00
1.371661103863382358e+00
1.371197360332292448e+00
1.371100305071068171e+00
1.370879134795904841e+00
1.370580226199065388e+00
1.370483166675077191e+00
1.369947570173626117e+00
1.369826818560484716e+00
1.369743346592611433e+00
1.369407266629877107e+00
1.369096419528067488e+00
1.368956889897652074e+00
1.368715611519188302e+00
1.368386267231797904e+00
1.368153405265778666e+00
1.368259034927548967e+00
1.367849435801961278e+00
1.367231706579785211e+00
1.367203178490284943e+00
1.367006040748905527e+00
1.366634849340306213e+00
1.366675360538780692e+00
1.366195502631354364e+00
1.366047728034694542e+00
1.366128458595569972e+00
1.365376479490653105e+00
1.365580034958057576e+00
1.364935605430914967e+00
1.364620603936711474e+00
1.364516795201514254e+00
1.364414062833682273e+00
1.364423413689933584e+00
1.363851809522126146e+00
1.363636391678705095e+00
1.363451827484881695e+00
1.363294325185300915e+00
1.362864498311321171e+00
1.363166040603031037e+00
1.362499961252225944e+00
1.362751428202126691e+00
1.362469844745552328e+00
1.362164899841876498e+00
1.361889458226104965e+00
1.361579322614654641e+00
1.361458848712056913e+00
1.361254807230549035e+00
1.360792014088252566e+00
1.360794215817824560e+00
1.360550150315589235e+00
1.360156222213068977e+00
1.360131011296733083e+00
1.359938086039273353e+00
1.359491319524692265e+00
1.359108720910698898e+00
1.359164434197592142e+00
1.359015699138724775e+00
1.358986167917021426e+00
1.358868816441779481e+00
1.358398493966292087e+00
1.358309141893027316e+00
1.357724671834956931e+00
1.358317554770948510e+00
1.357641106431627387e+00
1.357303986245252725e+00
1.357255875875533979e+00
1.357188315340340345e+00
1.357115185280412639e+00
1.357198429829292730e+00
1.356568242926783130e+00
1.356843379515878079e+00
1.356384061000301955e+00
1.356451414659555654e+00
1.355933541675403253e+00
1.355809613525840840e+00
1.355498768062648240e+00
1.355175988245353125e+00
1.355137630087952516e+00
1.354971545924638088e+00
1.355018098291671746e+00
1.354485088145274352e+00
1.354412051315830645e+00
1.354228544248032406e+00
1.354161812318356084e+00
1.353943414842330606e+00
1.353897352855462977e+00
1.353425142585553020e+00
1.353228493069225991e+00
1.353171147277037134e+00
1.352919707026947194e+00
1.352786762996448955e+00
1.352362414302600735e+00
1.352412496658267349e+00
1.352251065477675374e+00
1.352166292889897647e+00
1.351635766817264939e+00
1.351509406034246963e+00
1.351272828506181467e+00
1.351133272526369611e+00
1.350712985965096813e+00
1.350633905055359962e+00
1.350277581935047655e+00
1.350343142324266665e+00
1.350430400353797467e+00
1.350181111503069298e+00
1.349923976871905795e+00
1.349648296676743131e+00
1.349281749506931583e+00
1.349334675035027908e+00
1.349035456986641845e+00
1.348796243301458198e+00
1.348657283066099888e+00
1.348681564316228210e+00
1.348133556105363562e+00
1.348110110147943130e+00
1.347920230405375897e+00
1.347667714916103376e+00
1.347473291261502615e+00
1.347503789220362513e+00
1.347097377645287475e+00
1.346962063758286421e+00
1.346898018172742795e+00
1.347084650279842810e+00
1.346811695153008914e+00
1.346685877361943895e+00
1.346551362016443543e+00
1.346332295274132562e+00
1.346038161177250503e+00
1.345933995995904020e+00
1.345627189548360247e+00
1.345244756825598964e+00
1.345143465675798344e+00
1.345006605724686111e+00
1.345044681820569465e+00
1.344428287175588155e+00
1.344393862792932381e+00
1.344142343572344744e+00
1.344047325664492476e+00
1.343754113109408621e+00
1.343495622976995429e+00
1.343361355087404618e+00
1.343152927313381761e+00
1.342955653762319512e+00
1.342777182779605782e+00
1.342708302691963285e+00
1.342209863059068420e+00
1.342152329624945573e+00
1.341845684870334843e+00
1.341803933082059030e+00
1.341357572798485442e+00
1.341224048857085682e+00
1.341118944520437672e+00
1.341058631915070132e+00
1.340626250002141084e+00
1.340741028790816358e+00
1.340210700214461204e+00
1.340150425201953821e+00
1.339724633400078524e+00
1.339688335170845512e+00
1.339463166855115128e+00
1.339562941687014286e+00
1.339088660914349305e+00
1.339005953715655783e+00
1.339008987777005943e+00
1.338713267352100944e+00
1.338569745076911843e+00
1.338279023823244485e+00
1.338077198945271773e+00
1.337998829439868587e+00
1.337773371445189818e+00
1.337716430402968948e+00
1.337466767888296326e+00
1.337270030340789395e+00
1.336971454588465669e+00
1.336674082254623031e+00
1.336586573379068055e+00
1.336119873212108011e+00
1.335974735160498250e+00
1.335676052994196006e+00
1.335401919541815197e+00
1.335100726512962632e+00
1.334894392315889133e+00
1.334718683921210625e+00
1.334384099965331805e+00
1.334226021709277843e+00
1.333939389372529538e+00
1.333759925559845350e+00
1.333512699913483424e+00
1.333574571709695178e+00
1.332540490494841690e+00
1.333254444581186249e+00
1.332348465732749343e+00
1.332653856435865647e+00
1.331892118491171395e+00
1.331490080542498289e+00
1.331482993557892236e+00
1.331035255297290165e+00
1.331659176569609526e+00
1.331276502310383858e+00
1.330997433892147530e+00
1.330810722334638152e+00
1.330823650275277492e+00
1.330380562313109749e+00
1.330281254437121863e+00
1.330060583491453841e+00
1.329704986343063888e+00
1.329539689328805618e+00
1.329508360951845214e+00
1.328778893116974613e+00
1.328678714492681490e+00
1.328798772969771891e+00
1.328760206137468147e+00
1.328405504160136585e+00
1.327687052296964154e+00
1.327790399675189859e+00
1.327644996552961310e+00
1.327314899077647103e+00
1.327169983210314763e+00
1.327100286164716314e+00
1.327354471351798848e+00
1.327038861923608648e+00
1.326773597365130009e+00
1.326629282398331000e+00
1.326140262772057765e+00
1.326397277888612170e+00
1.325669183369153625e+00
1.325981316183138858e+00
1.325454532172096522e+00
1.324833129454332736e+00
1.325081557056367432e+00
1.325151351899700014e+00
1.324328077112609803e+00
1.324138774977192012e+00
1.324381136759163136e+00
1.324049708622548449e+00
1.323396987251632906e+00
1.323880077108227526e+00
1.323353510043629555e+00
1.322960269279425782e+00
1.322783098637866805e+00
1.322606803716663615e+00
1.322403193083103945e+00
1.322172316705520823e+00
1.322094264779906325e+00
1.321525459089656129e+00
1.321368633589835362e+00
1.321122804400632456e+00
1.321264939134263239e+00
1.320783334494336936e+00
1.320512690184624693e+00
1.320598848827526206e+00
1.320972019412888887e+00
1.320285652486244077e+00
1.320110020434128728e+00
1.319884237339590483e+00
1.319444992462402766e+00
1.319240014035201414e+00
1.319121017814827157e+00
1.319070539448683466e+00
1.318597201997514290e+00
1.318117750962380486e+00
1.318128387738897400e+00
1.317295776381560035e+00
1.317489477241915896e+00
1.316785240866394036e+00
1.316829577706898791e+00
1.316225761437498587e+00
1.315829556602367445e+00
1.315310418276774529e+00
1.315012197461161714e+00
1.314903060449986727e+00
1.314386617878563923e+00
1.314373427509692549e+00
1.314311867320165694e+00
1.313142806930103879e+00
1.313215615710701112e+00
1.312429183976127289e+00
1.312040101501956491e+00
1.311650978665640510e+00
1.312264659420079971e+00
1.311141011924037203e+00
1.311528208300893894e+00
1.311519522232725388e+00
1.311253951537750373e+00
1.311121932107746302e+00
1.310584902566419574e+00
1.306961474813387758e+00
1.307434628626104045e+00
1.306191313591303693e+00
1.306575468446696808e+00
1.303543230893265958e+00
1.303627825894337677e+00
1.303403499039552438e+00
1.303718691829520049e+00
1.303278847480955127e+00
1.301946221049402608e+00
1.301530533478683305e+00
1.301640065353520948e+00
1.300179526063276914e+00
1.301030561098901028e+00
1.300830396338006789e+00
1.301148934245832445e+00
1.299449445070166798e+00
1.299163397608853687e+00
1.298334178156590246e+00
1.298703196167532381e+00
1.298328047313590972e+00
1.297800470003187323e+00
1.296613136317152248e+00
1.295775879638523254e+00
1.295208186432230457e+00
1.296612162165221127e+00
1.294978391639270088e+00
1.295499222525636984e+00
1.295992752349817367e+00
1.294157144528659931e+00
1.293554571347057314e+00
1.293238853717552983e+00
1.292317516760236762e+00
1.292631260391501780e+00
1.292020204761357149e+00
1.291654416210912260e+00
1.291455736245313846e+00
1.291242588310334005e+00
1.290762731415352915e+00
1.290362172692880671e+00
1.289997219648036930e+00
1.291657710938479697e+00
1.290374522063997942e+00
1.289740728487345667e+00
1.289100276825823954e+00
1.288624339816579090e+00
1.288339158467628698e+00
1.287840376448313728e+00
1.287249307393128150e+00
1.287673570377408927e+00
1.287333165044258987e+00
1.286741899796888911e+00
1.286973948918407329e+00
1.286349394390214007e+00
1.285887077973719927e+00
1.286519166021977689e+00
1.285790928216137496e+00
1.286510270377613674e+00
1.284190163379813621e+00
1.285884474030579261e+00
1.283975411666338218e+00
1.284290856043335038e+00
1.283683398368137496e+00
1.284098026299717921e+00
1.283102591810807658e+00
1.282506492462786252e+00
1.283593196148994808e+00
1.282659927873437411e+00
1.280808034609128621e+00
1.282757174195025884e+00
1.283042275608795801e+00
1.281711318491258078e+00
1.282473775899031887e+00
1.281245372497564983e+00
1.281031536371719737e+00
1.280999013860914415e+00
1.281940059990972935e+00
1.280561782155024364e+00
1.282164585257988376e+00
1.280392413367966276e+00
1.277845322180528376e+00
1.279304893446630897e+00
1.280258972954384733e+00
1.277822407933402404e+00
1.278793904986246233e+00
1.279133999409553191e+00
1.278034950064993458e+00
1.277922321185001708e+00
1.277914422327304900e+00
1.277679299830530857e+00
1.277598547870562928e+00
1.276308476167749228e+00
1.276490970892820043e+00
1.276011313795670121e+00
1.276576510482906324e+00
1.275297207022356938e+00
1.275008725967791579e+00
1.274128751423460715e+00
1.274632208741100614e+00
1.273661680453559208e+00
1.274040548542521023e+00
1.274425941415608943e+00
1.274390235078942224e+00
1.273973546932463119e+00
1.273871106921194984e+00
1.273529016516304457e+00
1.273389205164836779e+00
1.272691006756419663e+00
1.273776480153971269e+00
1.271853031819999424e+00
1.273008816093869733e+00
1.273137861416896444e+00
1.271768487593748276e+00
1.272259588537771657e+00
1.272140595259151574e+00
1.270917636270065154e+00
1.270865351133330545e+00
1.270218970552878801e+00
1.270814043968892415e+00
1.271309389222477826e+00
1.270678875846264821e+00
1.269785300294137276e+00
1.269830572190322915e+00
1.269624716747957960e+00
1.269784797509960983e+00
1.269152346265875808e+00
1.269478985114585345e+00
1.268961142997261371e+00
1.268284807316176765e+00
1.268283169803152477e+00
1.268387006505720560e+00
1.268312920162528057e+00
1.268038205426304410e+00
1.267535467179829567e+00
1.266520336278872838e+00
1.267322886480030997e+00
1.267319354161631662e+00
1.266614331727817344e+00
1.266715445434194898e+00
1.266370558008576008e+00
1.266149803822931741e+00
1.265827884505377421e+00
1.266166210470130560e+00
1.265996952368235284e+00
1.266184744200721246e+00
1.264721263775608673e+00
1.265887370795335309e+00
1.264815590215164320e+00
1.264540437938522777e+00
1.265333083368216593e+00
1.264963924945858187e+00
1.264705359220673397e+00
1.263831260560797309e+00
1.263533042527033912e+00
1.264247126441964131e+00
1.263398163032728450e+00
1.263847863853888365e+00
1.264124721680745633e+00
1.262970120401656127e+00
1.263132775709242539e+00
1.262684589696659421e+00
1.263028042631458403e+00
1.261778687158426226e+00
1.262627844951546008e+00
1.261813704996602725e+00
1.260864474172329386e+00
1.261977386867783713e+00
1.260809950948159619e+00
1.261086621847074207e+00
1.261707193873090160e+00
1.260550344769157727e+00
1.260746735208378322e+00
1.260632604005229362e+00
1.260023892719050798e+00
1.259830543075173948e+00
1.260044755393371130e+00
1.259780480970532635e+00
1.258996729847829288e+00
1.260043897710038996e+00
1.259237265699445718e+00
1.258022004130929128e+00
1.259073200542831783e+00
1.258544160455483452e+00
1.257931379085117873e+00
1.258223525373101115e+00
1.257870370836450702e+00
1.257056525468574160e+00
1.257605688195311489e+00
1.258264527098826191e+00
1.257932339526410148e+00
1.256704231406416072e+00
1.257425890689889192e+00
1.256968219987801838e+00
1.256898229930208943e+00
1.256810563512740453e+00
1.256947813983360529e+00
1.256778857379759806e+00
1.255988463325172111e+00
1.256024312005371790e+00
1.255282654512181351e+00
1.254984401046962184e+00
1.254822156261822474e+00
1.255871825968462474e+00
1.255375879941975414e+00
1.254675251463956531e+00
1.255562468259564524e+00
1.254484180374864755e+00
1.254790621021962371e+00
1.254086297568375086e+00
1.255150170467858928e+00
1.254856722128934177e+00
1.254140120261453051e+00
1.254511694380549880e+00
1.253306700229724457e+00
1.253375497380840864e+00
1.252748879472164178e+00
1.252701217478465079e+00
1.253969220503061033e+00
1.252373171523379236e+00
1.252070783315443636e+00
1.252519508764731393e+00
1.252606833523809193e+00
1.252118281010984546e+00
1.252395225278760682e+00
1.252241801978971170e+00
1.251762518898784649e+00
1.251533949094841836e+00
1.251644193627727164e+00
1.252026950544934403e+00
1.251641510008104197e+00
1.251368295366601879e+00
1.251470520972459921e+00
1.251046538673142861e+00
1.251181595629742960e+00
1.250849165166914689e+00
1.251136815308751649e+00
1.250143947445256254e+00
1.250571062780860387e+00
1.250769758605832171e+00
1.249455572088084665e+00
1.250421593460829595e+00
1.250399355087075337e+00
1.250226993258069852e+00
1.249441031031602867e+00
1.249507146604353025e+00
1.249716098494393135e+00
1.249466019817650375e+00
1.248729404487091355e+00
1.249000946224397390e+00
1.248789793400696402e+00
1.249306722547277371e+00
1.247965697711033384e+00
1.247827647248826555e+00
1.248373412118400472e+00
1.248566592664175356e+00
1.247760261877011834e+00
1.248109760079982200e+00
1.247895328609754051e+00
1.248198992231629889e+00
1.248064273316864758e+00
1.248271069077647955e+00
1.247387594761037777e+00
1.247572610072557042e+00
1.247526088327591820e+00
1.247283679199979289e+00
1.246524306286413530e+00
1.246501256619874543e+00
1.247190164840047855e+00
1.246864175834706767e+00
1.246085056400067836e+00
1.245454519124227222e+00
1.246157374009471575e+00
1.245736192259193409e+00
1.245209758970922342e+00
1.245900999924894004e+00
1.245694141458179249e+00
1.245396854563171951e+00
1.245708126951904138e+00
1.245264605450168816e+00
1.245356122497597084e+00
1.245620890895742461e+00
1.245093357823664038e+00
1.244870943991541301e+00
1.243846526773466632e+00
1.243830969400802067e+00
1.243721007770863585e+00
1.243978316778562077e+00
1.243481910991512729e+00
1.243874547004332198e+00
1.243888974310853879e+00
1.243485292150878996e+00
1.242984024405483057e+00
1.242654180746432191e+00
1.243703466512888989e+00
1.243552062176342066e+00
1.243111646066008324e+00
1.243577863367078651e+00
1.242635039379671014e+00
1.243242155860113218e+00
1.242746725833021371e+00
1.242281600924364904e+00
1.243513538071675084e+00
1.243249042938301629e+00
1.242690094005472590e+00
1.241780382779058556e+00
1.242172719399277758e+00
1.242048765041533054e+00
1.242729476012566225e+00
1.242069309529422627e+00
1.241563212479444900e+00
1.241260876555496884e+00
1.241178924008970119e+00
1.241783514168055547e+00
1.241816788621994183e+00
1.242124631781323041e+00
1.241665374633646346e+00
1.241201448900282278e+00
1.240909206611901405e+00
1.240950791659181318e+00
1.240520377444617628e+00
1.240281439772702887e+00
1.241292577364046190e+00
1.241278098452337497e+00
1.241830584232681334e+00
1.240326103119879120e+00
1.240490789466972110e+00
1.240069272642551734e+00
1.240018292336933392e+00
1.239904071756053439e+00
1.240437154096975636e+00
1.240048520567174073e+00
1.239867319448039407e+00
1.239847987372037386e+00
1.239678760052080664e+00
1.239096965565463115e+00
1.238759114651770021e+00
1.239302644723133673e+00
1.239147155664520605e+00
1.239633396897861006e+00
1.238488440810588287e+00
1.239496076823018766e+00
1.239365332328543845e+00
1.238645358929345575e+00
1.238837008243707016e+00
1.238459630964974911e+00
1.238543055466407194e+00
1.238343518671947141e+00
1.238906595501466867e+00
1.237687393653472911e+00
1.237977230252045535e+00
1.238138536488915031e+00
1.238601148377624472e+00
1.237317427642135259e+00
1.237721588971469666e+00
1.237277961349443789e+00
1.237151654333663808e+00
1.237532206041133787e+00
1.237382023083100968e+00
1.237083228139423730e+00
1.237093004171054167e+00
1.237714351710464289e+00
1.236947173684059376e+00
1.236742822919874252e+00
1.237308454280449554e+00
1.236618584310322566e+00
1.236757475274526952e+00
1.236539513635859233e+00
1.236208098723455162e+00
1.236723235386292918e+00
1.236485691924027241e+00
1.236445458865209179e+00
1.235929004826067823e+00
1.235816509284254128e+00
1.236739369243712305e+00
1.236192277396592543e+00
1.236693354566202663e+00
1.236296138178971438e+00
1.234636057080329863e+00
1.235659890830979046e+00
1.235574471167354194e+00
1.235341571187927201e+00
1.235758766206034753e+00
1.235145708885085236e+00
1.234969101324808749e+00
1.234771011015097342e+00
1.234852689058142383e+00
1.234831517107864318e+00
1.234680856445898423e+00
1.234479544775498150e+00
1.234681739655564714e+00
1.233733875023991677e+00
1.235158099342031468e+00
1.234269594779149770e+00
1.234653121885025406e+00
1.234387853549843150e+00
1.234461681970033808e+00
1.234245424143972425e+00
1.233508347237698199e+00
1.232949316324154720e+00
1.233334107562094717e+00
1.233150294558423399e+00
1.233350261742451659e+00
1.233640946537563510e+00
1.233092123451658972e+00
1.232941634507436657e+00
1.232793163003062631e+00
1.233029515699616274e+00
1.233030462526734317e+00
1.232857209815053867e+00
1.233297078621601983e+00
1.232332899109148672e+00
1.232269126435579176e+00
1.232343952596897996e+00
1.232060379964049046e+00
1.231952615749704938e+00
1.232558096093954170e+00
1.232339923398663384e+00
1.232623556502767448e+00
1.231958976077496049e+00
1.232473544375590757e+00
1.232428513950745153e+00
1.231587127018588523e+00
1.232314889728190144e+00
1.231901399757171056e+00
1.231256809700488120e+00
1.231186418126922755e+00
1.231960262820645191e+00
1.231170359225393307e+00
1.231608509666316964e+00
1.230829651774779210e+00
1.231405990611025958e+00
1.230833732871402963e+00
1.230664965966643765e+00
1.230986213981821287e+00
1.231320376029098274e+00
1.230862545645071249e+00
1.230415377426781198e+00
1.230225880214820933e+00
1.229454802031525240e+00
1.229506865805903404e+00
1.229999780251340713e+00
1.230578350742636662e+00
1.229789064845972169e+00
1.230137604920283012e+00
1.230442671095447915e+00
1.230235153352505550e+00
1.230275620530701497e+00
1.229967654549330991e+00
1.229823148708301561e+00
1.229478884177834130e+00
1.229183572450778472e+00
1.229587013164280984e+00
1.229177043824276616e+00
1.229759580513931416e+00
1.229271556206842808e+00
1.228578634777727219e+00
1.230052854142788643e+00
1.229016642081232291e+00
1.229031461361304922e+00
1.228790522089880044e+00
1.229505001775507145e+00
1.228818609842079690e+00
1.228383236119405364e+00
1.228131927636360921e+00
1.228268563852346063e+00
1.228357877671888643e+00
1.227679603352646032e+00
1.227974807168218829e+00
1.227070347736718192e+00
1.228151823396916420e+00
1.227735193526166002e+00
1.227341783520300877e+00
1.228168291502831355e+00
1.229339076266239061e+00
1.228550408647448577e+00
1.227661141250148136e+00
1.227595966592070598e+00
1.227972460041761860e+00
1.227467952305350662e+00
1.226592968746955892e+00
1.228150706397403091e+00
1.226893866010819956e+00
1.226255854644243914e+00
1.225605497697186630e+00
1.226009181812777626e+00
1.227339266565756537e+00
1.226620659258000900e+00
1.226694223481709090e+00
1.225907953057192135e+00
1.227080225125067203e+00
1.226725901887159242e+00
1.226459022134885668e+00
1.226411621038979716e+00
1.226392578001536338e+00
1.226226050731318962e+00
1.226330864705937884e+00
1.225417299788630787e+00
1.225103259190938543e+00
1.225491984237592646e+00
1.226194485016771640e+00
1.225939165722895074e+00
1.226190987063976001e+00
1.226326273533853151e+00
1.226307382107881372e+00
1.226063182399841134e+00
1.225571823147001860e+00
1.224933978512388277e+00
1.224817124746523156e+00
1.225616248314510770e+00
1.224781558961681949e+00
1.226071905470438983e+00
1.225082573963738986e+00
1.225154333715521959e+00
1.224894957769295578e+00
1.225360997652830131e+00
1.224650761860921699e+00
1.224822875792642485e+00
1.224584864398615469e+00
1.225469540931909407e+00
1.225536557617995959e+00
1.225796269617551060e+00
1.224489674058638178e+00
1.225200331303605283e+00
1.224669284560365279e+00
1.224289954471021957e+00
1.224379675485814500e+00
1.225308043854347106e+00
1.224303605907616221e+00
1.223766208400520972e+00
1.224119047106546843e+00
1.224178661891744513e+00
1.224130478798196142e+00
1.223089785613244329e+00
1.222963653270281226e+00
1.223106538962442702e+00
1.223999943664514367e+00
1.223045765630826454e+00
1.223407176091193982e+00
1.223839060969684089e+00
1.222658499246947139e+00
1.224024999608331887e+00
1.223977651611298123e+00
1.222365187886518489e+00
1.222200666313377093e+00
1.222498408042454132e+00
1.223119456503425129e+00
1.222715486012869945e+00
1.221877253602218438e+00
1.223113093017808684e+00
1.223852159057374100e+00
1.222592792523169658e+00
1.222307800353062524e+00
1.223294284543011701e+00
1.222446017087209791e+00
1.221379636046696193e+00
1.222248003034309249e+00
1.222413784961357219e+00
1.222543792762122328e+00
1.221510877286020813e+00
1.221753999645959210e+00
1.222291565389958423e+00
1.222859354900335038e+00
1.221731886435807102e+00
1.221408725038076293e+00
1.220788236930062665e+00
1.222060195143044314e+00
1.221339576295651819e+00
1.220960426420659717e+00
1.221506920153330400e+00
1.221139744268245009e+00
1.220946058064912076e+00
1.222037880595947312e+00
1.221161729032937959e+00
1.221929853334224214e+00
1.220696992752096754e+00
1.221955481651887387e+00
1.220424842234073770e+00
1.222545971060019054e+00
1.221392692789528889e+00
1.222178354572624581e+00
1.221696637843196820e+00
1.221535500652817907e+00
1.222188284310743223e+00
1.221165314115424394e+00
1.221225577356287895e+00
1.221781693535304525e+00
1.219819743220293962e+00
1.220486675669151255e+00
1.221105125643543898e+00
1.220787677472260802e+00
1.220973855810452813e+00
1.219563858296050629e+00
1.221495630752188255e+00
1.219324765650371623e+00
1.220625449734475731e+00
1.221300815351349156e+00
1.221216741617124901e+00
1.220620026848025619e+00
1.220310821628140863e+00
1.219303838638249760e+00
1.220606565027304802e+00
1.220204355090750648e+00
1.220913205292000869e+00
1.219699630425819192e+00
1.220303852620146623e+00
1.218959469352312253e+00
1.220834130348274149e+00
1.220395004024975139e+00
1.219633153266897141e+00
1.220016161374796848e+00
1.219771766965642934e+00
1.218251335143574199e+00
1.218780558707767137e+00
1.218124424540379724e+00
1.219104898596713449e+00
1.217289963085313786e+00
1.217732920824160514e+00
1.217397137192440804e+00
1.218610281405866136e+00
1.217551439033200067e+00
1.218451516320969263e+00
1.217819889124317490e+00
1.216988306208768078e+00
1.217853305692069732e+00
1.218297008389097380e+00
1.216557237721790585e+00
1.217291945056678371e+00
1.216902420538467089e+00
1.216307331000238356e+00
1.217216188914072239e+00
1.217699965326811018e+00
1.215588014701940667e+00
1.216053054248593890e+00
1.215893944848842612e+00
1.216466663534458759e+00
1.217510800941765226e+00
1.216890794136805232e+00
1.216027247987544246e+00
1.216780807276706122e+00
1.215549488148419899e+00
1.215838751805771167e+00
1.215265593693349855e+00
1.215613250743602824e+00
1.216157020633052532e+00
1.215808783633912427e+00
1.214641071492840618e+00
1.214601276493059379e+00
1.214699125931692381e+00
1.215164921597099434e+00
1.216647040344301933e+00
1.214576661587308370e+00
1.215864756562197169e+00
1.215738676376161287e+00
1.214597877745468457e+00
1.214607262556982370e+00
1.215417559649373924e+00
1.214997545700851056e+00
1.213936554002582158e+00
1.214749771918017140e+00
1.214348962084456973e+00
1.215377034925624322e+00
1.214062281682655398e+00
1.213606421694447324e+00
1.214422038792990266e+00
1.215121832562204629e+00
1.213641875857312424e+00
1.213816771273133144e+00
1.214069206845129534e+00
1.214367427439025926e+00
1.213594685519158833e+00
1.213966924084101562e+00
1.212691135649109908e+00
1.213531540230073036e+00
1.214176571821198536e+00
1.213068332620871770e+00
1.213682761527922649e+00
1.213207918533248719e+00
1.212919927891074501e+00
1.213398513753673358e+00
1.213641310194730760e+00
1.212138808801114020e+00
1.212799207368935317e+00
1.212465692473342349e+00
1.213026812516352804e+00
1.212941943094058894e+00
1.212928006152204086e+00
1.212297664890085391e+00
1.212646833851852124e+00
1.212515887955733840e+00
1.212465968967068708e+00
1.212238803742145654e+00
1.211518778285520126e+00
1.212462672664599284e+00
1.212345448820454585e+00
1.212591932488931379e+00
1.212822671006705599e+00
1.212528712419444821e+00
1.212365238031180681e+00
1.212029839384970886e+00
1.212343849685704411e+00
1.212213278451087950e+00
1.212001764797794534e+00
1.211383380501530382e+00
1.212544456727640441e+00
1.211557179561490782e+00
1.211439616334270664e+00
1.211786116145444181e+00
1.209955416255875660e+00
1.211509934877343708e+00
1.211829556661163432e+00
1.211871126586410607e+00
1.211954050397148208e+00
1.211086555653259067e+00
1.211442692740430704e+00
1.212433370362565821e+00
1.211382573330641810e+00
1.211174329649428172e+00
1.211388329424145427e+00
1.211748912475785422e+00
1.210987403890582792e+00
1.210677802838323602e+00
1.210987355661667708e+00
1.210851759997107591e+00
1.211093023318987827e+00
1.210968917938988643e+00
1.210628371209402365e+00
1.210766548004357235e+00
1.209853228141968939e+00
1.210147282987922512e+00
1.210440141012316895e+00
1.209794532845466009e+00
1.210442646369219943e+00
1.210594269404033252e+00
1.210795545368795079e+00
1.210652251937553547e+00
1.210661426644114913e+00
1.210548484928344548e+00
1.210090258507021455e+00
1.209560977244763302e+00
1.210449874351839705e+00
1.209295850372239522e+00
1.209328496706566058e+00
1.210132479531686123e+00
1.209315838162280166e+00
1.209535697479265925e+00
1.209597080870755681e+00
1.209698751367380032e+00
1.209688225107814707e+00
1.209376903577231488e+00
1.209683671483266387e+00
1.209624250008922486e+00
1.209480654759707896e+00
1.209539889590035333e+00
1.209008244253096054e+00
1.208866303527294406e+00
1.209609020178521233e+00
1.208955188541081638e+00
1.209038963452061521e+00
1.208621210487700326e+00
1.208667028547955491e+00
1.208355039745151016e+00
1.207973434393497802e+00
1.208487993402252103e+00
1.208384352574560339e+00
1.208420064639018632e+00
1.208225162454896751e+00
1.207579914949048705e+00
1.208860023042321208e+00
1.208236173947980552e+00
1.208356141970595710e+00
1.208289051455701868e+00
1.208508194273021141e+00
1.208712913162282687e+00
1.208022462393979035e+00
1.208020663347176393e+00
1.207411355831824906e+00
1.207220736855629806e+00
1.207288933838894573e+00
1.207150131242889612e+00
1.207341437761220382e+00
1.207660696052763605e+00
1.208013325631357882e+00
1.207438695196055400e+00
1.207176346119183785e+00
1.206705694287528052e+00
1.206596549160914522e+00
1.207062471658229219e+00
1.206758149409040692e+00
1.206587132759434633e+00
1.207923652442991269e+00
1.206599181797563203e+00
1.206700163164078132e+00
1.207333946694358451e+00
1.207210173926326346e+00
1.206683501611110376e+00
1.206212687981113030e+00
1.206312357983855277e+00
1.206793828484634012e+00
1.206461970961713037e+00
1.207172599882571751e+00
1.206453505301894324e+00
1.205957631087744231e+00
1.206099021123556936e+00
1.205900274997410593e+00
1.206464925964678025e+00
1.206677823594290322e+00
1.206433329658932907e+00
1.205995147872739537e+00
1.206134575057762781e+00
1.205723117219463569e+00
1.207412435993191258e+00
1.205692868082395508e+00
1.206760108568344148e+00
1.206336945329239851e+00
1.206008075865582230e+00
1.205603809780608549e+00
1.206373938311344096e+00
1.206623056244348069e+00
1.205807860088007333e+00
1.205681398318755315e+00
1.205639943412293524e+00
1.205408979362527999e+00
1.206083556863748907e+00
1.205841395513107317e+00
1.205665106565251055e+00
1.205341675545436919e+00
1.206301040537529623e+00
1.205946231476049180e+00
1.206147473452796381e+00
1.205882918075492416e+00
1.205543160027275462e+00
1.204996174892108085e+00
1.205930131724149756e+00
1.205964950881235342e+00
1.204997646103641351e+00
1.205239206177092015e+00
1.204792332405628441e+00
1.205641541086908131e+00
1.205068900697243039e+00
1.205573320582677299e+00
1.204362997847680194e+00
1.203513042255280885e+00
1.204168264535395050e+00
1.203833280270717010e+00
1.204037133168673002e+00
1.205333208024828462e+00
1.203920564967810858e+00
1.204860133151172130e+00
1.203678503265450894e+00
1.204695559082147094e+00
1.205225501764924045e+00
1.204050045050765627e+00
1.203848746937823400e+00
1.203639129865567758e+00
1.203311669911027337e+00
1.203445325986951753e+00
1.203603352602511389e+00
1.204013450144750363e+00
1.205053612405007746e+00
1.202942922573366991e+00
1.203080055300229878e+00
1.203308774898621314e+00
1.203233452339837140e+00
1.202815783487572121e+00
1.202949187552592170e+00
1.203001664007942173e+00
1.204172325758785522e+00
1.203109954284993011e+00
1.203222801016959442e+00
1.202676845770553671e+00
1.203007682525096600e+00
1.203111375107104086e+00
1.203558784438427010e+00
1.202275799085950281e+00
1.203673963316187701e+00
1.204704962551110370e+00
1.203434391539292214e+00
1.202677007491512740e+00
1.202446481795308442e+00
1.202433585736832677e+00
1.202134605375107634e+00
1.202827858384200033e+00
1.202414108539859416e+00
1.203603996100860885e+00
1.202197675735297677e+00
1.201974142223183550e+00
1.203083005535840133e+00
1.202274017042905374e+00
1.201540340795649531e+00
1.202437986360546995e+00
1.202194462705258537e+00
1.202110003071008348e+00
1.202904373866344523e+00
1.203777354039123892e+00
1.202410000491754616e+00
1.202828260211396882e+00
1.202026939537053529e+00
1.201466410260632278e+00
1.201988681299196671e+00
1.203588492776373364e+00
1.202580211574683311e+00
1.201648985906583311e+00
1.202080628731281742e+00
1.204038298981742194e+00
1.203240651309485321e+00
1.203521645422521269e+00
1.202411750734600160e+00
1.201836343740559476e+00
1.202919432673299704e+00
1.202458567159242264e+00
1.203715835832788628e+00
1.202625815631898076e+00
1.200785182511120208e+00
1.203124362344502929e+00
1.200754438112649813e+00
1.200654179207677918e+00
1.200832236061267988e+00
1.202719076383198749e+00
1.202406789192818293e+00
1.202510337038041888e+00
1.202197880660301310e+00
1.200644421070519607e+00
1.200881345904817321e+00
1.200573068926709785e+00
1.200878449195746711e+00
1.200855677134696320e+00
1.200438203061071629e+00
1.201808909537971370e+00
1.202859616780757923e+00
1.202034943262929145e+00
1.203254104979654571e+00
1.201941358302285989e+00
1.201207147344536486e+00
1.200405816957001104e+00
1.201281936056791677e+00
1.201415858869685716e+00
1.201648101323762985e+00
1.202048512158364391e+00
1.203097542392618680e+00
1.201665453359785696e+00
1.199654889171063221e+00
1.200398137598423842e+00
1.199758749949742631e+00
1.200650988334921676e+00
1.200329313846624002e+00
1.201094525922645095e+00
1.199879748352447262e+00
1.200744060014500736e+00
1.200981646446642737e+00
1.200047074796155799e+00
1.199185395374898766e+00
1.200584764418226813e+00
1.201824839113373455e+00
1.201204822354376089e+00
1.201394662786681389e+00
1.200244564960463167e+00
1.199110334571941605e+00
1.200276798157083435e+00
1.198722974923312368e+00
1.200456156179679157e+00
1.200142803583846396e+00
1.199360403004223530e+00
1.200826618741070329e+00
1.202145679671755341e+00
1.200381143630397940e+00
1.199825322489451951e+00
1.199593620609100686e+00
1.198903806156551344e+00
1.199983416253487478e+00
1.198774102165075295e+00
1.200105910199649184e+00
1.199578925943148189e+00
1.199362431214417768e+00
1.198768879245179386e+00
1.198453791093480048e+00
1.199663295788684136e+00
1.198644734016832913e+00
1.199807508140533052e+00
1.198380451931351010e+00
1.198173304095149438e+00
1.199987157840933349e+00
1.198323301404810692e+00
1.200432542294860072e+00
1.197538964247481408e+00
1.199657302492965760e+00
1.198523959334913069e+00
1.199374422022753128e+00
1.199670414978731170e+00
1.198153884110492395e+00
1.197470116218799507e+00
1.199193582260946522e+00
1.199458689774308251e+00
1.199206896005285072e+00
1.199186223192671763e+00
1.198496573897899875e+00
1.197759938526994805e+00
1.198197562634021107e+00
1.197156463565486773e+00
1.197677203096270571e+00
1.198403016780600572e+00
1.199828363767745154e+00
1.198648720749295071e+00
1.198035273631440800e+00
1.199159349556782272e+00
1.196236283457884797e+00
1.198956899796344677e+00
1.197885300140036913e+00
1.197265672448955875e+00
1.198977377419530033e+00
1.197999790492413785e+00
1.197492104034133975e+00
1.197267545090594743e+00
1.198810160762709964e+00
1.197072098614409219e+00
1.198179854091530494e+00
1.196524574448867950e+00
1.198132050839310736e+00
1.199670989609901595e+00
1.196139881108869263e+00
1.197158480825082139e+00
1.198777789425083951e+00
1.196120984114825037e+00
1.198912874730182487e+00
1.197647095388784333e+00
1.196595466475444569e+00
1.198332579821056676e+00
1.197796569231466712e+00
1.196308149830493939e+00
1.198719459832291223e+00
1.197909546945394199e+00
1.198448702089695450e+00
1.198163392049340858e+00
1.196621134182193291e+00
1.197909528948969404e+00
1.196162973166281285e+00
1.198343275606331471e+00
1.196417020021736111e+00
1.196052805430260602e+00
1.198323974973966477e+00
1.198111981355553635e+00
1.195821909684912976e+00
1.196304861156758159e+00
1.195764630089723335e+00
1.198898139723783229e+00
1.197533513109553693e+00
1.197186692782724604e+00
1.197540895043748721e+00
1.196944894140226756e+00
1.195402964539571844e+00
1.197411672372374003e+00
1.196846055158208744e+00
1.195775428305983157e+00
1.196774446808309023e+00
1.195708458638754523e+00
1.195945652064153597e+00
1.196001169065376013e+00
1.195619230555715395e+00
1.195622193863617566e+00
1.195610034050712533e+00
1.197023259355531000e+00
1.196389648943920303e+00
1.195703937310138576e+00
1.197516614694138060e+00
1.196990213321472707e+00
1.195912178379116231e+00
1.194680828869931322e+00
1.196462670392677508e+00
1.196615717036024984e+00
1.196687071131529612e+00
1.196711276158365589e+00
1.195335697662237573e+00
1.195411797862987013e+00
1.195580367443552339e+00
1.195114304756881296e+00
1.195650060031714812e+00
1.195448032721440290e+00
1.196302705741260075e+00
1.195872301276586613e+00
1.195224886754497007e+00
1.195128051361591170e+00
1.196333824026580617e+00
1.197928182577578271e+00
1.195029054514042510e+00
1.195938287021778290e+00
1.195784407930221338e+00
1.195937059728204854e+00
1.194753213909471645e+00
1.196723132943794843e+00
1.195599889287669804e+00
1.195221435995354797e+00
1.195001189408082309e+00
1.194672194976544199e+00
1.195940630496744150e+00
1.196833941314226157e+00
1.195731796973446892e+00
1.194692353633074022e+00
1.197335065437796331e+00
1.194223824731241113e+00
1.194242945015614454e+00
1.196221214901160179e+00
1.196913163513835032e+00
1.194851531863149185e+00
1.196259971029696612e+00
1.195436981167617096e+00
1.195441769940068122e+00
1.194012476116724564e+00
1.194706086477682172e+00
1.195601566245659386e+00
1.195652446302611915e+00
1.195977799083914217e+00
1.194690579563684185e+00
1.196074355598253813e+00
1.194895887608163010e+00
1.195297042969761137e+00
1.194569901227958697e+00
1.194151937775796535e+00
1.194442323678604367e+00
1.194400235713978908e+00
1.194660254063875993e+00
1.195672153535541904e+00
1.193970479204970792e+00
1.195126491725206463e+00
1.195231050686610397e+00
1.194791751929126677e+00
1.194302274106663786e+00
1.194030164755837786e+00
1.194001330204352618e+00
1.195166719282428236e+00
1.193991235226712133e+00
1.193547611669528719e+00
1.193689218241326122e+00
1.194194284344466617e+00
1.193359047985803167e+00
1.193432082864632982e+00
1.193836236912770854e+00
1.194392561611258730e+00
1.193144283722025412e+00
1.193178333893892828e+00
1.193509276972563038e+00
1.193388513135017481e+00
1.193769878040615184e+00
1.194753218860442834e+00
1.193662568134224555e+00
1.192887143217159496e+00
1.193563400444908940e+00
1.193811673087650016e+00
1.193449263963989093e+00
1.192980876637533605e+00
1.194326744756989189e+00
1.193171882982511756e+00
1.193811768458233002e+00
1.193356224303961710e+00
1.193204990520988273e+00
1.193309728400002490e+00
1.193583980030604730e+00
1.193370838386971888e+00
1.192802932558616247e+00
1.193248474284350769e+00
1.193456814651041586e+00
1.192279974794396180e+00
1.193305923707128846e+00
1.193706393769530472e+00
1.193080003381097098e+00
1.192832482031541685e+00
1.194247039037095170e+00
1.192624704177113193e+00
1.193053167514592117e+00
1.193122030373632514e+00
1.192460406142696883e+00
1.193222368267421230e+00
1.192483013190881236e+00
1.193777481652673389e+00
1.192658134159149785e+00
1.192953762468421886e+00
1.193061287742001708e+00
1.192806304837527476e+00
1.192858640406905701e+00
1.192357759579021570e+00
1.192759525000719245e+00
1.192365754414807855e+00
1.192967488668174258e+00
1.192293800802343595e+00
1.192442392733787049e+00
1.193162375207631909e+00
1.192738766036678166e+00
1.193171239801291472e+00
1.192137250192897513e+00
1.192658599285560950e+00
1.192906393320886327e+00
1.191613415019056488e+00
1.192310843079043003e+00
