2.953984571807992552e+02
6.280846316619622627e+01
4.961487800313278029e+01
4.299500527802511129e+01
3.859500033876025071e+01
3.486722411716284142e+01
3.109058600541489525e+01
2.691244457575831106e+01
2.190741380183677123e+01
1.563206686568123338e+01
9.886233006615873009e+00
6.488220684788767123e+00
4.959205031523546303e+00
4.247727147815369086e+00
3.832657433649564904e+00
3.549466020762395146e+00
3.344294002575337377e+00
3.195094358841529925e+00
3.080207020381308336e+00
2.988487693291379532e+00
2.912093092366660585e+00
2.846591339298809586e+00
2.788771817551602528e+00
2.735310843855614849e+00
2.684446256866140246e+00
2.635077030434112011e+00
2.587579596084846223e+00
2.538796752980753801e+00
2.490298107482498580e+00
2.437741460461234855e+00
2.379271159144138004e+00
2.322572563142757396e+00
2.270333603321516236e+00
2.224354051748422378e+00
2.183280159649775953e+00
2.145658481000228601e+00
2.110504902732775800e+00
2.076954430170240951e+00
2.044868591515713430e+00
2.014448345346765645e+00
1.983154391834478725e+00
1.951593734865479490e+00
1.920860367752104780e+00
1.893792895068072468e+00
1.869914528570044920e+00
1.848079634182208553e+00
1.827889321274702050e+00
1.807962185720388471e+00
1.787738219758231883e+00
1.767972961950565525e+00
1.749532420817304201e+00
1.732935775932853639e+00
1.718149319953016230e+00
1.704548868909046888e+00
1.691437129826312002e+00
1.678970461572067974e+00
1.667104726880809018e+00
1.656683686645838982e+00
1.646333586196504939e+00
1.636948931446672084e+00
1.627767190396051555e+00
1.619293723048638389e+00
1.610601268487172888e+00
1.602416149355122776e+00
1.594370778874296457e+00
1.586949042361789353e+00
1.579959409491323186e+00
1.573101345343327351e+00
1.566671522998653643e+00
1.560278303027120117e+00
1.554106095596756276e+00
1.548039939970742518e+00
1.542393910318896166e+00
1.537163195945885796e+00
1.531997554610737611e+00
1.527177874711741490e+00
1.522535514389721234e+00
1.518138929655464375e+00
1.514163709686204839e+00
1.509864289228209699e+00
1.506090781871788353e+00
1.502244841230066852e+00
1.498362044538892546e+00
1.494636479206999491e+00
1.490972532652753868e+00
1.487361209149503205e+00
1.483906987088450258e+00
1.480800148692953400e+00
1.477654316377495780e+00
1.474681582675717806e+00
1.472199020041586870e+00
1.469089929953011797e+00
1.466242005658273007e+00
1.463812846521779454e+00
1.461356553119746771e+00
1.459071828351719669e+00
1.456704814318607655e+00
1.454413444244893050e+00
1.452079429596991211e+00
1.449589159383052994e+00
1.447289010548145072e+00
1.445239372021227098e+00
1.443116776751928176e+00
1.441043832567146632e+00
1.439248446250956937e+00
1.437329975261079085e+00
1.435471628792421628e+00
1.433537092482878528e+00
1.431759187522325893e+00
1.430085989665409008e+00
1.428272261172092605e+00
1.426728998546505922e+00
1.425020976572242803e+00
1.423300199367732999e+00
1.421558378190639127e+00
1.419865120904441724e+00
1.418354707762729428e+00
1.416665331957667640e+00
1.415078786733241278e+00
1.413387119293785021e+00
1.411497988736052589e+00
1.410127523400332983e+00
1.408737474138899826e+00
1.407393185507415545e+00
1.406020190527286884e+00
1.404590404138719828e+00
1.403108123384743777e+00
1.401651003742710566e+00
1.400053601130409886e+00
1.398587251003460930e+00
1.397305706229522215e+00
1.395884687756177023e+00
1.394582353678114783e+00
1.393493000614287602e+00
1.392130018913386058e+00
1.391000515497797352e+00
1.389715894726657686e+00
1.388420616815628561e+00
1.387302293624834704e+00
1.386041251828216359e+00
1.384923314687057649e+00
1.383713559534348825e+00
1.382528533008052785e+00
1.381441035232646719e+00
1.380193765575434384e+00
1.379037335434444733e+00
1.377895022520827517e+00
1.376687119029166739e+00
1.375682850180958816e+00
1.374418633213084107e+00
1.373270056650159221e+00
1.372163353702209987e+00
1.370976030705050697e+00
1.369939570807816809e+00
1.368899258469994384e+00
1.367775677332377038e+00
1.366783700306907212e+00
1.365760410475538533e+00
1.364639417249254194e+00
1.363473709966932068e+00
1.362445842583283051e+00
1.361165691523124943e+00
1.360203445204644979e+00
1.359241092183296695e+00
1.358278691847863540e+00
1.357293731266620895e+00
1.356360635503461642e+00
1.355398174520508148e+00
1.354489824977266110e+00
1.353561915531529047e+00
1.352721341363646523e+00
1.351851843240950757e+00
1.350818197865988113e+00
1.349771216438376387e+00
1.348904519343078645e+00
1.347943172927925204e+00
1.347083376486205131e+00
1.346192950230108210e+00
1.345401664061300018e+00
1.344657712339252909e+00
1.343804555622002406e+00
1.342825293597904812e+00
1.341888978819785416e+00
1.341146384105496248e+00
1.340224462856334009e+00
1.339282543988846497e+00
1.338323138862464790e+00
1.337396820492886329e+00
1.336519637219568901e+00
1.335562149238565643e+00
1.334679339282447641e+00
1.333740280941857037e+00
1.332765800532261347e+00
1.331759135145434980e+00
1.330767225080851324e+00
1.329944943468409857e+00
1.329200582765756034e+00
1.328227235204325174e+00
1.327249748771691218e+00
1.326213582319832662e+00
1.325559380755201522e+00
1.324826247777991073e+00
1.324069751199759448e+00
1.323289376172997578e+00
1.322572476976804356e+00
1.321891900481242166e+00
1.321336038400619417e+00
1.320847153980019950e+00
1.320044571306519865e+00
1.319552778629687229e+00
1.318742390994033231e+00
1.318207211668204204e+00
1.317492256673734374e+00
1.316870522310001457e+00
1.315970902827097833e+00
1.315367371561851240e+00
1.314583121018176204e+00
1.313859856782625402e+00
1.313214121985901484e+00
1.312494005560573163e+00
1.311966740447696678e+00
1.311217572361567996e+00
1.310312162607095265e+00
1.309712768579333053e+00
1.309175099695015776e+00
1.308611951942250551e+00
1.307834659266151833e+00
1.307208116542181386e+00
1.306680090289705332e+00
1.306100507687226964e+00
1.305644682154192271e+00
1.305125249581483349e+00
1.304623863704745590e+00
1.304090651976529402e+00
1.303496477762801087e+00
1.302950907551761572e+00
1.302365921010334882e+00
1.301866660408540044e+00
1.301367307005023788e+00
1.300847806977996735e+00
1.300366710950310534e+00
1.299902860394496651e+00
1.299527849358024012e+00
1.299038107140666032e+00
1.298512537956380219e+00
1.298186512856386532e+00
1.297731806022136558e+00
1.297212958547421247e+00
1.296673806309343924e+00
1.296172086050619177e+00
1.295745289387481680e+00
1.295245060963327699e+00
1.294854909210251259e+00
1.294552353064979178e+00
1.294026055517537799e+00
1.293621277365812006e+00
1.293196039213123649e+00
1.292853128329990664e+00
1.292510761160500454e+00
1.292092038621473593e+00
1.291815721192180799e+00
1.291428778384335230e+00
1.291037807205721588e+00
1.290824035731211294e+00
1.290439571827231680e+00
1.289974285178035585e+00
1.289688920250933402e+00
1.289261357804214247e+00
1.288834574511549036e+00
1.288346687813531455e+00
1.288219620147129207e+00
1.287732725489732610e+00
1.287347729958619125e+00
1.287003956376421065e+00
1.286634037013899112e+00
1.286301277759985595e+00
1.285779682002416768e+00
1.285477438865882505e+00
1.285080122552854531e+00
1.284612937715266634e+00
1.284251700415711905e+00
1.283939666028770299e+00
1.283585634505940432e+00
1.283216462254142431e+00
1.282879168687373728e+00
1.282505191588060312e+00
1.282140781268204410e+00
1.281655370644273706e+00
1.281405906448865206e+00
1.280989152107649520e+00
1.280655548301446789e+00
1.280300556451390737e+00
1.279983338397580939e+00
1.279677224160270521e+00
1.279099868909584492e+00
1.278643676917740057e+00
1.278237591293484021e+00
1.277713566750940499e+00
1.277144828807907251e+00
1.276579279851205007e+00
1.276119950804386560e+00
1.275699478471876702e+00
1.275058342986298943e+00
1.274565444198367148e+00
1.273950432707097402e+00
1.273309395780697795e+00
1.272752126918799354e+00
1.272289999390565418e+00
1.271943885082343906e+00
1.271465033618537577e+00
1.271037458125509279e+00
1.270745848867891548e+00
1.270030404847018568e+00
1.269783834312512294e+00
1.269198210361043966e+00
1.268951602454353900e+00
1.268557912432125567e+00
1.268032392532324026e+00
1.267601743353780064e+00
1.267057236588735813e+00
1.266520711533662746e+00
1.266186576126625107e+00
1.265687603549844553e+00
1.265255678907409420e+00
1.264721877498742542e+00
1.264451849337391298e+00
1.264034401014405118e+00
1.263693879842241907e+00
1.263303566758965824e+00
1.263001847877584405e+00
1.262572697651192177e+00
1.262247368863643082e+00
1.261969051684553422e+00
1.261518215805323084e+00
1.261219512728558589e+00
1.260801708212894168e+00
1.260547919975860465e+00
1.260286582081514783e+00
1.259870734363196076e+00
1.259491316331544875e+00
1.259350084527119273e+00
1.258979897855796448e+00
1.258625623071681687e+00
1.258382349025102265e+00
1.258053215741326225e+00
1.257718499645934074e+00
1.257441289146800978e+00
1.257010770889057438e+00
1.256746107783678346e+00
1.256439316644831328e+00
1.256280850738765942e+00
1.255927283042439946e+00
1.255559235334746226e+00
1.255262679957000804e+00
1.254924373993907993e+00
1.254601799022965869e+00
1.254171192074081453e+00
1.254153785079985983e+00
1.253825355847980605e+00
1.253587779499185650e+00
1.253228384878452673e+00
1.253081521373508034e+00
1.252769537396476229e+00
1.252616686911198540e+00
1.252154953291505279e+00
1.252066307252339028e+00
1.251684077035768006e+00
1.251455279772941243e+00
1.251166027547569115e+00
1.250976276584713665e+00
1.250662965000077786e+00
1.250547504449261327e+00
1.250290039963816158e+00
1.249986892761866475e+00
1.249703448900909342e+00
1.249527341762699750e+00
1.249251639305211992e+00
1.249081555019464274e+00
1.248950139733243647e+00
1.248629330230853318e+00
1.248271776403272471e+00
1.247996349438222241e+00
1.247854186440886970e+00
1.247540607179769667e+00
1.247306660531491973e+00
1.247116589512223817e+00
1.247216616402736733e+00
1.246888086440411714e+00
1.246589479487279606e+00
1.246420472109033950e+00
1.246094553370319602e+00
1.246105644574082794e+00
1.245949936090489318e+00
1.245657875067029297e+00
1.245146269437099162e+00
1.244981407004609908e+00
1.244782170259154830e+00
1.244436951353909526e+00
1.244345890470636595e+00
1.244276292214810065e+00
1.243946832757499399e+00
1.243866321237315331e+00
1.243565395025194809e+00
1.243417805479596572e+00
1.243132070527611654e+00
1.243129977761037841e+00
1.242899775659054074e+00
1.242622152749729203e+00
1.242443886145495613e+00
1.242112338627151757e+00
1.241947892722597313e+00
1.241779397251870032e+00
1.241548718360896864e+00
1.241349866497170495e+00
1.241212832018786072e+00
1.240953669245987490e+00
1.241059467121474302e+00
1.240769809126907486e+00
1.240476510234211238e+00
1.240334261196934351e+00
1.240199584873350025e+00
1.239950765447327186e+00
1.239793681492170174e+00
1.239740899682763908e+00
1.239598606315592155e+00
1.239369195130682000e+00
1.239299898082964146e+00
1.238922148703784476e+00
1.238707994246221133e+00
1.238588207553971365e+00
1.238382549634742480e+00
1.238175069470822232e+00
1.237946864109454648e+00
1.237718825232783537e+00
1.237558082361181366e+00
1.237394276805929394e+00
1.237300306180843856e+00
1.237063566055065289e+00
1.236912373005100596e+00
1.236741673127287333e+00
1.236702579788909295e+00
1.236541429588125629e+00
1.236348483473202586e+00
1.236249868057047507e+00
1.236003809080173488e+00
1.235778991935726934e+00
1.235763329840618985e+00
1.235504153128857086e+00
1.235382062918905177e+00
1.235269804062318233e+00
1.235073412208083310e+00
1.234920877149728868e+00
1.234718924475673330e+00
1.234522739797458080e+00
1.234441499540323894e+00
1.234167411326678510e+00
1.233943147472775115e+00
1.233740165807204248e+00
1.233630991638831054e+00
1.233500099391627414e+00
1.233266992407157092e+00
1.233026407129564239e+00
1.232808923022306713e+00
1.232519767397119326e+00
1.232466701160112477e+00
1.232176495319797338e+00
1.231996630335679521e+00
1.231780444342645220e+00
1.231617619277965536e+00
1.231215344035740733e+00
1.231018486037460002e+00
1.230842634825127790e+00
1.230548906943964127e+00
1.230316657377836354e+00
1.230136394830957158e+00
1.229973928307728448e+00
1.229820318536124946e+00
1.229593908964547566e+00
1.229413292667224544e+00
1.229223709629487793e+00
1.228993444139945268e+00
1.228929474276955869e+00
1.228738008373158719e+00
1.228514156238822652e+00
1.228398610065847052e+00
1.228119191939079702e+00
1.228004052071348218e+00
1.227922404304519377e+00
1.227709488376655500e+00
1.227534655197456415e+00
1.227426573243589392e+00
1.227195704766194329e+00
1.227166026541925303e+00
1.226836156246403409e+00
1.226717596919335795e+00
1.226420758122140908e+00
1.226257678391153183e+00
1.226174978308369079e+00
1.225956528182990501e+00
1.225885253093058624e+00
1.225696410554948157e+00
1.225630098542428437e+00
1.225459858034320115e+00
1.225353068723911365e+00
1.225204865614414995e+00
1.225032225156807097e+00
1.225001666711128534e+00
1.224879327364407633e+00
1.224731305861298081e+00
1.224607565392920039e+00
1.224497005860701648e+00
1.224353436918729443e+00
1.224278273914780835e+00
1.224162434879646266e+00
1.223989925095235964e+00
1.223911949515555042e+00
1.223737208050451608e+00
1.223605763731666185e+00
1.223473021138395511e+00
1.223287118898126247e+00
1.223213844248771887e+00
1.223076688915386123e+00
1.222955640256755849e+00
1.222888531849539939e+00
1.222743607355067486e+00
1.222616348337996817e+00
1.222444211356121357e+00
1.222396546489163072e+00
1.222328516301151913e+00
1.222197641505208932e+00
1.222111724272316957e+00
1.222001666518059526e+00
1.221890212986559199e+00
1.221793032009285795e+00
1.221734324043482145e+00
1.221507501124500905e+00
1.221418683023299590e+00
1.221247366033027193e+00
1.221195522052891169e+00
1.220991583014499726e+00
1.220847936956125368e+00
1.220706123949023558e+00
1.220663265236493489e+00
1.220446014022463777e+00
1.220316000513473886e+00
1.220253466966758626e+00
1.220172883691056587e+00
1.219939463816520187e+00
1.219858548405712062e+00
1.219735399487436700e+00
1.219604517162862889e+00
1.219454778504529990e+00
1.219336171508659694e+00
1.219171611129473254e+00
1.219058695504862566e+00
1.218976701599262968e+00
1.218798126175449026e+00
1.218685118735064910e+00
1.218582073695372303e+00
1.218418227728050196e+00
1.218324702025417539e+00
1.218259297132152641e+00
1.218046924458767721e+00
1.217935572420293822e+00
1.217847415236019470e+00
1.217825301351308065e+00
1.217713807072340781e+00
1.217646556258840773e+00
1.217473202914947761e+00
1.217310867056649260e+00
1.217305541136813885e+00
1.217193097254802847e+00
1.217130523511110951e+00
1.216954189009810117e+00
1.216902851964765775e+00
1.216813134172578303e+00
1.216767448368744287e+00
1.216595404156225468e+00
1.216665812737896868e+00
1.216652758236491438e+00
1.216486557754008269e+00
1.216347713379537732e+00
1.216243678492177960e+00
1.216119699306960955e+00
1.215972280287254348e+00
1.215933359741418140e+00
1.215740256893425464e+00
1.215596948950440126e+00
1.215541030444686088e+00
1.215447493831228742e+00
1.215294229873929766e+00
1.215162020176975277e+00
1.214945806432745412e+00
1.214712945783059883e+00
1.214633266018694480e+00
1.214371654096264352e+00
1.214321234275660855e+00
1.214166837805174648e+00
1.214082773406465199e+00
1.213889944497894335e+00
1.213896887649029033e+00
1.213676362459279456e+00
1.213547927372903068e+00
1.213495394443741215e+00
1.213368677973760912e+00
1.213237076252186020e+00
1.213099656172086149e+00
1.212914760529890890e+00
1.212904683111139859e+00
1.212703106644005713e+00
1.212539419305996180e+00
1.212395348296402942e+00
1.212229210282008918e+00
1.212257227141329219e+00
1.212097580854395007e+00
1.212012687724043136e+00
1.211873290434297035e+00
1.211789491656543483e+00
1.211598822479262427e+00
1.211524996106481344e+00
1.211337844993148449e+00
1.211243959012793470e+00
1.211142900600612693e+00
1.210987863634642947e+00
1.210935127908242093e+00
1.210793615391463796e+00
1.210829186164968929e+00
1.210675499168764935e+00
1.210663676612710349e+00
1.210458722644620622e+00
1.210342358474716384e+00
1.210179596791418177e+00
1.210149813284286724e+00
1.209978469045978722e+00
1.209784461079481455e+00
1.209849651075376675e+00
1.209662285168963125e+00
1.209544899952988750e+00
1.209446993239713608e+00
1.209358531769838985e+00
1.209156649556798913e+00
1.209010209614924891e+00
1.208988859834651652e+00
1.208799032919814609e+00
1.208723540092999427e+00
1.208494770391921547e+00
1.208553290806964720e+00
1.208345574444754655e+00
1.208171097698615970e+00
1.208094661633075662e+00
1.207783438398548848e+00
1.207801341950046181e+00
1.207791027996788502e+00
1.207510650794208162e+00
1.207562133927272408e+00
1.207347441232432095e+00
1.207256994402234662e+00
1.207101181776719434e+00
1.206955923113694373e+00
1.206804567646208026e+00
1.206679826206591644e+00
1.206425119198228924e+00
1.206170084520231223e+00
1.206053016296467106e+00
1.205913957637154033e+00
1.205700427636583028e+00
1.205529241939763629e+00
1.205382254377653783e+00
1.205165891049767568e+00
1.205009789863058955e+00
1.204924279687482613e+00
1.204601422384695253e+00
1.204595432764866247e+00
1.204444773092690602e+00
1.204166983845834871e+00
1.203900881173255444e+00
1.203917578790343557e+00
1.203739520949431929e+00
1.203490090150196368e+00
1.203429426827588022e+00
1.203236716847972732e+00
1.203232611704751820e+00
1.202973955260583816e+00
1.202817741184905254e+00
1.202611484284190846e+00
1.202398274009505608e+00
1.202305510233254937e+00
1.202184198062712150e+00
1.202028834781553535e+00
1.201984759273806214e+00
1.201760007236335248e+00
1.201632058965993677e+00
1.201575218929789690e+00
1.201447477305355394e+00
1.201431802679351124e+00
1.201410879785530295e+00
1.201218463412522253e+00
1.201167516696207693e+00
1.201052707498290184e+00
1.200910146485194119e+00
1.200839598054392665e+00
1.200795102409003778e+00
1.200617358991223460e+00
1.200626278743633035e+00
1.200479651034228157e+00
1.200327084368021602e+00
1.200218558096112886e+00
1.200057423542080892e+00
1.199932421718274744e+00
1.199835055543374329e+00
1.199693243312638602e+00
1.199705999808416523e+00
1.199434022224870056e+00
1.199401068432774498e+00
1.199428563857418029e+00
1.199201431491298875e+00
1.199107743926516756e+00
1.198967761350867356e+00
1.198955144197075162e+00
1.198988331804454521e+00
1.198704729371170785e+00
1.198645960614852735e+00
1.198436340220056850e+00
1.198353253300168619e+00
1.198307639992519658e+00
1.198264097170883113e+00
1.198126983317137517e+00
1.198038066022961479e+00
1.197857550276754335e+00
1.197826225161636282e+00
1.197648143998495618e+00
1.197502633802203675e+00
1.197380279322709073e+00
1.197198493812967390e+00
1.197127525481480159e+00
1.196966162445993742e+00
1.196938064347151665e+00
1.196757596796006462e+00
1.196654485480446617e+00
1.196540417726007943e+00
1.196500284310269668e+00
1.196352006522689582e+00
1.196208047010396625e+00
1.196070612288978596e+00
1.196015308551108713e+00
1.195612733541138617e+00
1.195646771999238966e+00
1.195665999648834132e+00
1.195551839981675135e+00
1.195476622385336807e+00
1.195398014896265737e+00
1.195382533929379099e+00
1.195180034047195639e+00
1.195136530683524212e+00
1.194966272795221718e+00
1.194922744166439621e+00
1.194753527015637529e+00
1.194780616690160224e+00
1.194658711322989175e+00
1.194510077057082897e+00
1.194373002286541974e+00
1.194212884333412772e+00
1.194117754960147826e+00
1.194065445840424067e+00
1.193860351708382117e+00
1.193841211731052399e+00
1.193605475338015420e+00
1.193716351316037372e+00
1.193416884256526478e+00
1.193405895167964692e+00
1.193281881627794805e+00
1.193306526630370623e+00
1.193247425308896270e+00
1.193162469475666176e+00
1.192971228109234838e+00
1.192841404560125662e+00
1.192673154667200919e+00
1.192778693449678018e+00
1.192573542120682673e+00
1.192341643327532674e+00
1.192275132197408549e+00
1.192213682390298901e+00
1.192236263115633355e+00
1.192007898675789823e+00
1.192209133295519585e+00
1.191955696307316348e+00
1.191719881051309216e+00
1.191670744751397448e+00
1.191484777726217859e+00
1.191416193090207187e+00
1.191391362583284819e+00
1.191265276963976882e+00
1.191175414311806735e+00
1.191123439444254695e+00
1.190934151303296051e+00
1.191025032878378909e+00
1.190808990850001914e+00
1.190642088893718809e+00
1.190575417795284086e+00
1.190563766630499787e+00
1.190381569913996573e+00
1.190241593271988974e+00
1.190259364041690526e+00
1.190137729645510012e+00
1.190174884818047785e+00
1.190108584228998234e+00
1.189927334244578860e+00
1.190036162820448995e+00
1.189804138733551175e+00
1.189662057334225365e+00
1.189604350764834173e+00
1.189640419098568103e+00
1.189329490286201496e+00
1.189219426625561127e+00
1.189059039447141197e+00
1.189087671686001269e+00
1.188918398601402249e+00
1.188744439958041132e+00
1.188784992417283970e+00
1.188713668614633123e+00
1.188543116292197332e+00
1.188452669532365169e+00
1.188360590993652988e+00
1.188229199804008207e+00
1.188120503900211400e+00
1.188007056376914949e+00
1.188068842735011676e+00
1.187740883489469823e+00
1.187810513598166473e+00
1.187660519892283828e+00
1.187579449321006786e+00
1.187644358668348943e+00
1.187498563596931289e+00
1.187378174976390754e+00
1.187337904782941989e+00
1.187194853791312399e+00
1.187130616919603421e+00
1.187093091134151734e+00
1.187011760007239181e+00
1.187011321651588736e+00
1.186987022884447018e+00
1.186868575439016693e+00
1.186784610292967335e+00
1.186636425515408488e+00
1.186544112186862732e+00
1.186515109542654267e+00
1.186353193672077033e+00
1.186381570066054048e+00
1.186268558362369774e+00
1.186092326810443298e+00
1.186162692795649010e+00
1.185970750138389151e+00
1.185930219605299429e+00
1.185822316482675554e+00
1.185764257146731060e+00
1.185680202683516260e+00
1.185529256407166221e+00
1.185432775897969915e+00
1.185574118929703991e+00
1.185350379907467833e+00
1.185269508435527586e+00
1.185154324594894337e+00
1.185280279207266974e+00
1.185008621628870218e+00
1.185054466910701487e+00
1.184957684657903743e+00
1.184930387350844327e+00
1.184914530263363686e+00
1.184845698504288558e+00
1.184742825766628149e+00
1.184667185400252176e+00
1.184709579902510690e+00
1.184460474607900382e+00
1.184427158647892275e+00
1.184285952829340793e+00
1.184263902496141885e+00
1.184250973884019009e+00
1.184151349021006050e+00
1.184121654730067030e+00
1.184080895710965420e+00
1.184018312425032526e+00
1.183922466808772223e+00
1.183892158240946735e+00
1.183779008550074785e+00
1.183665644115333260e+00
1.183678359451828754e+00
1.183532556809463676e+00
1.183532437834165618e+00
1.183516252419401615e+00
1.183273124572993718e+00
1.183343928204847240e+00
1.183295821269696457e+00
1.183137186442723809e+00
1.183013525458320725e+00
1.183146691457549915e+00
1.182856711156744067e+00
1.182876247422044447e+00
1.182797519318979917e+00
1.182833353206347970e+00
1.182598559251792913e+00
1.182479626699625141e+00
1.182647263984005326e+00
1.182616435050063197e+00
1.182526851019289227e+00
1.182342467508100237e+00
1.182255793782040820e+00
1.182178879060558296e+00
1.182266632306930632e+00
1.182143498108992885e+00
1.182118805929112559e+00
1.182031650483352792e+00
1.181896646374086535e+00
1.181957416817990270e+00
1.181880293511952118e+00
1.181770077827794418e+00
1.181744151461626702e+00
1.181754421408059974e+00
1.181495637094897910e+00
1.181573162244247799e+00
1.181407318134938045e+00
1.181529073180129563e+00
1.181367757963194709e+00
1.181351219848447931e+00
1.181402333675996230e+00
1.181242029833615481e+00
1.181165845415250715e+00
1.181294691887140091e+00
1.181046359081543873e+00
1.180886317369489236e+00
1.180856408048034378e+00
1.180959599864402465e+00
1.180682415214061143e+00
1.180797338270319630e+00
1.180613102492938937e+00
1.180552412120466466e+00
1.180623263111739485e+00
1.180420592133720525e+00
1.180487549628686628e+00
1.180501301674171666e+00
1.180327833363659540e+00
1.180303356996268649e+00
1.180094438729156314e+00
1.180182799950241668e+00
1.180173667503183754e+00
1.179938018366434749e+00
1.179999600232557455e+00
1.180000407120504358e+00
1.179928055364464212e+00
1.179749529817393894e+00
1.179752622800097184e+00
1.179763925921741397e+00
1.179595716111534687e+00
1.179681895677887171e+00
1.179579768173041332e+00
1.179642960595727486e+00
1.179459389516211987e+00
1.179368325590283151e+00
1.179436981781456950e+00
1.179361686761849048e+00
1.179386837328159077e+00
1.179205186980795572e+00
1.179238601596669378e+00
1.179163006727464102e+00
1.179154703130888437e+00
1.179222913055863353e+00
1.179156291882884178e+00
1.178979160556239414e+00
1.178788032940017771e+00
1.178881670670546056e+00
1.178748759728710516e+00
1.178785617746136882e+00
1.178709581110038540e+00
1.178652878680062299e+00
1.178656136026545509e+00
1.178610353588734005e+00
1.178624687603088583e+00
1.178659027930594405e+00
1.178529264738868987e+00
1.178529795056625140e+00
1.178387344369032474e+00
1.178493513624143674e+00
1.178221236604992894e+00
1.178188805515339332e+00
1.178154606984192387e+00
1.178030669231368455e+00
1.178032933139610439e+00
1.178184679644382449e+00
1.177882068869748666e+00
1.178003421820989383e+00
1.177843617201539184e+00
1.177993506686024094e+00
1.177857864956503464e+00
1.177795947835756696e+00
1.177726416012071287e+00
1.177691381973310358e+00
1.177644659127170312e+00
1.177641105395194510e+00
1.177502969534853783e+00
1.177592274735525857e+00
1.177378519866631112e+00
1.177319258102207611e+00
1.177403568873039097e+00
1.177282175716368284e+00
1.177248466133006710e+00
1.177236371368098222e+00
1.177142044206939797e+00
1.177050097077234847e+00
1.176960189475822149e+00
1.176999297313305215e+00
1.176897667156949323e+00
1.176981091196785956e+00
1.176842642689289065e+00
1.176819484083104106e+00
1.176660771172886699e+00
1.176678163170455038e+00
1.176654285880923689e+00
1.176460585523684932e+00
1.176501940388745115e+00
1.176622064906470699e+00
1.176577778245082140e+00
1.176523001485504816e+00
1.176448282298870440e+00
1.176253851280625318e+00
1.176363967126615950e+00
1.176302865189988722e+00
1.176188781004624984e+00
1.176189001428301406e+00
1.176180471111172965e+00
1.176083928285194258e+00
1.175951511860225951e+00
1.176036839119685373e+00
1.175969749762121319e+00
1.175888892260905427e+00
1.175906124242599216e+00
1.175769100077321161e+00
1.175752972563671062e+00
1.175709124801314509e+00
1.175959026743749414e+00
1.175775925599799931e+00
1.175890471587234032e+00
1.175787785049636103e+00
1.175644210949784885e+00
1.175744782328083549e+00
1.175674002482057112e+00
1.175641934138552891e+00
1.175472040267548479e+00
1.175487745824745467e+00
1.175314014047113442e+00
1.175459235234355138e+00
1.175281346275619754e+00
1.175253617027534947e+00
1.175271100360345988e+00
1.175220199697926571e+00
1.175131250047103171e+00
1.174919488506615206e+00
1.174880294110261181e+00
1.174900140838042173e+00
1.174792468648032662e+00
1.174888940356951794e+00
1.174730441365411382e+00
1.174650620291588732e+00
1.174674507047631211e+00
1.174729280185649705e+00
1.174623804561838680e+00
1.174620722739420975e+00
1.174809338909976963e+00
1.174601393319874232e+00
1.174561963929979358e+00
1.174466501629448878e+00
1.174460049369036252e+00
1.174427965846245980e+00
1.174418863828085913e+00
1.174230290912966490e+00
1.174257566589976598e+00
1.174223412299159275e+00
1.174191984006964562e+00
1.174155090888599817e+00
1.174094326996569349e+00
1.174259759239035583e+00
1.174165069028827224e+00
1.174023264950794454e+00
1.174020679118738419e+00
1.173921908072738551e+00
1.173856225652867957e+00
1.173895268688363691e+00
1.173759651068791987e+00
1.173768028084669179e+00
1.173710334370227981e+00
1.173589326969896041e+00
1.173755491731902856e+00
1.173597825609592693e+00
1.173561571310545837e+00
1.173500183137635045e+00
1.173393961977629685e+00
1.173442972612033453e+00
1.173420537185658530e+00
1.173441932447559788e+00
1.173452369681542651e+00
1.173230841361772914e+00
1.173146524454283801e+00
1.173151648287384052e+00
1.173154699983941063e+00
1.173046597463212715e+00
1.173045014688000043e+00
1.173008513850701151e+00
1.172792607354529837e+00
1.172850821292233947e+00
1.172720328857921102e+00
1.172785525197090450e+00
1.172729752981770401e+00
1.172654351431211106e+00
1.172661644541321158e+00
1.172565927749776415e+00
1.172492427476475418e+00
1.172579919127978432e+00
1.172621763555379060e+00
1.172559149305255621e+00
1.172401493985681498e+00
1.172510139455815059e+00
1.172362561577647400e+00
1.172238049966020101e+00
1.172282671792675757e+00
1.172299835813153335e+00
1.172274430469159023e+00
1.172188603646299399e+00
1.172070581875501949e+00
1.172090824296698086e+00
1.172064475935757022e+00
1.172025669077138676e+00
1.171981529542513334e+00
1.171933967991016790e+00
1.171976540293337754e+00
1.172025204810171806e+00
1.171979618007998658e+00
1.171903241860311917e+00
1.171805265030436249e+00
1.171810165592402697e+00
1.171827068461004817e+00
1.171820793403318239e+00
1.171675095588155413e+00
1.171791305348339085e+00
1.171621176989742885e+00
1.171621346928195750e+00
1.171565719689532381e+00
1.171540214216027609e+00
1.171513827147087294e+00
1.171481996320530072e+00
1.171472592393979051e+00
1.171571552196818411e+00
1.171394097698070569e+00
1.171328982736438151e+00
1.171293693886655385e+00
1.171299572685291723e+00
1.171279811210367727e+00
1.171169546705244313e+00
1.171116436194116650e+00
1.171077169316618205e+00
1.170942944506418337e+00
1.171007737418773509e+00
1.170835437587579575e+00
1.170760886693746672e+00
1.170841955116326938e+00
1.170691288180329526e+00
1.170802900668866275e+00
1.170704151609023524e+00
1.170643956664764396e+00
1.170595328822485737e+00
1.170524572968336230e+00
1.170553259649057987e+00
1.170547938574940217e+00
1.170438709338323946e+00
1.170500583805453187e+00
1.170406501002604793e+00
1.170407911209854879e+00
1.170319282261448324e+00
1.170293698793151593e+00
1.170249983001860672e+00
1.170433170587315219e+00
1.170166302195738028e+00
1.170270837064027569e+00
1.170174547106945795e+00
1.170182865971583164e+00
1.170129240065067133e+00
1.170160805259785386e+00
1.169987914175846910e+00
1.169857062179006313e+00
1.169952152986445393e+00
1.169735590574537243e+00
1.169814946998790406e+00
1.169732923222779997e+00
1.169700638028790873e+00
1.169667146697836113e+00
1.169581676626431532e+00
1.169463329455177725e+00
1.169343823430070151e+00
1.169349834788968145e+00
1.169285263637124483e+00
1.169287970902805229e+00
1.169231630658406962e+00
1.169136428026559704e+00
1.169143010048614650e+00
1.169033396471352848e+00
1.169122859368780354e+00
1.168941466011045760e+00
1.168881161979403727e+00
1.168924617126421373e+00
1.168849411646203817e+00
1.168652025014964124e+00
1.168628374713852835e+00
1.168656215473014681e+00
1.168584712508745627e+00
1.168527277646996820e+00
1.168282038136110534e+00
1.168504220416975992e+00
1.168390690557465694e+00
1.168368359717692817e+00
1.168056377788694755e+00
1.168286657018142494e+00
1.168200941433681139e+00
1.168194228704018789e+00
1.168156761455902304e+00
1.168057982662345617e+00
1.168117046294936179e+00
1.167873406386135793e+00
1.167958362923269933e+00
1.167917558895580799e+00
1.167938270780580767e+00
1.167779484395516487e+00
1.167869927275281050e+00
1.167721381302578187e+00
1.167730576516261554e+00
1.167625271511054885e+00
1.167709308023993753e+00
1.167815327077631915e+00
1.167409125823950067e+00
1.167638781908516554e+00
1.167427076675870312e+00
1.167596470768692773e+00
1.167428814941269932e+00
1.167469690040610297e+00
1.167362819006378283e+00
1.167320200888693593e+00
1.167317056066020653e+00
1.167351299442848322e+00
1.167306630026642589e+00
1.167190377909764321e+00
1.167219310447545011e+00
1.167346498525662968e+00
1.167075732395053800e+00
1.167275886928734741e+00
1.167060246064649087e+00
1.167084126375556696e+00
1.167016741438856142e+00
1.166948724662361769e+00
1.167160559973069889e+00
1.166788573084977632e+00
1.166824096620254769e+00
1.167001969747079260e+00
1.166749110669010436e+00
1.166938357266772863e+00
1.166865339426396364e+00
1.166820546625229049e+00
1.166806293075641543e+00
1.166746994059480569e+00
1.166754328694645571e+00
1.166621244835333249e+00
1.166725693495011873e+00
1.166512420432611830e+00
1.166553840622745586e+00
1.166542831749253883e+00
1.166566014170735910e+00
1.166405918520055929e+00
1.166530872210788550e+00
1.166462120424590188e+00
1.166237271444398926e+00
1.166368920605427961e+00
1.166408675643403559e+00
1.166346836014716448e+00
1.166344941614168684e+00
1.166240504981727044e+00
1.166175567796239543e+00
1.165959861329633585e+00
1.166208108420307754e+00
1.166207940894034678e+00
1.166121214482369384e+00
1.166178728951871246e+00
1.166005213495829862e+00
1.165908964318738805e+00
1.166001118123684011e+00
1.165956071835455576e+00
1.166018259482967112e+00
1.165889420545319410e+00
1.165842217781693835e+00
1.165676082822449944e+00
1.165930601965404101e+00
1.165596096677099514e+00
1.165886683791723666e+00
1.165722084308691064e+00
1.165655724050608910e+00
1.165733299364396292e+00
1.165611047839865355e+00
1.165669117756062967e+00
1.165572539626543058e+00
1.165640396031050185e+00
1.165337653160879228e+00
1.165506503658308768e+00
1.165481921941507570e+00
1.165391444542886790e+00
1.165474186882831109e+00
1.165321846224435687e+00
1.165131477602124876e+00
1.165271726316842615e+00
1.165372226966939539e+00
1.165051373616453168e+00
1.165000488245742316e+00
1.164957209214762424e+00
1.165101601156626865e+00
1.165066774233612934e+00
1.164956444032510197e+00
1.164830323769688869e+00
1.164798641498798304e+00
1.164871178333360291e+00
1.164787220005285784e+00
1.164879279568642234e+00
1.164633693745115828e+00
1.164720623043625336e+00
1.164689803342469299e+00
1.164595755285713130e+00
1.164640407658789512e+00
1.164664259144205127e+00
1.164536824302487839e+00
1.164645583390044425e+00
1.164523839572790820e+00
1.164516238376828383e+00
1.164339074187159762e+00
1.164244903743413051e+00
1.164177204869190074e+00
1.164163185999583128e+00
1.164188764484276994e+00
1.164187491187804957e+00
1.164233889796341126e+00
1.164068165987053760e+00
1.164040746120537539e+00
1.164008216543801266e+00
1.164029325826879679e+00
1.164017078268957617e+00
1.163886045682901216e+00
1.163890937231786049e+00
1.163910893392813728e+00
1.163738611264311551e+00
1.163701855855200584e+00
1.163648192906224788e+00
1.163776761496650103e+00
1.163638569682495794e+00
1.163763573106755711e+00
1.163710437778051832e+00
1.163590609902338979e+00
1.163659964112656597e+00
1.163455591749668949e+00
1.163657367477595406e+00
1.163419860971583786e+00
1.163524106246226708e+00
1.163366359239435210e+00
1.163373906942456015e+00
1.163261208140420555e+00
1.163283347856866046e+00
1.163137099939799191e+00
1.163113487695835557e+00
1.163087405399951590e+00
1.162964591280222448e+00
1.163047269541547024e+00
1.163088120902136424e+00
1.163052532880074708e+00
1.162885110780079723e+00
1.162836661642489000e+00
1.162767443188675864e+00
1.162613234306560051e+00
1.162652974042205134e+00
1.162586951292962079e+00
1.162418393834344643e+00
1.162676249651759752e+00
1.162532285542997590e+00
1.162517042181041793e+00
1.162301661056390101e+00
1.162350845450700776e+00
1.162206948314590038e+00
1.162278794851330233e+00
1.162099814144510912e+00
1.162076054453242913e+00
1.162123070752140830e+00
1.162176999477549488e+00
1.162000325362288589e+00
1.162064164411824363e+00
1.161946255799498617e+00
1.161834632747256846e+00
1.161706097749160671e+00
1.161911260693912373e+00
1.161745848636486000e+00
1.161704508698583327e+00
1.161723266126158061e+00
1.161687778024281359e+00
1.161753226104821790e+00
1.161398937903421302e+00
1.161554207868317645e+00
1.161516446249823531e+00
1.161581771325692403e+00
1.161535590108400129e+00
1.161553231700619193e+00
1.161239947341545342e+00
1.161531604207277191e+00
1.161317383151640348e+00
1.161325629664167414e+00
1.161194354682634433e+00
1.161290972874635896e+00
1.161288582146349446e+00
1.161283709710184242e+00
1.161301003153405231e+00
1.161225126667666308e+00
1.161274394525912301e+00
1.161215071424301915e+00
1.161145440907856097e+00
1.161025481449855512e+00
1.161054860836105984e+00
1.161202724857191448e+00
1.160975456826663921e+00
1.161071561584891887e+00
1.161008938875694785e+00
1.160860496910235184e+00
1.161096257591707426e+00
1.160926013263181344e+00
1.160711995848530131e+00
1.160875295882620284e+00
1.160747908662053796e+00
1.160637824075984037e+00
1.160664266390362576e+00
1.160818702969584448e+00
1.160866143202519352e+00
1.160730277220574758e+00
1.160765875951409454e+00
1.160846427222284927e+00
1.160559166859617353e+00
1.160883886776306939e+00
1.160623112589310724e+00
1.160409324446746160e+00
1.160455899377774269e+00
1.160340526494515689e+00
1.160285690632009592e+00
1.160448844975610738e+00
1.160235706370571718e+00
1.160412766718430744e+00
1.160072542622923475e+00
1.160351898525634029e+00
1.159983776561239077e+00
1.160277601876432918e+00
1.159905583902885784e+00
1.159920673749349485e+00
1.159841115738223127e+00
1.159993729610946378e+00
1.159943085780116290e+00
1.159904633791181139e+00
1.159883838725105365e+00
1.159518783700157707e+00
1.159971911469729999e+00
1.159842661179951051e+00
1.159691082295368103e+00
1.159531074527884842e+00
1.159691591840299685e+00
1.159473919777934681e+00
1.159600907265905478e+00
1.159428626312043020e+00
1.159584950767919898e+00
1.159448283095159349e+00
1.159620310268212773e+00
1.159526556425897859e+00
1.159264632491278091e+00
1.159338778523997249e+00
1.159387496647044102e+00
1.159221764820965950e+00
1.159191321294709143e+00
1.159150748315656898e+00
1.159310237603306870e+00
1.159134424868334179e+00
1.158946480573900262e+00
1.158959453674600182e+00
1.159067453263676883e+00
1.159041093161506497e+00
1.158839390563428884e+00
1.159124508391642161e+00
1.158777180200226686e+00
1.158952400058659071e+00
1.158923294693201766e+00
1.158567843770248462e+00
1.158915883466881791e+00
1.158643286215700563e+00
1.158694247682405587e+00
1.158686267534399184e+00
1.158578817030585739e+00
1.158548069249284662e+00
1.158554409865589330e+00
1.158572706477604353e+00
1.158287631616057745e+00
1.158385365185493843e+00
1.158441496805518112e+00
1.158236438625788400e+00
1.158116416417583006e+00
1.158300871775111762e+00
1.158378784066439682e+00
1.158257419405093192e+00
1.158248597103231914e+00
1.158111645063514272e+00
1.158150445835942843e+00
1.157938186770770761e+00
1.158147772241574724e+00
1.158014517835107560e+00
1.157832220759204001e+00
1.157772354489893685e+00
1.157914787700413894e+00
1.157777645496132379e+00
1.157797974838784771e+00
1.157783031172093802e+00
1.157638727605458939e+00
1.157701772535306262e+00
1.157706722404551636e+00
1.157627461996898033e+00
1.157386093929514415e+00
1.157322478798592735e+00
1.157532728929547172e+00
1.157295725803985542e+00
1.157343142248357770e+00
1.157162245440237713e+00
1.157239325126214302e+00
1.157380865294800554e+00
1.157243144392738232e+00
1.156996663372235723e+00
1.157179539851166172e+00
1.157019502755579632e+00
1.156837731558964411e+00
1.157124984047662286e+00
1.156999739990107079e+00
1.156947913839683428e+00
1.157011337060666056e+00
1.156768528046141498e+00
1.156731768121997517e+00
1.156885085708134309e+00
1.156911711936017495e+00
1.156787080134985990e+00
1.156924466007323460e+00
1.156531795823784625e+00
1.156930330650175476e+00
1.156720927494692353e+00
1.156630903794411358e+00
1.156548917192520731e+00
1.156626289633345905e+00
1.156407250177787782e+00
1.156624280663717030e+00
1.156350454619177404e+00
1.156204976053958999e+00
1.156253531153730973e+00
1.156060016259272460e+00
1.156077948594834037e+00
1.156170066606354574e+00
1.156189994978772395e+00
1.156023843143410668e+00
1.156313892978771074e+00
1.155931767092990059e+00
1.156031682334051514e+00
1.155766715554953583e+00
1.156081651050752779e+00
1.155637250358213075e+00
1.155662075531448396e+00
1.155862314574326755e+00
1.155761043235502328e+00
1.155769064899139442e+00
1.155698466334020402e+00
1.155755043483488231e+00
1.155967317652232706e+00
1.155602002821704888e+00
1.155859784373775456e+00
1.155604353364769077e+00
1.155344718094458711e+00
1.155420508667091228e+00
1.155156279816682119e+00
1.155307037538041426e+00
1.155285767791228269e+00
1.155389575955032555e+00
1.155121090272640538e+00
1.154929534884763465e+00
1.155138183086789061e+00
1.154797871374213969e+00
1.154993023849486322e+00
1.155046668613524563e+00
1.155128703244982846e+00
1.154913562128533355e+00
1.154725416316182640e+00
1.155215475357468158e+00
1.154720920677214213e+00
1.154725435882736573e+00
1.154970167085882737e+00
1.154595013968206185e+00
1.154748347967577748e+00
1.154276842816939208e+00
1.154663043399069444e+00
1.154484887831860762e+00
1.154632754755309021e+00
1.154307829463153245e+00
1.154188963413724567e+00
1.154842236143507561e+00
1.154326137300677679e+00
1.154053633622581065e+00
1.154406626251453627e+00
1.154664506347859332e+00
1.154240515779073606e+00
1.154437701306012309e+00
1.153928358306936630e+00
1.154085448799562430e+00
1.153872716051552283e+00
1.154202478899544415e+00
1.153831657197370797e+00
1.153940426423970989e+00
1.153811502603475203e+00
1.153817225161581250e+00
1.154338325031655232e+00
1.153846442023566565e+00
1.153974050441000099e+00
1.154066440342697453e+00
1.153638885551426130e+00
1.153639213880211623e+00
1.154075580983128235e+00
1.153932935219756262e+00
1.153731699231660190e+00
1.153511641089793871e+00
1.153579270199337037e+00
1.153404177542161957e+00
1.153886640134411889e+00
1.153779700281744036e+00
1.153390856796584707e+00
1.153766617006189987e+00
1.153590493702611353e+00
1.153737176271053544e+00
1.153461030274897769e+00
1.153547805038933172e+00
1.153192732321100200e+00
1.153396869055285823e+00
1.153263776195045942e+00
1.153318075989661962e+00
1.153193428214465799e+00
1.153279674960145718e+00
1.153043773609313760e+00
1.153220456026844642e+00
1.153199600691021676e+00
1.152998904316276496e+00
1.153191379515404735e+00
1.152971845682041474e+00
1.152790277236267924e+00
1.153383794489379000e+00
1.152782652890988802e+00
1.152741916063785954e+00
1.153108854074863743e+00
1.152509525226778075e+00
1.152695566415629980e+00
1.153167492229521196e+00
1.152551907236821993e+00
1.152608413796275988e+00
1.152745315979499585e+00
1.152746899406623005e+00
1.152452685461122561e+00
1.152781753096478790e+00
1.152723871708103420e+00
1.152718523971139053e+00
1.152350535330885162e+00
1.152760139817331275e+00
1.152646924069443246e+00
1.152532857123508947e+00
1.152685716272901617e+00
1.152507497624062793e+00
1.152229483924757991e+00
1.152702935026504782e+00
1.152243809251158657e+00
1.152306155359700490e+00
1.151820636941313980e+00
1.152397068400818680e+00
1.152333738572136834e+00
1.152408103624204871e+00
1.152105823907818793e+00
1.152124296417640581e+00
1.152007276146980397e+00
1.152262555069884176e+00
1.152122613168658605e+00
1.152079863098783630e+00
1.152085986613121227e+00
1.151828906133659070e+00
1.152216398231641570e+00
1.152132467200115418e+00
1.152207085002424858e+00
1.151942848130078856e+00
1.152033298306290421e+00
1.151693487657602377e+00
1.152047705574160252e+00
1.151912808363575902e+00
1.151705705685217129e+00
1.151775855188181152e+00
1.151802148435290940e+00
1.151975497339957188e+00
1.151677623461097477e+00
1.151705410535199370e+00
1.151795748697805655e+00
1.151381950524642095e+00
1.151816915850139678e+00
1.151635629972014740e+00
1.151409540126035136e+00
1.151494393002898020e+00
1.151262317150920866e+00
1.151447707188307357e+00
1.151075510644212985e+00
1.151479910106283144e+00
1.151220301417476000e+00
1.151166988758841825e+00
1.151165124000533835e+00
1.151322766603871006e+00
1.151357597249342168e+00
1.150752037005198458e+00
1.151105640472716685e+00
1.150840835107079352e+00
1.151279387533683085e+00
1.151151411917047840e+00
1.150933729728275567e+00
1.151017635538124528e+00
1.150762134288721761e+00
1.151096507247889811e+00
1.150829583693445235e+00
1.151175637656227213e+00
1.150630356823038269e+00
1.150506688358803542e+00
1.150842783021440718e+00
1.150881768087654189e+00
1.150646223191984285e+00
1.150749183288698019e+00
1.150716338375763259e+00
1.150798910126854535e+00
1.150403138310837514e+00
1.150754909382164959e+00
1.150520536731152399e+00
1.150601960177330740e+00
1.150389636643420532e+00
1.150377591011183975e+00
1.150680583330178974e+00
1.150326614196542918e+00
1.150406700116924918e+00
1.150377922212754145e+00
1.150222351269037713e+00
1.150491716413307053e+00
1.150179011810508856e+00
1.150341181277807934e+00
1.150220366780183356e+00
1.150408323808109534e+00
1.150225150050235401e+00
1.149827834145563443e+00
1.150082197588374155e+00
1.150073969691464582e+00
1.150284232108794269e+00
1.150147199384109475e+00
1.149958993304370569e+00
1.149765732544876462e+00
1.149820866599126079e+00
1.149862733005549975e+00
1.149867097633096913e+00
1.149829432132121410e+00
1.149650159457346055e+00
1.149902614257804379e+00
1.149900231483635515e+00
1.149901411163962495e+00
1.149545134970366034e+00
1.149832220992472509e+00
1.149412130041829627e+00
1.149816317692825551e+00
1.149430426650411619e+00
1.149907107872242262e+00
1.149311744500306709e+00
1.149565635112804740e+00
1.149324949765209603e+00
1.149341842237107114e+00
1.149141557152315807e+00
1.149168322512498897e+00
1.148949240520142245e+00
1.149268484942863155e+00
1.149275459602405958e+00
1.149006854658617849e+00
1.149099054931655983e+00
1.149116830568628789e+00
1.149025451429195765e+00
1.148997918542179031e+00
1.148989129318648716e+00
1.148842137389259443e+00
1.148740391623385593e+00
1.148987860731920607e+00
1.148579329129412629e+00
1.148745853235589642e+00
1.148702364811346355e+00
1.148527200423372863e+00
1.148639744811389418e+00
1.148652713973360440e+00
1.148246715014576091e+00
1.148537025820737689e+00
1.148429838083760091e+00
1.148386960449593763e+00
1.148313413696253171e+00
1.148276630613409344e+00
1.148354369857944812e+00
1.147953063209604219e+00
1.148264423673521994e+00
1.147820989601904484e+00
1.148264457617484302e+00
1.147944019743207811e+00
1.148039236169685617e+00
1.147655227619703622e+00
1.147965280166765689e+00
1.147787440626223621e+00
1.147989710046505296e+00
1.147611981831728301e+00
1.147846036509855283e+00
1.147653604766315061e+00
1.147779680640897748e+00
1.147544672281460842e+00
1.147329495445735370e+00
1.147403023118126919e+00
1.147416337030873645e+00
1.147148911512418934e+00
1.147190326152500717e+00
1.147300245102444771e+00
1.147026500726054499e+00
1.147376167991189577e+00
1.146928722697466929e+00
1.147258096745497280e+00
1.147230190578740761e+00
1.147085578901925418e+00
1.146838785877322353e+00
1.147144194453814992e+00
1.147075311093902927e+00
1.146883580550194237e+00
1.146950948549646299e+00
1.146845632227202483e+00
1.146688220372225731e+00
1.146697168253742349e+00
1.146691456253937869e+00
1.146975341455356512e+00
1.146646626993629070e+00
1.146738960537448060e+00
1.146797328359650203e+00
1.146323750723936774e+00
1.146504987981190604e+00
1.146670619064017904e+00
1.146495296611082848e+00
1.146394537814131143e+00
1.146631670011543980e+00
1.146321111929621051e+00
1.146380543571100530e+00
1.146451350243715028e+00
1.146311513232528334e+00
1.146303570769549252e+00
1.146216858001922079e+00
1.146100030092150002e+00
1.146322321050453175e+00
1.146416997311245689e+00
1.146231382281721833e+00
1.146166271485532073e+00
1.146097081313082411e+00
1.146178876800041158e+00
1.145947265530266046e+00
1.145888140349137663e+00
1.145975395749210479e+00
1.145770198045643395e+00
1.145590771751335613e+00
1.145709973021049821e+00
1.145844361302345682e+00
1.145861306065483420e+00
1.145665519849800473e+00
1.145480248463366379e+00
1.145403817986964778e+00
1.145689072080821047e+00
1.145492108708950685e+00
1.145487510996441083e+00
1.145464472772687037e+00
1.145302316559881906e+00
1.145561279119306386e+00
1.145234280356277834e+00
1.145095855314346434e+00
1.145626196336521518e+00
1.145185251223708844e+00
1.145307636557044928e+00
1.145362595390736038e+00
1.144810411289199026e+00
1.145274821607371818e+00
1.144993065503035590e+00
1.145078604329673899e+00
1.144969977427188645e+00
1.145062384061008132e+00
1.145193112463471996e+00
1.145062030823826182e+00
1.144805620156798653e+00
1.144981472226820118e+00
1.145091410340095317e+00
1.144721935638006505e+00
1.144867070817777499e+00
1.144684663174441175e+00
1.144781581147890082e+00
1.144829765748556882e+00
1.144690768683279458e+00
1.144708246389285256e+00
1.144855891057227959e+00
1.144485932477294687e+00
1.144454858577530931e+00
1.144455060428492654e+00
1.144522165821380222e+00
1.144547879543964308e+00
1.144393142683901354e+00
1.144311937921278721e+00
1.144361291501242217e+00
1.144220831269059824e+00
1.144342960752786853e+00
1.144080155937393206e+00
1.144327984274247534e+00
1.144183978957347136e+00
1.144180487416540215e+00
1.144282999901521380e+00
1.144063801018477378e+00
1.144105181240665070e+00
1.144061616735871700e+00
1.144130377759721151e+00
1.143883622066406369e+00
1.143782646839371475e+00
1.144050759670338868e+00
1.143773391595390931e+00
1.143984956906400230e+00
1.143792053848387447e+00
1.143823915604001096e+00
1.143611347314898774e+00
1.143801985964987500e+00
1.143636357606452547e+00
1.143607332203251614e+00
1.143695785904701667e+00
1.143328463236260140e+00
1.143619952440990684e+00
1.143312595416443367e+00
1.143365612255154984e+00
1.143490278223874501e+00
1.143260993568726791e+00
1.143339599587386513e+00
1.143156643535961692e+00
1.143264657665636008e+00
1.142860105781556390e+00
1.143367697410083705e+00
1.143091118820268592e+00
1.143294129839966589e+00
1.142965972384775597e+00
1.143388052531393306e+00
1.143010652105385327e+00
1.143109101471703637e+00
1.143359461580495617e+00
1.143294553132274682e+00
1.142885019863917329e+00
1.143022508094936995e+00
1.142898307654884205e+00
1.142952883664133390e+00
1.142802911939290178e+00
1.143048324202894372e+00
1.142859045312557997e+00
1.142760535772152197e+00
1.142844952335747566e+00
1.142546500143870603e+00
1.142642530592159922e+00
1.142723210568284964e+00
1.142732892968275182e+00
1.142960820818640144e+00
1.142685840323691471e+00
1.142807086825623042e+00
1.142630215235616920e+00
1.142951159389633098e+00
1.142787140972662430e+00
1.142525897135815205e+00
1.142427510817134229e+00
1.142631069209893324e+00
1.142578396505210758e+00
1.142764535966884543e+00
1.142177754619546404e+00
1.142484438298439153e+00
1.142281979029136307e+00
1.142632297901402749e+00
1.142497972413158536e+00
1.142547942783194825e+00
1.142337417644186059e+00
1.142262035334588921e+00
1.142460948773925677e+00
1.142373033593362841e+00
1.142313925975394939e+00
1.142195593532691733e+00
1.142323255226298295e+00
1.142374494310824939e+00
1.141986948483350695e+00
1.142145501962916976e+00
1.142189361057085017e+00
1.142289535882022866e+00
1.142208537689401560e+00
1.141950739556524042e+00
1.142014017911355372e+00
1.141946295212804996e+00
1.142015039930119658e+00
1.141881261664709823e+00
1.141824706844289272e+00
1.141933233445019846e+00
1.141918952178099023e+00
1.142019515412356911e+00
1.141969697127754868e+00
1.141817046952559034e+00
1.142095987691443604e+00
1.141830920450768394e+00
1.141880440942366848e+00
1.141880328988018833e+00
1.141805193167749755e+00
1.141664618118911179e+00
1.141604694436383571e+00
1.141790917150632412e+00
1.141722185805084555e+00
1.141665854404579905e+00
1.141562623800415066e+00
1.141791971543654638e+00
1.141441262590912720e+00
1.141635191304231522e+00
1.141723333749462777e+00
1.141443876345060060e+00
1.141435168252509458e+00
1.141593107384364592e+00
1.141570866107027404e+00
1.141402174705545836e+00
1.141641813108128511e+00
1.141594579465336601e+00
1.141231024109121694e+00
1.141655329832628851e+00
1.141695993987767777e+00
1.141319182848414604e+00
1.141363378606178314e+00
1.141208713352001913e+00
1.141318448235430383e+00
1.141063208998413847e+00
1.141353124014637954e+00
1.141435450702756205e+00
1.140961104558856576e+00
1.141457088891895788e+00
1.141207645000314352e+00
