2.817303825759287861e+02
5.898672234893083299e+01
4.708067972544347413e+01
4.036154473954420752e+01
3.564979037235894310e+01
3.093763798021680600e+01
2.540169492823037345e+01
1.897636011504051368e+01
1.246052193045124845e+01
7.278778434674056719e+00
4.837501610052396650e+00
4.034038911508363690e+00
3.661453896731465374e+00
3.423626449982291930e+00
3.245264958822355883e+00
3.105031821531110570e+00
2.989118416597229100e+00
2.889503499377915841e+00
2.803708985299275813e+00
2.727716982982661520e+00
2.658542066306492035e+00
2.595410500782298957e+00
2.539409097102766744e+00
2.488108974283070207e+00
2.442298726331191272e+00
2.400833798457169266e+00
2.362366825997989306e+00
2.327404739616117268e+00
2.295059126052837239e+00
2.265543579789579542e+00
2.237986955586172666e+00
2.213293468353576543e+00
2.191222960822583499e+00
2.170536613109364410e+00
2.151366869608604127e+00
2.133333633571110610e+00
2.116543759729521579e+00
2.100654853957780954e+00
2.086189482294004360e+00
2.072442745339011072e+00
2.059575222227145286e+00
2.047612286727064301e+00
2.036002901659462960e+00
2.025304527213456662e+00
2.015737614729318228e+00
2.006515045964657684e+00
1.997691756295559840e+00
1.989252418951156232e+00
1.980373812802746381e+00
1.971807170618314897e+00
1.963275978290457191e+00
1.954597005950940991e+00
1.945574248790130190e+00
1.936704211171969447e+00
1.928181181937861366e+00
1.919556872588777274e+00
1.911176324581880692e+00
1.903173330971586585e+00
1.895808218063973927e+00
1.888486518749018517e+00
1.881363085063602947e+00
1.874336183009162937e+00
1.867637018861247888e+00
1.861071373162405562e+00
1.855074346390674478e+00
1.848528899097299449e+00
1.841799861682980710e+00
1.835303512832404893e+00
1.828695236062159113e+00
1.822222053582074563e+00
1.815854304142233255e+00
1.809583100683936463e+00
1.802878177357656542e+00
1.796477859448478043e+00
1.790130243148084555e+00
1.783980637621113585e+00
1.778045108807077002e+00
1.772544198997750620e+00
1.767100457099805011e+00
1.761745808608208508e+00
1.755881545172281344e+00
1.750998509914110990e+00
1.745780095138821819e+00
1.740515430182178136e+00
1.735460018302544372e+00
1.730057207457675217e+00
1.724570544078530832e+00
1.719417664034637916e+00
1.714396426648383764e+00
1.709285656317665714e+00
1.703648533988764369e+00
1.696036734168420379e+00
1.688230551351579178e+00
1.681283087299853207e+00
1.674793475364409145e+00
1.668977844492887108e+00
1.663964362475380154e+00
1.659151424094548188e+00
1.654935613410534856e+00
1.650745661690174559e+00
1.646599692090860989e+00
1.642708134032593081e+00
1.638406348184982653e+00
1.633827998742622079e+00
1.629172287834095512e+00
1.624749669552655318e+00
1.620152509985681943e+00
1.616193375838171464e+00
1.612333593889056615e+00
1.608395768786188951e+00
1.604182185306988417e+00
1.600314672266208049e+00
1.596851037055282641e+00
1.593330495343552089e+00
1.590270193351259520e+00
1.587032452588735376e+00
1.583702604962635485e+00
1.580356612289188112e+00
1.577139960794242235e+00
1.573796156229317900e+00
1.570845322460524551e+00
1.567881152521582999e+00
1.564780716813408468e+00
1.561768380669615430e+00
1.559147895008372364e+00
1.556385950151653264e+00
1.553833535250258135e+00
1.551130702580727494e+00
1.548520380754436543e+00
1.546124169390354242e+00
1.543580145212172683e+00
1.541072934729061705e+00
1.538673450762768402e+00
1.536292571708174792e+00
1.533848045485511458e+00
1.531566054981650771e+00
1.529250074913911073e+00
1.527011726598686003e+00
1.524916279509489270e+00
1.522556273647905911e+00
1.520433765421842054e+00
1.518401711494614892e+00
1.516332512826793044e+00
1.514302808519945698e+00
1.512231075844194805e+00
1.510263283569466930e+00
1.508502906324520110e+00
1.506705970590094035e+00
1.504949446553221604e+00
1.503151052759917894e+00
1.501382633252777099e+00
1.499585040837012828e+00
1.497852415445030116e+00
1.496263501164106335e+00
1.494661362723147535e+00
1.492989621907233611e+00
1.491414811615164870e+00
1.489572704078006682e+00
1.487748312685102769e+00
1.485947558134881108e+00
1.484052128932370485e+00
1.482149019511427523e+00
1.480530557138232117e+00
1.478977596010344620e+00
1.477509984832965140e+00
1.476092320270133484e+00
1.474622715240453630e+00
1.473239435721720225e+00
1.471932847292836577e+00
1.470739046034672315e+00
1.469228909477447109e+00
1.467904716436972512e+00
1.466636137217933955e+00
1.465458140824932753e+00
1.464141229111741938e+00
1.462786198183725794e+00
1.461449607779879090e+00
1.460364812360227971e+00
1.459295623996308855e+00
1.458086279859369450e+00
1.456893026415184700e+00
1.455851605522641590e+00
1.454924372341323435e+00
1.453828520314105921e+00
1.452827832938571317e+00
1.451855711895511769e+00
1.450884910103585668e+00
1.449993744042368471e+00
1.449134162744245780e+00
1.448354394059438333e+00
1.447492763140651562e+00
1.446614775013596921e+00
1.445676104199650647e+00
1.444849258013213733e+00
1.444063006633744317e+00
1.443293586307633936e+00
1.442507177601373369e+00
1.441748037936442017e+00
1.440941299289921318e+00
1.440131351548537664e+00
1.439378489000634032e+00
1.438550516619139019e+00
1.437761815138685728e+00
1.437097444580111238e+00
1.436478056415807503e+00
1.435808870440157259e+00
1.435154217221353612e+00
1.434405401787437251e+00
1.433772034819628560e+00
1.433133236714458691e+00
1.432507431674491016e+00
1.431820877763047228e+00
1.431082470671134255e+00
1.430561774759455451e+00
1.429949201664472591e+00
1.429411224899796773e+00
1.428847635352253453e+00
1.428207023093517547e+00
1.427618273097235546e+00
1.427137765993645280e+00
1.426481234533375941e+00
1.425961381343139101e+00
1.425360183038879791e+00
1.424883090708523925e+00
1.424336320445658721e+00
1.423845119350127142e+00
1.423259420376964846e+00
1.422784817698638848e+00
1.422236756501939148e+00
1.421798365104022688e+00
1.421354904329856339e+00
1.420853165494366133e+00
1.420483065536892298e+00
1.420127367002334884e+00
1.419715712393849749e+00
1.418920681861613353e+00
1.418516055656525277e+00
1.418172560754817679e+00
1.417989972102715157e+00
1.417759286978316879e+00
1.417450810087193647e+00
1.417095225381588053e+00
1.416778905798003585e+00
1.416529888352580535e+00
1.416131051402511387e+00
1.415932472873262737e+00
1.415634977994264077e+00
1.415275729056852727e+00
1.414864597056292306e+00
1.414321934871476394e+00
1.413715285219274476e+00
1.413197881243753118e+00
1.412537319370330557e+00
1.412053425598571055e+00
1.411551821489906544e+00
1.410890771721390102e+00
1.410494042437140605e+00
1.409990367582779625e+00
1.409422140726093842e+00
1.408893106049926791e+00
1.408419470727965583e+00
1.407822010584468098e+00
1.407379485238029915e+00
1.406674802828536741e+00
1.406093879076959707e+00
1.405440011088515240e+00
1.404822301197810930e+00
1.404223850381989047e+00
1.403598915533004421e+00
1.403039216562702807e+00
1.402499813256397054e+00
1.401914631488048180e+00
1.401339357355025683e+00
1.400805462074441898e+00
1.400227999856090477e+00
1.399666035716482071e+00
1.399161436820563376e+00
1.398652682805545444e+00
1.398283087687097526e+00
1.397744838472625206e+00
1.397363338898747420e+00
1.396876742984740849e+00
1.396424913534577206e+00
1.396055933588563391e+00
1.395622600993628559e+00
1.395177612061131223e+00
1.394713391823532156e+00
1.394329070271902005e+00
1.393909534046593679e+00
1.393422537253545146e+00
1.393052336564582605e+00
1.392699736465688787e+00
1.392167533923380773e+00
1.391766376066414956e+00
1.391376691961026202e+00
1.390916334420120082e+00
1.390555737182094687e+00
1.390155332244691122e+00
1.389849733906036056e+00
1.389408276123691666e+00
1.388990156784313257e+00
1.388688739171640485e+00
1.388352070069428068e+00
1.387956108136848110e+00
1.387537537124323705e+00
1.387232536847887943e+00
1.386892590624744237e+00
1.386584422717445975e+00
1.386135900933631815e+00
1.385841949658061845e+00
1.385547491511363916e+00
1.385201800991965326e+00
1.384849252015852850e+00
1.384449254329150891e+00
1.384168787182875171e+00
1.383933340211124019e+00
1.383687726278401087e+00
1.383384625669580315e+00
1.383027274064624779e+00
1.382672555355328292e+00
1.382331982533968384e+00
1.381997953875641505e+00
1.381672624990980758e+00
1.381468912533793558e+00
1.381211228915379730e+00
1.380873857100352042e+00
1.380457658529500309e+00
1.380107184953668131e+00
1.379823528468975935e+00
1.379473787126996420e+00
1.379229409688073948e+00
1.378875840535506603e+00
1.378589124165298330e+00
1.378291175284558356e+00
1.377919357741676842e+00
1.377643810701473681e+00
1.377238816706981339e+00
1.376967634751154357e+00
1.376524772406813923e+00
1.376287283077126444e+00
1.376025678025990073e+00
1.375741925700981971e+00
1.375403226702017312e+00
1.375056437234198681e+00
1.374704193911527206e+00
1.374191240251844581e+00
1.373794658416355174e+00
1.373437818152771106e+00
1.373030179508818671e+00
1.372669829208825298e+00
1.372321357869709102e+00
1.371975252202540352e+00
1.371610078086541229e+00
1.371272973074465051e+00
1.370873415553385044e+00
1.370487493846895610e+00
1.370109138275146909e+00
1.369801540986813615e+00
1.369339749865421396e+00
1.368962079505115836e+00
1.368634706088837083e+00
1.368199342223435089e+00
1.367971991527066500e+00
1.367683903517912247e+00
1.367352160476818623e+00
1.367044248892392622e+00
1.366652727686941349e+00
1.366397868986400477e+00
1.366027196139452782e+00
1.365729986625196624e+00
1.365415389573475080e+00
1.365157726339342625e+00
1.364813887953484572e+00
1.364495285672464364e+00
1.364205643102250454e+00
1.363819312192036337e+00
1.363501834726448259e+00
1.363227253616525303e+00
1.362785178408952858e+00
1.362487560442474210e+00
1.362171339511338175e+00
1.361882416220367320e+00
1.361637055090479498e+00
1.361272928836397389e+00
1.360940761252670050e+00
1.360716872348296747e+00
1.360542926670182728e+00
1.360188342058545663e+00
1.359882799385282226e+00
1.359541540674604532e+00
1.359055046017077162e+00
1.358724293990595022e+00
1.358293963611537203e+00
1.357877963765562024e+00
1.357361556787900270e+00
1.356948155426050517e+00
1.356562550661895683e+00
1.356225692091363122e+00
1.356027449275652996e+00
1.355538305416273737e+00
1.355258901359467361e+00
1.354904912080554524e+00
1.354536134734974473e+00
1.354315786726813853e+00
1.353961439684583823e+00
1.353671895236819855e+00
1.353225166408241975e+00
1.353114664879904394e+00
1.352633393769649528e+00
1.352348498511368513e+00
1.352156247152094481e+00
1.351694412855358296e+00
1.351509115833793295e+00
1.351080330331996926e+00
1.350856437417805145e+00
1.350436045172820565e+00
1.350171586716257366e+00
1.349951380619545338e+00
1.349709058572547304e+00
1.349436588767929379e+00
1.349185944623903177e+00
1.349002087270863237e+00
1.348606203886835608e+00
1.348288455494187188e+00
1.348040764030096872e+00
1.347827145337527233e+00
1.347378148384728247e+00
1.347219554947847397e+00
1.346878050983487229e+00
1.346601113154732188e+00
1.346270452993211464e+00
1.346020080579456879e+00
1.345688139052691801e+00
1.345450882323344421e+00
1.345182414570025964e+00
1.345073382679487173e+00
1.344705442048350852e+00
1.344317965749172172e+00
1.344090173256939025e+00
1.343532106170897578e+00
1.343102670923590258e+00
1.342698447499333980e+00
1.342382039285380690e+00
1.342053467274939571e+00
1.341783667885917852e+00
1.341365570405853802e+00
1.341042277263216898e+00
1.340769967927298856e+00
1.340438071423162292e+00
1.340130957445440529e+00
1.339796484994784320e+00
1.339447733359831361e+00
1.339118391578823397e+00
1.338847773334396196e+00
1.338511670161103950e+00
1.338205032593390742e+00
1.337908120604325291e+00
1.337670362165828131e+00
1.337406063095498920e+00
1.337232666547407689e+00
1.336970106426491611e+00
1.336673377336777158e+00
1.336354647455048061e+00
1.336064742274217565e+00
1.335772457598966456e+00
1.335524090060588920e+00
1.335389680137261559e+00
1.335061936446075181e+00
1.334827835259719597e+00
1.334570386489176030e+00
1.334210432490516851e+00
1.334026074885346302e+00
1.333750590867278873e+00
1.333495589486024757e+00
1.333231425810728732e+00
1.332919010297887397e+00
1.332646947843702856e+00
1.332391074935137310e+00
1.332069786096983899e+00
1.331777083119320526e+00
1.331539366649387768e+00
1.331302744514152314e+00
1.331143929917494306e+00
1.330871620808564249e+00
1.330668123282815474e+00
1.330420202047319256e+00
1.330089163748134240e+00
1.329869668833770335e+00
1.329632895290119077e+00
1.329360003171251359e+00
1.329198921625755814e+00
1.329014658875930843e+00
1.328733563121108130e+00
1.328583061470597348e+00
1.328275515941331308e+00
1.328105018814426996e+00
1.327917358473980514e+00
1.327726693679672998e+00
1.327413376127700939e+00
1.327247896848826603e+00
1.326983374898437873e+00
1.326828477647818749e+00
1.326613211540701220e+00
1.326394612807396678e+00
1.326256906749738063e+00
1.326073737773282302e+00
1.325638566099805127e+00
1.325380360315165040e+00
1.325264041692715056e+00
1.324903411770757211e+00
1.324824952925874211e+00
1.324504322895809993e+00
1.324435093143189857e+00
1.324154988732545446e+00
1.323899702154460956e+00
1.323767807597168611e+00
1.323550181088073430e+00
1.323478700888846893e+00
1.323110164944627742e+00
1.322963295566115027e+00
1.322846875004444867e+00
1.322582885833246902e+00
1.322462966878174218e+00
1.322272103572558644e+00
1.322168372352345189e+00
1.321933796819483753e+00
1.321688047340217720e+00
1.321452523256071654e+00
1.321264878512995233e+00
1.321145154694305157e+00
1.320903120813905485e+00
1.320682185417471954e+00
1.320475537136581723e+00
1.320281915404333040e+00
1.320120252033572195e+00
1.319931502949619917e+00
1.319755702703154787e+00
1.319566503584120643e+00
1.319465654314648795e+00
1.319317345755934179e+00
1.319092854841286577e+00
1.319008056553594210e+00
1.318788724569172066e+00
1.318685949751626119e+00
1.318552385481848388e+00
1.318428992838689195e+00
1.318238676417462285e+00
1.318061343372660454e+00
1.317922697995437042e+00
1.317821350739005526e+00
1.317636091131147547e+00
1.317464381999892131e+00
1.317270071733128045e+00
1.317133617065053386e+00
1.317039430781931975e+00
1.316924935292657750e+00
1.316828792890214261e+00
1.316670467967017588e+00
1.316542928702704396e+00
1.316416329316393297e+00
1.316296642277104079e+00
1.316092444443793585e+00
1.315979237181845063e+00
1.315790573309574718e+00
1.315639885136857146e+00
1.315484263938563325e+00
1.315250965043690989e+00
1.315157250375193376e+00
1.314899131192189374e+00
1.314793557838497717e+00
1.314668810603306870e+00
1.314485342063159035e+00
1.314276188761211772e+00
1.314223787513580932e+00
1.314050712090932160e+00
1.313912967957985733e+00
1.313692292609496937e+00
1.313695476584114008e+00
1.313491601861393354e+00
1.313320453079487082e+00
1.313339912331654036e+00
1.313177756239512162e+00
1.313137860937780843e+00
1.312945273627356357e+00
1.312855346913714971e+00
1.312628756163333854e+00
1.312429961493482677e+00
1.312242444489577275e+00
1.312082664038546787e+00
1.312025990401743725e+00
1.311836448685618217e+00
1.311785906390728007e+00
1.311631293721090996e+00
1.311564934354487288e+00
1.311392330815818630e+00
1.311278422115313980e+00
1.311142201376047423e+00
1.311037100960793955e+00
1.310895765667885238e+00
1.310781831413904142e+00
1.310608070718762841e+00
1.310458879521947173e+00
1.310335000884074619e+00
1.310244098309604643e+00
1.310206963112886980e+00
1.310002708572650887e+00
1.309858288482245392e+00
1.309758071806765178e+00
1.309643941431272163e+00
1.309593976745568655e+00
1.309399085874151547e+00
1.309331190841984016e+00
1.309115924163315681e+00
1.308992514269648355e+00
1.308954037500606793e+00
1.308741402737909842e+00
1.308644224391058541e+00
1.308476073387727423e+00
1.308381353148690973e+00
1.308074573194342172e+00
1.307792744689524556e+00
1.307557992054923623e+00
1.307344528143581375e+00
1.306986731983453831e+00
1.306533260303117006e+00
1.306347958495702732e+00
1.306116009435522640e+00
1.305815012504344841e+00
1.305597573775066023e+00
1.305424293696761717e+00
1.305257318442465175e+00
1.305113268208031752e+00
1.304859759650639495e+00
1.304613946081675246e+00
1.304440348117892556e+00
1.304251677661980802e+00
1.303983794310964228e+00
1.303754102741344179e+00
1.303607817886018205e+00
1.303433857395762674e+00
1.303217470589822957e+00
1.303203825755094858e+00
1.302935338750755845e+00
1.302569138948328709e+00
1.302242682442592558e+00
1.301903221141976763e+00
1.301636399178246917e+00
1.301391030338943100e+00
1.301030323096942665e+00
1.301114549096423989e+00
1.300798053863296388e+00
1.300506822418944886e+00
1.300250880706560919e+00
1.300107870734963589e+00
1.299777903061609230e+00
1.299516170898142198e+00
1.298969347177348466e+00
1.298797120929270132e+00
1.298648386757590867e+00
1.298420601973139465e+00
1.298193426612492152e+00
1.297978240063183630e+00
1.297780029413885039e+00
1.297594053183169782e+00
1.297243242061342006e+00
1.297141194006627529e+00
1.296806146124107606e+00
1.296568435568172140e+00
1.296324483005847794e+00
1.295972056450706900e+00
1.295701021913656215e+00
1.295485852803918592e+00
1.295368270182058801e+00
1.295058867276213777e+00
1.295213003903741500e+00
1.294908355547908174e+00
1.294590759562321169e+00
1.294355643827692859e+00
1.293974083774731110e+00
1.293685323886394567e+00
1.293411574898758909e+00
1.293234980630083131e+00
1.293072890718580448e+00
1.292780696603267776e+00
1.292458296602078116e+00
1.292193870993488147e+00
1.292008293506256011e+00
1.291650247997238266e+00
1.291506045088955945e+00
1.291239046404963453e+00
1.291031760207543844e+00
1.290848657198902627e+00
1.290597035774150969e+00
1.290379729594176572e+00
1.290303086097280838e+00
1.289893528981587822e+00
1.289794404303401754e+00
1.289425724730134393e+00
1.289283434730336575e+00
1.288956316646406863e+00
1.288740118226952669e+00
1.288377730420160461e+00
1.288064952865658475e+00
1.287792723334584721e+00
1.287524114311448420e+00
1.287333646564072342e+00
1.287120379580624974e+00
1.286745321669384046e+00
1.286729689449044534e+00
1.286308155198821135e+00
1.285923878089401784e+00
1.285480362184422853e+00
1.284951220905296010e+00
1.284718371239017332e+00
1.284451767426798341e+00
1.284153066553255007e+00
1.283960291548605914e+00
1.283970297451977549e+00
1.283553851050838857e+00
1.283311311075286509e+00
1.282960701440107654e+00
1.282769680566080872e+00
1.282643499138130361e+00
1.282388814496090879e+00
1.282233759881397095e+00
1.282058756306744485e+00
1.281763081539724292e+00
1.281344785625383231e+00
1.281194056070931842e+00
1.281013389733015151e+00
1.280835751888784513e+00
1.280551724679421799e+00
1.280288627938067192e+00
1.279904821946881599e+00
1.279733226955886982e+00
1.279612949598374350e+00
1.279405894286752998e+00
1.279284745743467955e+00
1.279060714152660871e+00
1.278636873350189829e+00
1.278417318186578555e+00
1.278168262771988806e+00
1.277976968947531766e+00
1.277786963046065205e+00
1.277532964000185567e+00
1.277358048326108664e+00
1.277245957994278092e+00
1.276812068436487424e+00
1.276682116549299639e+00
1.276437620214080804e+00
1.276233396928981634e+00
1.276069801595429043e+00
1.275820212429929157e+00
1.275650849448571433e+00
1.275287022979548324e+00
1.275095994943441502e+00
1.274945094272061485e+00
1.274678346594858347e+00
1.274465633986028079e+00
1.274263814473824530e+00
1.273989161388205060e+00
1.273697262112139628e+00
1.273447613923647914e+00
1.273366934105874648e+00
1.273030290537528142e+00
1.272772232455113839e+00
1.272410776157240520e+00
1.272131042352909303e+00
1.271543540389457716e+00
1.271287506398058431e+00
1.270988752040835390e+00
1.270741231526393955e+00
1.270285728011159687e+00
1.270114226098518984e+00
1.269916197572151129e+00
1.269852693854654602e+00
1.269321348328357635e+00
1.269163133798047793e+00
1.268826429045605941e+00
1.268449276910936563e+00
1.268054792451129842e+00
1.267634268045378265e+00
1.267438977213851459e+00
1.267119681440150636e+00
1.266729818753491443e+00
1.266311064942926334e+00
1.265996103719180921e+00
1.265711755164768970e+00
1.265588667952561863e+00
1.265328947873432641e+00
1.264985655726604596e+00
1.264935785671229551e+00
1.264766170563584424e+00
1.264452661669713596e+00
1.263990398987558939e+00
1.263781699254345359e+00
1.263526742481028586e+00
1.263222175192031171e+00
1.262865729000074877e+00
1.262588405801667424e+00
1.262395887208037637e+00
1.262083201138594957e+00
1.261961811553051316e+00
1.261568032141796358e+00
1.261319332409941651e+00
1.260868831145957492e+00
1.260628271500536579e+00
1.260264893472809122e+00
1.260138861515885500e+00
1.259884316085316813e+00
1.259491945940171664e+00
1.259299936482311866e+00
1.258952313931492872e+00
1.258611519224479558e+00
1.258479204730907464e+00
1.258212163903640546e+00
1.258121368213631630e+00
1.257743964937620529e+00
1.257555361640565916e+00
1.257439519310939113e+00
1.257121243548223299e+00
1.256925281436402697e+00
1.256679916779926076e+00
1.256494636841646306e+00
1.256250024938282861e+00
1.256084227630205774e+00
1.256070712329592443e+00
1.255943633396332970e+00
1.255648406661406424e+00
1.255237761212272707e+00
1.255090622727362382e+00
1.254961547061902438e+00
1.254660179197488068e+00
1.254437047588516707e+00
1.254207172783897262e+00
1.253999387288541323e+00
1.253744481754893281e+00
1.253579232851724568e+00
1.253263710584944679e+00
1.253111408023278361e+00
1.252864523159620047e+00
1.252660149909131659e+00
1.252413361785476464e+00
1.252223180672565883e+00
1.252062970784207030e+00
1.251846494406876342e+00
1.251691958396025095e+00
1.251154649585876522e+00
1.251149267607094329e+00
1.250974653993466079e+00
1.250669672034585789e+00
1.250605676562933644e+00
1.250387600325610915e+00
1.250209907413111443e+00
1.250024718252864320e+00
1.249867656569081831e+00
1.249548154582648118e+00
1.249272069703105670e+00
1.249096566528508978e+00
1.248869142227159612e+00
1.248791560313387228e+00
1.248755735513819021e+00
1.248367523649939415e+00
1.248266154360962998e+00
1.247878708648757939e+00
1.248004741844088938e+00
1.247853728434491494e+00
1.247412380630803508e+00
1.247168142811047487e+00
1.247094380932115998e+00
1.246673877455051871e+00
1.246434330874813368e+00
1.246259424258909121e+00
1.246055677071247647e+00
1.245698672431774900e+00
1.245656463598615815e+00
1.245461907624717757e+00
1.245168900794292988e+00
1.244884862001587100e+00
1.244702143279451612e+00
1.244557451790673008e+00
1.244324321320529503e+00
1.244406363565509377e+00
1.244047549071996883e+00
1.243923165559849497e+00
1.243711299323131625e+00
1.243523969449638278e+00
1.243305364680749037e+00
1.243122782368893064e+00
1.242868306589554273e+00
1.242808869332427957e+00
1.242589924148546965e+00
1.242491450009138410e+00
1.242272604065898900e+00
1.242034199495352986e+00
1.241933873528594967e+00
1.241756271402748357e+00
1.241651153470736846e+00
1.241483372199540414e+00
1.241257132875893676e+00
1.241067799570784835e+00
1.240982526584835544e+00
1.240811936844963714e+00
1.240502542274381614e+00
1.240462330541309166e+00
1.240251840166779473e+00
1.240109482279357023e+00
1.239884784251614969e+00
1.239664100231939514e+00
1.239607561574213257e+00
1.239368251744001670e+00
1.239213460583797888e+00
1.238985759847297530e+00
1.238849470830999389e+00
1.238630556141482320e+00
1.238438309963395545e+00
1.238356460635907430e+00
1.238058380368253220e+00
1.238119375038446046e+00
1.237786915957271194e+00
1.237847809088991502e+00
1.237619256720325023e+00
1.237684576400197134e+00
1.237531573918119632e+00
1.237153292168900354e+00
1.237080786914519726e+00
1.236926760522182311e+00
1.236770366546369404e+00
1.236730899652338955e+00
1.236418071746001823e+00
1.236407684378983740e+00
1.236187584882486812e+00
1.236155713153358704e+00
1.236030849723049663e+00
1.235899508294674209e+00
1.235607894219882263e+00
1.235541834285271312e+00
1.235279024653924029e+00
1.235269922210079141e+00
1.235250930433340999e+00
1.234922751316273049e+00
1.235016657036399623e+00
1.234727745166837698e+00
1.234691741582714108e+00
1.234487357090222392e+00
1.234372848619370133e+00
1.234256683770305063e+00
1.234008869505327066e+00
1.234112832732108700e+00
1.233866740487463032e+00
1.233650482677700833e+00
1.233595244634244859e+00
1.233441665529347642e+00
1.233439584663702737e+00
1.233170700125606700e+00
1.233089837350040519e+00
1.233100338723131184e+00
1.233008810214105022e+00
1.232790309732585632e+00
1.232750663247074163e+00
1.232519815501109450e+00
1.232476432505566821e+00
1.232473693573935547e+00
1.232276736596686240e+00
1.232172828961978883e+00
1.232066793221693324e+00
1.232034339115269495e+00
1.232018620998306835e+00
1.231806143210473437e+00
1.231680261799095399e+00
1.231395538396727440e+00
1.231346435485002777e+00
1.231250372517740832e+00
1.231220019302741830e+00
1.230962878423672135e+00
1.231002065045911698e+00
1.230884854720037724e+00
1.230865313613141110e+00
1.230672008724614575e+00
1.230779522038141227e+00
1.230847358525773094e+00
1.230635018243302348e+00
1.230554068809310397e+00
1.230366493310548259e+00
1.230155478080469544e+00
1.230022728496293016e+00
1.230086989641135276e+00
1.230037512086497253e+00
1.229999384101656767e+00
1.229894401380222879e+00
1.229799044381988393e+00
1.229599671389567606e+00
1.229601087759302880e+00
1.229412983127079917e+00
1.229326937211099757e+00
1.229314321486278727e+00
1.229158540339406080e+00
1.229137658822401447e+00
1.228880225072013888e+00
1.228919117658193949e+00
1.228906773809451236e+00
1.228683783214643555e+00
1.228598329162583935e+00
1.228546875056274024e+00
1.228443606988995906e+00
1.228346674712665010e+00
1.228250160538168823e+00
1.228120480599617315e+00
1.228142300444260426e+00
1.228024492651691002e+00
1.227843185841610341e+00
1.227894847762624808e+00
1.227844766322915282e+00
1.227644771570347126e+00
1.227593778135794400e+00
1.227660311325391218e+00
1.227583088164239111e+00
1.227514171420263756e+00
1.227407630521143655e+00
1.227445060869090110e+00
1.227189907662186386e+00
1.227200177270741266e+00
1.227035122532404987e+00
1.227041664110549268e+00
1.227190818058327082e+00
1.226889405485588114e+00
1.226862497582041467e+00
1.226731713058440532e+00
1.226691856872638375e+00
1.226747366651951943e+00
1.226701012923059553e+00
1.226558775586797267e+00
1.226432386442945388e+00
1.226415941382965169e+00
1.226218335773318513e+00
1.226174115730646941e+00
1.226203390924855974e+00
1.225999939283205054e+00
1.225865025488301674e+00
1.225809738569863194e+00
1.225970114706474101e+00
1.225988555411604564e+00
1.225716413923011006e+00
1.225473553097291335e+00
1.225736067637212878e+00
1.225382648207211878e+00
1.225426186362057024e+00
1.225207476091281666e+00
1.225394965188617125e+00
1.225065348628758821e+00
1.225219165512016817e+00
1.224912160976230568e+00
1.225066343057873430e+00
1.224901698081618751e+00
1.224888762107911200e+00
1.224892186887460044e+00
1.224758285343958475e+00
1.224610760791444930e+00
1.224513744616267497e+00
1.224611191705571978e+00
1.224728711435644657e+00
1.224526205397532097e+00
1.224432937338049143e+00
1.224171031127128106e+00
1.224071504517333819e+00
1.224047561220938940e+00
1.223998366330647736e+00
1.223871174248077454e+00
1.223921951484784332e+00
1.223857321577720425e+00
1.223772240001020029e+00
1.223670798783271563e+00
1.223544082882649819e+00
1.223758208070879094e+00
1.223474489715333346e+00
1.223516375809023060e+00
1.223246706750016122e+00
1.223072715194000626e+00
1.223212121645409489e+00
1.223208631508147404e+00
1.223070276131136280e+00
1.222988874473796006e+00
1.222771185858133602e+00
1.223019584232454493e+00
1.222827412221948018e+00
1.222669114615910546e+00
1.222689195810052309e+00
1.222422357739374910e+00
1.222331240770254679e+00
1.222396091102575744e+00
1.222443177672844827e+00
1.222211411645566459e+00
1.222219221048703952e+00
1.222159563577085883e+00
1.222063691855145073e+00
1.221967353028116543e+00
1.221821742282863665e+00
1.221849351266254713e+00
1.221797102801854384e+00
1.221790611463665632e+00
1.221675890147809973e+00
1.221583424205987090e+00
1.221540313965412627e+00
1.221630893272448004e+00
1.221544068264509564e+00
1.221368765652023347e+00
1.221386452094006758e+00
1.221296984082875792e+00
1.221159652532467499e+00
1.221145814316511480e+00
1.221111064117627043e+00
1.220801822186681873e+00
1.220706241235978817e+00
1.220937287903527624e+00
1.220717368414993009e+00
1.220874255034743117e+00
1.220598572556464534e+00
1.220604883105372407e+00
1.220504082113700983e+00
1.220425319820799936e+00
1.220340290459617671e+00
1.220430585282366254e+00
1.220384990779028733e+00
1.220305463465661822e+00
1.220177615605072319e+00
1.220175337707956276e+00
1.220100961092027481e+00
1.220068622782442214e+00
1.220113933345704060e+00
1.220140842585742069e+00
1.219812704404082071e+00
1.219866224480782302e+00
1.219693838424527055e+00
1.219762294211308218e+00
1.219682878164574324e+00
1.219714215623082243e+00
1.219493649823563564e+00
1.219387378942964117e+00
1.219492734118957644e+00
1.219424646193674855e+00
1.219475495654561259e+00
1.219252347358719124e+00
1.219192396566715519e+00
1.219131382669563557e+00
1.219116981948749956e+00
1.218955640753627057e+00
1.218875917338403614e+00
1.218862099935932752e+00
1.218805627547741466e+00
1.218867188154782122e+00
1.218801893627748045e+00
1.218569564557236085e+00
1.218357134861740798e+00
1.218441561197399770e+00
1.218304849047227467e+00
1.218191654103948141e+00
1.218027277156497279e+00
1.218115831640819158e+00
1.217988989989466697e+00
1.217921259697554826e+00
1.217769762096571728e+00
1.217612587444842687e+00
1.217660753008438235e+00
1.217284567303007492e+00
1.217416961248865004e+00
1.217306767055689409e+00
1.217221015277891061e+00
1.217212520571856027e+00
1.216959056410952478e+00
1.216742187687931631e+00
1.216874437945757448e+00
1.216673135226260527e+00
1.216481013781609111e+00
1.216150337298161688e+00
1.216382952072982970e+00
1.216219582980798908e+00
1.216060031474425207e+00
1.215911566946265454e+00
1.215770584296560264e+00
1.215709819560409244e+00
1.215694216158135665e+00
1.215657443692979678e+00
1.215249384757821183e+00
1.215202662902110431e+00
1.215125785077433962e+00
1.214959698825309964e+00
1.214631288494661954e+00
1.214904665189753263e+00
1.214695584441299436e+00
1.214575565356082798e+00
1.214475042091841317e+00
1.214309438162366694e+00
1.214331278682079018e+00
1.214155096012616175e+00
1.214170663190043742e+00
1.213913125517649627e+00
1.213839716692407755e+00
1.214042081497711090e+00
1.213772925698935135e+00
1.213862571666107781e+00
1.213857700412567242e+00
1.213934700959593771e+00
1.213806475018976316e+00
1.213752808212049228e+00
1.213833242694887682e+00
1.213716869943237686e+00
1.213266278750223748e+00
1.213221702887842257e+00
1.213074347560753052e+00
1.213092198971471580e+00
1.213066095284419221e+00
1.212573425625721013e+00
1.213126224798455555e+00
1.212601473172091771e+00
1.212884626882500649e+00
1.212324295048725853e+00
1.212213330817099255e+00
1.212433170355109668e+00
1.212226090243097465e+00
1.212173886061205019e+00
1.212319821622801497e+00
1.212037872169546615e+00
1.211762745467662716e+00
1.212158804960662195e+00
1.211433226976746047e+00
1.211974431694157639e+00
1.211293216995644073e+00
1.211558100961997564e+00
1.211105005804518742e+00
1.211051483684614238e+00
1.211186582790072741e+00
1.210673954863526136e+00
1.211054619157000856e+00
1.211014405009473771e+00
1.210901508264076609e+00
1.210485401824868301e+00
1.210678695697309903e+00
1.210464912239084923e+00
1.210483547123617720e+00
1.210068602076415756e+00
1.210107582444028829e+00
1.210109704062708458e+00
1.209999505580155121e+00
1.209869637568901091e+00
1.209694536285024657e+00
1.209584804915747380e+00
1.209621372140119444e+00
1.209614169673019823e+00
1.209487880626075151e+00
1.209506725500969937e+00
1.209453987166235311e+00
1.209452505162301739e+00
1.209218275121637820e+00
1.209195883128592941e+00
1.209200938313419682e+00
1.209120264193138228e+00
1.209025783941342302e+00
1.208835855569231787e+00
1.208629650589861049e+00
1.208453145019696917e+00
1.208485724094479075e+00
1.208542091799309492e+00
1.208378172743184598e+00
1.208221835791328358e+00
1.208046091946157752e+00
1.208020808860039486e+00
1.207756410237025291e+00
1.207744251030575589e+00
1.207672825854875454e+00
1.207652466927850332e+00
1.207412441961535743e+00
1.207467882278309146e+00
1.207413065198894353e+00
1.207068202553125191e+00
1.207306097042414317e+00
1.207250405410521088e+00
1.207205650533974328e+00
1.207273430836611317e+00
1.207057699163784470e+00
1.207059910350477105e+00
1.206825262897320616e+00
1.206756584951176547e+00
1.206676221043774699e+00
1.206643367208498629e+00
1.206703394981952115e+00
1.206423276478343576e+00
1.206483508144032823e+00
1.205545817561817001e+00
1.206063066215765867e+00
1.206297829289235235e+00
1.205039332369770788e+00
1.205072908752750749e+00
1.204906468701406830e+00
1.204932264851572343e+00
1.204755247174540411e+00
1.204778014980638412e+00
1.204599004360521253e+00
1.204516233766333988e+00
1.204454690125082772e+00
1.204348321093187346e+00
1.204273270305782129e+00
1.204318069105748679e+00
1.204181581529839784e+00
1.203979856202715970e+00
1.204053025671509625e+00
1.203990151169437528e+00
1.203750481013434293e+00
1.203634517694753159e+00
1.203665486525772321e+00
1.203407978135282219e+00
1.203642961811783207e+00
1.203344773937264245e+00
1.203263059936192869e+00
1.203240284697010276e+00
1.203236901338198939e+00
1.203142309405968780e+00
1.202925253268640526e+00
1.202971373736841487e+00
1.202779635486828758e+00
1.202554158402710183e+00
1.202439672902171131e+00
1.202496583873827518e+00
1.202508670819519843e+00
1.202418682698742858e+00
1.202373079380104848e+00
1.202179479498832082e+00
1.202334428248048148e+00
1.202309837503369616e+00
1.201928150230415770e+00
1.202054923932428965e+00
1.202194069535333698e+00
1.202017323934308157e+00
1.201735482346839579e+00
1.201802756581237253e+00
1.201709526874949807e+00
1.201759897118180431e+00
1.201625010602866972e+00
1.201550695003487101e+00
1.201586030467983512e+00
1.201418638958336116e+00
1.201257071350598560e+00
1.201359500168431849e+00
1.201111015958935768e+00
1.201178027715016583e+00
1.201108985978908139e+00
1.200966565161994515e+00
1.200904713405920754e+00
1.200809561861607255e+00
1.200957197169915780e+00
1.200832170833051382e+00
1.200552016244009090e+00
1.200621072236285336e+00
1.200482672728068634e+00
1.200333779879135143e+00
1.200266149443494523e+00
1.200294196689129400e+00
1.200419153882698264e+00
1.200130072403787329e+00
1.199922850776173000e+00
1.199959391413269350e+00
1.199966689760580074e+00
1.199936017557327261e+00
1.199834999520059009e+00
1.199858003519986616e+00
1.199689191673003252e+00
1.199524203781578313e+00
1.199520903698539476e+00
1.199573530240332753e+00
1.199465351483926856e+00
1.199445031940448603e+00
1.199374909660962274e+00
1.199199973084120963e+00
1.199150242804322586e+00
1.199105288108576195e+00
1.198956074127586424e+00
1.198982315347331573e+00
1.198930844481719493e+00
1.198785388019079745e+00
1.198753512621274497e+00
1.198737743260546829e+00
1.198708803846953552e+00
1.198563072008862251e+00
1.198561304085384416e+00
1.198483573937421554e+00
1.198391776795946440e+00
1.198376546947212740e+00
1.198284660931889789e+00
1.198317426231657157e+00
1.198400837885693848e+00
1.198283682070361289e+00
1.198270631563985056e+00
1.198337560292194626e+00
1.198212862007957513e+00
1.198086426377869440e+00
1.197890353207273773e+00
1.198011570828743100e+00
1.197941019689531705e+00
1.197672433886607823e+00
1.197725812299516690e+00
1.197661747855151004e+00
1.197740898667345677e+00
1.197630270306324851e+00
1.197409737651929929e+00
1.197363664244949888e+00
1.197433948297604189e+00
1.197191713901695431e+00
1.197188640649254898e+00
1.196961813842402966e+00
1.197241617726975571e+00
1.197088763047889470e+00
1.196894508058615525e+00
1.196815447964705070e+00
1.196629493065396455e+00
1.196889098748974423e+00
1.196551863761478485e+00
1.196509387326749829e+00
1.196294553425575780e+00
1.196358651267375839e+00
1.196216017205657511e+00
1.196284384787692057e+00
1.196129158326868280e+00
1.196078238147650907e+00
1.195981033961000639e+00
1.195882530734913463e+00
1.195807398167261892e+00
1.195845208741597387e+00
1.195667702303719881e+00
1.195598283166628084e+00
1.195616031848012684e+00
1.195625054378466112e+00
1.195445885899952376e+00
1.195417737750001708e+00
1.195315334806090979e+00
1.195324121120236116e+00
1.195171330610728555e+00
1.195131757506343817e+00
1.195177460789881740e+00
1.194997860280126334e+00
1.195134861654108649e+00
1.194963821651622737e+00
1.194893539810417460e+00
1.195069738862852171e+00
1.194791008591686188e+00
1.194697527936349202e+00
1.194614662845329134e+00
1.194748191580170760e+00
1.194568544609835969e+00
1.194672328713090481e+00
1.194342193710282940e+00
1.194391507826862986e+00
1.194347155357203816e+00
1.194268234468545131e+00
1.194239679680689115e+00
1.194123794738039424e+00
1.194156902304184698e+00
1.193872921937574771e+00
1.193961959778845339e+00
1.193997082209022453e+00
1.193890900158434354e+00
1.193868610823136667e+00
1.193742276417035564e+00
1.193650579382701027e+00
1.193695999321007450e+00
1.193614694111792440e+00
1.193386764825135282e+00
1.193592181318561707e+00
1.193335407572554407e+00
1.193157894760511484e+00
1.193212219117232076e+00
1.193336013697888331e+00
1.193163794131512301e+00
1.193052220882411918e+00
1.192905733034086202e+00
1.192822106414551220e+00
1.192842166132203729e+00
1.192995588904099069e+00
1.192538919295256683e+00
1.192618879465064508e+00
1.192432687521400414e+00
1.192576250960746487e+00
1.192463472880426201e+00
1.192462449027849258e+00
1.192309580223539500e+00
1.192494563597608304e+00
1.192318050836648657e+00
1.192262885463539535e+00
1.192154360751566999e+00
1.192079606017084847e+00
1.192133362415526809e+00
1.192021387758855244e+00
1.192148581104985450e+00
1.191868354223719395e+00
1.191883589324721271e+00
1.191801986120991641e+00
1.191828121389417516e+00
1.191651135274211182e+00
1.191764556732993752e+00
1.191598214610117834e+00
1.191555900792889755e+00
1.191635631361146919e+00
1.191622978973018832e+00
1.191484743532443380e+00
1.191400472136516786e+00
1.191346010148433443e+00
1.191410380066734165e+00
1.191345930748558324e+00
1.191224760400809712e+00
1.191193567648542340e+00
1.190993278593567295e+00
1.191003966674463177e+00
1.191012640179995863e+00
1.191122668799647455e+00
1.190937246918182479e+00
1.191059852946912745e+00
1.191143926660840568e+00
1.190974252676693101e+00
1.191026352989979165e+00
1.190822909457161627e+00
1.190945687275128728e+00
1.190874047034055749e+00
1.190850765891667384e+00
1.190823578031787289e+00
1.190538431489224225e+00
1.190633985774547376e+00
1.190681860007728243e+00
1.190459187330877633e+00
1.190435119099983563e+00
1.190342045329131127e+00
1.190405533528161586e+00
1.190375203230186640e+00
1.190350084065515013e+00
1.190289429279169031e+00
1.190236675700419022e+00
1.190213869178924799e+00
1.190166986343224931e+00
1.190171320008127642e+00
1.190042889833816675e+00
1.189963437623025921e+00
1.189853286420728073e+00
1.189873908544591963e+00
1.189936523032049998e+00
1.189859891981974505e+00
1.189717636356003805e+00
1.189646220575174551e+00
1.189628947721857344e+00
1.189570159559303786e+00
1.189535237375356269e+00
1.189499977573676759e+00
1.189258763620373971e+00
1.189360224305886948e+00
1.189253960841918145e+00
1.188928098889619367e+00
1.189164758513434839e+00
1.189247877182990853e+00
1.189269284784365333e+00
1.188944995595759391e+00
1.188955155495780014e+00
1.188744970470891671e+00
1.188743163526490454e+00
1.188588580885056922e+00
1.188541883449312442e+00
1.188626106130166615e+00
1.188547468369921978e+00
1.188480444615418685e+00
1.188211703829525900e+00
1.188312820473539366e+00
1.187932766925636985e+00
1.187955698924345160e+00
1.187870123111243403e+00
1.187895312416546778e+00
1.187784848487124734e+00
1.187801056016405399e+00
1.187753619478844280e+00
1.187783269493098759e+00
1.187529629125226638e+00
1.187763741009347118e+00
1.187491378724320201e+00
1.187561229597836832e+00
1.187408490015244178e+00
1.187339362407078935e+00
1.187409888791456147e+00
1.187301343060388481e+00
1.187282652274730621e+00
1.187117948503567222e+00
1.187361884810495871e+00
1.187155163966118643e+00
1.186879299832218404e+00
1.187017345185693129e+00
1.186886361676111612e+00
1.186873726549183550e+00
1.186712979427635428e+00
1.186777565081949204e+00
1.186523979160101883e+00
1.186640030762435405e+00
1.186585704103153782e+00
1.186607933162093120e+00
1.186623805043464985e+00
1.186513942506791652e+00
1.186525723541269395e+00
1.186348251853998947e+00
1.186266573959947612e+00
1.186357636355230394e+00
1.186174105688738267e+00
1.186163988301963013e+00
1.186103265083910285e+00
1.185884461820596369e+00
1.185999006981996784e+00
1.185902884570736227e+00
1.186064731430347852e+00
1.185790477330026071e+00
1.185643535659609116e+00
1.185656499344030168e+00
1.185672634891199673e+00
1.185538561374835487e+00
1.185535353132286307e+00
1.185314869415097228e+00
1.185455723615976842e+00
1.185297453857726557e+00
1.185227834393108415e+00
1.185171334403923860e+00
1.185089806024015813e+00
1.185080595780883206e+00
1.184911318814240166e+00
1.184879643081338862e+00
1.184756957250250542e+00
1.184778540209631803e+00
1.184657104025018004e+00
1.184552229060388262e+00
1.184340206777021232e+00
1.184467313231627461e+00
1.184379229255567267e+00
1.184378967707397923e+00
1.184088197719203039e+00
1.184134883322985443e+00
1.184177564441195374e+00
1.184026532698930545e+00
1.184131943626614669e+00
1.183963924498784737e+00
1.183905180412548441e+00
1.183572320090140240e+00
1.183586999170251008e+00
1.183543835553144907e+00
1.183509751056871506e+00
1.183393109633384510e+00
1.183531200731336108e+00
1.183296470499008324e+00
1.183158974808571129e+00
1.183095988507894436e+00
1.183062007269134686e+00
1.182851449848375980e+00
1.182785023262709068e+00
1.182822755919282764e+00
1.182711547985650702e+00
1.182754618178857742e+00
1.182646404663462603e+00
1.182629340849592703e+00
1.182533355358341698e+00
1.182431382817270782e+00
1.182433473299493665e+00
1.182288520283063082e+00
1.182268227789794013e+00
1.182228701566036655e+00
1.181839374479803029e+00
1.181953779287373107e+00
1.181892129458071983e+00
1.181861118999482096e+00
1.181840969217321957e+00
1.181755274913668163e+00
1.181710498337976700e+00
1.181617347012315244e+00
1.181554855462273679e+00
1.181631131609133689e+00
1.181536171640006794e+00
1.181468522185492809e+00
1.181589494660006068e+00
1.181457897731222006e+00
1.181194142472386410e+00
1.181147320351635388e+00
1.181360605664870889e+00
1.181092091625972618e+00
1.181017930917446224e+00
1.180923062675580892e+00
1.180921083733099897e+00
1.180800004991218399e+00
1.180727525031559200e+00
1.180919313618630229e+00
1.180816169040487251e+00
1.180693325362222046e+00
1.180571491121183980e+00
1.180646268276710487e+00
1.180436106777329686e+00
1.180392576585938436e+00
1.180377839831096454e+00
1.180331830167175688e+00
1.180254020760444833e+00
1.180262107074292244e+00
1.180268966492237004e+00
1.180156510870610242e+00
1.180341321397323062e+00
1.180402452543924952e+00
1.180242485661056051e+00
1.180053508913833094e+00
1.180028827001885494e+00
1.180195761333272308e+00
1.179908146545165071e+00
1.179742602389702411e+00
1.179747631436934618e+00
1.179758369803854290e+00
1.179874666488371471e+00
1.179659478803202211e+00
1.179598422385178536e+00
1.179632304840729118e+00
1.179673193240653672e+00
1.179354674907442169e+00
1.179495863066639894e+00
1.179318093374791765e+00
1.179122363990850575e+00
1.179301618341546343e+00
1.179331040903247585e+00
1.179192571002372958e+00
1.179299691542919692e+00
1.179443201253038698e+00
1.179174766052842216e+00
1.179108233710142839e+00
1.178983472787190401e+00
1.178831291025172368e+00
1.178871105853213974e+00
1.178849058042100495e+00
1.178699094876520803e+00
1.178809633643794319e+00
1.178760389728917390e+00
1.178579378505274278e+00
1.178578455262890845e+00
1.178462645934039932e+00
1.178459656420938639e+00
1.178475425454327263e+00
1.178344532525811061e+00
1.178346820070732548e+00
1.178472147704980211e+00
1.178359677135821793e+00
1.178226926423555421e+00
1.178229773668975966e+00
1.178026741022629720e+00
1.178359866901408148e+00
1.178048523009533666e+00
1.178086724101064187e+00
1.177993478877426448e+00
1.178054769786143430e+00
1.177971545973510947e+00
1.177976763429714913e+00
1.177840194103702443e+00
1.177798768002877194e+00
1.177632065857155963e+00
1.177744941521058353e+00
1.177768684381619524e+00
1.177772218111033053e+00
1.177653377554417569e+00
1.177711935778003927e+00
1.177734321656078498e+00
1.177465097367574431e+00
1.177580987258034950e+00
1.177489939594583479e+00
1.177458160830235245e+00
1.177379942143714775e+00
1.177409600452074878e+00
1.177320752321736608e+00
1.177469164741679952e+00
1.177313397744416568e+00
1.177212327679794557e+00
1.177285791436556872e+00
1.177302458880139957e+00
1.177170519583937924e+00
1.177183757716018020e+00
1.177007509916644823e+00
1.177063106014975213e+00
1.176902546123937077e+00
1.177061533542534288e+00
1.177011329641763693e+00
1.176801967790496617e+00
1.176873074739266389e+00
1.176604103452831840e+00
1.176849411936911283e+00
1.176748904951880892e+00
1.176819003441619271e+00
1.176712378421423510e+00
1.176680765135988738e+00
1.176524876929208929e+00
1.176564351040021217e+00
1.176749029121382906e+00
1.176460920210460559e+00
1.176668147102025497e+00
1.176499823729498351e+00
1.176430268798396739e+00
1.176398321515470968e+00
1.176419384909802801e+00
1.176292225245482825e+00
1.176268356859036412e+00
1.176272942548459932e+00
1.176273861018095390e+00
1.176272969674150071e+00
1.176249692509624412e+00
1.176008857187119672e+00
1.176273251826131627e+00
1.176246407942472816e+00
1.176047949022398731e+00
1.176073188530333713e+00
1.176126747810081863e+00
1.175951036050253862e+00
1.175896445789438971e+00
1.175789689198672772e+00
1.175804227476608288e+00
1.175751538413046582e+00
1.175836654114401858e+00
1.175791839077912959e+00
1.175834057963593748e+00
1.175590164441616459e+00
1.175595926685199410e+00
1.175633670080735937e+00
1.175569699112171795e+00
1.175670323065120870e+00
1.175451940850245069e+00
1.175475386865223681e+00
1.175514295651141294e+00
1.175497343314574561e+00
1.175549530728431158e+00
1.175421271659355726e+00
1.175267932924128012e+00
1.175282593885659921e+00
1.175343988474804702e+00
1.175312445389696814e+00
1.175275606957272956e+00
1.175249477616958638e+00
1.175210749567977775e+00
1.175089192668758331e+00
1.175268969378926887e+00
1.175065394738334712e+00
1.175267546146956166e+00
1.175022190478823836e+00
1.175005000239705666e+00
1.175211191773781971e+00
1.174948599905861313e+00
1.174979586739324011e+00
1.175068554979837199e+00
1.174900512651086748e+00
1.174823538606534878e+00
1.175029725728134578e+00
1.174843609617827189e+00
1.174996639613997251e+00
1.174679177624448068e+00
1.174858723629112367e+00
1.174802918303765820e+00
1.174656133867274743e+00
1.174586995745816820e+00
1.174739022117327059e+00
1.174409987643973530e+00
1.174599375538746271e+00
1.174533151592549673e+00
1.174521736387252213e+00
1.174479689657357495e+00
1.174633214797194514e+00
1.174394716695754015e+00
1.174342512960915075e+00
1.174426384144397151e+00
1.174290021474184931e+00
1.174279962789467113e+00
1.174581415746959401e+00
1.174515048200564626e+00
1.174164002416961283e+00
1.174156473782747456e+00
1.174361938279823603e+00
1.174144857724312763e+00
1.174136136080271564e+00
1.174134489701076811e+00
1.174249031926903664e+00
1.173943297060324520e+00
1.173882663621867772e+00
1.173870705285212201e+00
1.174099195681087560e+00
1.173954476881429176e+00
1.173815720214147040e+00
1.173839730189894626e+00
1.173914969203432745e+00
1.173796048403242809e+00
1.173849912940562623e+00
1.173926257420371266e+00
1.173747770232144161e+00
1.173826549121532503e+00
1.173776432544048509e+00
1.173715379512039414e+00
1.173828046809035408e+00
1.173769123969768291e+00
1.173750290880169134e+00
1.173822029007066670e+00
1.173639271996780087e+00
1.173546641280678760e+00
1.173544568609908856e+00
1.173466612412894294e+00
1.173611820054167199e+00
1.173542118181155613e+00
1.173592050654150176e+00
1.173562866276359307e+00
1.173562560280032141e+00
1.173387921109732002e+00
1.173413251000409829e+00
1.173319870841199597e+00
1.173436667154921897e+00
1.173274959161579201e+00
1.173342211364182486e+00
1.173179534142966718e+00
1.173308246466444604e+00
1.173503593550854207e+00
1.173245024703058581e+00
1.173258401626946279e+00
1.173073350515952962e+00
1.173142277035709169e+00
1.173155259985750432e+00
1.173272133711307896e+00
1.173060208059584886e+00
1.172968516578624110e+00
1.173171179906173034e+00
1.173033171630492921e+00
1.172995946969064729e+00
1.172963780902339881e+00
1.172830744975395190e+00
1.172979270499119098e+00
1.172996606217442839e+00
1.172834843754592127e+00
1.172772252276987670e+00
1.172744033056899893e+00
1.172957560117129372e+00
1.172857723816069342e+00
1.172832295860769536e+00
1.172662392992797953e+00
1.172663368246768645e+00
1.172515224453820393e+00
1.172541510260010078e+00
1.172498994684675555e+00
1.172348839872859427e+00
1.172392096982555865e+00
1.172598173018946976e+00
1.172465060691038063e+00
1.172393220605662867e+00
1.172181191966320313e+00
1.172267351420767101e+00
1.172440278904497646e+00
1.172211292060603371e+00
1.172123310938531171e+00
1.172065372312594000e+00
1.172191346659769984e+00
1.172075874557463093e+00
1.172213668762292160e+00
1.172268022603130788e+00
1.171994236201564732e+00
1.171839676771393890e+00
1.172043800179051187e+00
1.171885098922387458e+00
1.171821620888812143e+00
1.171802841433753128e+00
1.171957775064181861e+00
1.171960707940697954e+00
1.171847463571433545e+00
1.171802979329216399e+00
1.171806325036011343e+00
1.171744966125052301e+00
1.171762122114113458e+00
1.171683398234032669e+00
1.171471549982291416e+00
1.171534113819384659e+00
1.171453668020544958e+00
1.171742464459661015e+00
1.171505486738719348e+00
1.171513680890345466e+00
1.171512552836698529e+00
1.171527832297157845e+00
1.171589917774017886e+00
1.171436905429583453e+00
1.171380722777894512e+00
1.171718932634924215e+00
1.171204041778817428e+00
1.171409743075165322e+00
1.171410449103372775e+00
1.171345642818736765e+00
1.171206984950429186e+00
1.171326026195797176e+00
1.171120721037320900e+00
1.171175508247680908e+00
1.171235921615329634e+00
1.171011779753136972e+00
1.171160332283800898e+00
1.171059218396987456e+00
1.170804419401317409e+00
1.170960932952664457e+00
1.170969495432982566e+00
1.170896794990255341e+00
1.170672877355614094e+00
1.170984390955932541e+00
1.171020619742406454e+00
1.170801759559911392e+00
1.170886368578270664e+00
1.170816134433664280e+00
1.170710101804101733e+00
1.170591482607809874e+00
1.170572145358369953e+00
1.170589170617453378e+00
1.170707034382877376e+00
1.170396687997356855e+00
1.170493627237943146e+00
1.170525590940616700e+00
1.170416839819644172e+00
1.170440489753423519e+00
1.170450166483832710e+00
1.170478822209040759e+00
1.170406895876627162e+00
1.170429559169449352e+00
1.170335791928492464e+00
1.170117700404467387e+00
1.170046401552105486e+00
1.170130362506828670e+00
1.170135476602161884e+00
1.170158316877782934e+00
1.170104691791452156e+00
1.169933802351415641e+00
1.169888770431958269e+00
1.169859632417459716e+00
1.169999929543906969e+00
1.169833801391857664e+00
1.169790466980206833e+00
1.170095923625092960e+00
1.169942763242037609e+00
1.169766226030183320e+00
1.169911531140388261e+00
1.169552975001082240e+00
1.169619671590625964e+00
1.169739791691537301e+00
1.169747126131943205e+00
1.169806622357170589e+00
1.169652096621870641e+00
1.169801660908752927e+00
1.169460828058901170e+00
1.169504343063773488e+00
1.169488802553554363e+00
1.169325255290900145e+00
1.169289660047990731e+00
1.169485396391967802e+00
1.169281248375463544e+00
1.169127578000293655e+00
1.169337185376997379e+00
1.169105218376408795e+00
