2.985861223004084195e+02
6.150841332972039055e+01
4.830203034545501595e+01
4.153374919766810791e+01
3.727454639731595876e+01
3.371754953159007329e+01
2.988362240360343591e+01
2.515356110820061630e+01
1.993596877462745454e+01
1.395140652530412773e+01
8.547295690183570827e+00
5.422952389840117071e+00
4.104984657900552669e+00
3.509876585286479500e+00
3.167514122892637118e+00
2.944118056771465319e+00
2.787135897717094579e+00
2.665716550949531083e+00
2.565079893120852272e+00
2.477567444334408009e+00
2.404162457619631876e+00
2.342071721042238597e+00
2.286907923656388952e+00
2.236065806091422470e+00
2.189428170468856738e+00
2.146240074228876082e+00
2.106374597864479892e+00
2.069361418416016285e+00
2.034441370900909707e+00
2.002788553396759319e+00
1.974377746836908587e+00
1.947903444609135448e+00
1.923029604270055204e+00
1.900021247023977233e+00
1.878852709349358330e+00
1.859228710736948953e+00
1.841252481507618555e+00
1.824854016839865478e+00
1.809324556896682923e+00
1.794673633473272467e+00
1.780751766288358517e+00
1.767509654392025453e+00
1.755131556315911778e+00
1.742389589165122876e+00
1.729899971847209228e+00
1.717604041417622796e+00
1.704963260231583844e+00
1.692273243493252366e+00
1.678710897598003626e+00
1.664309473331176958e+00
1.651112915406399040e+00
1.639153178845560221e+00
1.628197767932800355e+00
1.618129623523348881e+00
1.608830739129156528e+00
1.599820541711634903e+00
1.591500674431790552e+00
1.583693638302890117e+00
1.576518328689318516e+00
1.569791917526971003e+00
1.563242871610873275e+00
1.557042823370905715e+00
1.551097559510067336e+00
1.545542745186494038e+00
1.539995558797519815e+00
1.534608092142152103e+00
1.529236357848963168e+00
1.524127557828199420e+00
1.519253709537668362e+00
1.514546365450463616e+00
1.510138768058118863e+00
1.506007512921091696e+00
1.501985357481726568e+00
1.497792849732991316e+00
1.493769154337994065e+00
1.490223318625759852e+00
1.486688579943247213e+00
1.483167599927876168e+00
1.479771951229516658e+00
1.476301860170218028e+00
1.473235001184040938e+00
1.469915061872814732e+00
1.466769870723891422e+00
1.463753345709390530e+00
1.460741891041878127e+00
1.457795806590040266e+00
1.454921595617960861e+00
1.451777856411420764e+00
1.448951121828855770e+00
1.446318204322613044e+00
1.443779027540455173e+00
1.441203514363699867e+00
1.438712947371173279e+00
1.436279184223496985e+00
1.433945350491317994e+00
1.431833342549633459e+00
1.429724616188120301e+00
1.427614096054216297e+00
1.425464520855066253e+00
1.423495514162252285e+00
1.421497805051556762e+00
1.419543953157437199e+00
1.417797716293794474e+00
1.415843846958841246e+00
1.414048252231985492e+00
1.412382128489082511e+00
1.410620260521474600e+00
1.408858579357935348e+00
1.407311648662724624e+00
1.405714982369509647e+00
1.404189675075492305e+00
1.402367828532675054e+00
1.400804038501173077e+00
1.399203434898342202e+00
1.397712724150101060e+00
1.396158669483816839e+00
1.394549249738987973e+00
1.393130288592167476e+00
1.391771054793935258e+00
1.390410710482215650e+00
1.388918631237490153e+00
1.387536933996939226e+00
1.386217818330697460e+00
1.384745450701419855e+00
1.383233829318903263e+00
1.382006919657598809e+00
1.380719346328122654e+00
1.379487361822994584e+00
1.378165721163436386e+00
1.376840773008342511e+00
1.375495375633829953e+00
1.374293692252076093e+00
1.373009789834645167e+00
1.371734320255534101e+00
1.370543164795911428e+00
1.369322467568530932e+00
1.368080032081776309e+00
1.366647283281907876e+00
1.365435875160414314e+00
1.364098208892336572e+00
1.363001734773818585e+00
1.361652445093737951e+00
1.360453993306763421e+00
1.359336182007405691e+00
1.358206368113154872e+00
1.357239438673310206e+00
1.356142849565906694e+00
1.354903843282407871e+00
1.353775484930049622e+00
1.352559080957240312e+00
1.351355012260491817e+00
1.350243011255695569e+00
1.349068321300954887e+00
1.347978351053524149e+00
1.346794657825808095e+00
1.345795383321057637e+00
1.344691540730940771e+00
1.343686503453117354e+00
1.342705182143731690e+00
1.341673580496522078e+00
1.340545178346959743e+00
1.339455501493507006e+00
1.338356504089990073e+00
1.337305881731838619e+00
1.336508808672542514e+00
1.335431687596839723e+00
1.334255389782969425e+00
1.333141409449992265e+00
1.332082434607686272e+00
1.331007898717941673e+00
1.330043595701382753e+00
1.329035241718635074e+00
1.328013449558663517e+00
1.327064354318421957e+00
1.325985627722761517e+00
1.324938073245869097e+00
1.323881784665983830e+00
1.322881538376965871e+00
1.321550357551878996e+00
1.320737301743988512e+00
1.319577453483823382e+00
1.318538569474760225e+00
1.317427391830403138e+00
1.316137498912876014e+00
1.314848537527493422e+00
1.313673869490487478e+00
1.312492401918239127e+00
1.311399628211233681e+00
1.310532784970256825e+00
1.309690001500780854e+00
1.308893679470944926e+00
1.308016697167761810e+00
1.307152801882559112e+00
1.306355672844069060e+00
1.305560293032821395e+00
1.304806512031073229e+00
1.304240743115789636e+00
1.303530301664783453e+00
1.302926015358013778e+00
1.302291681240857146e+00
1.301619142745242375e+00
1.301056253795291218e+00
1.300344283666055034e+00
1.299767377898254805e+00
1.299163534178385593e+00
1.298589764125736901e+00
1.298218196638950772e+00
1.297603867244706777e+00
1.297079724845272120e+00
1.296563332945367186e+00
1.295951353364478198e+00
1.295338106950158608e+00
1.294826326148389661e+00
1.294258817605246970e+00
1.293596307472151485e+00
1.293090658115999991e+00
1.292594597793565114e+00
1.292120545915134810e+00
1.291644099136595836e+00
1.291222732963962283e+00
1.290807091768422010e+00
1.290393669575589541e+00
1.290011169913099165e+00
1.289523882475061667e+00
1.289023983648724503e+00
1.288593212396421217e+00
1.288391944358765473e+00
1.288063004681794688e+00
1.287584794432489632e+00
1.287230352213190487e+00
1.286821861204404671e+00
1.286496287127272931e+00
1.286035561929589788e+00
1.285656276478972071e+00
1.285303530868491917e+00
1.284957393661509295e+00
1.284599091878460886e+00
1.284226005848808638e+00
1.283941652744143402e+00
1.283612802769978023e+00
1.283271538884203755e+00
1.282929732457409377e+00
1.282605810230119214e+00
1.282302336213763772e+00
1.282020015459638174e+00
1.281698368666244203e+00
1.281414827927776834e+00
1.281016068581739331e+00
1.280710874946459077e+00
1.280315827186198741e+00
1.280099580517527036e+00
1.279761373932477575e+00
1.279526838119191323e+00
1.279205234499043220e+00
1.278969385743666809e+00
1.278727270471009980e+00
1.278445306090386202e+00
1.278221302360226685e+00
1.278020284629843406e+00
1.277773438470568124e+00
1.277518397954854779e+00
1.277316175957160960e+00
1.277115805520511405e+00
1.276853279581837031e+00
1.276672868662006355e+00
1.276419752318515233e+00
1.276182980335372585e+00
1.275921211788785037e+00
1.275710809826798409e+00
1.275463618677300737e+00
1.275256388740203084e+00
1.275028363872358295e+00
1.274809781260478170e+00
1.274642961945404940e+00
1.274442799319055686e+00
1.274284845891044293e+00
1.274029139193414428e+00
1.273895989156727193e+00
1.273756412223851386e+00
1.273595856131084503e+00
1.273428605501009114e+00
1.273220263695419296e+00
1.273043922181402055e+00
1.272942374848728075e+00
1.272755895993304964e+00
1.272539558469107712e+00
1.272403617942511334e+00
1.272186009134648632e+00
1.271928920639270544e+00
1.271805391586793510e+00
1.271634212098852412e+00
1.271519204561381899e+00
1.271323841286584821e+00
1.271173446899836135e+00
1.271094553037093178e+00
1.270882760221997421e+00
1.270733267900720831e+00
1.270565315552587116e+00
1.270448535763437192e+00
1.270308721064452584e+00
1.270099175642047884e+00
1.269992126377835762e+00
1.269859076675223575e+00
1.269774153037803721e+00
1.269595479019562267e+00
1.269509851319343241e+00
1.269365358997098570e+00
1.269156369346926105e+00
1.268995359193199057e+00
1.268875304864634179e+00
1.268658394661179800e+00
1.268457263198305762e+00
1.268304605784711159e+00
1.268045682924056283e+00
1.267959534901079044e+00
1.267808018819839733e+00
1.267696213077294409e+00
1.267494082508989539e+00
1.267385845596192606e+00
1.267229384469131359e+00
1.267094402480953841e+00
1.266950870192310452e+00
1.266850820681324041e+00
1.266771772110671934e+00
1.266657298534613174e+00
1.266487386741577792e+00
1.266341806112056156e+00
1.266212849357068126e+00
1.266074128369316432e+00
1.265981847834346974e+00
1.265747338576688863e+00
1.265742620417248832e+00
1.265556437452043825e+00
1.265375821756952401e+00
1.265361029611008048e+00
1.265151982806286490e+00
1.265080003791079877e+00
1.264944110496622365e+00
1.264730529655681890e+00
1.264651669853536831e+00
1.264537494248888283e+00
1.264370805163116840e+00
1.264245766911922697e+00
1.264125155974454406e+00
1.263985503516904085e+00
1.263812678283023905e+00
1.263798527478698919e+00
1.263634487751174262e+00
1.263504058030132660e+00
1.263349818946511549e+00
1.263368527347621617e+00
1.263184082485254267e+00
1.263105098782392188e+00
1.262993790323248877e+00
1.262940338620726077e+00
1.262718055246846438e+00
1.262612152809910571e+00
1.262477232505798685e+00
1.262460869607471725e+00
1.262311030735075779e+00
1.262210847882090592e+00
1.262063952611214068e+00
1.261972714507919813e+00
1.261773815971439117e+00
1.261721580563355927e+00
1.261568378150475178e+00
1.261421008189819171e+00
1.261232691562413244e+00
1.261083930795820374e+00
1.260962653427384117e+00
1.260855872916556208e+00
1.260667030742810502e+00
1.260570373400618616e+00
1.260482927027368527e+00
1.260343136585644119e+00
1.260176011109442440e+00
1.259998545050465157e+00
1.259975249448299417e+00
1.259899035562919822e+00
1.259824108134734777e+00
1.259655931000674522e+00
1.259482550322379657e+00
1.259391918264146204e+00
1.259219375919824468e+00
1.258914131526496893e+00
1.258837042992809074e+00
1.258700533426969415e+00
1.258612413367034888e+00
1.258437459800267222e+00
1.258316991063084700e+00
1.258037952369975621e+00
1.257831922690615389e+00
1.257581716747459222e+00
1.257386710738074731e+00
1.257120156503680919e+00
1.257006926815620540e+00
1.256684723017111427e+00
1.256539811778922600e+00
1.256332110833248361e+00
1.255913824204472951e+00
1.255696486703143266e+00
1.255474967292014687e+00
1.255277878512816692e+00
1.255053582311159266e+00
1.254855404279802578e+00
1.254707018024977527e+00
1.254540411180045334e+00
1.254341873018618436e+00
1.254150991762896794e+00
1.253877610914106100e+00
1.253661801801735143e+00
1.253590323006825269e+00
1.253398281473350195e+00
1.253274124923975164e+00
1.253103592643782349e+00
1.253094880261969246e+00
1.252972728112136780e+00
1.252753077170737139e+00
1.252493970936000567e+00
1.252307258384554922e+00
1.252132052395227069e+00
1.251951718936589186e+00
1.251735827361474263e+00
1.251573734888171030e+00
1.251330814069846697e+00
1.251235759441277295e+00
1.251156894248241835e+00
1.250971552472857962e+00
1.250891189892367583e+00
1.250704098477749326e+00
1.250541034715940469e+00
1.250380760481389464e+00
1.250265651139297995e+00
1.250163844023519211e+00
1.250132675939804372e+00
1.249992868038014127e+00
1.249723006338354425e+00
1.249554020551118416e+00
1.249525123100677204e+00
1.249312937914145660e+00
1.249176871198891314e+00
1.249050149143036359e+00
1.248908586993829228e+00
1.248650488311915163e+00
1.248592998736903992e+00
1.248391192371129721e+00
1.248230803734492911e+00
1.248055380198856756e+00
1.247900037514122706e+00
1.247738830941222954e+00
1.247499865779750916e+00
1.247350126550138327e+00
1.247165204028303664e+00
1.247009253264653061e+00
1.246955702227140916e+00
1.246809553245602720e+00
1.246666948581152345e+00
1.246462549517266316e+00
1.246308314231472814e+00
1.246090107102318933e+00
1.246011092349960103e+00
1.245710143786211033e+00
1.245558084375661734e+00
1.245358351814488840e+00
1.245257217945333172e+00
1.245058478899024212e+00
1.244849502005142439e+00
1.244785875753379623e+00
1.244492948281779920e+00
1.244484429836190342e+00
1.244162806843174485e+00
1.243940469645530955e+00
1.243826439992942623e+00
1.243563879586280008e+00
1.243452396848049535e+00
1.243269032456735479e+00
1.243139266094800854e+00
1.242951949749670826e+00
1.242793041671433674e+00
1.242676657313647182e+00
1.242510488573442151e+00
1.242378947240664111e+00
1.242234440051322109e+00
1.242164692289107863e+00
1.242023326489942958e+00
1.241853839457125686e+00
1.241668583453400476e+00
1.241523141046555478e+00
1.241327121596882188e+00
1.241282144968865131e+00
1.241226348583333916e+00
1.241058438774517381e+00
1.240939991786163432e+00
1.240786066708837732e+00
1.240621647787598203e+00
1.240574121041166711e+00
1.240437826645975461e+00
1.240248285778140280e+00
1.240154058376833568e+00
1.240060974464264332e+00
1.239977798982891732e+00
1.239877068047193331e+00
1.239754097348670925e+00
1.239746143905158027e+00
1.239639156444988233e+00
1.239522399856874513e+00
1.239347357763063595e+00
1.239245666560047976e+00
1.239162333563434304e+00
1.239108832868563770e+00
1.239062790752664567e+00
1.238977612254283711e+00
1.238890028985162761e+00
1.238751932919580190e+00
1.238602354586535226e+00
1.238521849970057653e+00
1.238353031221560707e+00
1.238354963049539625e+00
1.238043458326527846e+00
1.237969576902030466e+00
1.237747717863719510e+00
1.237737270454067007e+00
1.237544060963369441e+00
1.237492700411163771e+00
1.237359588542042532e+00
1.237299865174344093e+00
1.237154556601088418e+00
1.237066811618519280e+00
1.236973344835213151e+00
1.236880070274666954e+00
1.236756845072352728e+00
1.236613999800900032e+00
1.236528850700438387e+00
1.236529017361916560e+00
1.236406168766868596e+00
1.236297082470280806e+00
1.236181924786592168e+00
1.236009667808087409e+00
1.235967695081128914e+00
1.235724309511384122e+00
1.235736226959617490e+00
1.235591077033210139e+00
1.235643662994705183e+00
1.235533792659433194e+00
1.235392693822881194e+00
1.235281002460015598e+00
1.235171389821101418e+00
1.235019780800174605e+00
1.234880935733096985e+00
1.234738167264534558e+00
1.234540246867371405e+00
1.234391590462150079e+00
1.234338311107350927e+00
1.234241859241760331e+00
1.234109334152321491e+00
1.234028282666738141e+00
1.233857628784974292e+00
1.233705159723113232e+00
1.233599149221627611e+00
1.233570480209410514e+00
1.233474687186517871e+00
1.233324196395443773e+00
1.233230676903682710e+00
1.233112792910912692e+00
1.233001046829815373e+00
1.232754196875025965e+00
1.232728729480619290e+00
1.232571419279717917e+00
1.232589833467705676e+00
1.232467930031219572e+00
1.232334395102081759e+00
1.232299038570027205e+00
1.232112571474299090e+00
1.232018265051498362e+00
1.232052002958440307e+00
1.231778213324908888e+00
1.231758680090793812e+00
1.231664377486336059e+00
1.231478303394924367e+00
1.231259179148813221e+00
1.231057491460643361e+00
1.231029208909230954e+00
1.230937292139800521e+00
1.230788388105743314e+00
1.230646103990639562e+00
1.230525394321077437e+00
1.230406019966082232e+00
1.230349109833710930e+00
1.230207220168710647e+00
1.230139616825850934e+00
1.230052559835586701e+00
1.229961922360031101e+00
1.229823691907369954e+00
1.229779580482773804e+00
1.229667035461341484e+00
1.229395660676515734e+00
1.229368772511743479e+00
1.229174190170165604e+00
1.229119099235432389e+00
1.228978177507712877e+00
1.228900776772798631e+00
1.228873975319661582e+00
1.228702579787989579e+00
1.228627736667026626e+00
1.228498988401471426e+00
1.228311134076415012e+00
1.228286951133163774e+00
1.228144489816898055e+00
1.228038237933690047e+00
1.227951745780853310e+00
1.227855137881321612e+00
1.227772555470799443e+00
1.227670891376899442e+00
1.227610419432511923e+00
1.227511893870463444e+00
1.227434860297200503e+00
1.227446746139012612e+00
1.227380682991980443e+00
1.227304516163782555e+00
1.227176219058983442e+00
1.227102876099103623e+00
1.227025638996654733e+00
1.226950784921470694e+00
1.226828913631104800e+00
1.226837986600260777e+00
1.226661577121165081e+00
1.226616640837195238e+00
1.226529445344717528e+00
1.226367857028131114e+00
1.226227971833063313e+00
1.226060460816873920e+00
1.225937253010768613e+00
1.225866860979840434e+00
1.225726744365594145e+00
1.225712785984935271e+00
1.225539643009055490e+00
1.225467065390289045e+00
1.225355995311179447e+00
1.225337390691627837e+00
1.225206926080187886e+00
1.225169733963015206e+00
1.225079665371574755e+00
1.224927951794465786e+00
1.224876357286849293e+00
1.224840040173761357e+00
1.224752502627542983e+00
1.224658257402643668e+00
1.224619697973929000e+00
1.224549791443369617e+00
1.224459686350689136e+00
1.224291267783535808e+00
1.224082949399053932e+00
1.223984274208379075e+00
1.223920297465544982e+00
1.223771830507816682e+00
1.223684831115487093e+00
1.223658667820080703e+00
1.223581909815430580e+00
1.223530974049655162e+00
1.223454656448482281e+00
1.223320834220555042e+00
1.223284172937798342e+00
1.223110478539425117e+00
1.223037852155451910e+00
1.222955326260639630e+00
1.222860653873093950e+00
1.222848467542821949e+00
1.222662875167178864e+00
1.222572055124046875e+00
1.222528056751520653e+00
1.222416224281566377e+00
1.222356962522700652e+00
1.222291457282658866e+00
1.222038399031453837e+00
1.222071059649919578e+00
1.221906828934965938e+00
1.221847631740323736e+00
1.221698063226759778e+00
1.221639685679025922e+00
1.221495976591119081e+00
1.221440109147371667e+00
1.221260111919228342e+00
1.221207382521207530e+00
1.221058629634321768e+00
1.221083961142686025e+00
1.220897110856347556e+00
1.220816491733711429e+00
1.220699376952195436e+00
1.220618273567126710e+00
1.220588397349121834e+00
1.220489952213993368e+00
1.220434542507150333e+00
1.220314170477326154e+00
1.220220999205981149e+00
1.220147891343467794e+00
1.220065221198962213e+00
1.220009170637098794e+00
1.219896322998191396e+00
1.219740193123831640e+00
1.219668250553671340e+00
1.219637563286021464e+00
1.219616423396423510e+00
1.219493003154111799e+00
1.219428657938420812e+00
1.219344540913099850e+00
1.219255057066104708e+00
1.219200258569658635e+00
1.219120698231436206e+00
1.218923870672978582e+00
1.218949499927131086e+00
1.218785820742128267e+00
1.218745742741934368e+00
1.218651354451510516e+00
1.218567729918633491e+00
1.218442171487156278e+00
1.218407354060838221e+00
1.218378679709249512e+00
1.218233322333790003e+00
1.218204337463797859e+00
1.218053108000777707e+00
1.217999683732389427e+00
1.217872265854099689e+00
1.217837676693457771e+00
1.217706892619093706e+00
1.217684019185619970e+00
1.217505950474216947e+00
1.217434228719526113e+00
1.217316079225004621e+00
1.217359484671909131e+00
1.217192213651052457e+00
1.217114294697000165e+00
1.217095876869256132e+00
1.217054667671433554e+00
1.216810699166511300e+00
1.216932389670261072e+00
1.216610841213771721e+00
1.216674974969873313e+00
1.216510027315973019e+00
1.216502854410334900e+00
1.216298878197643596e+00
1.216272666040455031e+00
1.216064440553291659e+00
1.216086864456559669e+00
1.216016785550184220e+00
1.215788645185582384e+00
1.215767260366311886e+00
1.215727141479981510e+00
1.215590006538953327e+00
1.215577888322009192e+00
1.215539603460715989e+00
1.215292460149469234e+00
1.215336422080875112e+00
1.215206809819951106e+00
1.215114770272895273e+00
1.214960064418109331e+00
1.214972369963646326e+00
1.214815870237636597e+00
1.214842064462861471e+00
1.214798569578752874e+00
1.214581673875415602e+00
1.214337008290828468e+00
1.214391242248373803e+00
1.214182098902748086e+00
1.214372839564178852e+00
1.214086983875440895e+00
1.214221931558625567e+00
1.214139255314089061e+00
1.213875405077833758e+00
1.213839108271053790e+00
1.213674303757583006e+00
1.213648285461034204e+00
1.213480641966749429e+00
1.213517532830048262e+00
1.213497620441498670e+00
1.213371916484535573e+00
1.213281022959419975e+00
1.213138659513413709e+00
1.213091978610332466e+00
1.213009053883729482e+00
1.212924805678575968e+00
1.212677883353804775e+00
1.212534619160208216e+00
1.212422782641429775e+00
1.212207920851162468e+00
1.212175589942046550e+00
1.211989149909457053e+00
1.212007348047901445e+00
1.211813982542009782e+00
1.211834952503684670e+00
1.211611715029531799e+00
1.211697933309381803e+00
1.211362944640705930e+00
1.211444406430901788e+00
1.211366088999606960e+00
1.211266874574017605e+00
1.211320018179899094e+00
1.211222650511631249e+00
1.211256283889728724e+00
1.211122103960552865e+00
1.211059335959251637e+00
1.210958096486490110e+00
1.210838310355473846e+00
1.210807296694921265e+00
1.210809571935640205e+00
1.210682571224658499e+00
1.210677349997675734e+00
1.210449863139727578e+00
1.210500943166591403e+00
1.210454572469405132e+00
1.210206463122262432e+00
1.210300094081194988e+00
1.210192164273482085e+00
1.210024478900195266e+00
1.210049257669874256e+00
1.209964240319655993e+00
1.209876345738763126e+00
1.209771269755523626e+00
1.209646155956598745e+00
1.209688716295651334e+00
1.209607023292999850e+00
1.209523059775160947e+00
1.209383635098592702e+00
1.209372896895185567e+00
1.209383616123665961e+00
1.209287121883474425e+00
1.209219593548525262e+00
1.209141825172199702e+00
1.209087388682937636e+00
1.209144995330872607e+00
1.208883846939549755e+00
1.208749190771002180e+00
1.208814677387237690e+00
1.208715810325334372e+00
1.208581463626184904e+00
1.208609012913246961e+00
1.208616900562577756e+00
1.208522713555791217e+00
1.208424665288052813e+00
1.208318206881358048e+00
1.208215571782291775e+00
1.208164564815980446e+00
1.208095050151537508e+00
1.207987640563270793e+00
1.207745543668899524e+00
1.207903979392621396e+00
1.207959657864009051e+00
1.207899128730921090e+00
1.207820166858730504e+00
1.207711221057884421e+00
1.207618609238026330e+00
1.207495903728217579e+00
1.207437360708079943e+00
1.207456206134871035e+00
1.207409811273856493e+00
1.207235016407865125e+00
1.207034492022557304e+00
1.207065142805032965e+00
1.206976947939026212e+00
1.206927293255304345e+00
1.206822978671252988e+00
1.206692119134281205e+00
1.206589977205617448e+00
1.206334344397455238e+00
1.206443885141731398e+00
1.206306826189226467e+00
1.206160241709179015e+00
1.206228614275355548e+00
1.206091281541139315e+00
1.205934573174408442e+00
1.205891487079042479e+00
1.205702799832659045e+00
1.205598757566817225e+00
1.205628834418592144e+00
1.205399482231414909e+00
1.205417119121449998e+00
1.205200071844602761e+00
1.205243614261153562e+00
1.205196351964501478e+00
1.204963698190878230e+00
1.204980677232639463e+00
1.204793860980953868e+00
1.204904231342470489e+00
1.204773343058925361e+00
1.204719084327830370e+00
1.204706235443970153e+00
1.204644487251209650e+00
1.204584705632390840e+00
1.204454074613105830e+00
1.204276287740371876e+00
1.204269941374471520e+00
1.204267953624227783e+00
1.204233036250220046e+00
1.204022523128003952e+00
1.203912515271030825e+00
1.204001644070400223e+00
1.203788034134533502e+00
1.203763687546095307e+00
1.203515186775274026e+00
1.203524204780007878e+00
1.203411735651837899e+00
1.203395715410202849e+00
1.203343570302066068e+00
1.203130821661838601e+00
1.203171867669855510e+00
1.203037164304198603e+00
1.203022532216607710e+00
1.202910390435990351e+00
1.202897408705831506e+00
1.202850585489800173e+00
1.202825618369087302e+00
1.202651242696549438e+00
1.202580391490808198e+00
1.202496879373817107e+00
1.202473045129173190e+00
1.202432009927618006e+00
1.202299927861131712e+00
1.202341029720626064e+00
1.202121180854982541e+00
1.202093068075434035e+00
1.202094690126736642e+00
1.201933746676023818e+00
1.201903993608752552e+00
1.201767745527144049e+00
1.201803407395337420e+00
1.201775339293905231e+00
1.201592355392616662e+00
1.201583607986438818e+00
1.201464540620055255e+00
1.201424952797676360e+00
1.201417742503355202e+00
1.201415927136955331e+00
1.201219509184827006e+00
1.201224270289930951e+00
1.201175960749150340e+00
1.201088925123957152e+00
1.201064461335006994e+00
1.201017585407768040e+00
1.200964366812650175e+00
1.200884384413744232e+00
1.200799263795722549e+00
1.200721123813994096e+00
1.200656560424549157e+00
1.200712345398094349e+00
1.200560986278528031e+00
1.200448506004406335e+00
1.200401749441732280e+00
1.200264322946955842e+00
1.200291913746138528e+00
1.200085976557948131e+00
1.200181290184328953e+00
1.200119579936718806e+00
1.200035417325133524e+00
1.199952419858044239e+00
1.199858202730561985e+00
1.199785309974750414e+00
1.199797452107566942e+00
1.199709862422610795e+00
1.199670393699411308e+00
1.199427344327963274e+00
1.199504425876990688e+00
1.199314815064382644e+00
1.199340616890623545e+00
1.199197560077027491e+00
1.199307251298996180e+00
1.199086490130597094e+00
1.199050170667653958e+00
1.198841985822523881e+00
1.199053064468305951e+00
1.198837414785974609e+00
1.198774413989643906e+00
1.198705441738275423e+00
1.198595524217041186e+00
1.198588278785795991e+00
1.198441790950017571e+00
1.198521429670561966e+00
1.198299578956548039e+00
1.198304252844965445e+00
1.198097912589113356e+00
1.198170750688827946e+00
1.198022330353114784e+00
1.198022113956950241e+00
1.197935473563628728e+00
1.197975451306348527e+00
1.197793756331768877e+00
1.197772424127121260e+00
1.197677816928190309e+00
1.197670156305784550e+00
1.197572046698538228e+00
1.197371776066599613e+00
1.197431915201928820e+00
1.197408204292438105e+00
1.197314497875015205e+00
1.197303424463093124e+00
1.197249010704222405e+00
1.197145342244090305e+00
1.197066890875925216e+00
1.196828077116736777e+00
1.196707607646007476e+00
1.196731413883699746e+00
1.196466544445961677e+00
1.196513619774433268e+00
1.196358049279159452e+00
1.196291767431669317e+00
1.196206460486635814e+00
1.196154585098761158e+00
1.196018221224564693e+00
1.195929725936713650e+00
1.195873924737643756e+00
1.195811560189788070e+00
1.195690980561561645e+00
1.195671135487837100e+00
1.195556376534631537e+00
1.195582115730716266e+00
1.195512093848264401e+00
1.195319768975128705e+00
1.195196265176738937e+00
1.195064502238269100e+00
1.195170554747262637e+00
1.194965302960649511e+00
1.194988654629492553e+00
1.194906093913708167e+00
1.194895330323932914e+00
1.194838751035071089e+00
1.194743706595627009e+00
1.194635996150943846e+00
1.194602351965565079e+00
1.194490217712165681e+00
1.194486514455976645e+00
1.194392254070989035e+00
1.194330448550231738e+00
1.194251569124943346e+00
1.194229094633961985e+00
1.194075936658242520e+00
1.194042332413737917e+00
1.193968681752932026e+00
1.193958301849919579e+00
1.193787085646337731e+00
1.193693857850346651e+00
1.193704730744105325e+00
1.193737917839946094e+00
1.193522707111663861e+00
1.193355625517469987e+00
1.193271950713722607e+00
1.193224943939527494e+00
1.193052333304148949e+00
1.193149082726846499e+00
1.192921541692215870e+00
1.192997084962390986e+00
1.192911806402275454e+00
1.192806427626805332e+00
1.192604977719085468e+00
1.192577433909904228e+00
1.192596517111318866e+00
1.192461122516743854e+00
1.192606574807941522e+00
1.192437429442346764e+00
1.192429570204035061e+00
1.192423948451023064e+00
1.192205657296601329e+00
1.192256931568888012e+00
1.192103059370646978e+00
1.192056389872638622e+00
1.192033420418239453e+00
1.191795474247796305e+00
1.191837998269860810e+00
1.191700557945922334e+00
1.191621708570338001e+00
1.191526417428670825e+00
1.191376603330932094e+00
1.191626530291753694e+00
1.191279434365501544e+00
1.191236496156337532e+00
1.191274504920860400e+00
1.191138164902812990e+00
1.190941951433890145e+00
1.190973841050018800e+00
1.190911892605241995e+00
1.190918533955910075e+00
1.190767555864134852e+00
1.190669120768499623e+00
1.190535916634655633e+00
1.190626951116299237e+00
1.190560818588797698e+00
1.190596277660572522e+00
1.190594812043927808e+00
1.190456597978256204e+00
1.190423877085182491e+00
1.190368663487114231e+00
1.190364451400511614e+00
1.190140669554890396e+00
1.190229521179359429e+00
1.190154331499017060e+00
1.190076484348393304e+00
1.190082666660951416e+00
1.189980272000353390e+00
1.189956376522822934e+00
1.189922788525479502e+00
1.189875102063086887e+00
1.189919635030832312e+00
1.189703798419267988e+00
1.189631408816935521e+00
1.189621192025453356e+00
1.189629784373572585e+00
1.189591734743030038e+00
1.189439170130397239e+00
1.189232477856120962e+00
1.189159383021588745e+00
1.189072266109738596e+00
1.189074996904369241e+00
1.188972820760659799e+00
1.188772380932640482e+00
1.188880784164406235e+00
1.188800684413974462e+00
1.188615594038392453e+00
1.188641361005629893e+00
1.188568451015670879e+00
1.188513838123934407e+00
1.188347333983605036e+00
1.188296284251730617e+00
1.188380991053590519e+00
1.188204020316652620e+00
1.188353833127582915e+00
1.188098370638520862e+00
1.188051266222012181e+00
1.188109627643226807e+00
1.187910766752507508e+00
1.187958887577203582e+00
1.187899210152582041e+00
1.187951206142332738e+00
1.187845137365469261e+00
1.187667151290473955e+00
1.187725597344120310e+00
1.187648169731504222e+00
1.187497128929103418e+00
1.187527581287086020e+00
1.187392338480417697e+00
1.187407458918805725e+00
1.187371975266098056e+00
1.187235077919531090e+00
1.187320432307633844e+00
1.186961283752749452e+00
1.187036958182850599e+00
1.187035378725524781e+00
1.186923306839211323e+00
1.186944865319638831e+00
1.186938377393580657e+00
1.186832165233102643e+00
1.186679876395023037e+00
1.186681983224198378e+00
1.186633489176135869e+00
1.186586733900959700e+00
1.186545756774869620e+00
1.186502947024886234e+00
1.186329567895647807e+00
1.186292640550539401e+00
1.186223567336699869e+00
1.186214061569168976e+00
1.186301940175422454e+00
1.186155672106509407e+00
1.185877502237886238e+00
1.185975061940052200e+00
1.186082912659619293e+00
1.185915213933397716e+00
1.185881802831375120e+00
1.185887052767115035e+00
1.185790629884852398e+00
1.185705711545446572e+00
1.185780725376265776e+00
1.185606455556325489e+00
1.185555705362391299e+00
1.185634118310991969e+00
1.185573879956506316e+00
1.185425284591862027e+00
1.185523073898699042e+00
1.185214958307926558e+00
1.185375195759452938e+00
1.185181786389494230e+00
1.185242834388301691e+00
1.185119009238527310e+00
1.185066250591260806e+00
1.185007325606103556e+00
1.185088452943292792e+00
1.184937564500437412e+00
1.184824983892892813e+00
1.184811563958068303e+00
1.184712179806239440e+00
1.184643732513377179e+00
1.184842296436707576e+00
1.184638117421567438e+00
1.184475322403750974e+00
1.184681919871313660e+00
1.184363598993035671e+00
1.184421230336482500e+00
1.184293087354978624e+00
1.184249999430606382e+00
1.184217088527366846e+00
1.184050494026563705e+00
1.184270586934993874e+00
1.184030163001532854e+00
1.184087981734031514e+00
1.183983639889877981e+00
1.183950485073557157e+00
1.183772416516399417e+00
1.183805570514997241e+00
1.183718107609024850e+00
1.183738117742234364e+00
1.183660773812776457e+00
1.183690782042455369e+00
1.183470452408124762e+00
1.183608842856955556e+00
1.183526985160839429e+00
1.183451667241819827e+00
1.183416962342435097e+00
1.183363926028696111e+00
1.183329911047372951e+00
1.183297409527331201e+00
1.183204058981283557e+00
1.183173774712968029e+00
1.183064029065320710e+00
1.183073920984751615e+00
1.183153842619057983e+00
1.182817353164988150e+00
1.182962789163398254e+00
1.182915551731643644e+00
1.182889013552891111e+00
1.182848619112656374e+00
1.182663530114554051e+00
1.182787265521771491e+00
1.182729731246003224e+00
1.182492446274236109e+00
1.182551688340723883e+00
1.182470614440281453e+00
1.182600982490182639e+00
1.182465602182858788e+00
1.182360601394257804e+00
1.182453993343349774e+00
1.182182945885917436e+00
1.182343696313447490e+00
1.182084515765954080e+00
1.182160390796932914e+00
1.182122728913652665e+00
1.182060798774290600e+00
1.182111838477183374e+00
1.181994260353551818e+00
1.181816043941298133e+00
1.181812592556515495e+00
1.181880131161352265e+00
1.181727426870343045e+00
1.181817051659272089e+00
1.181661275692300173e+00
1.181612510377102021e+00
1.181642815365567145e+00
1.181628789322002993e+00
1.181508701554665253e+00
1.181523293026788712e+00
1.181398316058836828e+00
1.181453613444818806e+00
1.181288107283749111e+00
1.181279611779604943e+00
1.181271035071409736e+00
1.181296883670997611e+00
1.181162589597949397e+00
1.181175659082490670e+00
1.181079608299661077e+00
1.181073478972379798e+00
1.181038351187981394e+00
1.180966000744505751e+00
1.180971168342973998e+00
1.180806019072222490e+00
1.180870762733378543e+00
1.180816593470419340e+00
1.180794477786276664e+00
1.180785560837472881e+00
1.180727465073414306e+00
1.180753129742337926e+00
1.180613461255223706e+00
1.180567098655216585e+00
1.180622014732733982e+00
1.180536273737595510e+00
1.180585137369881688e+00
1.180385577702075528e+00
1.180308299150425011e+00
1.180285747794071360e+00
1.180280049829614430e+00
1.180224899652241088e+00
1.180266219593312682e+00
1.180178181625370470e+00
1.180145920193698350e+00
1.180210588952366857e+00
1.180137111263339422e+00
1.180071165651020770e+00
1.180044775253650258e+00
1.179949142683569763e+00
1.180084239686515213e+00
1.180075460769236084e+00
1.179974328636405501e+00
1.179858027868024406e+00
1.179747729070382389e+00
1.179931112832506068e+00
1.179765837887492008e+00
1.179841763580597780e+00
1.179703547428126553e+00
1.179639361494290606e+00
1.179614899651073356e+00
1.179642985961966151e+00
1.179504511154468416e+00
1.179496165627940352e+00
1.179488850143358025e+00
1.179400075771674272e+00
1.179420883914474638e+00
1.179334795194899810e+00
1.179306739778870128e+00
1.179335222286380658e+00
1.179246807869715141e+00
1.179201657106226708e+00
1.179312893041116306e+00
1.179187396179081304e+00
1.179117648677166397e+00
1.179112262613457807e+00
1.179032765549928197e+00
1.179150778684098233e+00
1.179120684035501521e+00
1.178944310934347373e+00
1.178957483811928331e+00
1.178871224392584516e+00
1.178761255578284706e+00
1.178895617365713910e+00
1.178852878040707708e+00
1.178800310280409880e+00
1.178677291662338922e+00
1.178781100506621771e+00
1.178783007709691466e+00
1.178507860541122554e+00
1.178606310309217919e+00
1.178659858957213924e+00
1.178442261675392455e+00
1.178505820707615559e+00
1.178496072415949891e+00
1.178496866674995980e+00
1.178544916082574945e+00
1.178385102230101955e+00
1.178415265903963061e+00
1.178399878368601383e+00
1.178202787384435846e+00
1.178231902432854250e+00
1.178240228797762024e+00
1.178146731788619173e+00
1.178109369111318250e+00
1.178093553502120860e+00
1.178049465067706025e+00
1.178018696823003086e+00
1.178165007778073425e+00
1.178043602796638778e+00
1.177940841003725536e+00
1.177898640636492855e+00
1.178013587816987506e+00
1.177871009374930500e+00
1.177748279033614898e+00
1.177809513982796874e+00
1.177806582568383220e+00
1.177654845391851390e+00
1.177792981479276913e+00
1.177719081409716262e+00
1.177636044065572873e+00
1.177619108054053454e+00
1.177602342838914184e+00
1.177574494853809162e+00
1.177570823443900405e+00
1.177473086702511162e+00
1.177529212447824714e+00
1.177559273530388140e+00
1.177507731343478969e+00
1.177362177027799328e+00
1.177310584323740583e+00
1.177366862602097664e+00
1.177247899044701729e+00
1.177414218962303583e+00
1.177260997042399504e+00
1.177299061376426703e+00
1.177085072929991760e+00
1.177165366522175960e+00
1.177299432148928959e+00
1.177160911088801276e+00
1.177277101026618089e+00
1.177174705540460220e+00
1.177095287900483900e+00
1.177256065517318984e+00
1.176866501395016362e+00
1.177183421888428283e+00
1.177104243385945992e+00
1.177052388044384168e+00
1.176934246923706295e+00
1.177036789616668244e+00
1.177012823535175778e+00
1.176977049624701399e+00
1.176838247684937055e+00
1.176889647883583967e+00
1.176849042335621709e+00
1.176776065905882573e+00
1.176799672072433856e+00
1.176708225071784408e+00
1.176727786883839499e+00
1.176578980495446736e+00
1.176680077544813185e+00
1.176557944751532414e+00
1.176564712728795925e+00
1.176624829768015079e+00
1.176623645310362010e+00
1.176481499995837066e+00
1.176404477692347239e+00
1.176479431314921387e+00
1.176493275152121099e+00
1.176439031507000132e+00
1.176423365391479070e+00
1.176426928281000039e+00
1.176283233152191965e+00
1.176330731757987191e+00
1.176237142471296737e+00
1.176382070090609355e+00
1.176284084138596420e+00
1.176156226300872687e+00
1.176285156793021036e+00
1.176252466192728496e+00
1.176174005926026167e+00
1.176155417747108300e+00
1.176137670349324704e+00
1.176082928120059989e+00
1.176126929021121592e+00
1.176106598479159659e+00
1.176001068007394901e+00
1.175941025663236328e+00
1.175997557596514476e+00
1.175982491077493641e+00
1.175949035068959203e+00
1.175873569065652102e+00
1.175900590221161890e+00
1.175832665844968039e+00
1.175877629113636802e+00
1.175800225168953883e+00
1.175833072373750676e+00
1.175776780393289922e+00
1.175825304009776806e+00
1.175698168341665850e+00
1.175718354608465743e+00
1.175728483469683505e+00
1.175657601128689889e+00
1.175656011742732820e+00
1.175619239715292919e+00
1.175556043533980688e+00
1.175538123656891365e+00
1.175596615252880062e+00
1.175533263115731808e+00
1.175441590976765704e+00
1.175478303582807804e+00
1.175472114825684589e+00
1.175424871177731534e+00
1.175388852492304403e+00
1.175342070268227568e+00
1.175376065072341492e+00
1.175361597195784702e+00
1.175302698826709902e+00
1.175323958176126560e+00
1.175331779287486444e+00
1.175275918067976599e+00
1.175316379032452785e+00
1.175311243932985805e+00
1.175318779133321723e+00
1.175315250386626653e+00
1.175324161174148285e+00
1.175246201926744893e+00
1.175264139803284369e+00
1.175234915388535972e+00
1.175164770316092344e+00
1.175224582041514809e+00
1.175148089167211252e+00
1.175164551537717816e+00
1.175052831452281454e+00
1.175117542622872380e+00
1.175125654745484916e+00
1.175066260582371402e+00
1.175152065620471253e+00
1.175061492713219025e+00
1.175061014568477447e+00
1.174982681050979805e+00
1.175038585082629039e+00
1.175042465778056711e+00
1.174910151938099334e+00
1.174962371788879967e+00
1.174905002551392075e+00
1.174794646518353858e+00
1.174878631006802898e+00
1.174801308171919745e+00
1.174802249969425949e+00
1.174839798518574341e+00
1.174834381315902565e+00
1.174706945425957993e+00
1.174742853113886154e+00
1.174664497879609248e+00
1.174719040341465570e+00
1.174648511850674426e+00
1.174679658302787422e+00
1.174634561717860626e+00
1.174666539708695945e+00
1.174658061092159977e+00
1.174533805779308215e+00
1.174659342158725472e+00
1.174513296963702436e+00
1.174631065061487512e+00
1.174538667855890894e+00
1.174513046858942422e+00
1.174562804253161952e+00
1.174499242081394668e+00
1.174478357374905357e+00
1.174422603514811092e+00
1.174467367447101784e+00
1.174417012743432798e+00
1.174408702931664328e+00
1.174444355328507994e+00
1.174359092973163543e+00
1.174351437464391745e+00
1.174313320778596070e+00
1.174388734206961882e+00
1.174326997025575414e+00
1.174292580760428306e+00
1.174338017926431776e+00
1.174252320553596407e+00
1.174270675579176970e+00
1.174284339770681029e+00
1.174256161285831324e+00
1.174222381176909025e+00
1.174188354655305799e+00
1.174216079862288042e+00
1.174073453721504068e+00
1.174166918465230136e+00
1.174202702644072671e+00
1.173982852124462628e+00
1.174157993963400148e+00
1.174082022954209048e+00
1.174082789569347529e+00
1.174133440575702236e+00
1.174022775911956140e+00
1.174018787733879909e+00
1.174023627992883290e+00
1.174027768079696665e+00
1.174045075753677780e+00
1.173908803635600018e+00
1.174012589378177651e+00
1.173975370331056922e+00
1.173950176423528946e+00
1.174019553009313155e+00
1.173910266317000017e+00
1.173911070764577458e+00
1.173672837188376894e+00
1.173870142782440951e+00
1.173905163237633609e+00
1.173826082091809386e+00
1.173844546704812197e+00
1.173811536453074789e+00
1.173865784883945107e+00
1.173607251299588539e+00
1.173781342857512788e+00
1.173675663199904573e+00
1.173846715226389614e+00
1.173713396417431776e+00
1.173544457329977586e+00
1.173837124205723947e+00
1.173800197118405553e+00
1.173720054147912917e+00
1.173783922042381578e+00
1.173724773503353136e+00
1.173669010334718488e+00
1.173705169669527981e+00
1.173713832792649958e+00
1.173682915878468958e+00
1.173733955147346686e+00
1.173676477552922925e+00
1.173527767145584155e+00
1.173769491463269921e+00
1.173635523961342519e+00
1.173422909413459392e+00
1.173727434564300731e+00
1.173477146503020707e+00
1.173689305846047803e+00
1.173470339001896123e+00
1.173672897147079563e+00
1.173693244670356295e+00
1.173525115925691864e+00
1.173750793937623049e+00
1.173385254511297271e+00
1.173758556288519328e+00
1.173530231800954171e+00
1.173798168256922958e+00
1.173697426268302202e+00
1.173522170261781961e+00
1.173783010723752573e+00
1.173791322343327392e+00
1.173566274953015798e+00
1.173572765868916568e+00
1.173806658948911341e+00
1.173801579378969118e+00
1.173643409565500839e+00
1.173844824150124699e+00
1.173613754372255125e+00
1.173813778215626380e+00
1.173596030472950469e+00
1.173883711128063334e+00
1.173594036581111277e+00
1.173812774753130173e+00
1.173889018463788458e+00
1.173713317963028802e+00
1.173936070358396533e+00
1.173971452505310875e+00
1.173717636728884850e+00
1.173945217768453730e+00
1.173953985170252068e+00
1.173666843820803551e+00
1.173968449301854733e+00
1.173972486608296562e+00
1.173789349089555900e+00
1.173996132483696497e+00
1.173799321858784994e+00
1.174002941092843866e+00
1.173749794834384019e+00
1.174008016770777152e+00
1.173731010051159096e+00
1.174040171979898073e+00
1.173806749227530366e+00
1.174000330053972752e+00
1.173914942365362535e+00
1.173986294066821534e+00
1.173651302422165310e+00
1.173953609080069738e+00
1.173827219687419987e+00
1.173678821948142881e+00
1.173903920773652576e+00
1.173830510497555712e+00
1.173645392142199428e+00
1.173605987391461047e+00
1.173642661760924355e+00
1.173843326153552136e+00
1.173581523372437152e+00
1.173579798761906767e+00
1.173553894631679695e+00
1.173529943968581346e+00
1.173692993290691211e+00
1.173617911522247814e+00
1.173569153701082834e+00
1.173564298766355707e+00
1.173522083172862107e+00
1.173474577803262031e+00
1.173495369363163343e+00
1.173526708358858750e+00
1.173405965843786092e+00
1.173386446553844165e+00
1.173390351016871280e+00
1.173244560762149780e+00
1.173342982220227926e+00
1.173328394824803445e+00
1.173212855879302241e+00
1.173319530337367134e+00
1.173294888597271601e+00
1.173061783906103939e+00
1.173116883980137137e+00
1.173262888877268040e+00
1.173074685391607863e+00
1.173302032483364954e+00
1.173191612624103319e+00
1.173185188951995306e+00
1.173020160714328464e+00
1.172976822860859469e+00
1.173165119039269788e+00
1.172837971016120528e+00
1.173088343676486955e+00
1.173109330155166274e+00
1.173233777535110045e+00
1.172875867709672226e+00
1.173082748051223811e+00
1.173208259291781852e+00
1.172922721542956737e+00
1.172884358565029261e+00
1.172825383797037935e+00
1.172970659321521891e+00
1.172876678094155745e+00
1.172991127045133863e+00
1.172727714986839143e+00
1.172788556823205264e+00
1.172738730221829062e+00
1.172661876111550150e+00
1.172835556621941944e+00
1.172856063926805970e+00
1.172800034007229319e+00
1.172809906424347792e+00
1.172633423609096726e+00
1.172774531462243086e+00
1.172649968991604785e+00
1.172556838890372655e+00
1.172627397186007281e+00
1.172616376170879882e+00
1.172556914214961887e+00
1.172614332085440969e+00
1.172585137804204924e+00
1.172552621501471881e+00
1.172600097158791099e+00
1.172448102238005552e+00
1.172441348952076412e+00
1.172464109926175002e+00
1.172364740594322496e+00
1.172499389245330148e+00
1.172579431524027216e+00
1.172356404303184663e+00
1.172310626595517213e+00
1.172450189431306189e+00
1.172323036455465983e+00
1.172334102506910503e+00
1.172216549371605465e+00
1.171905385940096966e+00
1.171934869426507042e+00
1.172118299234584216e+00
1.171820266699961754e+00
1.171777069150559791e+00
1.171973639215673879e+00
1.171971007184689606e+00
1.171751448127290152e+00
1.171868350579991169e+00
1.171821205143563027e+00
1.171710156168212391e+00
1.171721721452382958e+00
1.171668989397097294e+00
1.171666940597136497e+00
1.171857523441592441e+00
1.171541004211241299e+00
1.171718343217697411e+00
1.171530951261792408e+00
1.171574273408533928e+00
1.171630378146858220e+00
1.171510708756881458e+00
1.171639522032896119e+00
1.171378900475979368e+00
1.171636690044759455e+00
1.171493590859753686e+00
1.171439191435862393e+00
1.171408067518562524e+00
1.171453023053350195e+00
1.171320497879093869e+00
1.171415172489882472e+00
1.171236612137253941e+00
1.171524136777196690e+00
1.171423375490473928e+00
1.171271009520515216e+00
1.171415369278256735e+00
1.171252343544993080e+00
1.171266448460631215e+00
1.171333587108997598e+00
1.171203762956347427e+00
1.171275956986589151e+00
1.171082513287796889e+00
1.171271044514915483e+00
1.171052333301149773e+00
1.171193536777898059e+00
1.170983419294271188e+00
1.171202779426594232e+00
1.171159786978936745e+00
1.171138539505198750e+00
1.171162082000036575e+00
1.171049999247425921e+00
1.171102821056790644e+00
1.171133339686703634e+00
1.171111173611788958e+00
1.170906944778189684e+00
1.171042516846179549e+00
1.170945609930036380e+00
1.170981542607546722e+00
1.170984410097745787e+00
1.171027732806305899e+00
1.171049940340391116e+00
1.171044494523470147e+00
1.170779535666023330e+00
1.170926515994423101e+00
1.170937713617599130e+00
1.170806359101394856e+00
1.170913802499354617e+00
1.171027965565737405e+00
1.170678168743757297e+00
1.170764386055874073e+00
1.170721685756277664e+00
1.170761813942945873e+00
1.170785585812883722e+00
1.170713020902048207e+00
1.170586171492804306e+00
1.170800075192931500e+00
1.170831805774498635e+00
1.170693401346767137e+00
1.170650274439069660e+00
1.170848794954956640e+00
1.170387077420813826e+00
1.170342213358883665e+00
1.170386734471562828e+00
1.170432202144910727e+00
1.170391276225981825e+00
1.170193041671277356e+00
1.170303146830054875e+00
1.170447337600545312e+00
1.170365386755711778e+00
1.170282930755543349e+00
1.170337469193168944e+00
1.170115571906697349e+00
1.170169856300835365e+00
1.170202263762125883e+00
1.170086407795087213e+00
1.170019241206022187e+00
1.170087664161483465e+00
1.170118237338630518e+00
1.170157462948841154e+00
1.170105267109191383e+00
1.170023142963364515e+00
1.170098376131755602e+00
1.170115373873198639e+00
1.170001098309905174e+00
1.170047404829235527e+00
1.170029326840225314e+00
1.169974724408716638e+00
1.169994333605456127e+00
1.169988857759068024e+00
1.169853963553088017e+00
1.170045664259050655e+00
1.169672728753414992e+00
1.169697631380899105e+00
1.169624536621096444e+00
1.169746546360186157e+00
1.169831165316989052e+00
1.169770630749731755e+00
1.169824261813811050e+00
1.169555276169386593e+00
1.169614929099894729e+00
1.169461220758443387e+00
1.169560099103236883e+00
1.169630812669609776e+00
1.169763590606832659e+00
1.169419175845695102e+00
1.169380809401393106e+00
1.169348247286990494e+00
1.169484499609166006e+00
1.169466477623165135e+00
1.169332432332313543e+00
1.169402543668706329e+00
1.169413379399087072e+00
1.169177400266743883e+00
1.169296066340929086e+00
1.169250932679311239e+00
1.169205189024683067e+00
1.169118838971744401e+00
1.169255346098515114e+00
1.169132619039747967e+00
1.169149054839508484e+00
1.169101837466697491e+00
1.169006616160201295e+00
1.169067239874945319e+00
1.169032633421200673e+00
1.168965795016214448e+00
1.169023807123680259e+00
1.168888854312922776e+00
1.168953386471418110e+00
1.168887339585680918e+00
1.168891669123705013e+00
1.168820330144409114e+00
1.168860202664609549e+00
1.168909412338262621e+00
1.168816088771860162e+00
1.168814175301641667e+00
1.168782108654135010e+00
1.168887901140162056e+00
1.168833486462930615e+00
1.168777188961751090e+00
1.168674934625415274e+00
1.168635066210742313e+00
1.168717347388784411e+00
1.168668322519843539e+00
1.168682469284346492e+00
1.168701981809287860e+00
1.168618838435430352e+00
1.168588911197164126e+00
1.168633918844773190e+00
1.168505264869335925e+00
1.168601104981004113e+00
1.168499819014963359e+00
1.168437484359204692e+00
1.168460950779675267e+00
1.168535253846570088e+00
1.168320799624330775e+00
1.168480389566428634e+00
1.168493017259607969e+00
1.168400974455428676e+00
1.168402225207311629e+00
1.168390711030963258e+00
1.168359894929614118e+00
1.168346154761371158e+00
1.168196193291493712e+00
1.168196778707885963e+00
1.168184475877024786e+00
1.168160385697699644e+00
1.168073104155992414e+00
1.168271767377911940e+00
1.168128807116777912e+00
1.168261102627496495e+00
1.168121092492625746e+00
1.168230766464162018e+00
1.168085654771537474e+00
1.168265875323267089e+00
1.168080114667915392e+00
1.168152628914110203e+00
1.167927137652433833e+00
1.168043637942145940e+00
1.167959384699229552e+00
1.168038811567478685e+00
1.168007755607400888e+00
1.167945910666925213e+00
1.168142832805942666e+00
1.167970097537987195e+00
1.167996020975958782e+00
1.168000265063398047e+00
1.167706384595453395e+00
1.167811814905417078e+00
1.167798387222287904e+00
1.167700339882785432e+00
1.167620976924548026e+00
1.167723285589192361e+00
1.167607390336262263e+00
1.167486109535800898e+00
1.167576200719347534e+00
1.167394906751303418e+00
1.167361780928918291e+00
1.167390380221906776e+00
1.167335821886522851e+00
1.167356523575731941e+00
1.167296459074939063e+00
1.167378180370127749e+00
1.167276927540102927e+00
1.167279884644761845e+00
1.167187103483130040e+00
1.166968308636782803e+00
1.166998698452573091e+00
1.166995580181418690e+00
1.167104434214388142e+00
1.167177213080636822e+00
1.167046048918471302e+00
1.166932582249621930e+00
1.166933245952495035e+00
1.166905891290141994e+00
1.166975219832056654e+00
1.166817046182007767e+00
1.166781073114375511e+00
1.167022460148025242e+00
1.166875925354693644e+00
1.166787933659759746e+00
1.166884871226179010e+00
1.166878201503355195e+00
1.166811208587358539e+00
1.166747074562236364e+00
1.166793032516473039e+00
1.166748602920378408e+00
1.166822608568091280e+00
1.166758002347215495e+00
1.166809830531180703e+00
1.166739424073205411e+00
1.166714977576231549e+00
1.166598809043003282e+00
1.166604724100360091e+00
1.166629101170430394e+00
1.166647521391631415e+00
1.166636666591403415e+00
1.166522966590876065e+00
1.166538244651393885e+00
1.166578503200992101e+00
1.166401447117749290e+00
1.166480530256667647e+00
1.166318286416337724e+00
1.166456201090438682e+00
1.166554309889356045e+00
1.166375772733450722e+00
1.166364339635862502e+00
1.166133526391780917e+00
1.166255666183189987e+00
1.166444915500668644e+00
1.166379658547930243e+00
1.166050466280512010e+00
1.166301243434380686e+00
1.166420263960486592e+00
1.166321103074920096e+00
1.166356789583283371e+00
1.166367271173882836e+00
1.166292260459532049e+00
1.166266325332968590e+00
1.166314483392881796e+00
1.166231759703136861e+00
1.166222308235848937e+00
1.166258583409618632e+00
1.166230134620474868e+00
1.166162148024893375e+00
1.166159296052635463e+00
1.166175555400144725e+00
1.165974006661365969e+00
1.165930411527032584e+00
1.166016497765755000e+00
1.166148786644986224e+00
1.165672305358372851e+00
1.165979170694378952e+00
1.166035123798907502e+00
1.165875666021158663e+00
1.165540573571173688e+00
1.165777457125121819e+00
1.165926614822017759e+00
1.165759887583705634e+00
1.165763207720689421e+00
1.165830410882772616e+00
1.165711014767823572e+00
1.165727008644973361e+00
1.165714220895514464e+00
1.165454212755414165e+00
1.165773448948787872e+00
1.165734338219477584e+00
1.165342849602675424e+00
1.165539796858818589e+00
1.165661470331729843e+00
1.165575393486792954e+00
1.165588988750530630e+00
1.165305313105620355e+00
1.165452967907081083e+00
1.165560578462411678e+00
1.165616553175608416e+00
1.165268131833618215e+00
1.165456358414079796e+00
1.165508243135349398e+00
1.165617500247198679e+00
1.165378673573359780e+00
1.165488428305221591e+00
1.165476432687370112e+00
1.165494753987995846e+00
1.165397002084106459e+00
1.165358114410226076e+00
1.165257483234729108e+00
1.165422110966232383e+00
1.165411309068832280e+00
1.165268872630240704e+00
1.165227073086808396e+00
1.165199122870568482e+00
1.165402027383388495e+00
1.165459462300398208e+00
1.165092504647940119e+00
