DATE: 2024-7-31
TIME: 10-59-15
NUM_CABLES: 4
num_coils: 1
NUM_MEASUREMENTS: 544
---
0,-8.485281374238571,-8.485281374238568,8.485281374238571,8.485281374238568,22.31607096009236,20.24370995527292,47.029460350097594,-0.9221787517518067,0.9420483211542799,0.03819267725156505
1,-0.0,-0.0,0.0,0.0,-2.5074396579101688,-2.370605644018042,63.7282802266444,0.026332263521044487,-0.04918735843794087,0.005449702002042022
2,-4.242640687119286,-4.242640687119286,4.242640687119286,4.242640687119286,11.387476656326385,9.735094743107624,59.93101537905066,-0.43746577720350077,0.43412151187282466,0.0046231723528442365
3,-0.0,-0.0,0.0,0.0,-2.7305389164754104,-2.6124551681452317,63.714928372587536,0.032853959850804665,-0.05517776509696724,0.005674926557315172
4,1.102182119232618e-15,6.0,-1.102182119232618e-15,-6.0,-3.2352421119240518,-27.89403322503324,51.97697066357395,0.9171662000207161,-0.07811909360997699,0.024486900725642483
5,-0.0,-0.0,0.0,0.0,-3.2198190802095894,-3.0034976709789873,63.637896981463115,0.05439103176298858,-0.07233944972570237,0.00699130865129283
6,4.242640687119285,-4.242640687119286,-4.242640687119285,4.242640687119286,-16.36168546394525,11.06131904275884,58.32446362529076,-0.4362752188038401,-0.5402352270329749,-0.010327492899390599
7,-0.0,-0.0,0.0,0.0,-3.311425662172425,-2.5506189743746006,63.67133729478195,0.03782433237475458,-0.07857819145121211,0.005883081024137794
8,4.242640687119286,4.242640687119285,-4.242640687119286,-4.242640687119285,-16.28373723221779,-16.92497772423556,55.19423799823315,0.5216158187274028,-0.5260864805904226,0.012376781457390915
9,-0.0,-0.0,0.0,0.0,-3.331717753402927,-3.068647901425294,63.626670366743625,0.04640569412194537,-0.08133176456394148,0.007480876461833843
10,8.485281374238566,8.485281374238575,-8.485281374238566,-8.485281374238575,-26.134179262512944,-28.549699755341578,40.80131708205404,1.0266513645944988,-1.0189771092043367,-0.0055413331553462175
11,-0.0,-0.0,0.0,0.0,-3.6471531366448886,-3.421903174829623,63.57840118517676,0.060435340501579685,-0.09569351160485251,0.008534877807124551
12,-4.242640687119284,4.242640687119286,4.242640687119284,-4.242640687119286,11.395322250796966,-16.441599117384442,57.02284128180305,0.5154139442865958,0.41051202297892375,0.019743038233487428
13,-0.0,-0.0,0.0,0.0,-3.3763500092641863,-2.976161458991612,63.66571584141977,0.056449894429883386,-0.0793401864398771,0.006504789427067212
14,6.0,-7.347880794884119e-16,-6.0,7.347880794884119e-16,-27.013380193213408,-4.058369719944096,53.63705762827226,0.0693676472602722,-0.9362429847675453,-0.016869686011591264
15,-0.0,-0.0,0.0,0.0,-3.6920326992127883,-2.9608459980952944,63.614439156448526,0.050509181984047954,-0.09854859614342283,0.008536018230674167
16,-6.0,-0.0,6.0,0.0,22.792260424362723,-3.533241832660792,56.264182296199294,0.04977322541746283,0.835360158240201,0.027108005460983752
17,-0.0,-0.0,0.0,0.0,-2.9439544287079116,-2.910039392832118,63.71181524146574,0.050445030563065665,-0.056198176759688585,0.006907088466754889
18,-12.0,2.9391523179536475e-15,12.0,-2.9391523179536475e-15,38.919935951342296,-2.2620800061179978,36.349983520154886,0.03471308570992217,1.7384715891373625,0.057246622535999825
19,-0.0,-0.0,0.0,0.0,-2.1609336858062136,-2.9585723556741357,63.669231487866085,0.05015013183663492,-0.027066837282251482,0.007539714890788897
20,-3.6739403974420594e-16,-6.0,3.6739403974420594e-16,6.0,-3.464263593872559,21.58647588107985,57.05971443563871,-0.8635292337033031,-0.06323096902958372,-0.024972954661650483
21,-0.0,-0.0,0.0,0.0,-2.9940523949185973,-2.6292892386445033,63.77528387949036,0.02991138187105128,-0.060066354922685375,0.005581791058372368
22,8.48528137423856,-8.48528137423858,-8.48528137423856,8.48528137423858,-27.19110015454922,22.16914292931918,44.11244577870589,-0.9506563791796943,-1.0276892656576369,-0.04389903450730537
23,-0.0,-0.0,0.0,0.0,-3.6274033181596366,-2.4318190951052827,63.677518391800035,0.02191132253864838,-0.08850614715250782,0.006016555964767323
24,-3.67394039744206e-15,-12.0,3.67394039744206e-15,12.0,-4.81198222459868,37.46780604959102,36.515957052759106,-1.7841162281994312,-0.10542005753600273,-0.02071390515638659
25,-0.0,-0.0,0.0,0.0,-3.381306967575938,-2.0711911062914226,63.699366298822554,0.005800433413265586,-0.07990520076812796,0.004751718872646877
26,12.0,-4.408728476930472e-15,-12.0,4.408728476930472e-15,-41.346293456612926,-2.96324714749764,32.49285913657161,0.02696855706755607,-1.8182069962886103,-0.06220428782220909
27,-0.0,-0.0,0.0,0.0,-3.9651807715715535,-2.657883141707771,63.574963403317255,0.030364365428258024,-0.11443028479121681,0.006865935077574471
28,5.143516556418883e-15,12.0,-5.143516556418883e-15,-12.0,-4.74016024000511,-42.55242351204467,32.389402340725866,1.8138454025949637,-0.17751225453112313,0.03716938295753526
29,-0.0,-0.0,0.0,0.0,-3.397376037850151,-3.4130417258483874,63.61109059867654,0.08193202513408435,-0.09019704892448462,0.007853361853733153
30,-8.485281374238559,8.485281374238582,8.485281374238559,-8.485281374238582,22.498142672185708,-27.07981958160019,43.474557990815754,1.0153494454539014,0.9152977072619689,0.045515125812197695
31,-0.0,-0.0,0.0,0.0,-3.0913938899141726,-3.272933587041365,63.59567412713456,0.0761363318036466,-0.06706259782132415,0.007045319559821779
32,6.0,-7.347880794884119e-16,-6.0,7.347880794884119e-16,-27.170859448898895,-4.045860341235738,53.46541714590981,0.08102817742232354,-0.9340657471650122,-0.00931100067225056
33,-6.0,-0.0,6.0,0.0,22.741350729029506,-3.9493477195406683,56.25571038675977,0.07034494218818815,0.8335511690245261,0.02472762380568664
34,4.242640687119285,-4.242640687119286,-4.242640687119285,4.242640687119286,-16.00310473058913,10.780471164266686,58.5369678507644,-0.43485068091820667,-0.5295778956218602,-0.013960797375495755
35,-6.0,-0.0,6.0,0.0,22.51057486618012,-3.2044807731188882,56.439780105836164,0.03410184092888344,0.8312475558120276,0.029390211898782284
36,-12.0,2.9391523179536475e-15,12.0,-2.9391523179536475e-15,38.65054205409149,-2.2181168955392536,36.4313826807237,0.03703502743351343,1.7346032023969908,0.06407881150355357
37,-6.0,-0.0,6.0,0.0,21.935772860664173,-3.4865407937747364,56.78598280235221,0.0436432427243999,0.8421643401029225,0.030292056740983203
38,-8.485281374238559,8.485281374238582,8.485281374238559,-8.485281374238582,21.507449788776995,-27.563604175448774,43.7260347179875,1.0226244880650854,0.918455829130591,0.07717229188466654
39,-6.0,-0.0,6.0,0.0,21.991920165462346,-4.707961158639051,56.60766224134339,0.08961043136791891,0.8394086314326175,0.028164523604618623
40,1.102182119232618e-15,6.0,-1.102182119232618e-15,-6.0,-1.6100550326222418,-27.741639293687484,52.1692096877354,0.9179831895534432,-0.014324518548277198,0.02687824438724318
41,-6.0,-0.0,6.0,0.0,22.65934093909081,-4.8256357737527935,56.209501738911996,0.09878797160463755,0.8436756378721185,0.02681741283391719
42,5.143516556418883e-15,12.0,-5.143516556418883e-15,-12.0,-2.515950300961819,-42.46631166853939,32.6367980701227,1.818099266519276,-0.06016575899833718,0.05364248984027303
43,-6.0,-0.0,6.0,0.0,22.375188442065024,-5.6155334880349415,56.23795633495281,0.13365482361821834,0.8389576256123096,0.025678470179730135
44,-4.242640687119286,-4.242640687119286,4.242640687119286,4.242640687119286,10.094987568956725,9.7374257759447,60.21971575547566,-0.4277867543076619,0.40736769533754785,-0.004065119810106238
45,-6.0,-0.0,6.0,0.0,22.613764070541805,-3.482899982463067,56.453401166281964,0.0461131108798514,0.8438328980821163,0.028395194742333256
46,-4.242640687119284,4.242640687119286,4.242640687119284,-4.242640687119286,10.863916568246253,-16.970216902429087,57.0107912396153,0.5351999284372366,0.41690384677460046,0.02427105880572758
47,-6.0,-0.0,6.0,0.0,22.66802371681746,-4.47370121221536,56.26113030276481,0.0849418982097129,0.8432546984209441,0.02744344998386867
48,-3.6739403974420594e-16,-6.0,3.6739403974420594e-16,6.0,-2.4678431323117422,20.993100551926346,57.42234447724826,-0.8517084153879666,-0.029631688311049495,-0.027382236729778145
49,-6.0,-0.0,6.0,0.0,22.569317190959254,-2.7520121376494444,56.51286076983361,0.01175917271807221,0.8435320842512334,0.03020458851456289
50,8.48528137423856,-8.48528137423858,-8.48528137423856,8.48528137423858,-26.865185812506482,21.404601896357775,44.71459446764895,-0.9365742501721508,-1.0122941231395615,-0.0565568472802631
51,-6.0,-0.0,6.0,0.0,22.26527562849489,-2.4536145710203527,56.678401691592214,-0.0009475598321880478,0.8303684571092795,0.02966642602985591
52,8.485281374238566,8.485281374238575,-8.485281374238566,-8.485281374238575,-25.537473104913644,-28.127704043470942,41.53307905091053,1.005438875065836,-0.9991406893599056,0.006698119836309134
53,-6.0,-0.0,6.0,0.0,22.20831513467718,-4.336172038766932,56.461127393983276,0.07773510330631428,0.8238522607537295,0.028154915449302022
54,-3.67394039744206e-15,-12.0,3.67394039744206e-15,12.0,-3.7001650205685337,37.16639322933477,36.927792998069066,-1.7677156621596752,-0.04588629777595235,-0.02747392628861805
55,-6.0,-0.0,6.0,0.0,22.182156387949163,-1.6062540346202638,56.741388914345265,-0.03468594367857537,0.8354251517983308,0.029063366068066296
56,-0.0,-0.0,0.0,0.0,-2.38860718007426,-2.885273607516922,63.70179477299605,0.03822690123325334,-0.03298657041736676,0.005496234451833115
57,-6.0,-0.0,6.0,0.0,22.764746952360497,-2.836241750149526,56.41136231984376,0.01314239021456836,0.8473795141918108,0.03172739845583637
58,-8.485281374238571,-8.485281374238568,8.485281374238571,8.485281374238568,21.635425167935125,20.218341670124374,47.54246832935131,-0.9300964235301852,0.9449414880116509,0.02471787230424101
59,-6.0,-0.0,6.0,0.0,21.94442795813066,-1.8822804326860307,56.859420968025304,-0.02605890544092638,0.8380192577136871,0.029661034843437555
60,4.242640687119286,4.242640687119285,-4.242640687119286,-4.242640687119285,-15.550043483450736,-16.269965128311526,55.647872802287765,0.5022118790720609,-0.49924772921018556,0.01585796437931434
61,-6.0,-0.0,6.0,0.0,22.554754000226524,-3.5009122637117684,56.42835855106263,0.042450850709097175,0.8338017709587114,0.028203276562064943
62,12.0,-4.408728476930472e-15,-12.0,4.408728476930472e-15,-41.288926113491954,-3.8227019176712247,32.876195261585494,0.0673863782532185,-1.8034987218013312,-0.048806899582380936
63,-6.0,-0.0,6.0,0.0,22.225085443656354,-3.6281200426784608,56.73926663378148,0.03798927790045569,0.8239396795730978,0.026755547453557314
64,-12.0,2.9391523179536475e-15,12.0,-2.9391523179536475e-15,38.90192695408314,-2.162919351346602,36.45478578267336,0.026281411152368823,1.7350543757352053,0.05937889409509982
65,-4.242640687119286,-4.242640687119286,4.242640687119286,4.242640687119286,10.54691480435136,9.679666785412138,60.22441351366126,-0.444889593012267,0.4201505118795125,0.0009367715158812566
66,-3.67394039744206e-15,-12.0,3.67394039744206e-15,12.0,-3.2349025528351234,37.2568828308641,36.802299276325314,-1.7742739387616082,-0.020737617480175146,-0.028735520337374573
67,-4.242640687119286,-4.242640687119286,4.242640687119286,4.242640687119286,11.3989282712148,8.865980739598342,60.28939825281192,-0.42757532332561915,0.44772608940250924,0.006806527423003486
68,1.102182119232618e-15,6.0,-1.102182119232618e-15,-6.0,-2.528498231701761,-27.52844836943916,52.15843750544535,0.903067919216329,-0.050959347496396315,0.02496635740871623
69,-4.242640687119286,-4.242640687119286,4.242640687119286,4.242640687119286,10.864660806439645,9.297379228916213,60.158947490339315,-0.41868940789958997,0.42299756940279604,0.00121289489831465
70,8.48528137423856,-8.48528137423858,-8.48528137423856,8.48528137423858,-27.01077125445964,21.475908716978182,44.59882902817952,-0.9416487739188106,-1.0178472176594573,-0.05824945476468471
71,-4.242640687119286,-4.242640687119286,4.242640687119286,4.242640687119286,11.115357995330783,8.618440710207864,60.31148166024337,-0.40568724411545876,0.42858759981614547,0.00629091234397521
72,-3.6739403974420594e-16,-6.0,3.6739403974420594e-16,6.0,-3.5980358822233285,21.14877974803514,57.26538021083492,-0.861436435157803,-0.07135176784558497,-0.025202779828874696
73,-4.242640687119286,-4.242640687119286,4.242640687119286,4.242640687119286,11.424935981122303,8.80133281974426,60.19543552939075,-0.4221987308848102,0.43703534357370055,0.007195190482987909
74,12.0,-4.408728476930472e-15,-12.0,4.408728476930472e-15,-41.188329086210075,-2.842388340317342,32.80686561006994,0.02090397225360821,-1.8049553464103782,-0.06179710173169982
75,-4.242640687119286,-4.242640687119286,4.242640687119286,4.242640687119286,10.563254464584247,9.107345517131307,60.26071368429278,-0.418084790139278,0.4069203017154468,0.004027402275529181
76,4.242640687119286,4.242640687119285,-4.242640687119286,-4.242640687119285,-15.586296447254199,-16.697184324975325,55.548763124527824,0.5086899897110444,-0.5040599375049645,0.013573571234931959
77,-4.242640687119286,-4.242640687119286,4.242640687119286,4.242640687119286,10.806368673067254,9.205937275228251,60.11178411456014,-0.41347051204045693,0.4102625871364841,0.0034909747071494805
78,4.242640687119285,-4.242640687119286,-4.242640687119285,4.242640687119286,-16.119227283257786,10.763718911156246,58.5453443215427,-0.4359932226536562,-0.5330532802843224,-0.0138978396864363
79,-4.242640687119286,-4.242640687119286,4.242640687119286,4.242640687119286,10.899920514644151,9.20529664787665,60.14664402489474,-0.4220170095410636,0.4144461866060385,0.004737336420372552
80,-0.0,-0.0,0.0,0.0,-3.2682063288513206,-2.3609812888111037,63.654550362425226,0.02373824792821526,-0.07340063918472717,0.005321359627270841
81,-4.242640687119286,-4.242640687119286,4.242640687119286,4.242640687119286,11.089456081464903,9.483166401643075,60.14678266851419,-0.42756565255048273,0.4211812584134212,0.003713216927573891
82,-4.242640687119284,4.242640687119286,4.242640687119284,-4.242640687119286,10.830586638327702,-16.34044142314673,57.12498613665258,0.506146828793636,0.39863414213497417,0.021198841779110817
83,-4.242640687119286,-4.242640687119286,4.242640687119286,4.242640687119286,10.820899555652204,9.439372074616472,60.107476866655205,-0.42211584221444404,0.4176101535342573,0.001412346522623746
84,-8.485281374238571,-8.485281374238568,8.485281374238571,8.485281374238568,21.87953625689849,20.08700170093718,47.55106119660634,-0.9172221468577082,0.9348543915459921,0.03973237257978709
85,-4.242640687119286,-4.242640687119286,4.242640687119286,4.242640687119286,10.703957212492526,9.137308988297718,60.33402402351457,-0.4260180804853214,0.4264545023917403,0.001305002761952123
86,-6.0,-0.0,6.0,0.0,22.43092201048242,-1.9505449641289943,56.609974127220255,-0.02205888870859581,0.8375949216472403,0.029545377530668493
87,-4.242640687119286,-4.242640687119286,4.242640687119286,4.242640687119286,10.371516723547614,9.779353660902729,60.249725565424626,-0.4443272301880384,0.41904445448208416,-0.0016026446794560364
88,6.0,-7.347880794884119e-16,-6.0,7.347880794884119e-16,-26.142600950451154,-1.8692841725406026,54.30219638589374,0.0006910474110629285,-0.9105342653076918,-0.020491316339493873
89,-4.242640687119286,-4.242640687119286,4.242640687119286,4.242640687119286,10.81145941681146,9.370580595720696,60.20265111539014,-0.4263187925302171,0.4152912918285095,0.003915371908070134
90,8.485281374238566,8.485281374238575,-8.485281374238566,-8.485281374238575,-25.422195652195327,-28.356181752442154,41.427418229503246,1.0060014334425125,-0.993881439088124,-0.003991483473751523
91,-4.242640687119286,-4.242640687119286,4.242640687119286,4.242640687119286,10.504110103006127,9.086269907260515,60.21433283197396,-0.4090033938540936,0.40164248982340733,0.00195685118604099
92,5.143516556418883e-15,12.0,-5.143516556418883e-15,-12.0,-3.8364351518913082,-42.367515610709376,32.86102569201738,1.8035122022524765,-0.126202349073059,0.0466861243017166
93,-4.242640687119286,-4.242640687119286,4.242640687119286,4.242640687119286,10.440974593467018,8.90876086143814,60.27190989770645,-0.40123168853842783,0.4024053096924548,0.0016404948026907805
94,-8.485281374238559,8.485281374238582,8.485281374238559,-8.485281374238582,21.455689981793967,-27.06909135544427,44.15497450121492,0.997463365538447,0.9058721889317771,0.07316060583655133
95,-4.242640687119286,-4.242640687119286,4.242640687119286,4.242640687119286,10.210097354964375,9.224363000343061,60.277980208887115,-0.41394108227286763,0.40193367037078287,-0.000689103264348545
96,-4.242640687119284,4.242640687119286,4.242640687119284,-4.242640687119286,10.52724481941658,-16.538115454969528,57.17901515921706,0.5163744610933858,0.3978115270362685,0.022316853279735215
97,-3.6739403974420594e-16,-6.0,3.6739403974420594e-16,6.0,-3.168918039930759,20.855385417801727,57.4001422237524,-0.8436301651785516,-0.05570153117357693,-0.02546480298300232
98,-0.0,-0.0,0.0,0.0,-2.9624357309776457,-2.4633153868924467,63.72278346289795,0.02203435090109706,-0.06029134410629041,0.004621701260917345
99,-3.6739403974420594e-16,-6.0,3.6739403974420594e-16,6.0,-3.7537500552429464,21.21874181608959,57.301025754404904,-0.8547633843522568,-0.07471627423287455,-0.025920256292441764
100,-3.67394039744206e-15,-12.0,3.67394039744206e-15,12.0,-4.216641021840786,37.291612263236715,36.62490688700834,-1.781437768448768,-0.07151613769872697,-0.025425376060220165
101,-3.6739403974420594e-16,-6.0,3.6739403974420594e-16,6.0,-4.003736616467677,20.4099278991346,57.80005306113654,-0.8537965384418802,-0.08580836046308582,-0.02730960448328352
102,6.0,-7.347880794884119e-16,-6.0,7.347880794884119e-16,-26.471053994791177,-1.0002977726552729,54.155333333343876,-0.04263188800976307,-0.9240958116680424,-0.025386366563693235
103,-3.6739403974420594e-16,-6.0,3.6739403974420594e-16,6.0,-5.182709462295193,21.224945124852383,57.06120118732973,-0.8645383287189747,-0.1344673866779709,-0.019810239262242343
104,-8.485281374238571,-8.485281374238568,8.485281374238571,8.485281374238568,22.56685360474262,19.19773917973501,47.390125980578176,-0.9293704513902926,0.9425091406001341,0.03776770084358491
105,-3.6739403974420594e-16,-6.0,3.6739403974420594e-16,6.0,-3.2383415615998956,20.414524798332792,57.732488424303895,-0.857335516073693,-0.05730935510474443,-0.025876949954770842
106,8.48528137423856,-8.48528137423858,-8.48528137423856,8.48528137423858,-27.376944001239963,21.21408175944029,44.54987205653627,-0.9444664957693497,-1.0319880739964897,-0.06465425743014
107,-3.6739403974420594e-16,-6.0,3.6739403974420594e-16,6.0,-5.286685676909741,20.477623918520038,57.44861746261803,-0.8577544324209814,-0.1361497032884043,-0.02164694447816934
108,4.242640687119285,-4.242640687119286,-4.242640687119285,4.242640687119286,-16.932250012294332,9.982211316711528,58.53564640915974,-0.43297919905238164,-0.562359199586996,-0.020944096687367977
109,-3.6739403974420594e-16,-6.0,3.6739403974420594e-16,6.0,-5.154738108293287,21.18275048882137,57.11567244777399,-0.8667800223699691,-0.13264987620964336,-0.020600000110819795
110,12.0,-4.408728476930472e-15,-12.0,4.408728476930472e-15,-41.40125533339484,-2.0829444613032706,32.69100934617654,-0.020359505176781208,-1.8120582781974266,-0.06737971806899665
111,-3.6739403974420594e-16,-6.0,3.6739403974420594e-16,6.0,-6.287550290180278,21.052518864841517,56.967425631261136,-0.8634917485182363,-0.17838148967400236,-0.017882381336295217
112,-12.0,2.9391523179536475e-15,12.0,-2.9391523179536475e-15,38.47042609495358,-0.6601463751296421,36.69477535337243,-0.04603551151484914,1.7239577798290298,0.07344477443526198
113,-3.6739403974420594e-16,-6.0,3.6739403974420594e-16,6.0,-2.937444747358967,20.900106146848344,57.43381967728253,-0.8625725665818968,-0.042964301093258106,-0.027161587476132856
114,8.485281374238566,8.485281374238575,-8.485281374238566,-8.485281374238575,-25.195325866326954,-28.388181739546127,41.564584320635575,1.001730564711075,-0.994865475536506,-0.019999723921682915
115,-3.6739403974420594e-16,-6.0,3.6739403974420594e-16,6.0,-5.109898306946548,20.87617456517998,57.168169203866384,-0.8458759279209015,-0.13029494476390455,-0.021072339769019774
116,-6.0,-0.0,6.0,0.0,22.188646775373343,-1.873054399699157,56.693532056530756,-0.022774055168130875,0.8269306444973642,0.029700438958872227
117,-3.6739403974420594e-16,-6.0,3.6739403974420594e-16,6.0,-3.4913574376897003,21.044766513446206,57.31756519780713,-0.8569758141032182,-0.06598151512619957,-0.025498666182964508
118,-4.242640687119286,-4.242640687119286,4.242640687119286,4.242640687119286,11.46576516810427,8.638899054785185,60.22836160132333,-0.4129637771798996,0.44101419822752225,0.006870399686848178
119,-3.6739403974420594e-16,-6.0,3.6739403974420594e-16,6.0,-3.497865634748919,21.1304416900156,57.32009160091455,-0.8596282712591008,-0.06582059894197598,-0.025741820470039593
120,5.143516556418883e-15,12.0,-5.143516556418883e-15,-12.0,-3.828397739109974,-42.315963904379714,32.90246999216951,1.7988825142251819,-0.12853063341576348,0.04508752417372003
121,-3.6739403974420594e-16,-6.0,3.6739403974420594e-16,6.0,-4.122037804830015,20.797813966932694,57.27324572399573,-0.8417364304925012,-0.09405592639348928,-0.022298481639736734
122,-8.485281374238559,8.485281374238582,8.485281374238559,-8.485281374238582,21.43555750488963,-27.052696969667238,44.20700399482928,0.9930524320842142,0.9005287622481682,0.07358071022339079
123,-3.6739403974420594e-16,-6.0,3.6739403974420594e-16,6.0,-3.312093149198688,20.84045427089987,57.37303075820445,-0.8456289213585881,-0.05977396246938908,-0.02398144586082055
124,1.102182119232618e-15,6.0,-1.102182119232618e-15,-6.0,-3.2796039869530205,-27.384663301599346,52.26842083780255,0.8972843969356801,-0.07944273304140057,0.023703773474250133
125,-3.6739403974420594e-16,-6.0,3.6739403974420594e-16,6.0,-3.9881183520863175,21.033943420390045,57.27135808275894,-0.8482923605138482,-0.08548447957364089,-0.02329022339116184
126,4.242640687119286,4.242640687119285,-4.242640687119286,-4.242640687119285,-15.73360381031354,-16.36575904303129,55.562469341712756,0.49983056750447247,-0.5117506396600583,0.00806151635369587
127,-3.6739403974420594e-16,-6.0,3.6739403974420594e-16,6.0,-4.49516143203806,20.991111552097863,57.16740166592673,-0.8475339179952672,-0.1065861038553614,-0.020397378341882003
128,-12.0,2.9391523179536475e-15,12.0,-2.9391523179536475e-15,39.292400834083935,-1.5043850937631476,36.90625535709049,-0.04360379115625143,1.7293441781409435,0.03303851098517625
129,4.242640687119285,-4.242640687119286,-4.242640687119285,4.242640687119286,-15.819600646960552,10.383615821769126,58.57508573268127,-0.42444819285269997,-0.5220438041079731,-0.01301256571558805
130,-3.6739403974420594e-16,-6.0,3.6739403974420594e-16,6.0,-4.159339665916875,21.078370027784644,57.14884244358062,-0.8548775444432175,-0.09425106083467231,-0.02223408360284239
131,4.242640687119285,-4.242640687119286,-4.242640687119285,4.242640687119286,-16.595509432517133,9.923352024510478,58.565180944617296,-0.41535819251462114,-0.5450798322558505,-0.016207090415964187
132,8.485281374238566,8.485281374238575,-8.485281374238566,-8.485281374238575,-25.265467382345534,-28.488231468957622,41.48124905015203,1.0064990505148157,-1.0035361048734484,-0.022705440138346134
133,4.242640687119285,-4.242640687119286,-4.242640687119285,4.242640687119286,-15.967354359988647,10.702131835686771,58.52426424090896,-0.42799848115930667,-0.5345875186013578,-0.010957184357781109
134,-4.242640687119286,-4.242640687119286,4.242640687119286,4.242640687119286,10.777637501440637,9.048557101688658,60.18856953526135,-0.41090600152735557,0.41021425777921255,0.004016069299933954
135,4.242640687119285,-4.242640687119286,-4.242640687119285,4.242640687119286,-16.146075724733123,10.616080717526671,58.49036448578626,-0.43168564661302633,-0.5332847720393592,-0.013521881519032053
136,12.0,-4.408728476930472e-15,-12.0,4.408728476930472e-15,-41.2856785627927,-3.004830083098028,32.65872443966091,0.02987904168625162,-1.8104331098098179,-0.05867261905152045
137,4.242640687119285,-4.242640687119286,-4.242640687119285,4.242640687119286,-16.053913984858312,11.142628994633611,58.45588208751792,-0.4498380896447647,-0.5430323265458388,-0.010947568265274838
138,6.0,-7.347880794884119e-16,-6.0,7.347880794884119e-16,-26.53569736805693,-2.0210266736937683,54.160135747471,-0.002685926028028798,-0.9323919438323174,-0.022117085383271087
139,4.242640687119285,-4.242640687119286,-4.242640687119285,4.242640687119286,-16.054708312350016,11.302790835999701,58.39251878235626,-0.4522098745404868,-0.5447149019199132,-0.010156831045965979
140,-8.485281374238559,8.485281374238582,8.485281374238559,-8.485281374238582,21.958228028987975,-26.912194266032685,44.03506949522928,0.9853287097687182,0.8838163624523884,0.05018021022382871
141,4.242640687119285,-4.242640687119286,-4.242640687119285,4.242640687119286,-15.731143926269496,10.559082683957598,58.63815804703363,-0.42143896686008187,-0.521975370679407,-0.010752552825004848
142,5.143516556418883e-15,12.0,-5.143516556418883e-15,-12.0,-4.402786777382005,-42.42638994289305,32.680368656228985,1.7999169981981815,-0.1553267543627047,0.038355545130691435
143,4.242640687119285,-4.242640687119286,-4.242640687119285,4.242640687119286,-15.762231662788338,10.463048827098248,58.59571761122305,-0.41632355126675114,-0.5218512849170532,-0.008942794054181835
144,-0.0,-0.0,0.0,0.0,-3.7706405598704293,-2.84132978167699,63.46560473423523,0.04845618008869826,-0.0979646640245237,0.006502820897220912
145,4.242640687119285,-4.242640687119286,-4.242640687119285,4.242640687119286,-15.999546054004426,10.92434243355541,58.448212941568556,-0.4320680086861516,-0.5289852890082838,-0.010356205240131911
146,4.242640687119286,4.242640687119285,-4.242640687119286,-4.242640687119285,-15.64637460392791,-16.73146787854037,55.56092495802815,0.5156147960848614,-0.5152286259209494,0.009855682414401934
147,4.242640687119285,-4.242640687119286,-4.242640687119285,4.242640687119286,-15.837501971730774,10.906202263686112,58.55459148393301,-0.4305743928083971,-0.5277906278662905,-0.009428133182906903
148,-6.0,-0.0,6.0,0.0,22.430106327242783,-3.0379023122596323,56.47420342652573,0.027369389753203143,0.8245165530435211,0.028011201360530355
149,4.242640687119285,-4.242640687119286,-4.242640687119285,4.242640687119286,-16.011931723561858,10.666267971855802,58.540420773212915,-0.42991880569062274,-0.5275076196030446,-0.012937995958373671
150,1.102182119232618e-15,6.0,-1.102182119232618e-15,-6.0,-4.365020222307109,-27.471295296993816,52.14780607701178,0.9028062908037244,-0.11992867110220795,0.022566493328014622
151,4.242640687119285,-4.242640687119286,-4.242640687119285,4.242640687119286,-15.947175065548024,10.635391437685684,58.58152044036106,-0.42223551409802174,-0.5278547024753851,-0.01023570203185949
152,8.48528137423856,-8.48528137423858,-8.48528137423856,8.48528137423858,-26.895313919254022,21.97631122663327,44.315488757579345,-0.9407015497720215,-1.0203437116803626,-0.039067171366393094
153,4.242640687119285,-4.242640687119286,-4.242640687119285,4.242640687119286,-16.364862979260934,10.108798880837043,58.6408384663424,-0.41705777891372553,-0.5494827286520084,-0.012014648142959536
154,-4.242640687119284,4.242640687119286,4.242640687119284,-4.242640687119286,10.598516242125555,-15.935105041815376,57.301721130940976,0.49196234085512214,0.38532367242396626,0.018719656453462102
155,4.242640687119285,-4.242640687119286,-4.242640687119285,4.242640687119286,-15.927674746401294,10.81536671841451,58.55718902722832,-0.42892523574661046,-0.5257546341679383,-0.01109701712597076
156,-8.485281374238571,-8.485281374238568,8.485281374238571,8.485281374238568,21.830113842837676,19.369376095004696,47.888012738881656,-0.9091874435524223,0.9258125008227371,0.047682266044006744
157,4.242640687119285,-4.242640687119286,-4.242640687119285,4.242640687119286,-16.29713960843668,10.039412204295758,58.6176002206318,-0.41892064181317523,-0.5375420442581731,-0.01493877928713989
158,-3.67394039744206e-15,-12.0,3.67394039744206e-15,12.0,-4.991311825571088,37.30368798799097,36.714367051135895,-1.7744409158929693,-0.11431382611812506,-0.01997697899430618
159,4.242640687119285,-4.242640687119286,-4.242640687119285,4.242640687119286,-16.792829980047884,10.103332925468493,58.478261623663855,-0.4268863126813611,-0.5574190309774512,-0.016990501866354965
160,-0.0,-0.0,0.0,0.0,-3.871915314851563,-2.2099444267439594,63.58610221534519,0.010911960539022285,-0.09714093194266621,0.00464488094154724
161,6.0,-7.347880794884119e-16,-6.0,7.347880794884119e-16,-26.550649868086552,-1.8685052716979271,54.084574572927224,-0.005111633234182384,-0.9260706957441249,-0.022592411140849172
162,-6.0,-0.0,6.0,0.0,22.31904410609016,-2.5612698880200924,56.56014687348225,0.0037104424773893533,0.8251530917659488,0.029243775600231885
163,6.0,-7.347880794884119e-16,-6.0,7.347880794884119e-16,-26.265781502985163,-2.2184156777110786,54.25358664623228,0.012848461622179983,-0.9152130526780227,-0.021169620033894505
164,12.0,-4.408728476930472e-15,-12.0,4.408728476930472e-15,-41.34324330718627,-3.331604894174717,32.58833193608783,0.04310946822267826,-1.8135676605847422,-0.05748605172268331
165,6.0,-7.347880794884119e-16,-6.0,7.347880794884119e-16,-25.95009486658681,-2.7800463876980075,54.29705815682938,0.01944609542519506,-0.9300806346373236,-0.022346407911706872
166,-8.485281374238559,8.485281374238582,8.485281374238559,-8.485281374238582,21.81207489758387,-26.534686938592472,44.29711299147536,0.9916151075468804,0.8825869734978644,0.039437201545042794
167,6.0,-7.347880794884119e-16,-6.0,7.347880794884119e-16,-26.547280980258762,-4.100423215201403,53.82156492271885,0.07351862968837074,-0.9119283548852223,-0.011532540666049487
168,-4.242640687119286,-4.242640687119286,4.242640687119286,4.242640687119286,10.33904920746653,9.015119554535403,60.22762347127755,-0.4073076143004917,0.39723615495003745,0.0030371006322896356
169,6.0,-7.347880794884119e-16,-6.0,7.347880794884119e-16,-26.371880367100076,-2.5247605463322316,54.17705655986184,0.024242208671957442,-0.9144032353983471,-0.019663125658792358
170,-12.0,2.9391523179536475e-15,12.0,-2.9391523179536475e-15,38.403505586742114,-2.0708677046683874,36.81326281617338,0.027403571294026107,1.7164635986509325,0.06238066635241458
171,6.0,-7.347880794884119e-16,-6.0,7.347880794884119e-16,-26.2852128677236,-3.0710843380234394,54.08763939298046,0.03792884323593955,-0.9074243242405019,-0.015868994238127557
172,1.102182119232618e-15,6.0,-1.102182119232618e-15,-6.0,-4.473844982554056,-27.439267884934196,51.977357028332804,0.9062518838325186,-0.13233409896397605,0.017139516600040185
173,6.0,-7.347880794884119e-16,-6.0,7.347880794884119e-16,-26.566122178159844,-4.247110026809764,53.72878550571872,0.08232122220376059,-0.9159733789611211,-0.012436320806211685
174,-3.6739403974420594e-16,-6.0,3.6739403974420594e-16,6.0,-5.608677683385224,21.047750750243694,56.99849542484668,-0.8490163810146938,-0.1487014941496486,-0.018518243987192443
175,6.0,-7.347880794884119e-16,-6.0,7.347880794884119e-16,-26.43300842284198,-1.8893362072951447,54.19416503207103,0.002514477162024908,-0.9213295206156912,-0.020327491776207268
176,8.485281374238566,8.485281374238575,-8.485281374238566,-8.485281374238575,-25.374187732100523,-28.5906764268463,41.294771274902274,1.0186422291534871,-1.0137304948563925,-0.017662386356779136
177,6.0,-7.347880794884119e-16,-6.0,7.347880794884119e-16,-26.264509092497264,-4.282888564744042,53.867915709732785,0.08435422905437323,-0.9310957073870034,-0.016798799397238426
178,5.143516556418883e-15,12.0,-5.143516556418883e-15,-12.0,-5.546460599630677,-42.47928146782476,32.58672695076288,1.807116600944107,-0.21306859213650306,0.02813018780136604
179,6.0,-7.347880794884119e-16,-6.0,7.347880794884119e-16,-26.439039433091764,-5.148242210822417,53.797366892822296,0.12336131899754815,-0.9231182710005125,-0.011188726517450807
180,-8.485281374238571,-8.485281374238568,8.485281374238571,8.485281374238568,21.557905395778135,19.317238856220257,48.190852275352285,-0.8993022014637028,0.9116216391210794,0.04830079961534463
181,6.0,-7.347880794884119e-16,-6.0,7.347880794884119e-16,-26.096398906324225,-2.356036234812109,54.34351450088988,0.016459839517973862,-0.9107250907327162,-0.023093808010762246
182,-3.67394039744206e-15,-12.0,3.67394039744206e-15,12.0,-5.608900841098176,37.11320338872551,36.88488879377274,-1.7676132764739858,-0.14084669431433192,-0.01632845237199159
183,6.0,-7.347880794884119e-16,-6.0,7.347880794884119e-16,-26.196294699632716,-1.1272327348969213,54.331725930138816,-0.03789714229132842,-0.9199233454946262,-0.02420269505609431
184,4.242640687119286,4.242640687119285,-4.242640687119286,-4.242640687119285,-15.329766733233228,-16.94239170408929,55.54340387132595,0.5178930742596441,-0.5076142016589011,0.007103868545431182
185,6.0,-7.347880794884119e-16,-6.0,7.347880794884119e-16,-26.557826240098493,-3.277077389554222,54.01884330437812,0.04753163602325364,-0.9221824817961501,-0.019897102733489096
186,4.242640687119285,-4.242640687119286,-4.242640687119285,4.242640687119286,-15.920434258181544,11.086190188198543,58.4771767272137,-0.44701791134979507,-0.5341091787466878,-0.01223341211053635
187,6.0,-7.347880794884119e-16,-6.0,7.347880794884119e-16,-26.5345829243213,-2.015161023906302,54.13805903770077,0.0027161563783651924,-0.9238211367470346,-0.02057765732161467
188,8.48528137423856,-8.48528137423858,-8.48528137423856,8.48528137423858,-26.54005354538026,22.362415110795467,44.35502664764587,-0.9561749999211837,-1.0284326991699035,-0.029146899558566565
189,6.0,-7.347880794884119e-16,-6.0,7.347880794884119e-16,-26.04887783730139,-1.4827797245355896,54.45205435202344,-0.022256588207745606,-0.9244388870765028,-0.02252819240849948
190,-4.242640687119284,4.242640687119286,4.242640687119284,-4.242640687119286,10.334471315030811,-15.943305101236604,57.252110214242194,0.4958714265099785,0.3750488358050371,0.016006184354317637
191,6.0,-7.347880794884119e-16,-6.0,7.347880794884119e-16,-26.826818769133965,-3.2487513855011514,53.83899961519428,0.04323306548474655,-0.9167483428582417,-0.01231640724620051
192,-3.67394039744206e-15,-12.0,3.67394039744206e-15,12.0,-5.9509512295178695,37.21264589114455,36.69962687007221,-1.7713758499314327,-0.1593595537605486,-0.017897996198052796
193,4.242640687119286,4.242640687119285,-4.242640687119286,-4.242640687119285,-15.481215557305504,-16.47295784094254,55.6185583406681,0.5038494215047521,-0.5066571880631353,0.009315869416116972
194,8.485281374238566,8.485281374238575,-8.485281374238566,-8.485281374238575,-25.574320057169643,-28.455058239240174,41.23634968981902,1.0150321923810415,-1.0048156735381188,-0.006762242928359539
195,4.242640687119286,4.242640687119285,-4.242640687119286,-4.242640687119285,-15.605271302682908,-16.940844762389105,55.656553607403865,0.5194673526923679,-0.5236049564510985,0.007593606279823284
196,-8.485281374238559,8.485281374238582,8.485281374238559,-8.485281374238582,21.931269681947555,-26.345701885518253,44.33354999063533,0.9915603812320233,0.8883759021206874,0.03585391496576294
197,4.242640687119286,4.242640687119285,-4.242640687119286,-4.242640687119285,-15.735377144456777,-16.67140946875807,55.523930299176,0.520214086996766,-0.5115435924215502,0.01216890065419109
198,8.48528137423856,-8.48528137423858,-8.48528137423856,8.48528137423858,-26.309755309294374,21.947343594669434,44.80459019487287,-0.9330116671095581,-1.0140302710317752,-0.025776918707896244
199,4.242640687119286,4.242640687119285,-4.242640687119286,-4.242640687119285,-15.549581203549877,-16.685109531921853,55.615460357613,0.5120653337056399,-0.5154965153282741,0.01038930584524721
200,-12.0,2.9391523179536475e-15,12.0,-2.9391523179536475e-15,38.510834842816365,-2.762399227436532,36.88977542693639,0.05984034504263589,1.7102179606972918,0.06440269824199071
201,4.242640687119286,4.242640687119285,-4.242640687119286,-4.242640687119285,-15.367915259479489,-16.40045430766287,55.70006352124663,0.5069059583737462,-0.4962240294909497,0.014222147936725486
202,1.102182119232618e-15,6.0,-1.102182119232618e-15,-6.0,-4.0722603817272045,-27.415570539764445,52.12919635184025,0.9049955854140947,-0.11514203871970542,0.02277184291052499
203,4.242640687119286,4.242640687119285,-4.242640687119286,-4.242640687119285,-16.021550182663987,-16.655301868600333,55.40939628762759,0.5215061855973324,-0.514538764885312,0.016648191197635637
204,-0.0,-0.0,0.0,0.0,-3.550911878347236,-3.5957225237260104,63.4458878492255,0.06922035309249755,-0.08485590668750442,0.007759871627135007
205,4.242640687119286,4.242640687119285,-4.242640687119286,-4.242640687119285,-16.159250475742454,-16.834907167993748,55.30661427598224,0.5220271172026152,-0.5197972542908826,0.014534639464751437
206,-4.242640687119284,4.242640687119286,4.242640687119284,-4.242640687119286,10.941164550542055,-16.128667945268006,57.20484261499557,0.5099751136833751,0.40159483853320954,0.0174818844051778
207,4.242640687119286,4.242640687119285,-4.242640687119286,-4.242640687119285,-15.948444068687792,-16.69872956077637,55.450833941385724,0.5197392506436875,-0.5139076332855761,0.01566580677370708
208,4.242640687119285,-4.242640687119286,-4.242640687119285,4.242640687119286,-15.814452653742677,10.774451023585243,58.496397032586145,-0.42514706197223273,-0.5209698047644165,-0.009156755432137884
209,4.242640687119286,4.242640687119285,-4.242640687119286,-4.242640687119285,-15.703913440548348,-16.76812351713542,55.51282286482392,0.5151685326991791,-0.5149327354766702,0.00984808386602716
210,5.143516556418883e-15,12.0,-5.143516556418883e-15,-12.0,-4.9121942653169555,-42.53836369601339,32.579992008512754,1.8098372293497382,-0.18031301202772398,0.040042182584139954
211,4.242640687119286,4.242640687119285,-4.242640687119286,-4.242640687119285,-16.350537651250846,-16.6982922433495,55.380918054174344,0.5340416187571873,-0.5338761867037418,0.01807918131971133
212,-4.242640687119286,-4.242640687119286,4.242640687119286,4.242640687119286,10.273050877492096,9.004746702679881,60.169303129228,-0.3952421669314294,0.39340777947538197,0.0005608146873219868
213,4.242640687119286,4.242640687119285,-4.242640687119286,-4.242640687119285,-15.904311119684422,-16.59797402194178,55.524731700942695,0.5138387574649144,-0.5133610133466504,0.01387457609287
214,12.0,-4.408728476930472e-15,-12.0,4.408728476930472e-15,-41.18551302325497,-4.690333983786786,32.58668102289479,0.10968194846566226,-1.8086674252179038,-0.04300152674126349
215,4.242640687119286,4.242640687119285,-4.242640687119286,-4.242640687119285,-15.706173352139302,-17.578191633755353,55.43544309484233,0.5370888010206333,-0.51861275045604,0.00903235564615186
216,-8.485281374238571,-8.485281374238568,8.485281374238571,8.485281374238568,21.58905720850086,19.309345857538545,48.339784241316195,-0.8871234375322435,0.9014969501938048,0.028778718398532317
217,4.242640687119286,4.242640687119285,-4.242640687119286,-4.242640687119285,-15.578702550523104,-16.4363864958722,55.58334275600005,0.505046233724253,-0.5046527130356465,0.01218739342261527
218,-6.0,-0.0,6.0,0.0,22.07383037958462,-3.8448566991387167,56.54076618540441,0.05705454856255954,0.8152203099070385,0.027272903261550227
219,4.242640687119286,4.242640687119285,-4.242640687119286,-4.242640687119285,-15.690551087297194,-16.435580513909713,55.61277168092434,0.5105407697090543,-0.5067652206151483,0.01723988088883504
220,6.0,-7.347880794884119e-16,-6.0,7.347880794884119e-16,-26.539819672267868,-4.149608196845747,53.76309421117756,0.08132980503405109,-0.9150071724166813,-0.012852744972460483
221,4.242640687119286,4.242640687119285,-4.242640687119286,-4.242640687119285,-15.76475752274014,-17.109738045559993,55.507532942262216,0.52196604398889,-0.5205152225454095,0.010522705070057172
222,-3.6739403974420594e-16,-6.0,3.6739403974420594e-16,6.0,-5.474241493463893,20.969988223667343,57.00473080113416,-0.8421412609078129,-0.14233241860982182,-0.019490496944742218
223,4.242640687119286,4.242640687119285,-4.242640687119286,-4.242640687119285,-15.624840747463594,-16.67825816111352,55.60044061377806,0.5123655370667513,-0.5154295598412358,0.010388731359908952
224,-6.0,-0.0,6.0,0.0,22.250865676878732,-3.8923046975028797,56.469232267731414,0.05697544984107619,0.8211465929328445,0.026785544884653636
225,1.102182119232618e-15,6.0,-1.102182119232618e-15,-6.0,-3.2828713577940363,-27.632216287803317,52.10072853602814,0.9072799641895908,-0.07875323822803142,0.027106676593702903
226,-12.0,2.9391523179536475e-15,12.0,-2.9391523179536475e-15,38.52699905968626,-3.274778944866938,36.56256029672318,0.08081324833625572,1.7252427220571467,0.057870605259961204
227,1.102182119232618e-15,6.0,-1.102182119232618e-15,-6.0,-2.0140328117233537,-27.330128192778176,52.302881953907885,0.9103288885806791,-0.030682055412029143,0.02661212845977262
228,-0.0,-0.0,0.0,0.0,-3.0742514825487888,-3.4861126333548498,63.47468526966823,0.07726520848177432,-0.06048359427002299,0.007816529204724688
229,1.102182119232618e-15,6.0,-1.102182119232618e-15,-6.0,-3.386431124596413,-27.909055399533997,51.99781599353942,0.9212559292576348,-0.07693811159403645,0.02693542542839169
230,-3.6739403974420594e-16,-6.0,3.6739403974420594e-16,6.0,-4.285674731552206,20.93176180655209,57.25810342397317,-0.8401122122542051,-0.09412877724724009,-0.02498024836174379
231,1.102182119232618e-15,6.0,-1.102182119232618e-15,-6.0,-3.7488220964980457,-27.53762809767312,52.1119747031959,0.9040716875546033,-0.09382460482592901,0.024399779167719182
232,-8.485281374238559,8.485281374238582,8.485281374238559,-8.485281374238582,22.179829583544546,-26.63468585975795,43.978211735093,1.005689124516044,0.9057985815169279,0.040748171454231846
233,1.102182119232618e-15,6.0,-1.102182119232618e-15,-6.0,-2.438457825167177,-27.30735461864265,52.316646920836135,0.9180346307000352,-0.046734846241702314,0.02580004704570614
234,4.242640687119285,-4.242640687119286,-4.242640687119285,4.242640687119286,-15.626740364401854,10.367352061752797,58.63673126777269,-0.41184679842499883,-0.5151778968877476,-0.008462224562064132
235,1.102182119232618e-15,6.0,-1.102182119232618e-15,-6.0,-4.1230313826676905,-27.56760231067375,52.11297061742144,0.9056258394394039,-0.10926151659213114,0.02362995622630179
236,-4.242640687119284,4.242640687119286,4.242640687119284,-4.242640687119286,11.249587856851832,-16.133656722569896,57.16364755924067,0.5120583361445449,0.4093467008435292,0.016948829537199585
237,1.102182119232618e-15,6.0,-1.102182119232618e-15,-6.0,-3.0954310211224083,-27.686778743696124,52.111765021577426,0.9138215536614389,-0.07180228416762816,0.02491005259141307
238,-3.67394039744206e-15,-12.0,3.67394039744206e-15,12.0,-4.6032772301842755,37.06918166916793,37.097562990838796,-1.7580454310023754,-0.08968175993021411,-0.022861437728323664
239,1.102182119232618e-15,6.0,-1.102182119232618e-15,-6.0,-3.845878038214437,-27.36891556676437,52.2164000059704,0.8968097430563586,-0.10021631465574948,0.02299587521861264
240,5.143516556418883e-15,12.0,-5.143516556418883e-15,-12.0,-4.042462214126957,-42.466754212083515,32.75856440435333,1.809091664642843,-0.13634701122648632,0.043924220937654995
241,1.102182119232618e-15,6.0,-1.102182119232618e-15,-6.0,-3.750002011161044,-27.068816355393096,52.38785572416819,0.9260881851673999,-0.10381456941818622,0.02558448685575449
242,4.242640687119286,4.242640687119285,-4.242640687119286,-4.242640687119285,-16.50895556883536,-16.293760128595068,55.39195808457811,0.5275363724105364,-0.5324643220358777,0.021957109033787118
243,1.102182119232618e-15,6.0,-1.102182119232618e-15,-6.0,-4.362737710106202,-27.442819946173614,52.11408313094255,0.9218008978698422,-0.1270120136988085,0.022264186878996707
244,6.0,-7.347880794884119e-16,-6.0,7.347880794884119e-16,-26.819101535592992,-5.2957709338489,53.5281539925608,0.1290561006229664,-0.9227991941963622,-0.008134209361916753
245,1.102182119232618e-15,6.0,-1.102182119232618e-15,-6.0,-4.893043398036028,-27.428624825004846,52.03664765040395,0.9167576898572577,-0.15083839866357843,0.02127999124621025
246,-8.485281374238571,-8.485281374238568,8.485281374238571,8.485281374238568,21.325644900738666,19.397192251396547,48.414293576456174,-0.8879516845502673,0.9113930050621055,0.018521672211097955
247,1.102182119232618e-15,6.0,-1.102182119232618e-15,-6.0,-3.151796702855478,-27.50210166112018,52.17899169203814,0.9042753881300825,-0.07304015193960461,0.025222650368756296
248,12.0,-4.408728476930472e-15,-12.0,4.408728476930472e-15,-41.26461253170437,-5.012635849003658,32.758292375718696,0.12340066597407154,-1.8038714286487851,-0.03958309266874189
249,1.102182119232618e-15,6.0,-1.102182119232618e-15,-6.0,-5.647231370142634,-27.113145669597998,52.047157812803874,0.9074813231572711,-0.17934246093644296,0.019420518640081957
250,-4.242640687119286,-4.242640687119286,4.242640687119286,4.242640687119286,10.096253257958608,8.837920642543253,60.251814140633385,-0.39337093038838367,0.3918538700979882,0.0015003150552679125
251,1.102182119232618e-15,6.0,-1.102182119232618e-15,-6.0,-3.9292597197564447,-27.530733776065432,52.121404068238846,0.9049065495909512,-0.10374807688950427,0.02416569673901462
252,8.485281374238566,8.485281374238575,-8.485281374238566,-8.485281374238575,-25.82047169272481,-28.353267397878312,41.121952462377934,1.0208443837407981,-1.015544530201129,0.0028245964020335895
253,1.102182119232618e-15,6.0,-1.102182119232618e-15,-6.0,-5.1238358739279874,-27.207740536552336,52.04056878929737,0.9201865037890427,-0.15893081644330517,0.023301655617250287
254,8.48528137423856,-8.48528137423858,-8.48528137423856,8.48528137423858,-26.248448847468126,21.855861913849793,44.862505069675464,-0.9267880547526641,-1.009003057881511,-0.0244767249923711
255,1.102182119232618e-15,6.0,-1.102182119232618e-15,-6.0,-5.2437167880490705,-27.197848388413803,52.09192126141291,0.8980464213424204,-0.1609273268610666,0.021210764685637498
256,4.242640687119285,-4.242640687119286,-4.242640687119285,4.242640687119286,-15.841431305113915,10.592985680302718,58.5134093390394,-0.42161617740345825,-0.5265469191086152,-0.007072884875927711
257,-4.242640687119284,4.242640687119286,4.242640687119284,-4.242640687119286,10.999963715774811,-15.838854758342848,57.23669776406736,0.4911759101748143,0.39674182895417454,0.018906626508515066
258,-6.0,-0.0,6.0,0.0,22.209567914974684,-4.614950085880679,56.375556364108704,0.08430083558050594,0.8191695332798536,0.027769640217730908
259,-4.242640687119284,4.242640687119286,4.242640687119284,-4.242640687119286,10.380491009884054,-16.651993366919527,57.15363388792407,0.5177791153781337,0.3977350780144284,0.02520357532730197
260,8.48528137423856,-8.48528137423858,-8.48528137423856,8.48528137423858,-26.58570171130826,21.742838433758294,44.7057566253749,-0.9269484235584171,-1.0045937936649265,-0.0377651939655515
261,-4.242640687119284,4.242640687119286,4.242640687119284,-4.242640687119286,10.664284093365694,-15.873634541288311,57.27847566729331,0.4897643163578342,0.3890167071863422,0.019399495205869116
262,1.102182119232618e-15,6.0,-1.102182119232618e-15,-6.0,-3.517261420090037,-27.606190702539095,52.08120862403213,0.9057425998457167,-0.08998253599857484,0.02512785273933367
263,-4.242640687119284,4.242640687119286,4.242640687119284,-4.242640687119286,11.174219645686861,-16.312160365982237,57.067124510541035,0.5152555588263517,0.40326505076323416,0.01848888826898596
264,-8.485281374238559,8.485281374238582,8.485281374238559,-8.485281374238582,22.20109436225559,-26.924222161756063,43.807769000166914,1.0006149297796276,0.9050679175127405,0.051796226275840976
265,-4.242640687119284,4.242640687119286,4.242640687119284,-4.242640687119286,10.688522813052742,-16.419921526599467,57.14458192579204,0.5235911004489296,0.4013181283419736,0.020448758815573884
266,8.485281374238566,8.485281374238575,-8.485281374238566,-8.485281374238575,-25.663090109228463,-28.109154554907974,41.45767811882246,1.0154693141075086,-1.0019187182789888,0.00470123480533499
267,-4.242640687119284,4.242640687119286,4.242640687119284,-4.242640687119286,11.062438414305774,-15.991546950944297,57.20469789417773,0.5083560380210695,0.40238204905630115,0.0169208019001878
268,6.0,-7.347880794884119e-16,-6.0,7.347880794884119e-16,-26.644290144250803,-4.705961246388,53.67080891649849,0.1103625373567754,-0.9147420781429509,-0.010219576506400412
269,-4.242640687119284,4.242640687119286,4.242640687119284,-4.242640687119286,10.992763703261858,-15.981947526720461,57.21261386057503,0.503778059537531,0.39972619088231476,0.01688106972858787
270,5.143516556418883e-15,12.0,-5.143516556418883e-15,-12.0,-3.8871014647464506,-42.388703952927756,32.71967014106446,1.8108617100924096,-0.12751193384026585,0.050265581525978695
271,-4.242640687119284,4.242640687119286,4.242640687119284,-4.242640687119286,11.383383369412513,-16.183443289780627,57.15689758457478,0.5200609204418769,0.4185310599566524,0.017534883953719035
272,12.0,-4.408728476930472e-15,-12.0,4.408728476930472e-15,-41.16930818696447,-5.380685747303545,32.79617562076071,0.13815465158396198,-1.8027280556677572,-0.03769378721160841
273,-4.242640687119284,4.242640687119286,4.242640687119284,-4.242640687119286,10.724417062690947,-15.95803245086941,57.22747734890413,0.5014701374917256,0.3936918890491563,0.017148921567196086
274,-3.67394039744206e-15,-12.0,3.67394039744206e-15,12.0,-4.9707715810978925,36.95712928766366,37.18906650109069,-1.7543170908133,-0.10435402174965658,-0.02277969398408272
275,-4.242640687119284,4.242640687119286,4.242640687119284,-4.242640687119286,10.513308514750037,-15.875982452158553,57.3257962686357,0.48845856200511495,0.39020553928287677,0.022549632229579536
276,-3.6739403974420594e-16,-6.0,3.6739403974420594e-16,6.0,-4.360059060554661,20.964262105491372,57.163770714856966,-0.8457195396697106,-0.09794232840520858,-0.023024827480847554
277,-4.242640687119284,4.242640687119286,4.242640687119284,-4.242640687119286,10.612324300795194,-16.012962567256125,57.309707476958266,0.49207977241717243,0.39552981550849825,0.023423283525920987
278,-4.242640687119286,-4.242640687119286,4.242640687119286,4.242640687119286,10.466389562873758,8.960427530193414,60.21907834161884,-0.4082958945202758,0.4085731814477274,0.0014700900921295033
279,-4.242640687119284,4.242640687119286,4.242640687119284,-4.242640687119286,10.727498865255427,-16.15035424126461,57.245056370935544,0.4963324664030359,0.4000482433453089,0.023767739126230036
280,-12.0,2.9391523179536475e-15,12.0,-2.9391523179536475e-15,38.76698494234668,-2.9578478379510216,36.47472466711517,0.06615647770291574,1.7268147519004322,0.06795721932045029
281,-4.242640687119284,4.242640687119286,4.242640687119284,-4.242640687119286,10.743611182327044,-16.677500373593887,57.09243924739991,0.5210837968011487,0.40953123245442913,0.025702441687989703
282,-8.485281374238571,-8.485281374238568,8.485281374238571,8.485281374238568,21.419905870341267,19.6426832985849,48.10790368844118,-0.9072941874010577,0.9266559060215396,0.011829184185803102
283,-4.242640687119284,4.242640687119286,4.242640687119284,-4.242640687119286,10.082276822952707,-16.57920248309958,57.25175116811951,0.5119897259124152,0.3855132350803017,0.023370244915017366
284,-0.0,-0.0,0.0,0.0,-2.5160159804138544,-2.9714592361023335,63.55500765441654,0.047395436798483855,-0.03831784313820409,0.006151017351449871
285,-4.242640687119284,4.242640687119286,4.242640687119284,-4.242640687119286,11.023462362751246,-16.601015332876187,57.044345530708,0.5140174425868939,0.41058984228418893,0.022287111566896254
286,4.242640687119286,4.242640687119285,-4.242640687119286,-4.242640687119285,-15.813230950799522,-16.439482493711836,55.52800117065878,0.5057457538581173,-0.5074389570801885,0.015508026924053583
287,-4.242640687119284,4.242640687119286,4.242640687119284,-4.242640687119286,10.97765484405383,-16.27926904247508,57.15946149390919,0.5093850064566247,0.40250813440923333,0.019276275845723806
288,8.485281374238566,8.485281374238575,-8.485281374238566,-8.485281374238575,-25.61022531192343,-28.145815003865692,41.3938136449123,1.012448544314264,-1.0007191049016646,0.005482270128050028
289,-12.0,2.9391523179536475e-15,12.0,-2.9391523179536475e-15,38.367304877381514,-3.496251997969125,36.631908862798326,0.09308677424320472,1.7181723079847933,0.0613604836826631
290,-8.485281374238559,8.485281374238582,8.485281374238559,-8.485281374238582,20.634807961515662,-27.46611843999895,44.31420156624452,1.015947852323804,0.9063884026242071,0.08859940719385526
291,-12.0,2.9391523179536475e-15,12.0,-2.9391523179536475e-15,38.35638111101093,-4.076005780388641,36.621435835897785,0.11725595161759142,1.7249489797609292,0.06272661919115849
292,1.102182119232618e-15,6.0,-1.102182119232618e-15,-6.0,-1.213850346418198,-27.209007267659842,52.39192139505886,0.9087651579487022,-0.0016398651400276465,0.02718146985428712
293,-12.0,2.9391523179536475e-15,12.0,-2.9391523179536475e-15,38.69025893877827,-3.752587101967322,36.540173162988786,0.09989829870368469,1.7307593049586365,0.055706812968976845
294,-3.67394039744206e-15,-12.0,3.67394039744206e-15,12.0,-2.4782842455380916,36.87861201808377,37.33823518076352,-1.7557767973021723,0.01655642693171971,-0.030224995881944498
295,-12.0,2.9391523179536475e-15,12.0,-2.9391523179536475e-15,38.42481675228558,-0.9639385821110693,36.74677977051212,-0.03137183269389726,1.7273769663388816,0.07092369971190415
296,4.242640687119285,-4.242640687119286,-4.242640687119285,4.242640687119286,-15.470411650364724,9.99600480441876,58.7406371227691,-0.41375396599151354,-0.5073410835409042,-0.012910375134112782
297,-12.0,2.9391523179536475e-15,12.0,-2.9391523179536475e-15,38.46980264703052,-1.7401954658978127,36.68282396412003,0.005221616426004071,1.7262619751246513,0.0692932495975257
298,-6.0,-0.0,6.0,0.0,21.563754041341042,-3.2434407070797704,56.95628557846064,0.023542071017339225,0.8324186671649642,0.03083693616846455
299,-12.0,2.9391523179536475e-15,12.0,-2.9391523179536475e-15,38.725223788408044,-2.2076889003324425,36.49684499288362,0.02667705528898779,1.738601760533713,0.07241727538411383
300,-8.485281374238571,-8.485281374238568,8.485281374238571,8.485281374238568,20.625562804325625,20.0797379665012,48.22224194516696,-0.937585208044562,0.9251504341067343,0.0017558568404531562
301,-12.0,2.9391523179536475e-15,12.0,-2.9391523179536475e-15,38.49666526423829,-1.0450902138665583,36.60623418942637,-0.027456964315409862,1.7354375625674026,0.07161870632054054
302,-4.242640687119286,-4.242640687119286,4.242640687119286,4.242640687119286,10.334785631097475,9.683693111996774,60.21927303199452,-0.45029813837478105,0.41721420571844087,-0.00037121697071350557
303,-12.0,2.9391523179536475e-15,12.0,-2.9391523179536475e-15,38.56499483851803,-1.442117107217257,36.532751530363456,-0.010529216778889787,1.7379589046620845,0.07225830436406164
304,5.143516556418883e-15,12.0,-5.143516556418883e-15,-12.0,-1.3386575139968357,-42.14658216482471,33.17900652130366,1.7989333233117506,-0.008007325236633035,0.0593840470393074
305,-12.0,2.9391523179536475e-15,12.0,-2.9391523179536475e-15,38.40905179345256,-3.8562298353385245,36.53501528996177,0.10988941187379107,1.730902826946186,0.060607962026336656
306,-0.0,-0.0,0.0,0.0,-1.4191080210156883,-3.428862301711888,63.50956105426259,0.06610520729580363,0.0030653627831636263,0.007358957032401331
307,-12.0,2.9391523179536475e-15,12.0,-2.9391523179536475e-15,38.632351204809595,-2.6680185442823756,36.349238722254455,0.06007812590176594,1.7436306443310359,0.05964287962944741
308,-3.6739403974420594e-16,-6.0,3.6739403974420594e-16,6.0,-1.5628067568402741,20.406573622974946,57.68410325533269,-0.8423402101307144,0.008387078453995736,-0.0289632856151864
309,-12.0,2.9391523179536475e-15,12.0,-2.9391523179536475e-15,38.55624801897099,-1.6491448952149028,36.4818199257492,0.0020640297348982956,1.7379389458740249,0.069829807787915
310,4.242640687119286,4.242640687119285,-4.242640687119286,-4.242640687119285,-15.079167202428408,-16.05813415236696,55.824912286649564,0.49406861943720715,-0.4870683991579895,0.014630770577122072
311,-12.0,2.9391523179536475e-15,12.0,-2.9391523179536475e-15,38.518652402741,-2.624012016395767,36.53733316326509,0.053097399727952535,1.730332133904609,0.0635797160438242
312,8.48528137423856,-8.48528137423858,-8.48528137423856,8.48528137423858,-26.486239242482142,20.909759149554162,45.24607281837177,-0.920392265376027,-0.9938950163081488,-0.057349237966748776
313,-12.0,2.9391523179536475e-15,12.0,-2.9391523179536475e-15,38.94104708504884,-1.9144025487470913,36.59842113913672,0.007013848451088452,1.725160073073618,0.07242060695801215
314,-4.242640687119284,4.242640687119286,4.242640687119284,-4.242640687119286,10.428983126071216,-17.075111036870766,57.05792698008072,0.5314027841698152,0.39932015580072305,0.024677715397231827
315,-12.0,2.9391523179536475e-15,12.0,-2.9391523179536475e-15,38.51346568738347,-2.7145337415994675,36.55591825774186,0.05345700716132138,1.733175398263044,0.06518978359749229
316,6.0,-7.347880794884119e-16,-6.0,7.347880794884119e-16,-25.95187309796289,-3.39582568834075,54.134821513323615,0.05592339853150044,-0.8871253877608638,-0.012752162333866664
317,-12.0,2.9391523179536475e-15,12.0,-2.9391523179536475e-15,38.45883316208412,-2.3708752537024225,36.634324894547866,0.03854567721707555,1.7250625163257416,0.06383348900470603
318,12.0,-4.408728476930472e-15,-12.0,4.408728476930472e-15,-40.99381870989379,-4.11437993147382,33.211376750558664,0.07789613094974382,-1.7865014140024007,-0.050690203576572126
319,-12.0,2.9391523179536475e-15,12.0,-2.9391523179536475e-15,38.573576911990216,-2.393935748401475,36.795963367064886,0.035808230947509914,1.7188687585364704,0.059035011591938476
320,1.102182119232618e-15,6.0,-1.102182119232618e-15,-6.0,-1.4568715004138113,-27.215838251138365,52.35810815185975,0.9058228860891221,-0.010597941604441392,0.025682794437565583
321,-8.485281374238571,-8.485281374238568,8.485281374238571,8.485281374238568,21.314079111512086,19.56965100650845,48.273324332874225,-0.9043894006947244,0.9184466592858778,0.01836440275525663
322,4.242640687119285,-4.242640687119286,-4.242640687119285,4.242640687119286,-15.781913309070475,9.430667537780351,58.83837227821749,-0.3921579121354115,-0.5145528431794428,-0.013254435713203701
323,-8.485281374238571,-8.485281374238568,8.485281374238571,8.485281374238568,21.766235462714945,19.242442205904098,48.19938556032619,-0.9140893966848818,0.9197724180711184,0.04190088986896704
324,6.0,-7.347880794884119e-16,-6.0,7.347880794884119e-16,-25.767030846506458,-1.8634705661444286,54.47331354960485,-0.002110119749098014,-0.8948530463336312,-0.022023443558843128
325,-8.485281374238571,-8.485281374238568,8.485281374238571,8.485281374238568,21.67139787618916,19.403792726505714,48.02790466883711,-0.9074164627688246,0.9235550317523495,0.053658901551142724
326,-4.242640687119284,4.242640687119286,4.242640687119284,-4.242640687119286,9.975883603135827,-16.459046418610598,57.28830723918685,0.5061668209006656,0.36909585611343554,0.0215916677116375
327,-8.485281374238571,-8.485281374238568,8.485281374238571,8.485281374238568,21.22795446826811,19.67240883581465,48.16323014500429,-0.9051743124775384,0.9264780717120177,0.03239587058147235
328,4.242640687119286,4.242640687119285,-4.242640687119286,-4.242640687119285,-15.038781853461757,-16.136778884812486,55.797885703868516,0.4899470255894813,-0.48249498802313906,0.012844503247626392
329,-8.485281374238571,-8.485281374238568,8.485281374238571,8.485281374238568,21.648717424789538,19.413847238508964,48.16519509122686,-0.9037865562546942,0.9138294260283444,0.029634176267780914
330,-8.485281374238559,8.485281374238582,8.485281374238559,-8.485281374238582,21.01070309145595,-27.12747106729259,44.34960964017141,0.9940770464345399,0.8900041431031505,0.07556286993684101
331,-8.485281374238571,-8.485281374238568,8.485281374238571,8.485281374238568,20.88573314393696,19.633796928851126,48.16690852091622,-0.902918568090008,0.9222707353178284,0.02360585225252572
332,-12.0,2.9391523179536475e-15,12.0,-2.9391523179536475e-15,38.471704731733865,-1.185205317375761,36.632744960493504,-0.020573687938569722,1.7275701368349625,0.06967923889675803
333,-8.485281374238571,-8.485281374238568,8.485281374238571,8.485281374238568,20.52003399884319,20.11481307029365,48.148737866116974,-0.9230451744777639,0.9299131043172272,0.015629146459868487
334,-6.0,-0.0,6.0,0.0,21.509500085728178,-2.122936995852257,56.99708398003851,-0.016682965090251328,0.829111775092361,0.02954215060256018
335,-8.485281374238571,-8.485281374238568,8.485281374238571,8.485281374238568,21.12636301044958,19.942791147869826,48.041133737673505,-0.9299519832002541,0.9287010212361135,0.011203723235762457
336,12.0,-4.408728476930472e-15,-12.0,4.408728476930472e-15,-41.00825685742687,-3.054374661474071,33.22356962289996,0.02812781443381899,-1.7838480423545464,-0.05549778485867504
337,-8.485281374238571,-8.485281374238568,8.485281374238571,8.485281374238568,21.57787322491967,19.166223361784972,48.32089046172081,-0.91002765383725,0.9112071176437431,0.03641265817807389
338,8.485281374238566,8.485281374238575,-8.485281374238566,-8.485281374238575,-25.239454028698717,-28.000645998550823,41.70325484966686,0.990514603739049,-0.9767068278281015,-0.010554848298506607
339,-8.485281374238571,-8.485281374238568,8.485281374238571,8.485281374238568,21.306138817116164,19.45606742333095,48.23882792914513,-0.8919096775357473,0.9078605453893815,0.04076884150696752
340,8.48528137423856,-8.48528137423858,-8.48528137423856,8.48528137423858,-26.641378770029988,20.99402746852283,45.13923094149166,-0.9283299820915714,-0.9998628155881668,-0.06022814480834724
341,-8.485281374238571,-8.485281374238568,8.485281374238571,8.485281374238568,21.607381644580272,18.98856789518109,48.32265639010184,-0.9130770052224222,0.9119245381790604,0.03903989966172224
342,-4.242640687119286,-4.242640687119286,4.242640687119286,4.242640687119286,10.876408640525085,8.281091791886183,60.31811094035113,-0.4097169173483438,0.42131584914036,0.007285676954973604
343,-8.485281374238571,-8.485281374238568,8.485281374238571,8.485281374238568,21.674935305700245,19.57042571192656,47.917391137204945,-0.9233677366202364,0.9241223920502476,0.031449300795037397
344,-3.67394039744206e-15,-12.0,3.67394039744206e-15,12.0,-2.8751644545157404,36.59286041768203,36.00755961421773,-1.774560906983977,-0.03437437378807939,-0.045795799711805044
345,-8.485281374238571,-8.485281374238568,8.485281374238571,8.485281374238568,22.034844212227966,19.073749767263195,47.93377601563178,-0.9160484664575093,0.9438720996122291,0.05870179698248518
346,-0.0,-0.0,0.0,0.0,-2.246642790739358,-2.248926298211046,63.60165053392268,0.007060753598065529,-0.03667251134002985,0.004734663455999772
347,-8.485281374238571,-8.485281374238568,8.485281374238571,8.485281374238568,21.769341351254496,19.807693913946736,47.66113641755143,-0.9241695967940857,0.9362067590485229,0.04104299908727008
348,5.143516556418883e-15,12.0,-5.143516556418883e-15,-12.0,-2.846179999489692,-42.24915600348274,33.06223974289123,1.7874593501666196,-0.08065691077102662,0.05023773022322517
349,-8.485281374238571,-8.485281374238568,8.485281374238571,8.485281374238568,21.31077189558198,19.29577651909031,48.38509195807664,-0.8968836468792514,0.9207905388884999,0.02094025834009313
350,-3.6739403974420594e-16,-6.0,3.6739403974420594e-16,6.0,-2.275264464154759,20.217500731013303,57.69518243481377,-0.836958276416673,-0.02033984431339932,-0.027904860516816815
351,-8.485281374238571,-8.485281374238568,8.485281374238571,8.485281374238568,21.980931781428865,19.29511389887128,48.017537650935324,-0.9179856734655376,0.9323453646001021,0.04000251141005099
352,6.0,-7.347880794884119e-16,-6.0,7.347880794884119e-16,-25.932288094444957,-1.5824381080595913,54.353003694528624,-0.018855071264166814,-0.8986810642962133,-0.020518984735063042
353,-3.67394039744206e-15,-12.0,3.67394039744206e-15,12.0,-4.604604990713256,37.11494845611847,36.95382815517564,-1.7684044293117656,-0.09676001627093453,-0.016003928409047293
354,-4.242640687119286,-4.242640687119286,4.242640687119286,4.242640687119286,11.180873706296865,8.556421578484276,60.20351148451199,-0.4146922536590672,0.433522357054967,0.006418255803782343
355,-3.67394039744206e-15,-12.0,3.67394039744206e-15,12.0,-3.8611171927821317,37.141735961552484,36.888755371734504,-1.773786821511055,-0.051564869273824795,-0.022269217879402944
356,-8.485281374238559,8.485281374238582,8.485281374238559,-8.485281374238582,21.099551695048632,-26.57221062486684,44.697367354995734,0.9818265271292956,0.8830673867261858,0.06711733925234456
357,-3.67394039744206e-15,-12.0,3.67394039744206e-15,12.0,-3.5952300576672656,37.0018326975534,37.16404099879885,-1.7614570093349422,-0.037502653046814105,-0.024051813482665968
358,8.485281374238566,8.485281374238575,-8.485281374238566,-8.485281374238575,-25.075906523498375,-27.97030783564776,41.99939706405614,0.9849682727791231,-0.9824254462285728,-0.019803119624093056
359,-3.67394039744206e-15,-12.0,3.67394039744206e-15,12.0,-4.927191149425539,36.96801398902872,37.13247601795352,-1.7591152953580533,-0.10792747332920209,-0.017757121358722053
360,-3.6739403974420594e-16,-6.0,3.6739403974420594e-16,6.0,-4.269775510332437,19.95274796456303,57.711466952815016,-0.8404787685732922,-0.10200283777859784,-0.02188326550319048
361,-3.67394039744206e-15,-12.0,3.67394039744206e-15,12.0,-4.617996001097083,37.22925526703065,36.76373031752276,-1.7796117227989743,-0.09397111736707348,-0.01821252272643814
362,-12.0,2.9391523179536475e-15,12.0,-2.9391523179536475e-15,38.276658285630106,0.36721789204548827,36.76273465354271,-0.09476153454333386,1.719748405424876,0.07539606736831092
363,-3.67394039744206e-15,-12.0,3.67394039744206e-15,12.0,-2.9221782088238797,37.17940786364599,36.882936458304236,-1.7738889474067139,0.0005629112554273543,-0.019711591432855134
364,-4.242640687119284,4.242640687119286,4.242640687119284,-4.242640687119286,10.23993166739072,-15.799215254827743,57.37048079039907,0.48478614583627816,0.3843316332457539,0.02210459620480476
365,-3.67394039744206e-15,-12.0,3.67394039744206e-15,12.0,-3.739288265453453,37.13714935917366,37.016549533927275,-1.7692164247134161,-0.04283969864323575,-0.024217052305680574
366,5.143516556418883e-15,12.0,-5.143516556418883e-15,-12.0,-3.5742848330361454,-42.08485236124466,33.20010598367604,1.7819542645824815,-0.1073863981938846,0.044773321535084086
367,-3.67394039744206e-15,-12.0,3.67394039744206e-15,12.0,-4.216866004319741,37.03180460483068,37.167293710600106,-1.757984512785412,-0.0681074595596513,-0.020977433414486775
368,-0.0,-0.0,0.0,0.0,-3.395292314364596,-1.5756216847402413,63.63048468363809,-0.013941717276670432,-0.07836808685822882,0.0038360477805490976
369,-3.67394039744206e-15,-12.0,3.67394039744206e-15,12.0,-4.325473414245323,37.196047313393564,36.83252538958142,-1.777394304005072,-0.07411485400726407,-0.022060917439361886
370,4.242640687119285,-4.242640687119286,-4.242640687119285,4.242640687119286,-16.782770281299136,9.702382074520585,58.498328935907125,-0.41912139900976714,-0.5573808838737875,-0.017884129368567606
371,-3.67394039744206e-15,-12.0,3.67394039744206e-15,12.0,-4.87961392755264,37.198910638174794,36.7686387204477,-1.7803703463924523,-0.1049738006780725,-0.01798624372323555
372,1.102182119232618e-15,6.0,-1.102182119232618e-15,-6.0,-3.79147715168682,-26.888719193734374,52.351204225724175,0.8797323687391799,-0.10004574729124044,0.02230796856173576
373,-3.67394039744206e-15,-12.0,3.67394039744206e-15,12.0,-4.490400852625186,37.14251767051425,36.93650498338873,-1.7689779885124155,-0.08394371070169229,-0.020306142481919517
374,12.0,-4.408728476930472e-15,-12.0,4.408728476930472e-15,-41.11670058552356,-1.1301106001641017,32.87451373006435,-0.05691176156456847,-1.8044689067199604,-0.07024798378329991
375,-3.67394039744206e-15,-12.0,3.67394039744206e-15,12.0,-6.141058628880984,37.180004432577476,36.71356111986606,-1.776753432404799,-0.16887117749892297,-0.014144948036581603
376,-6.0,-0.0,6.0,0.0,21.77436893669457,-0.6308873991490316,56.82529779193169,-0.07744441566313702,0.8209356433064634,0.03132177692466787
377,-3.67394039744206e-15,-12.0,3.67394039744206e-15,12.0,-4.1371987537744985,37.20061271652227,36.87901655034611,-1.7783744181176384,-0.06329452932610961,-0.023365695207973096
378,4.242640687119286,4.242640687119285,-4.242640687119286,-4.242640687119285,-15.179799468544644,-15.85693102124722,55.811891823361975,0.4829332777280082,-0.4945193993637188,0.009292494117478688
379,-3.67394039744206e-15,-12.0,3.67394039744206e-15,12.0,-4.852135923003658,37.15154219981693,36.843143761400825,-1.7728731960547344,-0.1000915616302035,-0.016894402740705968
380,8.48528137423856,-8.48528137423858,-8.48528137423856,8.48528137423858,-27.43254630403493,20.68628545175264,44.71188416735269,-0.9373068987479893,-1.0406349735006584,-0.06659381886312278
381,-3.67394039744206e-15,-12.0,3.67394039744206e-15,12.0,-5.728470321600227,37.15887142317311,36.79188367800607,-1.7803978147397825,-0.14860858897360274,-0.01551983353881864
382,-8.485281374238571,-8.485281374238568,8.485281374238571,8.485281374238568,22.166573976710083,18.992104184223052,47.804835886881904,-0.9146406758470405,0.9464934185419369,0.05548582000035901
383,-3.67394039744206e-15,-12.0,3.67394039744206e-15,12.0,-3.7926356248758566,37.16193390762746,36.931120377986126,-1.7811253156530502,-0.045290246927800086,-0.022395449391078195
384,-8.485281374238571,-8.485281374238568,8.485281374238571,8.485281374238568,22.494646338781735,18.586461388794845,48.11517373850397,-0.9084744477918505,0.9530424659030943,0.05297656184334988
385,8.48528137423856,-8.48528137423858,-8.48528137423856,8.48528137423858,-27.32796393604754,20.32370798954028,44.932110007210795,-0.9235911784926543,-1.035368955000668,-0.06863199029795147
386,-3.67394039744206e-15,-12.0,3.67394039744206e-15,12.0,-5.435999938750896,37.09298052296529,36.887911314561364,-1.7817837481290588,-0.13455772365758206,-0.01935661247060424
387,8.48528137423856,-8.48528137423858,-8.48528137423856,8.48528137423858,-27.327141999791166,20.78916692273188,44.839029261855416,-0.9423166650856428,-1.0450711788267284,-0.07064406098304847
388,-4.242640687119284,4.242640687119286,4.242640687119284,-4.242640687119286,9.891210377314337,-15.729809027048418,57.34481177135132,0.47767107249976287,0.3644239234893888,0.019339145681128884
389,8.48528137423856,-8.48528137423858,-8.48528137423856,8.48528137423858,-26.75931330956155,21.61849209480127,44.66770086920704,-0.933658416152513,-1.01481473103243,-0.04210933201343396
390,-8.485281374238559,8.485281374238582,8.485281374238559,-8.485281374238582,21.56837895501411,-26.60787987755984,44.45653784002596,0.9692006238988449,0.8683060485238298,0.05020102649497209
391,8.48528137423856,-8.48528137423858,-8.48528137423856,8.48528137423858,-26.549523885767,21.46412326034786,44.85545228004547,-0.9235967087723524,-1.0044203705887047,-0.04015773691632549
392,-3.6739403974420594e-16,-6.0,3.6739403974420594e-16,6.0,-5.442004361128895,20.115150189666537,57.363483588679344,-0.8298084487829833,-0.14457205523047234,-0.016948964921957695
393,8.48528137423856,-8.48528137423858,-8.48528137423856,8.48528137423858,-27.190231038803006,20.91745721204674,44.74939904542282,-0.9297762586921963,-1.030014180473231,-0.05799701242255394
394,5.143516556418883e-15,12.0,-5.143516556418883e-15,-12.0,-4.972468856299898,-42.16781326114656,33.03413128014446,1.7782943157290199,-0.17162268398637778,0.0331303921643636
395,8.48528137423856,-8.48528137423858,-8.48528137423856,8.48528137423858,-26.264674909159638,21.54329013608131,44.97952463003149,-0.925821298712235,-1.0110812419296582,-0.02735575969440346
396,1.102182119232618e-15,6.0,-1.102182119232618e-15,-6.0,-4.9880494198892364,-26.805045275525742,52.32040471162139,0.8838617508556939,-0.1551343642618658,0.020769988266080064
397,8.48528137423856,-8.48528137423858,-8.48528137423856,8.48528137423858,-26.28237482010411,21.734810739218773,44.85516944394554,-0.9316711735921815,-1.0118194632046476,-0.029481195896478928
398,4.242640687119285,-4.242640687119286,-4.242640687119285,4.242640687119286,-16.009221148681235,10.163222828980537,58.61294852711117,-0.4211406925528629,-0.5431576107732211,-0.009787352215288593
399,8.48528137423856,-8.48528137423858,-8.48528137423856,8.48528137423858,-26.77836592162305,21.637757743381798,44.658002698022514,-0.9322842311928062,-1.022970423602478,-0.038362833515112
400,6.0,-7.347880794884119e-16,-6.0,7.347880794884119e-16,-25.949421823250617,-1.1642472770996335,54.374458629182755,-0.03409669211500459,-0.9211267957150326,-0.019444801370489387
401,8.48528137423856,-8.48528137423858,-8.48528137423856,8.48528137423858,-26.389378911762094,21.981504949854326,44.763318647295634,-0.9442920918275767,-1.0216292996343166,-0.02773022129381615
402,-6.0,-0.0,6.0,0.0,21.74336607516736,-1.7409005772326225,56.68320738236294,-0.0247701119900523,0.8058540182867653,0.02612551363045265
403,8.48528137423856,-8.48528137423858,-8.48528137423856,8.48528137423858,-26.887194958168365,21.355798327227518,44.68071076440371,-0.9393508216059031,-1.0191742744177188,-0.05182401838831594
404,8.485281374238566,8.485281374238575,-8.485281374238566,-8.485281374238575,-25.08004946417448,-28.161358280666633,41.77279725529685,0.9980376632384582,-0.9925767568446715,-0.020659259992501657
405,8.48528137423856,-8.48528137423858,-8.48528137423856,8.48528137423858,-26.209204355969405,21.655952205192847,44.94781016022259,-0.9315282418514812,-1.01943311401,-0.02868083770280279
406,-4.242640687119286,-4.242640687119286,4.242640687119286,4.242640687119286,10.713397973653741,8.046563254954123,60.2625678748843,-0.37683924022401305,0.4074382183608848,0.004342616623029849
407,8.48528137423856,-8.48528137423858,-8.48528137423856,8.48528137423858,-26.968546440869616,21.13252950758985,44.84803558549781,-0.932297698238899,-1.0224273504308368,-0.05511123376675952
408,12.0,-4.408728476930472e-15,-12.0,4.408728476930472e-15,-41.221384528637316,-1.8822709339115988,32.94007799224145,-0.026032735441167708,-1.8048843622470774,-0.06859639883015539
409,8.48528137423856,-8.48528137423858,-8.48528137423856,8.48528137423858,-26.359732829236123,22.002187513466737,44.71331692467531,-0.9512565742067396,-1.02962296314291,-0.03252131247674157
410,-12.0,2.9391523179536475e-15,12.0,-2.9391523179536475e-15,38.15135372833038,-0.8351767432459383,37.04768244646091,-0.03896035935265563,1.7034197220577414,0.06618187448750192
411,8.48528137423856,-8.48528137423858,-8.48528137423856,8.48528137423858,-26.671252692314624,21.30083417192762,44.922963665665606,-0.9367575474959337,-1.010554280887026,-0.05425930660700558
412,4.242640687119286,4.242640687119285,-4.242640687119286,-4.242640687119285,-15.12724005877233,-16.575730511624414,55.61889995558789,0.5022370490488886,-0.49288159602224546,0.009089862852697006
413,8.48528137423856,-8.48528137423858,-8.48528137423856,8.48528137423858,-26.345457387949594,21.68930896505944,44.79663943050802,-0.9363702623284436,-1.0177556523498494,-0.03227595813327432
414,-0.0,-0.0,0.0,0.0,-4.323508656846769,-1.6610558258926176,63.4459278765889,0.0007334360961887629,-0.11813809468172484,0.003821923775834175
415,8.48528137423856,-8.48528137423858,-8.48528137423856,8.48528137423858,-25.496881643628,22.2946094396182,44.34365316379201,-0.953780694077504,-1.0120696524887227,-0.03505654620326999
416,-3.6739403974420594e-16,-6.0,3.6739403974420594e-16,6.0,-6.1789088814393125,20.374771163086535,57.194798897972746,-0.8417033934531313,-0.17456187966530196,-0.01623699511156477
417,12.0,-4.408728476930472e-15,-12.0,4.408728476930472e-15,-41.3025419379363,-2.1101294416674534,32.800879809305364,-0.020382528601524813,-1.8072558655766118,-0.06551545835668793
418,8.48528137423856,-8.48528137423858,-8.48528137423856,8.48528137423858,-26.627268471467033,21.962442320086353,44.50682598327694,-0.9543473186998035,-1.0360146047907464,-0.032943828390090905
419,12.0,-4.408728476930472e-15,-12.0,4.408728476930472e-15,-41.25372487157894,-1.7092518821366127,32.86535813992029,-0.0331631951127955,-1.8116681379887378,-0.06750871046589726
420,-8.485281374238559,8.485281374238582,8.485281374238559,-8.485281374238582,21.368297686361274,-26.190346397474173,44.77683735556708,0.9738013225624084,0.8624332354300779,0.03525509774547813
421,12.0,-4.408728476930472e-15,-12.0,4.408728476930472e-15,-41.21174114829198,-3.9321509495289604,32.9824122500185,0.07128509586286515,-1.7983823740054012,-0.045663825230425024
422,4.242640687119285,-4.242640687119286,-4.242640687119285,4.242640687119286,-15.79365405718741,11.06643435775203,58.47004479047952,-0.44578106826956965,-0.5336210418403462,-0.008795234195261393
423,12.0,-4.408728476930472e-15,-12.0,4.408728476930472e-15,-41.278505487868,-2.9564517458168496,32.781964950623085,0.025267651799617596,-1.809871491966071,-0.05751343220374679
424,5.143516556418883e-15,12.0,-5.143516556418883e-15,-12.0,-6.61253637716284,-42.143887642272404,32.8004238546996,1.7892079147341342,-0.2561426731297774,0.024122002490940833
425,12.0,-4.408728476930472e-15,-12.0,4.408728476930472e-15,-41.17699776560835,-5.127456142219984,32.80552980033486,0.12925500273323726,-1.8078254972977965,-0.03873967157337189
426,-8.485281374238571,-8.485281374238568,8.485281374238571,8.485281374238568,21.406567839983467,18.783334524815444,48.67258953665723,-0.8870555928878712,0.8952898979571559,0.042406811757367914
427,12.0,-4.408728476930472e-15,-12.0,4.408728476930472e-15,-41.18579690411937,-3.07155988950214,32.977382113642705,0.02658682914463372,-1.8005893562555029,-0.05831326821319853
428,-0.0,-0.0,0.0,0.0,-4.755195462906812,-2.6355847716888547,63.222296081898705,0.029353301037281516,-0.14152210824471284,0.005026027178344256
429,12.0,-4.408728476930472e-15,-12.0,4.408728476930472e-15,-41.32495358129202,-3.436821581894236,32.64133585068019,0.04544470476420716,-1.814741662081742,-0.05600712952848144
430,8.485281374238566,8.485281374238575,-8.485281374238566,-8.485281374238575,-24.99013863486269,-28.654942560420125,41.39141114864364,1.0263911776804415,-1.0107106580023482,-0.023661058424494223
431,12.0,-4.408728476930472e-15,-12.0,4.408728476930472e-15,-41.0730601490627,-4.91173575098361,32.741705085623664,0.11163882643792894,-1.8117911347733515,-0.045162800054536656
432,-6.0,-0.0,6.0,0.0,21.590266071638013,-3.5213386997036764,56.620618130790334,0.044977535267426025,0.7954832743873304,0.024698672753460438
433,12.0,-4.408728476930472e-15,-12.0,4.408728476930472e-15,-41.347079741396016,-3.8508616932139716,32.85555825162383,0.06643918735048922,-1.8062767929913666,-0.047033361918499536
434,-12.0,2.9391523179536475e-15,12.0,-2.9391523179536475e-15,38.14104999392268,-2.254450527884728,37.0825796642531,0.03354813468748555,1.701878261054664,0.060821910657319636
435,12.0,-4.408728476930472e-15,-12.0,4.408728476930472e-15,-41.25352445945565,-3.7726030733938956,33.04922432481262,0.062003367300498435,-1.7973931253896742,-0.04544048143263876
436,-4.242640687119286,-4.242640687119286,4.242640687119286,4.242640687119286,9.87774622255256,8.803481708212757,60.147148262539616,-0.39873951909151817,0.38375175373802695,0.0020746156449587246
437,12.0,-4.408728476930472e-15,-12.0,4.408728476930472e-15,-41.179792066154064,-3.391508231530736,32.86096839523713,0.044884213968415035,-1.8025362387632833,-0.05297744149130343
438,-3.67394039744206e-15,-12.0,3.67394039744206e-15,12.0,-6.845189626530129,37.07540142382598,36.69274054476277,-1.7663065537385194,-0.19938432748003182,-0.015018702420143061
439,12.0,-4.408728476930472e-15,-12.0,4.408728476930472e-15,-41.261804075020166,-1.735051701807322,32.93176454613074,-0.031614067598917425,-1.8098859970143157,-0.06820162336666127
440,-4.242640687119284,4.242640687119286,4.242640687119284,-4.242640687119286,9.725720284578301,-15.777111797343537,57.390049866524066,0.48462833559777196,0.3593932734667622,0.016150799663253685
441,12.0,-4.408728476930472e-15,-12.0,4.408728476930472e-15,-41.29463988309618,-3.643045925885559,32.880815604466015,0.054950320577590334,-1.8059989439460349,-0.052358155217800156
442,1.102182119232618e-15,6.0,-1.102182119232618e-15,-6.0,-6.488741337656762,-26.930285028779934,52.01289774842458,0.8933199658065759,-0.21238392690408783,0.01874954297716112
443,12.0,-4.408728476930472e-15,-12.0,4.408728476930472e-15,-41.34492202889217,-4.253237379291534,32.84720804980372,0.09141150724078453,-1.811640097020308,-0.04635398581878085
444,6.0,-7.347880794884119e-16,-6.0,7.347880794884119e-16,-26.132231732868746,-3.4348900835227028,54.19560766620964,0.04881912240322156,-0.93373080713704,-0.01774113721516459
445,12.0,-4.408728476930472e-15,-12.0,4.408728476930472e-15,-41.47948372638251,-3.7358468646750396,32.63321551400571,0.06300480146271656,-1.8218851516933046,-0.046924524929318645
446,4.242640687119286,4.242640687119285,-4.242640687119286,-4.242640687119285,-15.442645772374888,-17.66654271873864,55.37335421561431,0.5382715563040379,-0.515694709531078,0.007883187913294018
447,12.0,-4.408728476930472e-15,-12.0,4.408728476930472e-15,-41.591255298322295,-4.173366701782186,32.7372595922728,0.0870302354793015,-1.8206167843259797,-0.048554711594802374
448,-6.0,-0.0,6.0,0.0,21.52854739716099,-3.5449121596920747,56.70079188224199,0.044734733477365445,0.7962964098718123,0.025390667104951394
449,8.485281374238566,8.485281374238575,-8.485281374238566,-8.485281374238575,-25.46440882767584,-28.461946575117253,41.33249851579902,1.0180954199717267,-0.99420007039254,0.001110134835333217
450,-3.67394039744206e-15,-12.0,3.67394039744206e-15,12.0,-6.242350017717641,37.06393444314577,36.82494146152041,-1.759237561546347,-0.1651457654380321,-0.01971946293043505
451,8.485281374238566,8.485281374238575,-8.485281374238566,-8.485281374238575,-25.05961526613642,-28.344916758917748,41.738440046365696,1.0073961036815882,-0.9942992183577322,-0.01780732671425557
452,-8.485281374238571,-8.485281374238568,8.485281374238571,8.485281374238568,21.466606924441294,19.041731691549245,48.35306926374672,-0.884859456076033,0.8952485625617298,0.02480940983955642
453,8.485281374238566,8.485281374238575,-8.485281374238566,-8.485281374238575,-25.3238532955054,-28.072084984424095,41.60071293796416,0.9991903684069394,-0.9879084863396332,-0.0035067677565489095
454,12.0,-4.408728476930472e-15,-12.0,4.408728476930472e-15,-41.10435705725115,-4.82335213663896,32.950808308395,0.10888565486702385,-1.8020473966466364,-0.043867949174466916
455,8.485281374238566,8.485281374238575,-8.485281374238566,-8.485281374238575,-25.037958217969717,-28.647204396861866,41.48218457359671,1.0238312631401478,-1.0074961350866074,-0.018878359617256847
456,-12.0,2.9391523179536475e-15,12.0,-2.9391523179536475e-15,38.35937213133329,-3.2615239316059785,37.04629336866246,0.07725430569999173,1.696781878335269,0.06279106298767803
457,8.485281374238566,8.485281374238575,-8.485281374238566,-8.485281374238575,-25.316162133597615,-27.95711972535591,41.759243663503895,1.0064966544605105,-0.9876738660795581,0.010612279732568973
458,4.242640687119285,-4.242640687119286,-4.242640687119285,4.242640687119286,-15.541848713057462,10.540894438333027,58.53066699667079,-0.41931618543302085,-0.5106206126220596,-0.006451413022254659
459,8.485281374238566,8.485281374238575,-8.485281374238566,-8.485281374238575,-25.22255400137591,-28.324199413847055,41.50140099537751,1.01304690484083,-1.0002301068985375,-0.01069563467433306
460,-4.242640687119286,-4.242640687119286,4.242640687119286,4.242640687119286,9.943476955101858,8.529058115105585,60.15154106558346,-0.3839560232695845,0.3811500285390175,0.0017701008406383056
461,8.485281374238566,8.485281374238575,-8.485281374238566,-8.485281374238575,-25.52829437218122,-28.248252081266628,41.414693974021304,1.0083901658377263,-0.9954828890196747,0.0007095078631609306
462,4.242640687119286,4.242640687119285,-4.242640687119286,-4.242640687119285,-15.615373914551569,-16.617965148048626,55.515216584294606,0.5165439201019284,-0.5147382987482009,0.013535233137496161
463,8.485281374238566,8.485281374238575,-8.485281374238566,-8.485281374238575,-25.642945650111372,-28.35455139002238,41.29306447463938,1.0177955602304825,-1.0046984492483602,-0.0014004102090087868
464,-4.242640687119284,4.242640687119286,4.242640687119284,-4.242640687119286,10.476489648414741,-15.807923742540055,57.32097990270718,0.49345319921139597,0.3822603709058907,0.017325534923743134
465,8.485281374238566,8.485281374238575,-8.485281374238566,-8.485281374238575,-25.65602892715816,-28.155355720552024,41.388030798421966,1.0170266878671568,-1.000618258644166,0.0068152360137646705
466,-3.6739403974420594e-16,-6.0,3.6739403974420594e-16,6.0,-6.021288429972387,20.43847607105053,56.94104076899444,-0.8231174507586605,-0.16003174915790375,-0.016978075764007432
467,8.485281374238566,8.485281374238575,-8.485281374238566,-8.485281374238575,-25.382648423735148,-28.38772917165923,41.47052995458037,1.0124005512224112,-1.0005725107215788,-0.013363728226332292
468,6.0,-7.347880794884119e-16,-6.0,7.347880794884119e-16,-26.03088048774677,-4.634154494502951,53.99191369459707,0.09687788799315858,-0.9136480848149964,-0.015966564117053925
469,8.485281374238566,8.485281374238575,-8.485281374238566,-8.485281374238575,-25.358086887354148,-28.489912310212816,41.392562520411474,1.0194596439346773,-1.012786314439203,-0.015512142434957972
470,5.143516556418883e-15,12.0,-5.143516556418883e-15,-12.0,-6.211482018740455,-42.370394491316034,32.74492323074597,1.7993320132133266,-0.23719920214131668,0.022249336261045506
471,8.485281374238566,8.485281374238575,-8.485281374238566,-8.485281374238575,-25.872863820562856,-27.581756111555848,41.49571240419928,1.034429503133484,-1.0205717675563137,0.019433408377518502
472,1.102182119232618e-15,6.0,-1.102182119232618e-15,-6.0,-5.860973883059472,-26.50084706916735,52.315014690594026,0.9091572871954625,-0.18757858054036522,0.018605915323527074
473,8.485281374238566,8.485281374238575,-8.485281374238566,-8.485281374238575,-25.966188092991914,-28.072972296965446,41.25379305931489,1.0297461824418064,-1.0235593024157543,0.007362775354525757
474,-0.0,-0.0,0.0,0.0,-4.395117282212553,-4.061941630691791,63.1370250565795,0.09988087606559722,-0.1222207063597025,0.007858916614033934
475,8.485281374238566,8.485281374238575,-8.485281374238566,-8.485281374238575,-25.924209449423287,-28.351107432984037,41.084144260335634,1.0291440160673855,-1.0237993584902543,0.0005934013404541965
476,8.48528137423856,-8.48528137423858,-8.48528137423856,8.48528137423858,-26.07660034955363,21.790938048690833,44.94209916132171,-0.9326492374574512,-1.0084570091936635,-0.023262697702703346
477,8.485281374238566,8.485281374238575,-8.485281374238566,-8.485281374238575,-25.20083377653657,-28.292248021113693,41.53722475368657,1.0159516196010587,-1.008853604849084,-0.017303230028953252
478,-8.485281374238559,8.485281374238582,8.485281374238559,-8.485281374238582,21.784558958369132,-26.072183884203923,44.575897046423364,0.9810676398176839,0.8819545858431692,0.03258122288969703
479,8.485281374238566,8.485281374238575,-8.485281374238566,-8.485281374238575,-25.749485660134297,-27.785582587893487,41.53543562138496,1.012250125751817,-1.0077121699131824,0.009697966099495048
480,8.485281374238566,8.485281374238575,-8.485281374238566,-8.485281374238575,-25.802686028842786,-27.817651316197583,41.454250761945474,1.018136674181989,-1.0115665023866336,0.007936754054515213
481,5.143516556418883e-15,12.0,-5.143516556418883e-15,-12.0,-6.042181704715759,-42.29795546905427,32.66356792498443,1.799662032557624,-0.2285998510953665,0.028899525615059096
482,-3.6739403974420594e-16,-6.0,3.6739403974420594e-16,6.0,-5.807553570971223,20.267456823272113,57.06167385073499,-0.8146487001851442,-0.1542460057947294,-0.017136295131754672
483,5.143516556418883e-15,12.0,-5.143516556418883e-15,-12.0,-4.922249402260164,-42.4487481770779,32.6375251508348,1.797907742332712,-0.18013774108518568,0.03719988934279478
484,4.242640687119285,-4.242640687119286,-4.242640687119285,4.242640687119286,-15.702264372302679,10.110437889640792,58.515554578227466,-0.40717632019272865,-0.5182721655314642,-0.007801187581723944
485,5.143516556418883e-15,12.0,-5.143516556418883e-15,-12.0,-5.0303360807185555,-42.41115121891838,32.55956917283573,1.7984131748289593,-0.1818914978448461,0.03258977930746815
486,-3.67394039744206e-15,-12.0,3.67394039744206e-15,12.0,-5.635669139440083,36.78786955762487,37.25834242612879,-1.7443171791378351,-0.13831389324705134,-0.022210835330873563
487,5.143516556418883e-15,12.0,-5.143516556418883e-15,-12.0,-4.883356008169841,-42.29589120347802,32.90607699972254,1.7908187062713639,-0.174253583702507,0.0384313753913088
488,-8.485281374238571,-8.485281374238568,8.485281374238571,8.485281374238568,21.023475537383206,19.18944361002636,48.57438908161532,-0.8815357429961229,0.8994989430545199,0.007564262568379967
489,5.143516556418883e-15,12.0,-5.143516556418883e-15,-12.0,-3.9174836356726246,-42.252356690473505,32.99114588153904,1.791635787598162,-0.12660166345743168,0.047511409718607185
490,-4.242640687119284,4.242640687119286,4.242640687119284,-4.242640687119286,11.010374669530052,-15.882105693992003,57.28620738264071,0.5075619502252059,0.40989005411891094,0.018041583383085216
491,5.143516556418883e-15,12.0,-5.143516556418883e-15,-12.0,-3.868833818504754,-42.350418759457995,32.87067667268356,1.8048487556352004,-0.12388453644082231,0.052031966478562335
492,-6.0,-0.0,6.0,0.0,21.73877146134592,-6.112271883595184,56.26847913140824,0.14982736268316105,0.813233411351491,0.02432536603949214
493,5.143516556418883e-15,12.0,-5.143516556418883e-15,-12.0,-3.54723809563491,-42.41275152094275,32.799001310330404,1.8066774400399086,-0.10738731993242497,0.05374594438192179
494,-8.485281374238559,8.485281374238582,8.485281374238559,-8.485281374238582,22.32745708775471,-26.004950331670784,44.21991352709951,1.0104885436131625,0.9124770283681753,0.02340686610553814
495,5.143516556418883e-15,12.0,-5.143516556418883e-15,-12.0,-3.0422974654388213,-42.424536858917094,32.769752477980475,1.8074079362541422,-0.08312453810096113,0.052094594422339255
496,1.102182119232618e-15,6.0,-1.102182119232618e-15,-6.0,-3.3919356664381297,-27.098700570899695,52.30684366616531,0.9333270844662402,-0.08591767862696031,0.026576253899171638
497,5.143516556418883e-15,12.0,-5.143516556418883e-15,-12.0,-4.017149706711777,-42.40006367293327,32.63327428405168,1.8171786855749035,-0.12856118558585472,0.04945461110967302
498,6.0,-7.347880794884119e-16,-6.0,7.347880794884119e-16,-26.296281483821488,-6.327291429623273,53.57199451962593,0.16796727673777767,-0.9143334922947929,-0.004394402331411711
499,5.143516556418883e-15,12.0,-5.143516556418883e-15,-12.0,-4.9946967667647755,-42.57172519352085,32.46362891875916,1.8120392133132388,-0.1814614299877439,0.03407879693013074
500,-0.0,-0.0,0.0,0.0,-3.6140894692246945,-4.577161764936676,63.1305557025137,0.1204213010022464,-0.09161491855718523,0.010181277565886628
501,5.143516556418883e-15,12.0,-5.143516556418883e-15,-12.0,-4.41110110866785,-42.582792135499375,32.40361674707001,1.8188610504845886,-0.15937680788396336,0.040750186355309484
502,12.0,-4.408728476930472e-15,-12.0,4.408728476930472e-15,-41.09045820704971,-6.572821262358389,32.702836780512065,0.19178579365348575,-1.8043796519834645,-0.03216262931420079
503,5.143516556418883e-15,12.0,-5.143516556418883e-15,-12.0,-6.115650299366607,-42.337690880351346,32.60110887284475,1.8094887647285378,-0.23304103124685321,0.028992957360183022
504,-4.242640687119286,-4.242640687119286,4.242640687119286,4.242640687119286,9.863406140344551,8.210426781764085,60.167984104603335,-0.3730662862518038,0.3796003939901709,0.0008193956396575445
505,5.143516556418883e-15,12.0,-5.143516556418883e-15,-12.0,-4.300223864804778,-42.440098318810556,32.66843271124863,1.8063745530432587,-0.1518298430937572,0.041819228570377225
506,8.48528137423856,-8.48528137423858,-8.48528137423856,8.48528137423858,-26.066625977158907,21.322409624768255,45.14045698329568,-0.9135197803159261,-1.0014361450895517,-0.02457007669575651
507,5.143516556418883e-15,12.0,-5.143516556418883e-15,-12.0,-5.235846381434428,-42.32309861400418,32.70826318926375,1.7963267831595686,-0.1951091485492607,0.03605721872089354
508,-12.0,2.9391523179536475e-15,12.0,-2.9391523179536475e-15,38.593582838119374,-4.931395255465787,36.726968350453966,0.15013252296357543,1.708414961500826,0.05334584489705927
509,5.143516556418883e-15,12.0,-5.143516556418883e-15,-12.0,-2.90704676915054,-42.34715989700442,32.7586831763766,1.8042376838548617,-0.07593426170569714,0.04832690654611277
510,4.242640687119286,4.242640687119285,-4.242640687119286,-4.242640687119285,-16.483643746644802,-16.365966013888283,55.37088194710262,0.5174369250528885,-0.5368819605139854,0.018698927101198602
511,5.143516556418883e-15,12.0,-5.143516556418883e-15,-12.0,-4.507068582082354,-42.50422944104341,32.56962867548472,1.8129064814556006,-0.163747248487364,0.042183189680703115
512,8.48528137423856,-8.48528137423858,-8.48528137423856,8.48528137423858,-26.033486625072783,21.37518768423999,45.198276493964514,-0.9125018783432536,-0.9989752479427529,-0.02328664647594448
513,-8.485281374238559,8.485281374238582,8.485281374238559,-8.485281374238582,22.007052580973237,-26.634208674422354,44.081498176393396,0.9833637013408194,0.8878888352052434,0.05117197283410905
514,4.242640687119286,4.242640687119285,-4.242640687119286,-4.242640687119285,-15.970894187957683,-16.384785627734544,55.4645857226657,0.5044842396379169,-0.5167314610192828,0.013138650288874006
515,-8.485281374238559,8.485281374238582,8.485281374238559,-8.485281374238582,22.10429603295006,-26.28277883058874,44.219631055521944,0.9937996206997795,0.8962012438441986,0.03518891733769859
516,6.0,-7.347880794884119e-16,-6.0,7.347880794884119e-16,-26.20908129320614,-5.394710664297264,53.70572031094348,0.12431549350182422,-0.9052371063417884,-0.011163351183329558
517,-8.485281374238559,8.485281374238582,8.485281374238559,-8.485281374238582,22.009881085485176,-26.428436142915103,44.23933562894756,0.9940876484899013,0.8922241451912377,0.03576123637114863
518,-12.0,2.9391523179536475e-15,12.0,-2.9391523179536475e-15,38.67044662899113,-4.7667557304679065,36.60083129911313,0.14219625448279336,1.7151550564204556,0.05743016592740545
519,-8.485281374238559,8.485281374238582,8.485281374238559,-8.485281374238582,20.58470305466622,-27.288723506612598,44.38974303785784,1.0124474616324175,0.9102726056224179,0.08545901056780675
520,-3.67394039744206e-15,-12.0,3.67394039744206e-15,12.0,-3.571090288910071,36.89906135210296,37.2629867120195,-1.7479109633807202,-0.03555020238686412,-0.02802755501654374
521,-8.485281374238559,8.485281374238582,8.485281374238559,-8.485281374238582,21.08703572895527,-26.897388032337858,44.4748417812724,0.9877375503488106,0.8933431287333766,0.07447461929465758
522,-4.242640687119284,4.242640687119286,4.242640687119284,-4.242640687119286,10.152039686723725,-16.41028484895361,57.27939978239306,0.5166147985574004,0.39772680054457304,0.025499615513196017
523,-8.485281374238559,8.485281374238582,8.485281374238559,-8.485281374238582,21.78215984993028,-27.02659434491906,43.97389190413891,1.000699129788523,0.9036492609751599,0.06214231356075921
524,12.0,-4.408728476930472e-15,-12.0,4.408728476930472e-15,-40.913140582096815,-5.34147895955212,33.06809081482678,0.13261182633227261,-1.7890466008805996,-0.046709501754100394
525,-8.485281374238559,8.485281374238582,8.485281374238559,-8.485281374238582,21.764300001930394,-26.3819657992845,44.34676005491879,0.991265013599776,0.8856625390973418,0.037835536656000424
526,-0.0,-0.0,0.0,0.0,-3.204498822005732,-3.8846814816419624,63.242811693409706,0.08675147759605353,-0.07021774592891425,0.007654345153942789
527,-8.485281374238559,8.485281374238582,8.485281374238559,-8.485281374238582,21.986362277684123,-27.01585592928936,43.85823099818974,1.0016356705476117,0.9013450667753757,0.05336876099567825
528,-6.0,-0.0,6.0,0.0,21.432059029628164,-5.761806618050514,56.539974062716965,0.13132439580855323,0.8090649444870366,0.028392512439687254
529,-8.485281374238559,8.485281374238582,8.485281374238559,-8.485281374238582,21.522759833083256,-27.245280587602508,43.93657594885053,1.0090047673385234,0.9117846659386011,0.07041977607356709
530,1.102182119232618e-15,6.0,-1.102182119232618e-15,-6.0,-2.026917354948864,-27.237480207831737,52.31282809471713,0.9101927334657341,-0.029860134981041876,0.025603957262298766
531,-8.485281374238559,8.485281374238582,8.485281374238559,-8.485281374238582,22.08825300578434,-26.666185778355043,43.94789358925412,1.0111101251432946,0.9084750437246085,0.04087365921355253
532,-4.242640687119286,-4.242640687119286,4.242640687119286,4.242640687119286,9.79341773997291,8.922962403636745,60.185784251236015,-0.39976388744413993,0.3826489209911202,-0.0002545270665751675
533,-8.485281374238559,8.485281374238582,8.485281374238559,-8.485281374238582,21.341627993571365,-27.109626847918577,44.16217357731969,1.001329025181477,0.9040270153674215,0.0712880847222393
534,-3.6739403974420594e-16,-6.0,3.6739403974420594e-16,6.0,-2.9960270779206866,20.269239813551422,57.377782097564335,-0.827147330397652,-0.048264644298148585,-0.024461632901846983
535,-8.485281374238559,8.485281374238582,8.485281374238559,-8.485281374238582,21.247001413615948,-27.05176865779444,44.27910868414236,0.9956697301881058,0.8979790599201483,0.07302588783929886
536,8.485281374238566,8.485281374238575,-8.485281374238566,-8.485281374238575,-25.692757810464187,-27.616370384552766,41.68331984523371,0.9971987909102136,-0.9985929918854847,0.01237644108012656
537,-8.485281374238559,8.485281374238582,8.485281374238559,-8.485281374238582,21.848131255136735,-26.29020858547284,44.378372323170794,0.9967041542099471,0.8918028360408203,0.037767875175485785
538,4.242640687119285,-4.242640687119286,-4.242640687119285,4.242640687119286,-15.309301965918621,9.894665995315961,58.603480370121304,-0.395439951258949,-0.501165614148644,-0.006623591614722131
539,-8.485281374238559,8.485281374238582,8.485281374238559,-8.485281374238582,21.803323063540773,-26.860424429451996,44.093038729679975,0.9908161313182574,0.8892696938854396,0.05316263319175764
540,-8.485281374238571,-8.485281374238568,8.485281374238571,8.485281374238568,21.092957678061396,19.098108606874263,48.5704218283591,-0.8805454648188371,0.9071471006616869,0.018241966983632826
541,-8.485281374238559,8.485281374238582,8.485281374238559,-8.485281374238582,21.05537149273607,-27.025653911099226,44.42432842901043,0.9918817726046838,0.8953673240090708,0.0762062701926927
542,5.143516556418883e-15,12.0,-5.143516556418883e-15,-12.0,-2.284933478454022,-42.21561223064015,33.05999536907314,1.7989329121902058,-0.051721906197393794,0.05635990268018905
543,-8.485281374238559,8.485281374238582,8.485281374238559,-8.485281374238582,22.184725039691557,-26.030143192818144,44.29490530729173,1.0124265918868667,0.9108170586653235,0.029919973856237018
