3.188115286820736856e+02
6.521557261078906720e+01
4.072787623081769226e+01
3.201773160497827320e+01
2.756674289354674201e+01
2.476046312687492090e+01
2.266288183898284103e+01
2.092002260380031942e+01
1.938549041426117370e+01
1.795084327429819027e+01
1.656330332772976632e+01
1.519969567537148691e+01
1.382822514639074107e+01
1.244562714781364754e+01
1.102929928673314386e+01
9.587071176434339037e+00
8.108191122162754283e+00
6.668491974899520613e+00
5.442892880324508020e+00
4.602931662087499376e+00
4.057961649944517468e+00
3.694571360959280515e+00
3.432827138036301573e+00
3.223925541363480196e+00
3.053127916260141905e+00
2.913682704869061002e+00
2.797607444148958233e+00
2.699337691431483055e+00
2.613048076697554123e+00
2.534752124329481049e+00
2.462202097579700766e+00
2.395016881854662660e+00
2.331875665181456725e+00
2.270932448491138178e+00
2.214115132329296909e+00
2.161355696678104898e+00
2.112578819546715447e+00
2.066962245314409419e+00
2.023755541489316467e+00
1.982797884894351270e+00
1.943460706327351906e+00
1.906549189310255299e+00
1.870797115511425579e+00
1.837563533519214642e+00
1.806303802728467245e+00
1.776965246851280211e+00
1.748869312925448893e+00
1.722436751281206213e+00
1.696750937196401798e+00
1.673076898900331733e+00
1.651450137313753563e+00
1.631212650521670193e+00
1.611781847952539870e+00
1.593567354385795332e+00
1.575902584358469305e+00
1.559346356397125044e+00
1.542828103676954221e+00
1.526618286403041092e+00
1.510357965928065704e+00
1.495412172904876380e+00
1.481015231242743591e+00
1.466800481652817068e+00
1.453129640117849286e+00
1.439204673691653058e+00
1.426068834742207692e+00
1.413662122965965606e+00
1.400859672524932042e+00
1.389039464337300300e+00
1.376595195103435865e+00
1.365404546475931680e+00
1.354114181002408435e+00
1.344545682928294239e+00
1.335691395542747628e+00
1.327232844513813292e+00
1.319363299879532159e+00
1.311086227732814580e+00
1.303198448700271905e+00
1.295603369397087201e+00
1.287985295693418353e+00
1.280639937665883688e+00
1.274075566045475449e+00
1.267370220337155962e+00
1.260716636193067064e+00
1.254010272128665227e+00
1.247990376473386842e+00
1.241961373922814138e+00
1.236304825017920939e+00
1.230973898043490333e+00
1.225221321802983487e+00
1.220051006172442110e+00
1.215225064318487869e+00
1.210081585218176325e+00
1.205036127336246876e+00
1.200661199122491141e+00
1.195817832156189642e+00
1.191548408741517795e+00
1.187058802662189549e+00
1.183217826069542289e+00
1.179207346827850778e+00
1.175290202782480309e+00
1.171506253420100618e+00
1.167820634123382773e+00
1.164296575301026149e+00
1.160945801643407993e+00
1.157182721024187844e+00
1.153567762151949561e+00
1.150252393723389943e+00
1.147014091349600085e+00
1.143563744804867444e+00
1.140411215226942110e+00
1.137406147028477532e+00
1.134370811141567126e+00
1.131211188200732520e+00
1.127847856398540793e+00
1.124003416199718330e+00
1.120649459991126307e+00
1.117722343660805251e+00
1.114461316605094732e+00
1.111638828577528715e+00
1.108985888009377474e+00
1.106350207007204434e+00
1.103642525373356609e+00
1.100818067129125444e+00
1.098319863825666376e+00
1.095920259263385654e+00
1.093799968542087386e+00
1.091142738115925770e+00
1.088874774834858838e+00
1.086329913062469510e+00
1.083851478061222950e+00
1.081567909617647816e+00
1.078914655350006857e+00
1.076688076906679781e+00
1.074515216708806564e+00
1.072398469846251645e+00
1.070105613975905312e+00
1.068046404724758647e+00
1.065937125156628307e+00
1.063619881559008551e+00
1.061203066058680422e+00
1.058853723465936758e+00
1.056841218996273923e+00
1.054475324460314445e+00
1.052452020237135910e+00
1.050526584902459870e+00
1.048196630491301518e+00
1.046325439536778701e+00
1.044451563873358024e+00
1.042453165840375506e+00
1.040036575436916966e+00
1.037919120123806493e+00
1.036298543472845335e+00
1.034796072476035667e+00
1.032948737548710971e+00
1.031372740953764078e+00
1.029664552245882936e+00
1.028103256121636999e+00
1.026348993232218509e+00
1.024964383471901774e+00
1.023031796156210982e+00
1.021513588876356460e+00
1.019676761529924036e+00
1.018003572868093620e+00
1.016146951833133638e+00
1.014316198142533709e+00
1.013036274499421019e+00
1.011227749279949295e+00
1.009381167276372393e+00
1.008031721625893606e+00
1.006135913917312719e+00
1.004175854299513837e+00
1.002576819832697197e+00
1.000754981401010379e+00
9.991063868661625991e-01
9.973270947545952447e-01
9.960108273851630001e-01
9.943032278104845245e-01
9.927905926417248672e-01
9.910785787675511216e-01
9.892122817776938248e-01
9.876657151357614017e-01
9.859631435881098804e-01
9.844932275823965462e-01
9.828086113593247353e-01
9.813753671590769168e-01
9.799590160211955059e-01
9.783289764353407802e-01
9.768050797170676480e-01
9.749321591187229963e-01
9.736599580711561286e-01
9.718022200210479911e-01
9.701968482158461748e-01
9.684090984645794542e-01
9.667706753723406266e-01
9.647951193096395706e-01
9.632469873259332793e-01
9.614282649921371826e-01
9.598475144203481024e-01
9.582925469664780316e-01
9.567833110994703461e-01
9.551299569907976128e-01
9.535285165462344947e-01
9.521488506963824427e-01
9.507526926492227970e-01
9.492277215168966054e-01
9.476324910185506267e-01
9.461177189290612688e-01
9.448027042418417620e-01
9.429891975582719299e-01
9.416479691528208962e-01
9.400905592394931398e-01
9.385240370324975379e-01
9.371909677478417189e-01
9.356103231762661343e-01
9.344266653736563732e-01
9.329638663831461010e-01
9.317112417794284340e-01
9.302095903847004132e-01
9.290819797712321915e-01
9.274602275952665842e-01
9.260072650839791253e-01
9.247687657734765532e-01
9.236359570122772977e-01
9.223573332580720097e-01
9.207685164641867814e-01
9.197847138461058281e-01
9.185090252537028155e-01
9.172140494832207169e-01
9.162775364906567965e-01
9.151175015225079257e-01
9.138337246492893584e-01
9.128511019311941199e-01
9.115036173936773567e-01
9.105524768038165684e-01
9.092462523650611805e-01
9.083591750620434446e-01
9.071707450316752741e-01
9.063782727027849262e-01
9.055626927656447167e-01
9.045057244592443757e-01
9.034498734728478864e-01
9.024589368923536803e-01
9.012676128279145660e-01
9.000200541555075651e-01
8.992081083814996711e-01
8.981403679699845322e-01
8.970774480607769386e-01
8.962940546291496835e-01
8.953436406712341755e-01
8.943366652356732338e-01
8.933141264376806001e-01
8.922814142687852668e-01
8.915621498584789251e-01
8.904812543701936534e-01
8.893861129868140258e-01
8.883707146683542666e-01
8.873296597210740266e-01
8.864100143386716146e-01
8.853647350731760346e-01
8.846055671785183483e-01
8.838955546995120871e-01
8.829798468435936520e-01
8.822579117707359808e-01
8.812668958555475163e-01
8.804541380657973093e-01
8.797246551724220431e-01
8.789886553970567284e-01
8.782041214434803678e-01
8.775482139430890172e-01
8.765443865408419910e-01
8.760716270601552891e-01
8.753454009381780310e-01
8.747316201279798920e-01
8.740093457982632819e-01
8.733435430400623423e-01
8.726049700356091066e-01
8.718704172765007199e-01
8.713364056755975584e-01
8.706090574945805072e-01
8.700723221797160845e-01
8.693475663184550006e-01
8.688231986635587267e-01
8.681721518608335186e-01
8.676959032040206798e-01
8.668161931746198867e-01
8.663451634641160526e-01
8.655220682249167297e-01
8.648996627689179428e-01
8.642641891968678713e-01
8.636106413311456231e-01
8.628894993196561947e-01
8.621554905534133395e-01
8.616952177498226062e-01
8.609865344093011741e-01
8.603562056390283708e-01
8.598159005851756520e-01
8.588439263820202285e-01
8.582743908174125247e-01
8.576643635786121989e-01
8.565405100783971548e-01
8.559058786044021483e-01
8.550718454360897169e-01
8.543080265718563382e-01
8.539220662403947948e-01
8.530012111632915284e-01
8.524803850473876565e-01
8.518390321855674463e-01
8.513769004135410823e-01
8.508000831562322341e-01
8.498253671809797849e-01
8.491070707038308463e-01
8.484452927548201684e-01
8.475979230137485887e-01
8.471323831448889230e-01
8.463213290116260445e-01
8.455890356248051409e-01
8.449323706763216535e-01
8.443270764191589395e-01
8.438247128607506697e-01
8.433133336725421314e-01
8.428218316946162192e-01
8.422878237981965555e-01
8.415658549080186068e-01
8.411235982660478783e-01
8.405041242705363347e-01
8.398015935661571341e-01
8.394274059988143799e-01
8.386585120695975171e-01
8.382037572391669578e-01
8.379386292632470257e-01
8.371637421239818133e-01
8.365157870555650632e-01
8.357555274265661138e-01
8.352796813228713368e-01
8.346895142813788304e-01
8.341748072360499755e-01
8.334133856254207773e-01
8.330280938387799594e-01
8.327251551165087973e-01
8.323487405606549983e-01
8.318693705760943358e-01
8.310672336307304287e-01
8.305214699811784840e-01
8.301975303752185953e-01
8.296304592399484923e-01
8.293410287881838316e-01
8.287150055509787672e-01
8.280238585098378401e-01
8.275724043033078070e-01
8.272420878667635646e-01
8.266791468879605143e-01
8.261196330486774153e-01
8.256340969044018152e-01
8.251910906243661303e-01
8.245364243589777820e-01
8.241273231061402305e-01
8.235898489586447324e-01
8.233117031787587914e-01
8.227931586589493085e-01
8.226311891544687560e-01
8.219794587734817748e-01
8.214248077715642360e-01
8.211057184949061005e-01
8.204294568128189802e-01
8.201794080272173382e-01
8.196159105375987464e-01
8.190136895639114067e-01
8.190014014612208015e-01
8.186650433759017353e-01
8.180534813100651670e-01
8.180096377112769934e-01
8.172802734864746954e-01
8.171879588148264206e-01
8.162823216806983639e-01
8.163160035763105116e-01
8.157102438078424056e-01
8.152706616059793854e-01
8.147763150010876032e-01
8.145161317345879226e-01
8.138378429991003360e-01
8.133495676463593504e-01
8.133460685560008896e-01
8.127434920000516927e-01
8.125584544829497213e-01
8.122021660166448553e-01
8.118035203038740377e-01
8.112015090940154494e-01
8.111158154278492738e-01
8.106500983391909942e-01
8.102594739404360702e-01
8.100136467831239306e-01
8.095962465217664272e-01
8.093147167638551354e-01
8.090602759158079804e-01
8.085617928182177172e-01
8.083017003812694723e-01
8.081435406301569202e-01
8.076435712118673615e-01
8.076631256046419294e-01
8.071401989512598796e-01
8.067463815715766318e-01
8.065334857209044417e-01
8.064255329625252822e-01
8.057778243797600881e-01
8.056061724409243618e-01
8.055689595374128098e-01
8.052544030834209998e-01
8.052878957857704245e-01
8.054770615126969346e-01
8.045253396889656683e-01
8.044651019393280755e-01
8.041742003621531465e-01
8.039680486157272377e-01
8.039286097524328545e-01
8.034734934302506515e-01
8.029661850003280144e-01
8.032387327790004861e-01
8.026237769488909768e-01
8.024536126079819809e-01
8.021940016089675884e-01
8.019700417396474768e-01
8.017269668699961160e-01
8.015871329940346124e-01
8.014974321737722285e-01
8.011807203145333567e-01
8.008786581372646651e-01
8.005053172842534481e-01
8.005317092553210223e-01
8.001091002543816444e-01
7.999202984146388529e-01
7.996617354556572188e-01
7.995402681053930261e-01
7.992620350520825978e-01
7.991933410308056374e-01
7.988883644569547693e-01
7.985809982288550879e-01
7.983900987358610868e-01
7.982205246216421690e-01
7.979067891423995418e-01
7.978475278717366281e-01
7.978224625843317597e-01
7.973821262840981028e-01
7.970942333923533019e-01
7.969020667978550243e-01
7.965525043411453288e-01
7.965700245554495629e-01
7.961168858474075849e-01
7.958123520284264840e-01
7.957535453925398405e-01
7.955654352184912126e-01
7.951858080431017939e-01
7.951172950873520717e-01
7.948074295508552600e-01
7.947223840091334202e-01
7.943787483176958375e-01
7.941181941096308039e-01
7.940983058040037568e-01
7.938113073577107714e-01
7.935362538524305398e-01
7.934092801602404821e-01
7.931750807962029137e-01
7.928198977291002203e-01
7.926815645817066880e-01
7.923445845283428879e-01
7.922644874576533214e-01
7.919522018636070415e-01
7.916576462389744995e-01
7.916392797692030081e-01
7.913018758429264388e-01
7.911756191899308455e-01
7.910119865173569353e-01
7.907903092002576129e-01
7.904480439949789217e-01
7.901954323747032438e-01
7.899152074657297407e-01
7.898329259806247116e-01
7.896141869079542630e-01
7.893541147495750643e-01
7.892326368562225802e-01
7.889743851005937003e-01
7.885847753157890772e-01
7.885887256762399433e-01
7.882275601108438279e-01
7.880145786561435495e-01
7.878706292929713584e-01
7.877288689242146758e-01
7.873471504946046862e-01
7.872853004813537003e-01
7.870146822705258449e-01
7.866868138531094568e-01
7.863675959031115603e-01
7.858786458500550687e-01
7.854542901007781630e-01
7.852719726771395514e-01
7.848534781895915025e-01
7.845521640278710906e-01
7.844349597382084260e-01
7.839788150530876409e-01
7.834692588423416426e-01
7.832164260136758038e-01
7.829187749316793843e-01
7.825701221264215190e-01
7.821689047381802373e-01
7.820660481440299128e-01
7.815962324960414875e-01
7.812294014010000565e-01
7.809506911957625475e-01
7.804479818736673735e-01
7.802784314836531676e-01
7.799112492748084824e-01
7.796835381547490007e-01
7.794065711078600467e-01
7.792651105965640035e-01
7.787806843582165683e-01
7.784824239260662582e-01
7.783681897938713456e-01
7.780224047034808299e-01
7.778761784631972320e-01
7.777545427022355407e-01
7.773580559962548486e-01
7.771367939541516945e-01
7.772076908281992935e-01
7.765444136281218768e-01
7.761767752949751964e-01
7.760916284878183191e-01
7.758081367969821285e-01
7.753790695989565274e-01
7.753716992146459930e-01
7.752455376574567403e-01
7.751724495326319797e-01
7.748805816022916737e-01
7.747211789618225763e-01
7.744629844186149414e-01
7.741883474695393508e-01
7.737841002688895520e-01
7.737301601775797844e-01
7.735187873491145005e-01
7.733017506451926870e-01
7.731081670099041458e-01
7.729383272864914778e-01
7.724357147107808741e-01
7.725391644711120387e-01
7.724085044350216256e-01
7.720631122424523873e-01
7.720614084816252998e-01
7.719249832140860912e-01
7.716401682584810295e-01
7.714305797891097827e-01
7.713357911881973950e-01
7.710180992357799079e-01
7.708387669054482805e-01
7.707749353579153029e-01
7.704524288046447067e-01
7.702082253754484187e-01
7.699874724580504370e-01
7.699906729696514018e-01
7.697799451079919697e-01
7.695189497777580323e-01
7.693927768144280810e-01
7.692032481807274946e-01
7.690215776820340521e-01
7.688785693403481503e-01
7.688010784002637932e-01
7.686208769728901657e-01
7.683672134525868502e-01
7.682199326946382856e-01
7.680432650326066701e-01
7.679117304383938913e-01
7.677732541886217454e-01
7.675311477825509376e-01
7.673125544084976601e-01
7.672526254619501662e-01
7.669931087252007673e-01
7.668953814667843760e-01
7.667373187508385035e-01
7.665911115559659317e-01
7.664858625688810712e-01
7.662161440881321006e-01
7.662045850617859033e-01
7.659706435169110206e-01
7.658691343213659408e-01
7.658040903843724712e-01
7.656060552796352114e-01
7.651662629757177703e-01
7.653858200366553399e-01
7.652220642505107584e-01
7.650393499642379469e-01
7.648942877314474087e-01
7.648307428068652492e-01
7.646487338961825975e-01
7.645712309990204680e-01
7.644154326303828073e-01
7.642636141666163674e-01
7.640599430204307874e-01
7.640215162183818798e-01
7.636314069589736908e-01
7.636547626933679611e-01
7.634782227920752229e-01
7.635273294693138979e-01
7.631442733419276925e-01
7.631994123094781868e-01
7.630626013341142988e-01
7.629222597608786849e-01
7.626701690798620703e-01
7.625690108442091386e-01
7.625649672375889310e-01
7.622823972340447840e-01
7.621212431060278014e-01
7.620509905593837452e-01
7.619484838262938764e-01
7.617443007782521702e-01
7.617408360190215388e-01
7.614907668072879998e-01
7.614913496080096822e-01
7.612557057700352070e-01
7.611780325742026898e-01
7.609120055934569526e-01
7.607981000823715867e-01
7.608398410959759106e-01
7.605617791099358316e-01
7.604163799736990415e-01
7.602930096123610149e-01
7.604059044257317490e-01
7.600398620245244485e-01
7.599837871330367145e-01
7.599329532120645547e-01
7.597010055694585207e-01
7.596312791334715042e-01
7.595337960533700139e-01
7.592710700083226127e-01
7.593113517543935709e-01
7.591831936147457327e-01
7.589490158263653141e-01
7.588022218355398030e-01
7.587430788338668242e-01
7.584326324532670860e-01
7.584552444643065661e-01
7.583203152547436376e-01
7.581917209242606814e-01
7.581578064119783855e-01
7.579182165398745674e-01
7.579439334307469522e-01
7.575956162141267436e-01
7.576409061411674140e-01
7.574896469682136368e-01
7.572655014846146893e-01
7.571094014374137871e-01
7.570532736313869693e-01
7.567134936687772706e-01
7.567781251576057855e-01
7.566420681153948058e-01
7.563204238188719897e-01
7.564088699726975173e-01
7.563825913497349562e-01
7.561302347464166074e-01
7.562111521426674310e-01
7.560504764940728650e-01
7.559716530644416954e-01
7.556347892022320378e-01
7.557155059521963869e-01
7.554939687999455700e-01
7.554655301925173871e-01
7.557572286969959086e-01
7.549948381239200978e-01
7.556068170481208268e-01
7.549776972067213654e-01
7.550320479414448505e-01
7.547007748049877618e-01
7.549927282969974840e-01
7.542475271531182690e-01
7.544892357787320591e-01
7.542686696810738667e-01
7.541866288380681960e-01
7.536110144929369925e-01
7.538514906072656396e-01
7.534821981982462447e-01
7.535562115828776664e-01
7.535549438007144163e-01
7.530278835131282156e-01
7.528314997489617966e-01
7.530305168198632160e-01
7.526179188338777415e-01
7.525744069890084598e-01
7.527792092481896402e-01
7.522337901569101648e-01
7.520424585556547692e-01
7.522862894968432856e-01
7.518017584145337828e-01
7.517582188816630540e-01
7.515584793870346836e-01
7.516662672769762743e-01
7.516518097025627343e-01
7.515319079749723796e-01
7.510331481419770805e-01
7.512919192218737718e-01
7.511959858248268285e-01
7.504410879821920011e-01
7.507093954106863753e-01
7.507057767939616655e-01
7.504716936359517865e-01
7.501387645499072443e-01
7.501796978223617129e-01
7.496681713227600907e-01
7.501253498259424779e-01
7.499183849209082320e-01
7.497698452929563162e-01
7.497609459809345678e-01
7.492147979738716934e-01
7.496529701509242472e-01
7.493044092245501053e-01
7.491052402173553615e-01
7.491396501066639457e-01
7.488871619884522879e-01
7.487682182164004940e-01
7.486849482851564153e-01
7.487179386721717345e-01
7.484775086520838450e-01
7.481140889960010698e-01
7.478904089985723980e-01
7.482069694284074757e-01
7.478351203649529211e-01
7.479721238659194915e-01
7.474475229723185343e-01
7.475685540948847629e-01
7.473832502893528185e-01
7.470427098993210890e-01
7.471332715207044117e-01
7.469378362454487386e-01
7.466497973387048459e-01
7.466996936479661784e-01
7.466506418786212906e-01
7.465252910844094592e-01
7.463052241306065149e-01
7.463041960935620223e-01
7.460829589000002038e-01
7.460823500862293622e-01
7.458068941632761684e-01
7.459297655402009619e-01
7.454402542233230511e-01
7.456950424573735026e-01
7.454027654335969588e-01
7.453533907431948435e-01
7.453778960642454265e-01
7.452275400231421765e-01
7.451255478525228293e-01
7.450203515930079456e-01
7.447189792716520929e-01
7.446542016152303267e-01
7.443280393621752866e-01
7.444464109090720427e-01
7.441183716880425125e-01
7.438765444055827070e-01
7.439627718492051178e-01
7.436293697761652277e-01
7.439184830556248018e-01
7.437668359541471652e-01
7.431992390184039010e-01
7.435645015519111167e-01
7.432024205347471657e-01
7.432782361705587704e-01
7.428664310341748234e-01
7.429784882782711763e-01
7.429179237545028291e-01
7.424825180168145300e-01
7.427400111042045117e-01
7.422023321574034993e-01
7.425237862310645198e-01
7.419228314209136421e-01
7.420914068564088417e-01
7.426717839799507059e-01
7.426838733132647974e-01
7.426360253745530882e-01
7.421081523252150980e-01
7.421644382659907668e-01
7.420285908692716426e-01
7.417478630689777752e-01
7.416208241682324953e-01
7.412767659846091206e-01
7.412411313697796489e-01
7.411444353771289295e-01
7.408815688564381885e-01
7.407199695855947175e-01
7.404773479102835232e-01
7.404294692684745272e-01
7.402444234153314762e-01
7.402325507512910185e-01
7.400166511123216218e-01
7.398347332220773787e-01
7.395070525714114718e-01
7.395765602023763874e-01
7.395773968214056637e-01
7.392981242020045807e-01
7.389637810607885271e-01
7.389025162854746531e-01
7.387876747934312149e-01
7.384769769277435003e-01
7.384198784335485044e-01
7.383974710095121408e-01
7.381596474756840776e-01
7.383565617041708551e-01
7.380518461424584453e-01
7.379901428366610894e-01
7.376431921357228250e-01
7.376226845287078282e-01
7.374515539214252513e-01
7.373934111081842380e-01
7.371159116192312899e-01
7.372292299150434713e-01
7.369436402752088666e-01
7.371655640037767521e-01
7.368132229035122549e-01
7.368008711200531025e-01
7.366825014548000761e-01
7.363939289879724015e-01
7.363664983288974453e-01
7.362463875403563174e-01
7.362265715224173279e-01
7.361114971200461987e-01
7.359899858374921999e-01
7.358759771068349442e-01
7.356640218979837442e-01
7.357930406225094977e-01
7.356729739412050106e-01
7.354933875000403409e-01
7.353472291328113641e-01
7.354861161526450308e-01
7.351989540989256611e-01
7.351039302213560056e-01
7.349072513409150575e-01
7.347396926534913719e-01
7.346218779769341234e-01
7.346763409754264451e-01
7.346393029892058779e-01
7.345857401120540198e-01
7.344509322235079907e-01
7.344033149157280782e-01
7.341298747485138776e-01
7.341448515368703687e-01
7.337201117993473742e-01
7.336136128139444379e-01
7.335553107008231377e-01
7.333509206419738247e-01
7.332519031098500006e-01
7.330008845473011680e-01
7.332480083352029832e-01
7.327745044258836549e-01
7.329376726484162496e-01
7.328598226105208502e-01
7.325100522339188513e-01
7.325857386793611647e-01
7.324649425880989106e-01
7.318952821241168083e-01
7.321576107798991595e-01
7.319078454020203628e-01
7.318543419196661404e-01
7.317532749008393012e-01
7.315935817662961860e-01
7.315268219084188894e-01
7.313228163560808737e-01
7.312110629562340591e-01
7.312544944094817589e-01
7.312422007491826692e-01
7.309338467848527365e-01
7.307316903316268819e-01
7.305695832440290971e-01
7.306005270221161974e-01
7.304854347973209761e-01
7.304250911204731578e-01
7.304225853847210459e-01
7.301944663553925352e-01
7.298717094458044841e-01
7.300948321732479984e-01
7.298712226381843804e-01
7.295577611001954343e-01
7.295684569549513165e-01
7.295543424918330411e-01
7.293378396345100434e-01
7.292720163799510935e-01
7.292305325341414957e-01
7.290533274479499282e-01
7.291479199726135230e-01
7.288197643557950967e-01
7.288027464033373093e-01
7.288191910212699076e-01
7.287937143937220918e-01
7.287417479070050774e-01
7.285279875029196939e-01
7.284966777660814019e-01
7.283638011825224190e-01
7.284883566286625145e-01
7.282071581485439760e-01
7.282305715800876378e-01
7.280985118646084997e-01
7.279354966762138224e-01
7.278381562734264065e-01
7.278262863726645548e-01
7.276982949567264436e-01
7.276870220515739840e-01
7.275417408958818610e-01
7.274182677375238271e-01
7.272816018367230795e-01
7.273022236816765185e-01
7.271652931562179178e-01
7.270532930536320881e-01
7.271386996151706361e-01
7.269808968530341309e-01
7.269537815446053264e-01
7.268253926635969142e-01
7.268920517869129627e-01
7.267772330828613514e-01
7.265402689457535201e-01
7.266355648250703014e-01
7.265031129322315762e-01
7.265339495358810185e-01
7.264572943792174664e-01
7.264249910713195257e-01
7.263671101543556219e-01
7.260867599312618159e-01
7.262473683990596784e-01
7.262785606059196652e-01
7.259780010138269235e-01
7.259692402537941680e-01
7.258843261740758335e-01
7.257785885826324446e-01
7.257129638286489159e-01
7.255461169291139711e-01
7.255019433847019750e-01
7.254805007552104223e-01
7.253605232275863735e-01
7.253067953986910288e-01
7.250454927719937048e-01
7.250378467396770832e-01
7.250152392619648722e-01
7.247623093343106282e-01
7.249579227937950066e-01
7.246538128134440981e-01
7.246978577744463967e-01
7.246160803947280238e-01
7.245546469638788345e-01
7.245025686356040273e-01
7.244988053814861440e-01
7.243015810474187077e-01
7.241803264604816937e-01
7.241107267139915704e-01
7.241523585922781114e-01
7.238893181262495702e-01
7.236549170518634666e-01
7.238158551968622012e-01
7.235537342058284693e-01
7.236615204978579241e-01
7.233508079657192669e-01
7.232269902189885080e-01
7.231468805485693485e-01
7.229820183559120261e-01
7.231111126771946340e-01
7.230109108368497628e-01
7.233709884252298439e-01
7.228960008742325583e-01
7.226234806972821056e-01
7.224963997331507182e-01
7.226452926725612791e-01
7.228637121004011235e-01
7.222043559075003172e-01
7.226289973371433639e-01
7.221709220337455548e-01
7.219814874102620239e-01
7.216420593596880595e-01
7.215254802928022793e-01
7.214491400152827083e-01
7.210485795729195679e-01
7.210112276706009959e-01
7.213304400677985617e-01
7.208977344520536290e-01
7.204898112068587324e-01
7.209116735528177111e-01
7.202492165321107143e-01
7.205429915227027360e-01
7.198024160383663661e-01
7.196981324342311970e-01
7.195323768416465038e-01
7.201129572698173886e-01
7.192823601473481432e-01
7.196195050442376617e-01
7.189790427057208833e-01
7.188952002796066276e-01
7.185911883969779979e-01
7.191524448592158114e-01
7.184209758582986716e-01
7.188388050172861421e-01
7.183986106597655130e-01
7.184615945009448224e-01
7.183976699612343308e-01
7.181616142150671900e-01
7.180172492880961821e-01
7.175582391427162143e-01
7.174365625788380330e-01
7.173828706082633344e-01
7.171755629306285629e-01
7.175760224305313129e-01
7.167787578904968315e-01
7.167953686703459892e-01
7.166176140667523953e-01
7.164435107599155250e-01
7.163482706944401812e-01
7.163186917461716874e-01
7.166059748126859530e-01
7.158996388921438081e-01
7.157776406443029371e-01
7.157315061802768108e-01
7.154883500849443800e-01
7.154464663704541705e-01
7.152725506489531204e-01
7.152103270994260020e-01
7.150575355728728821e-01
7.151571629286190834e-01
7.147565138820528574e-01
7.149382377374111641e-01
7.144518899914462651e-01
7.146999165903727969e-01
7.143966186441793598e-01
7.142105376033386355e-01
7.142835688730625465e-01
7.140368633692556477e-01
7.140561347121757718e-01
7.136987272189573295e-01
7.139947210167855163e-01
7.134142107117615872e-01
7.136014647949422418e-01
7.137656485243804028e-01
7.135153673529167628e-01
7.134370899218495099e-01
7.132599594593110881e-01
7.129493837475106011e-01
7.129731244117293310e-01
7.127209845336777150e-01
7.127152576881793378e-01
7.125306454471452833e-01
7.125686838670119982e-01
7.123726518922133266e-01
7.123646143221721294e-01
7.123258882086734856e-01
7.122489788959184276e-01
7.121279685179039420e-01
7.120261416006737898e-01
7.119786157405149085e-01
7.118582467517601264e-01
7.118152938672719365e-01
7.117248428848096387e-01
7.115937770391128625e-01
7.114200106278452118e-01
7.114725477074396176e-01
7.111621524976651232e-01
7.112875224554936482e-01
7.113791288911232025e-01
7.109693139200370382e-01
7.110480412429155406e-01
7.108425925018755365e-01
7.106268698897032499e-01
7.106475704107767521e-01
7.105245820613097507e-01
7.102532243905342879e-01
7.102335573946212399e-01
7.102276941180870606e-01
7.101157920000490398e-01
7.101268752295458730e-01
7.100183597031618499e-01
7.101856240682048460e-01
7.098913924552650023e-01
7.095929652500330143e-01
7.097449455855154854e-01
7.097192810109690386e-01
7.094467880374150104e-01
7.093911387810774016e-01
7.092925810895316374e-01
7.090767486572407963e-01
7.091038299689379487e-01
7.089513661803837907e-01
7.088927148884994756e-01
7.088031418157871855e-01
7.086955219413892948e-01
7.086369831347133497e-01
7.083896138614500515e-01
7.084219301496507137e-01
7.082242184091375181e-01
7.082358631148175654e-01
7.081612086909240267e-01
7.080561484144086704e-01
7.078704240470307107e-01
7.079374585433675371e-01
7.078485555483035041e-01
7.076359830370582138e-01
7.074937421403985072e-01
7.075061995433237216e-01
7.075098030144523209e-01
7.072198868421106788e-01
7.071734301840409964e-01
7.070594593646862824e-01
7.071580344427587095e-01
7.069245997368619472e-01
7.068039709968111373e-01
7.068045152291636546e-01
7.066732692205875965e-01
7.066563967448066252e-01
7.065960842051236535e-01
7.063868026668638223e-01
7.065572867929095224e-01
7.063882734914496142e-01
7.059739944123313293e-01
7.061960786496562781e-01
7.059301900584934453e-01
7.059650090163614999e-01
7.059205520899730635e-01
7.060424471800890167e-01
7.058187193667685433e-01
7.055625950296505744e-01
7.054551448323825857e-01
7.055005915802881056e-01
7.054132157291362892e-01
7.052244697374977500e-01
7.052233054003198554e-01
7.051530729082725601e-01
7.050292651210745554e-01
7.048814126424437498e-01
7.048667902914856898e-01
7.048374237261922914e-01
7.049717941787086994e-01
7.044815593252570229e-01
7.041552659191051555e-01
7.043525214362545972e-01
7.042590268579197454e-01
7.040487584216537087e-01
7.039742955923281587e-01
7.039008955638984544e-01
7.039002332394450612e-01
7.036713862803347652e-01
7.035576117373647520e-01
7.035842538600243223e-01
7.033854828485113231e-01
7.034759514056371232e-01
7.033443313378558992e-01
7.032497135797709520e-01
7.032428192606059447e-01
7.031871002060537945e-01
7.031154385560779430e-01
7.031172731903932993e-01
7.030242016334713462e-01
7.027361950111132849e-01
7.027604496604785700e-01
7.026856480270678995e-01
7.028346052939107302e-01
7.023216264194961367e-01
7.025798876116873259e-01
7.023299182049820288e-01
7.023155069179175536e-01
7.022515415423864482e-01
7.020684406451277448e-01
7.021729020037822400e-01
7.022226990841268224e-01
7.020616871872578102e-01
7.021338543426831613e-01
7.021762394764891058e-01
7.021587782559367552e-01
7.019153203847552369e-01
7.018035105379429872e-01
7.018343941274126641e-01
7.020593358544789941e-01
7.016514334154759780e-01
7.017668779522520106e-01
7.014379141690448849e-01
7.015538666171708959e-01
7.016938611680770821e-01
7.014302443033870738e-01
7.014906649580763265e-01
7.013304652459068089e-01
7.010910969845736140e-01
7.010708712827490308e-01
7.011731588577468921e-01
7.011115813183924628e-01
7.009810560557685477e-01
7.007707861196713628e-01
7.009755256512907318e-01
7.009289938658739283e-01
7.007027365613138770e-01
7.007807082480915772e-01
7.007279708119140693e-01
7.006342581088067512e-01
7.004972309798228602e-01
7.004236933155792988e-01
7.003703434306650655e-01
7.004302634988462950e-01
7.003276194816546729e-01
7.003675837009781802e-01
7.000862678811224926e-01
7.002573490666802458e-01
7.000829282733901371e-01
6.999833059670744762e-01
6.999230035272013817e-01
7.000133298658264280e-01
7.000469537720217517e-01
6.997516696855714535e-01
6.995006760910823518e-01
6.995387911998144359e-01
6.994203465816881682e-01
6.992470719198502493e-01
6.994665077471801107e-01
6.994271508330244247e-01
6.992300444580639152e-01
6.991314160339155981e-01
6.988695901674857325e-01
6.991810634130950497e-01
6.991122448716304838e-01
6.989590173364472747e-01
6.988655498170756042e-01
6.990851263204901356e-01
6.987357014091948315e-01
6.987105349237808793e-01
6.988464053435383683e-01
6.986939934299000177e-01
6.984907430855784582e-01
6.984941348943652928e-01
6.982456052470654706e-01
6.984960377545293975e-01
6.980057692520639234e-01
6.980358009508624839e-01
6.981168760366053272e-01
6.979135189281899798e-01
6.980849558621154971e-01
6.977770402947490735e-01
6.977335020242666497e-01
6.975216987190760998e-01
6.976415764893726390e-01
6.973493549195922681e-01
6.973186523164871531e-01
6.973993954081677549e-01
6.974127845558752981e-01
6.972900972455864377e-01
6.971933668174798981e-01
6.969964714015332019e-01
6.966704590870711478e-01
6.969274894707652157e-01
6.969774973381853700e-01
6.969085830083652233e-01
6.963895055121168687e-01
6.967281082250647017e-01
6.966933976062787970e-01
6.967634234853509190e-01
6.966035814872409970e-01
6.965432350332432243e-01
6.965308275723508524e-01
6.960806653122336707e-01
6.962649098271852521e-01
6.962403953776609145e-01
6.958281222901306906e-01
6.962192583458692852e-01
6.959287387675883174e-01
6.958133288279205741e-01
6.956448910399958274e-01
6.957607144957530521e-01
6.956614798784587217e-01
6.952753408227025922e-01
6.955159305761499100e-01
6.952557032238412260e-01
6.951854127373376935e-01
6.950788358034055703e-01
6.949859139105002415e-01
6.950112478143437578e-01
6.949855052468684180e-01
6.948820500876773387e-01
6.946594790683199294e-01
6.950774863194504327e-01
6.947750020093322876e-01
6.945729893646798159e-01
6.945610531261535714e-01
6.946813261911771731e-01
6.944493523411175984e-01
6.946588958249740875e-01
6.943844934175325001e-01
6.941736281287673727e-01
6.942847404184564475e-01
6.943032456588226209e-01
6.942061830779246989e-01
6.940214944035368871e-01
6.939906930239104765e-01
6.938751065017448871e-01
6.936972411382377190e-01
6.937656063253383465e-01
6.934772898711303313e-01
6.935242614412081563e-01
6.935625930990663157e-01
6.934517389669467846e-01
6.934369086425199447e-01
6.932214924254110899e-01
6.933070745434698479e-01
6.931660623698108203e-01
6.930885212834233533e-01
6.927545237243334375e-01
6.925231563233810173e-01
6.926869352219350295e-01
6.924074798990426105e-01
6.926336257997430801e-01
6.925935278247545845e-01
6.919180283046775237e-01
6.922589840214485868e-01
6.918641196429188289e-01
6.921371224565752156e-01
6.915532244273340234e-01
6.918854536918955800e-01
6.913528713055615560e-01
6.915929171329030511e-01
6.915560258121691284e-01
6.911666200503091551e-01
6.914478680438524982e-01
6.914764819215277747e-01
6.909759923323502973e-01
6.910482336710330742e-01
6.908975245865346393e-01
6.911630439980420704e-01
6.906405806174071849e-01
6.907139450276109649e-01
6.907882165367950078e-01
6.905949533495477910e-01
6.904220940255755279e-01
6.904876382944108437e-01
6.903047420740952012e-01
6.904462877700442425e-01
6.903438009902864714e-01
6.904262743510870548e-01
6.901775269240931765e-01
6.900910208310367944e-01
6.894198231974625335e-01
6.896031288776934831e-01
6.893870408429300101e-01
6.891819878867928573e-01
6.891038658821876384e-01
6.890208696071260519e-01
6.887873292538060355e-01
6.888351782529661405e-01
6.888396872033548668e-01
6.886567491766747429e-01
6.886009619831003903e-01
6.885495147800727578e-01
6.885198708639220788e-01
6.883564797880774577e-01
6.883167564246170933e-01
6.883428383320508992e-01
6.882733660874581494e-01
6.880625114194883762e-01
6.882953949638781488e-01
6.879835963129724563e-01
6.880520665017000326e-01
6.878339103825199530e-01
6.877610027615687072e-01
6.876887957834427745e-01
6.876652049704813363e-01
6.876885844846890583e-01
6.876048741655621521e-01
6.875306959957976360e-01
6.875882131136611397e-01
6.874622974165864875e-01
6.872425626779113950e-01
6.872930200639570941e-01
6.873250935505050840e-01
6.870289890001171074e-01
6.871911894736438819e-01
6.869041386376600888e-01
6.869173579931922013e-01
6.865695587933872135e-01
6.867965992976520218e-01
6.866253699685381795e-01
6.866238107379373234e-01
6.867915544062577204e-01
6.864401867482349262e-01
6.863718380131779151e-01
6.864703368197332400e-01
6.862337279042152183e-01
6.865264086435636237e-01
6.859847359283257617e-01
6.863201853913315498e-01
6.864081254268071808e-01
6.858493252966432197e-01
6.860513320322176867e-01
6.858979921089923826e-01
6.856733837400250664e-01
6.857373916609321718e-01
6.856754469790814488e-01
6.858316031173420368e-01
6.853846078202791015e-01
6.854341153086495053e-01
6.855336080931039300e-01
6.853238684689043625e-01
6.851737139558585765e-01
6.854145363062827956e-01
6.852388337728334555e-01
6.852187941268730320e-01
6.850446753545686995e-01
6.848611629235712428e-01
6.848665630335869503e-01
6.850394498532722531e-01
6.847629621040653980e-01
6.849858492113608532e-01
6.846067798774083668e-01
6.846145013674144186e-01
6.846743781612709689e-01
6.844283945011752079e-01
6.846112073154060340e-01
6.841029440897972158e-01
6.843002193452197846e-01
6.840779734815022328e-01
6.841043820049320656e-01
6.839831795190235431e-01
6.840143698751813828e-01
6.836906192997801446e-01
6.839904050058054352e-01
6.836791063974617666e-01
6.837148760947150405e-01
6.836388408571404396e-01
6.835313943824630201e-01
6.831996517046458051e-01
6.834066109889205265e-01
6.831284907270003259e-01
6.832957878376948457e-01
6.828887131873284666e-01
6.828654024595394167e-01
6.828346134416642954e-01
6.828870749223110437e-01
6.827724613116488150e-01
6.825761271705182986e-01
6.827226785835226464e-01
6.825509290444770061e-01
6.825087063565193901e-01
6.825905404503563867e-01
6.824393222584719254e-01
6.825584924437063661e-01
6.820364304455600601e-01
6.820995363531897615e-01
6.821567946069571065e-01
6.819875073787843300e-01
6.821351283108439967e-01
6.818784697821710372e-01
6.819706195601198395e-01
6.817623456743756583e-01
6.816291922790190805e-01
6.817126871355206896e-01
6.817664812979127298e-01
6.817498509188620881e-01
6.815253737727529071e-01
6.815433412593859819e-01
6.815219087106748619e-01
6.814370813979836461e-01
6.812758944839435449e-01
6.813527123281861719e-01
6.811402461989080059e-01
6.812767319147076117e-01
6.812313054498958520e-01
6.810049135012370414e-01
6.809646542292004945e-01
6.809248147350793756e-01
6.809231746188779688e-01
6.806836754011530433e-01
6.806902107207394304e-01
6.806221997180017524e-01
6.807602311157389119e-01
6.803773967854099824e-01
6.805339936893234354e-01
6.804569204787488390e-01
6.805224062557203579e-01
6.802861191304634403e-01
6.801910725945871095e-01
6.803706607716746291e-01
6.800329000499866217e-01
6.800784543600898457e-01
6.798747446784969561e-01
6.798727313420335205e-01
6.797898121331371613e-01
6.798699052832666290e-01
6.798130766098379185e-01
6.795668063697584138e-01
6.795670123418583453e-01
6.797524326209339884e-01
6.794237140540514419e-01
6.793930759701042321e-01
6.792675637098901653e-01
6.794169207522077203e-01
6.791511141523569606e-01
6.792212855057316867e-01
6.789804310232115947e-01
6.788730659705831672e-01
6.788603908107009310e-01
6.789033526878970326e-01
6.788220218742285761e-01
6.788337351759357041e-01
6.787295123036849454e-01
6.787640591686043834e-01
6.785860774452433519e-01
6.782917397167120832e-01
6.781458955682567735e-01
6.783121242754998059e-01
6.782840899893400888e-01
6.781210844156478901e-01
6.780285093890006110e-01
6.782387224405233006e-01
6.779704362698177889e-01
6.777109655733118965e-01
6.779041159162643160e-01
6.775947021816852711e-01
6.776627071988357010e-01
6.775515614342327853e-01
6.776827968682012093e-01
6.773741117933648193e-01
6.772384927950185762e-01
6.770739443630401366e-01
6.771371493926791052e-01
6.770347093817589146e-01
6.769187656373856221e-01
6.769199735770810022e-01
6.767488914329989891e-01
6.763155466199229915e-01
6.763846577436805063e-01
6.762875677898324556e-01
6.761177544092796809e-01
6.761929144925394874e-01
6.760881857869142086e-01
6.757851972272191921e-01
6.757573489048760429e-01
6.757110982862127857e-01
6.756355643446471104e-01
6.754506696150593958e-01
6.754041531567002155e-01
6.751423298510959015e-01
6.752314472552156666e-01
6.752402268169849231e-01
6.748933340129652514e-01
6.751392782608135468e-01
6.748032474740389697e-01
6.748419262225614501e-01
6.745934713763420687e-01
6.746347473365337244e-01
6.746168502993992178e-01
6.743800775065121877e-01
6.742396196848270407e-01
6.741772798496049601e-01
6.741036229437816774e-01
6.740014252008058593e-01
6.741253112314290474e-01
6.737678627448353552e-01
6.739148666129270993e-01
6.736352665301185150e-01
6.736995629765040183e-01
6.734896786624730014e-01
6.733034047968082803e-01
6.733822009909912198e-01
6.731534480512681995e-01
6.731040050594897517e-01
6.729329799439645043e-01
6.729667025683859771e-01
6.727376117373683462e-01
6.726801829286942480e-01
6.724952921546255569e-01
6.724395530316579217e-01
6.725258476462555590e-01
6.724044944323460671e-01
6.723862027123393981e-01
6.723148658635605956e-01
6.722711020803053827e-01
6.722713332663589059e-01
6.720276034067412807e-01
6.722066587075111732e-01
6.720218112466328497e-01
6.718352438500182489e-01
6.720069403484081327e-01
6.718390882250807605e-01
6.715474669510940187e-01
6.718056726110392951e-01
6.715078374802132544e-01
6.718004668969669302e-01
6.716427480084675716e-01
6.716071599321181695e-01
6.715588211033670651e-01
6.714436059759377740e-01
6.709634313687794505e-01
6.711819064190756023e-01
6.710605711661248307e-01
6.710335226131216579e-01
6.708114871447125038e-01
6.709003516757602315e-01
6.711458238134854204e-01
6.707429630500487683e-01
6.709057763742785063e-01
6.707349859388586077e-01
6.705255683176060133e-01
6.704987509357919206e-01
6.703977316995458624e-01
6.703795420997500365e-01
6.700876864784062192e-01
6.700339966656970736e-01
6.702233089425185808e-01
6.698297903674294007e-01
6.697418946295763398e-01
6.697287010922293726e-01
6.696375003671267701e-01
6.697433569892353722e-01
6.696609505367407955e-01
6.695390175077230444e-01
6.696162308164659294e-01
6.692014289735985777e-01
6.694868938723654850e-01
6.693499322989651112e-01
6.688946979817101957e-01
6.690473821654955300e-01
6.688880922044945221e-01
6.688134010532494900e-01
6.687073926806883506e-01
6.689524752715123590e-01
6.685551204534415648e-01
6.687702265949734270e-01
6.686011524355749414e-01
6.684974450082162845e-01
6.685757330828113743e-01
6.683139453802477981e-01
6.683492617028200522e-01
6.682285995702216264e-01
6.683921429581399787e-01
6.680438338731504722e-01
6.681307044665881767e-01
6.681654638754018771e-01
6.679658682544166171e-01
6.679876141793509303e-01
6.678543367716752721e-01
6.678499612902638605e-01
6.680280360277364160e-01
6.677440921744621782e-01
6.678476400921806722e-01
6.678468195654146955e-01
6.674713463497058408e-01
6.674477781584650105e-01
6.673891796855503378e-01
6.673039397194200362e-01
6.675489573767086071e-01
6.673997259304714769e-01
6.672340689386171420e-01
6.672637927951269310e-01
6.671454691775969836e-01
6.672305256612037772e-01
6.669482974651868012e-01
6.670102617718914884e-01
6.668264426458071492e-01
6.667331590928636809e-01
6.666892795209959921e-01
6.667373074049028903e-01
6.669035580303154243e-01
6.665737275634266989e-01
6.665143902007225618e-01
6.665051006473169393e-01
6.664019557377839353e-01
6.662934678959310242e-01
6.663573334223206190e-01
6.661446872764503757e-01
6.662710261231147291e-01
6.662239998535057772e-01
6.659733779480249138e-01
6.658501719292964083e-01
6.660368111617913645e-01
6.658230315297783974e-01
6.658648821974785248e-01
6.657454569793074262e-01
6.656687284069097155e-01
6.657499379985712951e-01
6.655488698179516938e-01
6.656164923992141658e-01
6.654677138822810978e-01
6.655400178516400755e-01
6.653856995368484517e-01
6.653430485876627998e-01
6.652300019205790171e-01
6.653022987570119673e-01
6.654420578258901653e-01
6.650233233452940151e-01
6.651695846478427043e-01
6.650514827196423173e-01
6.649013687016346319e-01
6.650567439589459839e-01
6.646756092277374961e-01
6.647013282431889492e-01
6.648952451728682433e-01
6.645961793381628402e-01
6.645381371585972197e-01
6.643799263147383005e-01
6.644408797545618972e-01
6.642571015474881824e-01
6.644677347609629914e-01
6.639144113277907211e-01
6.639511003649934962e-01
6.639172384497088464e-01
6.641178341342653946e-01
6.637587201219562472e-01
6.638190001163014609e-01
6.638341562271173890e-01
6.637030360763386261e-01
6.634419391352966988e-01
6.634309708286810769e-01
6.633508433897858936e-01
6.632306379157394405e-01
6.632344420869530355e-01
6.630986564270857642e-01
6.630772408759402214e-01
6.630468034367283936e-01
6.628698947768603134e-01
6.627684354145919610e-01
6.627355063712917493e-01
6.627721575958219757e-01
6.625877949101788289e-01
6.625334309587315174e-01
6.624413835187267230e-01
6.623885895837250404e-01
6.623191318637980940e-01
6.622290895916669307e-01
6.622605540650837730e-01
6.622855202465810498e-01
6.620195395074658373e-01
6.620719950103829410e-01
6.620931039433756160e-01
6.618834474474662999e-01
6.618314804599009227e-01
6.618320459377163845e-01
6.618113767803809333e-01
6.616620261666097402e-01
6.615224026886229458e-01
6.616226220014397308e-01
6.615614765006566644e-01
6.616507611249651255e-01
6.614966691570937085e-01
6.615229738011502159e-01
6.613058967040866820e-01
6.614293538011208895e-01
6.614412240740400462e-01
6.611107187220642833e-01
6.612285001256410499e-01
6.611382985320874983e-01
6.610731242511593830e-01
6.611427413928253616e-01
6.609636499042113034e-01
6.608874672163426167e-01
6.607157974580429860e-01
6.606960769247233189e-01
6.605012196130183311e-01
6.605518641786508605e-01
6.603624733400638158e-01
6.604666426174817806e-01
6.601526728623784424e-01
6.600688411834809699e-01
6.603090635626754912e-01
6.600799479512050594e-01
6.600889721902536422e-01
6.599809799121375553e-01
6.599539888218578509e-01
6.597740623189712883e-01
6.597952111793076169e-01
6.597750149306894629e-01
6.596150101410190869e-01
6.594591838645981197e-01
6.594475560156832783e-01
6.593881305190663067e-01
6.593451429089075555e-01
6.593826271895121272e-01
6.592498865639458971e-01
6.593100488686093330e-01
6.591501231618902557e-01
6.589657601885189342e-01
6.590006275970178296e-01
6.590554451407105718e-01
6.591145661256193611e-01
6.589424658547140545e-01
6.587912267108354536e-01
6.588862332527781751e-01
6.588462554201375276e-01
6.586418692184924373e-01
6.586420085070870956e-01
6.587517258349960825e-01
6.584952252877741552e-01
6.586843369072702403e-01
6.581990349374292615e-01
6.583379751453198869e-01
6.584962081037454285e-01
6.583912361871250285e-01
6.584231235406304839e-01
6.583047933783144900e-01
6.581672071412134617e-01
6.582703887654220987e-01
6.581736091398081578e-01
6.579678926287690910e-01
6.579627682273327949e-01
6.579877243831165901e-01
6.578269583993060499e-01
6.578125428524050911e-01
6.578336025769647710e-01
6.577772501888071721e-01
6.577341925798811939e-01
6.577102397857925720e-01
6.575950153020456712e-01
6.575808407617348417e-01
6.576899836841447744e-01
6.575124426709931802e-01
6.575039043083247270e-01
6.574625031996266245e-01
6.575095473978561644e-01
6.571996992741534482e-01
6.574833648819713439e-01
6.571399252494265486e-01
6.571148445109028513e-01
6.570447578719375015e-01
6.570230921308161109e-01
6.571399260768832074e-01
6.569739646270179589e-01
6.569908417106670173e-01
6.568232250908877523e-01
6.568895410689500336e-01
6.569219574993973021e-01
6.567839951649087071e-01
6.567930524771513623e-01
6.569634053070777524e-01
6.569249676864009624e-01
6.568025796300490660e-01
6.566054485876277047e-01
6.566526205957685658e-01
6.564982068905559354e-01
6.566535792535956872e-01
6.565397503806470469e-01
6.564833930298289433e-01
6.564387515143316199e-01
6.563594511000850895e-01
6.563287406864956042e-01
6.562505299818937043e-01
6.564013720806921581e-01
6.562757855029712761e-01
6.562469946200911730e-01
6.561866958656834559e-01
6.560738921016877612e-01
6.560156878950041959e-01
6.561463356041700168e-01
6.559782439767549711e-01
6.558815206350487870e-01
6.558471041235151011e-01
6.557335649975467584e-01
6.557516186643266298e-01
6.557752414121794660e-01
6.557273641859956426e-01
6.554850330964135940e-01
6.553836196422578864e-01
6.555030128100037823e-01
6.553786446520192266e-01
6.552658561672793924e-01
6.552249394123134119e-01
6.552117921541630308e-01
6.552490591569666289e-01
6.550917205600906845e-01
6.550702409620560163e-01
6.554780756842454315e-01
6.552887847190173032e-01
6.552608537977522296e-01
6.550139624546262862e-01
6.552383344289983702e-01
6.550204964192872792e-01
6.554146293541736057e-01
6.550366522053959750e-01
6.552259056440419283e-01
6.547360959400947422e-01
6.549604620816157352e-01
6.547491836890623196e-01
6.548701748749381490e-01
6.546688415944710293e-01
6.544816508321094073e-01
6.545915211877292306e-01
6.545672455544481183e-01
6.546506980165280876e-01
6.545461471450301216e-01
6.543911068091874395e-01
6.543178494848717053e-01
6.543481350596019874e-01
6.541289986855426397e-01
6.543287359244942536e-01
6.542573953855309599e-01
6.540591039386783878e-01
6.541781935502498646e-01
6.540021296865021760e-01
6.539430515750153106e-01
6.539383837340709826e-01
6.538964420583338599e-01
6.538973535403059811e-01
6.538435597992575676e-01
6.538048474427087253e-01
6.538338669372277812e-01
6.538423582832960657e-01
6.535965504990203234e-01
6.536090996429009259e-01
6.535213792484318995e-01
6.536382927789466946e-01
6.534260896719754630e-01
6.535547097854041976e-01
6.532901730857374467e-01
6.532258064589174795e-01
6.533477970136535307e-01
6.532272777796719332e-01
6.532299405438765083e-01
6.531833192170001245e-01
6.533578924742083904e-01
6.529946818548918452e-01
6.528916730657021716e-01
6.530534310401924225e-01
6.530892269503156822e-01
6.530207611260060441e-01
6.527057622103402679e-01
6.527883834202072855e-01
6.527523577905701702e-01
6.527293465709401721e-01
6.526908766606449586e-01
6.525536696929016278e-01
6.524486820189047132e-01
6.524489110008456771e-01
6.524776477673329689e-01
6.524383525474676260e-01
6.524133214534658665e-01
6.525708106287346766e-01
6.523948260620467954e-01
6.522636351401512878e-01
6.521371770426697134e-01
6.522225271516456369e-01
6.523583977987125193e-01
6.523121054412142072e-01
6.524363337858122280e-01
6.521623179981811402e-01
6.523005163806445683e-01
6.520318849592239285e-01
6.522910192527562323e-01
6.521724345016771673e-01
6.521708750370295293e-01
6.521370393052680070e-01
6.519398339251457619e-01
6.520573527995479068e-01
6.518235368363157756e-01
6.517684011946099920e-01
6.518539949339292594e-01
6.517632289181028993e-01
6.514228995067147254e-01
6.516414499770976088e-01
6.516749229534168908e-01
6.513883623419556290e-01
6.515800525002365395e-01
6.513829362003166201e-01
6.516051912886993147e-01
6.514259651025752218e-01
6.513026006983709815e-01
6.515378801904798678e-01
6.512703341177112915e-01
6.511005338550276411e-01
6.512056263836453196e-01
6.512052789019947552e-01
6.510107927361755698e-01
6.510669850410388815e-01
6.510269589789797751e-01
6.510685280012499243e-01
6.510552755740243169e-01
6.509397271699824961e-01
6.508666141461144639e-01
6.507558336092303941e-01
6.509846940513992486e-01
6.508085019022227247e-01
6.508003318688969641e-01
6.508017189101432676e-01
6.508480911070528840e-01
6.509040657025043641e-01
6.508234019105735291e-01
6.508820324737102370e-01
6.508307460864077854e-01
6.508527116972840920e-01
6.506926011533525900e-01
6.506355629831904741e-01
6.505417851703946264e-01
6.507436832377628821e-01
6.505368387268746222e-01
6.506069526288535965e-01
6.504276298777599274e-01
6.504184997287233427e-01
6.503057331373985894e-01
6.503112029623847601e-01
6.503869108681282762e-01
6.503856546151413065e-01
6.500930966565515723e-01
6.502222121992643489e-01
6.500991940742574249e-01
6.503160913571292001e-01
6.504316185141055806e-01
6.501163413542563330e-01
6.502039661241003632e-01
6.500351084354871745e-01
6.503219432064764050e-01
6.500994461283146064e-01
6.501885828720310734e-01
6.500689581534032646e-01
6.499492267748107066e-01
6.499635932298034602e-01
6.499451697476256173e-01
6.499091022411410679e-01
6.497846796779288558e-01
6.498629809758963427e-01
6.496985705480998741e-01
6.496769847705113898e-01
6.495742367983069476e-01
6.495461503774706546e-01
6.496038307285960656e-01
6.496684671403494260e-01
6.494473553566857404e-01
6.498007901303957112e-01
6.496977391253792034e-01
6.495596110612670282e-01
6.495557282012046629e-01
6.494235546597627584e-01
6.493832629236678811e-01
6.494182436729822872e-01
6.494580606924466037e-01
6.494427501426419669e-01
6.492048635764627873e-01
6.492526147077560816e-01
6.494672274977937310e-01
6.490958840189474666e-01
6.491629812889789797e-01
6.490863532481566667e-01
6.490964422251612742e-01
6.491916458767202913e-01
6.492038034703605520e-01
6.490315814530059901e-01
6.489312251325584091e-01
6.489183127345996560e-01
6.489331105246121112e-01
6.488354959484499140e-01
6.490348659037675771e-01
6.487619474615599069e-01
6.488711264890437702e-01
6.488028003573587110e-01
6.488945518281965530e-01
6.486458125171202793e-01
6.487236369437655581e-01
6.486531372595819578e-01
6.484752077531917847e-01
6.488202331932776401e-01
6.486132319932390589e-01
6.484883293187918563e-01
6.482895960042343031e-01
6.483819204419852822e-01
