2.918825827705105098e+02
6.998666077235617422e+01
4.786324462039394945e+01
3.662378061858090206e+01
2.992513700206778182e+01
2.615382442752592240e+01
2.383640519950309056e+01
2.204397197771073635e+01
2.045516738405059698e+01
1.901177588865805390e+01
1.762879298447751353e+01
1.625009934743685491e+01
1.485678539038706880e+01
1.342082406302240116e+01
1.191417248138261620e+01
1.028560495369291061e+01
8.584092325096614573e+00
7.137692107960255328e+00
6.058583781329970996e+00
5.228215366535517994e+00
4.608184369700436100e+00
4.152764445709347108e+00
3.809468094191508669e+00
3.556006571811086925e+00
3.361658911824798590e+00
3.206022086205048804e+00
3.076321052932550870e+00
2.965618062695933421e+00
2.871203984646857776e+00
2.788258032471642167e+00
2.713975427995487077e+00
2.646002622826606920e+00
2.582611967972974210e+00
2.522249780012319142e+00
2.464518737524191483e+00
2.408164765250903727e+00
2.355437904692057938e+00
2.306147405873633982e+00
2.259149175943341969e+00
2.216242175542570969e+00
2.177942631753866376e+00
2.141805380935084990e+00
2.107584011803601332e+00
2.075843027034009136e+00
2.045992472304311249e+00
2.017536299839022274e+00
1.990186816818112270e+00
1.964344886735416962e+00
1.939548834076653128e+00
1.916204246006558920e+00
1.893633741396890668e+00
1.871641036084366050e+00
1.850322520759925427e+00
1.830361323290187192e+00
1.810556254264953369e+00
1.791065240019536153e+00
1.772701120206721770e+00
1.755009927745786902e+00
1.738194021667923694e+00
1.721917273471868404e+00
1.706049225706659511e+00
1.690809215802997256e+00
1.676014472703456049e+00
1.662194494898898034e+00
1.648053775326326020e+00
1.634146938134608762e+00
1.620663018937910094e+00
1.607424616689151264e+00
1.593988167215905749e+00
1.580622392174377167e+00
1.568098985799699419e+00
1.555303107958299291e+00
1.542489977335508300e+00
1.530101975848889850e+00
1.518235075650919308e+00
1.506147767731829568e+00
1.494056226561852663e+00
1.482491367471857835e+00
1.471020803531956078e+00
1.460111761994669743e+00
1.449932383575246009e+00
1.439503278474314696e+00
1.429200517954246186e+00
1.419631846634096028e+00
1.409784060790005844e+00
1.400198001184524088e+00
1.390379508771715455e+00
1.380612969275053281e+00
1.371560415201704686e+00
1.362511287267747839e+00
1.353585020096932601e+00
1.344563231862729191e+00
1.335580721717508190e+00
1.327186890931082663e+00
1.318482653576263264e+00
1.309945899656839607e+00
1.302056815341309903e+00
1.294809514287941221e+00
1.287338321787320661e+00
1.279643351086219072e+00
1.272369998636154076e+00
1.265389917588351398e+00
1.258752154193546469e+00
1.252174992329407210e+00
1.245629306442157302e+00
1.239427340457771809e+00
1.233070115523737353e+00
1.227061026231963003e+00
1.221186356949895302e+00
1.215388281567350237e+00
1.209652779578237691e+00
1.203964852233303739e+00
1.198498631197034925e+00
1.192808770932576978e+00
1.187364007732494509e+00
1.182445611777664052e+00
1.177446474745946992e+00
1.172430390195307481e+00
1.167423332659879964e+00
1.162418903887927124e+00
1.157545493697950123e+00
1.152692786268933345e+00
1.147604808190446857e+00
1.143172380431086488e+00
1.138515448288092369e+00
1.134045361474844027e+00
1.129924601815264662e+00
1.125496045745504547e+00
1.121574556818776491e+00
1.117553531787869758e+00
1.113573811414791725e+00
1.109889909655423335e+00
1.105941799144455562e+00
1.102337055736591465e+00
1.098834609590814582e+00
1.095292065157497552e+00
1.091941242118600330e+00
1.088543290988229773e+00
1.085287882242680801e+00
1.081691742808695178e+00
1.078955029654001363e+00
1.075539259691236094e+00
1.072991008937989932e+00
1.070248878616163024e+00
1.067502325152939413e+00
1.064799451909312245e+00
1.061908260027471851e+00
1.059034726178062380e+00
1.056215789338350586e+00
1.053598577774052414e+00
1.051115127176058817e+00
1.048321698669141933e+00
1.045894893510503687e+00
1.043210539041294238e+00
1.040969969672730366e+00
1.038543541600835729e+00
1.036079987283715864e+00
1.033738328201819767e+00
1.031403024531263091e+00
1.029265298029032660e+00
1.026856346232226658e+00
1.024806094945081236e+00
1.022738537315627472e+00
1.020622451160149602e+00
1.018557796538361426e+00
1.016577158733898090e+00
1.014576887051096277e+00
1.012590233997865852e+00
1.010573293920874249e+00
1.008751933307703075e+00
1.006787259731572348e+00
1.005135296920654620e+00
1.003389193879432595e+00
1.001717650801790649e+00
9.999151071289573700e-01
9.981793786953314651e-01
9.966886442527543855e-01
9.949208018798816333e-01
9.934168284256710280e-01
9.918313155269093961e-01
9.904964334949304394e-01
9.888171081838629251e-01
9.874648415386474420e-01
9.859017165316200648e-01
9.844459299112685580e-01
9.827905417698259427e-01
9.814272847181412240e-01
9.800862895295955335e-01
9.785824325181721184e-01
9.772177524563487871e-01
9.759322867672645119e-01
9.746863721560145022e-01
9.733313183287854997e-01
9.720326535169797610e-01
9.706041769631185145e-01
9.692504649728950206e-01
9.679689236458477453e-01
9.669079021430907472e-01
9.655661456654865971e-01
9.644539215571327206e-01
9.631046393557256557e-01
9.620749545841872363e-01
9.608917416701846514e-01
9.597000841085270295e-01
9.584694216371162367e-01
9.572849403569595461e-01
9.562208846101430959e-01
9.547849892791804294e-01
9.535966900786361222e-01
9.524331665510136213e-01
9.513017060183743823e-01
9.501546643078809806e-01
9.490044723953453554e-01
9.478191625337218928e-01
9.466391076683935424e-01
9.455775213287979097e-01
9.445189928015170766e-01
9.433027663972649579e-01
9.421430641155774666e-01
9.411366970659581499e-01
9.400200937581174587e-01
9.389185415152269121e-01
9.377960117224040104e-01
9.366645433871377824e-01
9.356548421230327373e-01
9.345418032330946589e-01
9.334153326040731669e-01
9.323987664561985689e-01
9.314065287010326877e-01
9.304166733294350067e-01
9.295640864132989067e-01
9.283764734178800992e-01
9.273846558149466679e-01
9.266738721843722493e-01
9.255464502021285567e-01
9.249262150409885974e-01
9.239232363493171674e-01
9.229736196745722543e-01
9.220814706437288066e-01
9.211364000940994723e-01
9.202413415622769932e-01
9.194262459178634828e-01
9.187148979630676005e-01
9.178930913899735478e-01
9.170706314117613722e-01
9.164440620063398768e-01
9.154418841904826687e-01
9.147024809148475155e-01
9.137802610926101243e-01
9.130494319924163937e-01
9.123001858885332327e-01
9.114874435357127602e-01
9.105807428681785831e-01
9.098170847790446603e-01
9.090178546591389797e-01
9.082327914145374992e-01
9.075033519664755799e-01
9.066393586379635217e-01
9.058354684965164161e-01
9.051281762000432662e-01
9.043645420000309132e-01
9.037742035766114235e-01
9.029481989231018524e-01
9.019645365815360805e-01
9.013433763294154133e-01
9.004786018643115009e-01
8.994219962529932388e-01
8.987380176631613038e-01
8.978783564283948637e-01
8.972714999078478249e-01
8.965502575686160602e-01
8.957500827101768648e-01
8.948795372251253655e-01
8.939929156523781506e-01
8.932852458892720504e-01
8.925638195453434731e-01
8.917051560938465959e-01
8.907935021614785676e-01
8.899047011411043151e-01
8.889867903426931228e-01
8.883320388451235727e-01
8.874701192807096239e-01
8.861249407673229550e-01
8.850254440724797389e-01
8.839341079092396525e-01
8.829119163413580162e-01
8.819552028220253304e-01
8.808320338677945172e-01
8.799553903381602815e-01
8.788564471702241532e-01
8.782485023007419178e-01
8.775095894973029553e-01
8.765090498130182484e-01
8.757312899427261987e-01
8.748319714180737838e-01
8.743441482666622910e-01
8.734895248058411887e-01
8.727412193020858133e-01
8.722770055004017697e-01
8.715967700384430472e-01
8.709252004013010584e-01
8.702184263744704440e-01
8.697383336097394002e-01
8.690873936891591045e-01
8.684376306847948479e-01
8.678518169213979006e-01
8.672503422746627999e-01
8.668217845322998549e-01
8.659767128160167360e-01
8.651371511426749761e-01
8.646126749015113910e-01
8.640038976878957611e-01
8.633795174294097707e-01
8.628828147676278482e-01
8.621343869439970220e-01
8.616035169816114170e-01
8.611007047350689447e-01
8.605960641716984272e-01
8.600747304096091339e-01
8.594425378752523770e-01
8.589299376603695135e-01
8.585473178763658453e-01
8.579716452572104801e-01
8.575616034742621352e-01
8.571111018109008883e-01
8.563893250261050971e-01
8.557946845352950582e-01
8.551694385508900043e-01
8.548103695408912905e-01
8.541716405186409178e-01
8.537101956285316762e-01
8.531617545342271569e-01
8.526849696788271205e-01
8.522689827679857943e-01
8.518820065081978976e-01
8.512728312842470224e-01
8.505324515023410248e-01
8.500293947132875338e-01
8.493999879644946738e-01
8.488426921179782481e-01
8.483551080360216545e-01
8.476266069306159778e-01
8.468389773097914075e-01
8.459996506620138801e-01
8.455461386482987507e-01
8.448339376988357463e-01
8.442755811207854899e-01
8.436330962757608853e-01
8.429690916236425302e-01
8.423393083855966745e-01
8.417316017855105414e-01
8.407385014257453548e-01
8.401605071753529552e-01
8.397294551581681032e-01
8.392289088187739887e-01
8.385456595538229863e-01
8.379054137667735214e-01
8.376090217797161896e-01
8.366151520381733819e-01
8.362037859371662663e-01
8.356229534636301359e-01
8.345357419308516711e-01
8.341022705822859207e-01
8.334532638857687914e-01
8.326428550071903745e-01
8.321666552673433470e-01
8.318708891531296779e-01
8.312431442044433405e-01
8.300524923517329512e-01
8.291479814197003639e-01
8.281708366708132596e-01
8.273804256016394909e-01
8.265860317290830706e-01
8.257760275365885194e-01
8.249562007364438232e-01
8.239480325634422897e-01
8.231381187077898565e-01
8.226126554827314363e-01
8.214674264526763414e-01
8.207253966464459483e-01
8.193405271934660616e-01
8.192197215655409037e-01
8.180689813517901809e-01
8.173498578779864188e-01
8.167482237036240988e-01
8.158912781364972000e-01
8.154130367204267538e-01
8.144300601794127736e-01
8.137185863895438631e-01
8.130765334628532459e-01
8.125621233823809852e-01
8.118329468528583392e-01
8.110730951599349758e-01
8.108357770741592141e-01
8.101545490930309734e-01
8.094275174741429879e-01
8.085724384940612408e-01
8.078021941061664934e-01
8.072245616522232270e-01
8.068666391153528350e-01
8.062044757905729719e-01
8.054797879167406860e-01
8.049303581826018350e-01
8.043953390522284863e-01
8.038648172565142636e-01
8.030688210997262155e-01
8.025892775719351002e-01
8.018492619479467010e-01
8.015575240762559117e-01
8.007049524650770023e-01
8.003417396145331431e-01
7.996734464145589527e-01
7.993099935967052927e-01
7.986547672680498478e-01
7.981370876022371164e-01
7.974389044219822864e-01
7.966473425191177293e-01
7.963090876682126229e-01
7.954493164269877958e-01
7.950107265437212911e-01
7.944242767666804816e-01
7.939287009757437508e-01
7.934473792720669882e-01
7.928140131485920117e-01
7.923665639545829364e-01
7.919392017761942570e-01
7.914304212159447571e-01
7.909753988089164300e-01
7.903384900485400655e-01
7.900608120329030148e-01
7.893792643564770950e-01
7.888604837953380189e-01
7.884072959275978398e-01
7.878366642140298692e-01
7.875053583554801895e-01
7.866863811703463938e-01
7.862671214813771181e-01
7.859723739506371265e-01
7.853717347676479887e-01
7.849134826856333236e-01
7.845830412403799192e-01
7.839864221712150583e-01
7.837751475354252095e-01
7.833006188062855424e-01
7.827871393476902862e-01
7.826988137830932502e-01
7.819905139585041631e-01
7.817388150127562163e-01
7.813117942358721590e-01
7.810191284536315282e-01
7.806213529322091338e-01
7.800618978039982609e-01
7.798320583498924430e-01
7.793844302552569436e-01
7.790137285120244393e-01
7.786589074118928089e-01
7.781597364974904840e-01
7.778240521721279110e-01
7.774632636422915688e-01
7.771789708602817592e-01
7.767140650843220584e-01
7.763137207636011672e-01
7.760494109138695862e-01
7.757011627964295331e-01
7.753119210756757029e-01
7.748493496301160910e-01
7.745594209851169865e-01
7.743213689779864239e-01
7.737660720035465234e-01
7.735789529644260254e-01
7.731530364468598426e-01
7.727820522895031408e-01
7.724477365653702465e-01
7.720247932507953159e-01
7.715769637188442109e-01
7.713406086521924498e-01
7.709089091401896132e-01
7.707197713668728634e-01
7.704023850681006591e-01
7.700396389721215762e-01
7.698164900207395966e-01
7.695051330343115614e-01
7.690794718836507782e-01
7.688153113472205868e-01
7.683307775616478041e-01
7.680571529811096587e-01
7.677140014165462212e-01
7.674727589192601451e-01
7.670999679194016041e-01
7.666448322472466659e-01
7.664969483426510299e-01
7.660927591388096980e-01
7.657547818557776109e-01
7.654924297507569309e-01
7.651399244999300686e-01
7.648301419541502222e-01
7.642961372942087550e-01
7.640678766449622294e-01
7.638983276208834994e-01
7.635257426113143397e-01
7.633008121530714396e-01
7.629967371624699624e-01
7.625879522233945940e-01
7.622706099914986488e-01
7.620456310380343545e-01
7.617558485065843987e-01
7.614433531235791364e-01
7.611086813563612274e-01
7.605602324623843558e-01
7.603535709753482807e-01
7.600804042201477762e-01
7.595451041943371839e-01
7.594067937877730934e-01
7.591476323426130657e-01
7.590339690469202205e-01
7.586091930866455391e-01
7.583151325107574392e-01
7.581327916702789160e-01
7.578354774942535066e-01
7.575955570357767455e-01
7.571549654495282056e-01
7.568874498767468317e-01
7.568272050721801536e-01
7.565941228304984278e-01
7.561593705476289395e-01
7.558505416658668485e-01
7.555215696275059400e-01
7.549645056043766678e-01
7.549435479312962549e-01
7.545801617260540217e-01
7.544958759258605374e-01
7.542754346867072135e-01
7.536053951059166200e-01
7.537796602208836072e-01
7.534811678875583674e-01
7.531099730778132439e-01
7.529157495592612159e-01
7.524060905393503695e-01
7.523344443186669173e-01
7.519686840347348245e-01
7.518970673773908153e-01
7.515443084714417132e-01
7.512730690035961389e-01
7.509962258165813198e-01
7.507601042855854834e-01
7.504257902218197662e-01
7.502007968332057297e-01
7.496197019184918098e-01
7.492326709751820912e-01
7.490462610851187364e-01
7.486906223805341876e-01
7.484138114191901670e-01
7.482520741490806815e-01
7.479501131855043061e-01
7.473747447757396190e-01
7.471026758687968616e-01
7.467440339942480465e-01
7.465822929762165883e-01
7.460796265029451257e-01
7.458175914954345842e-01
7.455338584469486385e-01
7.454133165803192851e-01
7.452304193495709050e-01
7.449981406354320157e-01
7.445725452704564651e-01
7.443300361312609192e-01
7.441488894974926938e-01
7.440042405844207174e-01
7.437171214225909432e-01
7.433431934903976801e-01
7.430765276320058232e-01
7.426382959318816868e-01
7.424887950165452999e-01
7.421327348966909598e-01
7.419849378494102199e-01
7.414499248794176323e-01
7.412267474795163347e-01
7.412182920955298071e-01
7.408188748281864244e-01
7.403126330060275651e-01
7.399283792640921620e-01
7.398871061972770447e-01
7.395707304677490157e-01
7.392620087431446274e-01
7.390567488677474151e-01
7.388101074837428728e-01
7.386062269269223490e-01
7.382810068799129377e-01
7.380169862882569598e-01
7.377836201738131594e-01
7.374535189995580220e-01
7.372081156732271934e-01
7.370191432629278339e-01
7.365876274882046104e-01
7.363678926599712682e-01
7.361759357782412527e-01
7.357733100239972623e-01
7.355620617774446535e-01
7.352408625341736448e-01
7.351748810165591452e-01
7.348925368115314383e-01
7.346208189567794422e-01
7.344635846044350602e-01
7.341093854207177971e-01
7.340245575776468412e-01
7.334912680927546669e-01
7.335045459152521596e-01
7.331877418297257920e-01
7.330489180412383954e-01
7.329059267610005257e-01
7.329830167511284245e-01
7.324700702673423436e-01
7.324857400464476198e-01
7.320909161654552966e-01
7.320600179412019015e-01
7.317485005050684554e-01
7.315187346756317766e-01
7.315157831027474522e-01
7.309812001969615558e-01
7.310215729125255635e-01
7.307656578934013103e-01
7.304456978953927093e-01
7.303348134597412722e-01
7.299768927128656992e-01
7.298129355871143531e-01
7.296634843479142818e-01
7.293332096851465884e-01
7.291924060684914499e-01
7.288601707361318516e-01
7.288162157544446629e-01
7.284717653337450249e-01
7.282393923444391293e-01
7.281879802622004405e-01
7.278417629847285797e-01
7.275359578785657311e-01
7.275971712624315080e-01
7.271068494647411340e-01
7.269705540785292852e-01
7.270275180170516771e-01
7.267755246934212154e-01
7.263440274380026374e-01
7.264152524732790939e-01
7.260530929458136606e-01
7.260310803447748151e-01
7.256100667788989433e-01
7.254857029135196589e-01
7.254252374698829664e-01
7.251155481058645380e-01
7.248441192690635582e-01
7.248495345384649013e-01
7.245710286821447355e-01
7.242893450073107919e-01
7.244270431331130133e-01
7.241204470156974438e-01
7.237615996284466613e-01
7.236493313664081883e-01
7.236388001825232452e-01
7.233483257549594425e-01
7.233212554237441472e-01
7.230543471251880128e-01
7.228748054748982410e-01
7.222256465282811400e-01
7.221775514482210445e-01
7.223079160944374522e-01
7.221007120642419785e-01
7.216855072829160278e-01
7.217194783568685601e-01
7.213603134529419370e-01
7.213180682078687012e-01
7.210880440832582172e-01
7.209930786757466903e-01
7.206245084322021599e-01
7.206180523946185135e-01
7.201051985107498332e-01
7.201235304766570033e-01
7.198505119948249709e-01
7.197634670519884592e-01
7.194468982974600024e-01
7.193878900223963369e-01
7.192210054861352120e-01
7.188738293099951049e-01
7.189373578397958431e-01
7.187669484514481733e-01
7.184458907950195261e-01
7.182166387406456742e-01
7.183170082593601791e-01
7.177960005345075389e-01
7.176390063857960300e-01
7.174328455919548597e-01
7.172308428981786221e-01
7.171639622580724405e-01
7.168472976971490551e-01
7.169111479808609744e-01
7.166029391760951883e-01
7.165233665966258547e-01
7.164412223257911050e-01
7.161521359723564961e-01
7.160926405801645300e-01
7.158759968499069926e-01
7.155368276765319280e-01
7.155304582006088987e-01
7.152938992502287929e-01
7.151976250839390259e-01
7.151062422018724662e-01
7.148502389179420824e-01
7.145736168079762640e-01
7.143932729155638706e-01
7.143269093218469479e-01
7.141840615051407992e-01
7.141038646142142676e-01
7.140888481564832135e-01
7.137802716799249714e-01
7.137160686100186835e-01
7.135620512273174176e-01
7.134750664583333624e-01
7.132071849568286659e-01
7.132519804770084404e-01
7.129972705016970336e-01
7.125923293176983364e-01
7.125200635630909440e-01
7.124038827284552289e-01
7.122232569308165617e-01
7.119326493484599006e-01
7.119107669058196697e-01
7.118090005486520377e-01
7.115538476053889783e-01
7.114968301035698994e-01
7.110512596174660693e-01
7.109542297010298384e-01
7.106639032777186671e-01
7.106197933673578104e-01
7.105826530996471879e-01
7.101389826971407082e-01
7.102012839783714560e-01
7.101351353614767659e-01
7.098724147098635084e-01
7.096138908771237874e-01
7.094966157037286836e-01
7.094501082018173088e-01
7.092803631015761612e-01
7.090636773846430430e-01
7.090829349030119966e-01
7.088208956439446817e-01
7.089915152741815829e-01
7.085406404321302754e-01
7.084442214700247265e-01
7.082790518713375505e-01
7.082885932080070779e-01
7.078828529572490647e-01
7.074061881851932965e-01
7.070731621750566687e-01
7.065099513201388293e-01
7.062584626951932121e-01
7.059890752949278259e-01
7.058164461713770654e-01
7.057292125745724398e-01
7.051693621555988889e-01
7.049078062936534605e-01
7.050213390502708677e-01
7.048321971358041393e-01
7.043974523286596900e-01
7.042481046903463771e-01
7.041813754833801120e-01
7.042281562707467524e-01
7.037732206342551811e-01
7.036081235907795106e-01
7.034875074174394838e-01
7.036766505285579898e-01
7.031646939492693926e-01
7.030683994397045611e-01
7.028335658558509946e-01
7.028514668337768612e-01
7.027716701507104036e-01
7.023705591222437761e-01
7.022954197306359170e-01
7.022789931738665503e-01
7.020247681981320875e-01
7.019328481027004019e-01
7.017926014913088428e-01
7.014423094124050406e-01
7.015482399579650030e-01
7.012569663337995252e-01
7.012499922201392843e-01
7.011287661928897741e-01
7.009661383639017584e-01
7.006716457705174372e-01
7.006581978732137062e-01
7.005221197712359071e-01
7.001566692739502606e-01
7.000556794305282660e-01
6.998727818433435610e-01
6.998441535111848966e-01
6.996209622617178825e-01
6.994498652067222544e-01
6.994428616451332514e-01
6.991748737872450770e-01
6.991223164550871561e-01
6.989572390681232372e-01
6.988753542286013642e-01
6.985328672576436304e-01
6.986581713701452978e-01
6.985339926085759599e-01
6.983649352896107443e-01
6.981764138454927826e-01
6.981955934815199383e-01
6.979037629105850904e-01
6.978324893552615427e-01
6.977343899464893973e-01
6.975183117515900699e-01
6.973763410565175791e-01
6.974422872389475225e-01
6.971073857606761015e-01
6.968434133594895163e-01
6.967206186323015027e-01
6.967653924014710620e-01
6.965012413206587150e-01
6.964454046357508865e-01
6.962959108434240152e-01
6.961836883793487418e-01
6.959880031566451075e-01
6.959967568304272767e-01
6.957629826580524757e-01
6.955650969920347260e-01
6.954636449746319782e-01
6.954274268171313222e-01
6.952812296591059926e-01
6.951430632520754216e-01
6.949908782504626847e-01
6.947314084649826027e-01
6.947009814123507043e-01
6.946050306469544466e-01
6.944680137494055883e-01
6.943156105056838001e-01
6.942395056872755488e-01
6.941956883131261691e-01
6.940589715832164996e-01
6.936551410856969246e-01
6.936722371671919518e-01
6.933694716276690428e-01
6.934030146167852182e-01
6.930655956448944499e-01
6.929041649787470725e-01
6.928548761834533165e-01
6.927231579455881416e-01
6.925907873380010571e-01
6.924761587814787234e-01
6.922462265068007881e-01
6.921513875482854239e-01
6.919079649717141400e-01
6.918323720199559546e-01
6.917284877006827370e-01
6.915431317746648654e-01
6.912878652931634393e-01
6.911957034428107827e-01
6.909100538225322330e-01
6.909689656409577774e-01
6.906438105197394428e-01
6.905956472482209785e-01
6.902764227319476698e-01
6.902804680996007525e-01
6.900510089220910359e-01
6.900595378372341715e-01
6.898919104057180673e-01
6.898044538820916616e-01
6.896122711370834546e-01
6.895771891370133799e-01
6.893912840219158511e-01
6.893182488065826563e-01
6.891312988782302140e-01
6.888749963288399725e-01
6.889195386489500583e-01
6.888156527174368327e-01
6.886284327510376890e-01
6.885284358359698986e-01
6.883387557155152825e-01
6.881471394517434392e-01
6.882000835720790688e-01
6.877786469515695389e-01
6.877892809542228703e-01
6.878319113376781813e-01
6.877988940529943251e-01
6.874460313833435920e-01
6.873782830136753175e-01
6.871510412602693796e-01
6.870634913679808387e-01
6.869322819642603717e-01
6.867979977869657082e-01
6.867365100963338520e-01
6.865380699472446446e-01
6.863496681420716561e-01
6.862973805881135148e-01
6.860033806965012415e-01
6.860742316471872826e-01
6.858278706539474578e-01
6.857766521123385139e-01
6.854524836983566516e-01
6.851928498459232131e-01
6.852559659731544128e-01
6.851430330147695313e-01
6.849280600521591156e-01
6.847736525483401060e-01
6.847135017621117647e-01
6.845586632136351213e-01
6.844115579680045691e-01
6.841690215295600508e-01
6.840754531162196450e-01
6.839370389755851098e-01
6.837969864540075493e-01
6.835626706661184215e-01
6.834338746469860171e-01
6.833214606945531289e-01
6.832575245983658618e-01
6.829963895843200739e-01
6.830499589890948187e-01
6.828672365505781272e-01
6.827761520038310161e-01
6.824804674633515589e-01
6.824769409383603103e-01
6.826105913793737434e-01
6.823183178601500698e-01
6.821839173844663762e-01
6.822415711479750122e-01
6.820472241221496867e-01
6.819871432778742415e-01
6.817087666473266028e-01
6.816719766888401644e-01
6.816327218330253679e-01
6.814463197486962942e-01
6.815296792513011459e-01
6.811632943361368708e-01
6.810568877895787354e-01
6.810177733113790266e-01
6.810039735840661690e-01
6.807545482658124980e-01
6.806509852162577756e-01
6.805147156043599432e-01
6.803987320025174368e-01
6.804755268072261165e-01
6.802847710617722088e-01
6.801425167724935994e-01
6.801379880398767952e-01
6.798176852566055750e-01
6.799008383155086266e-01
6.798407850608132463e-01
6.796790030216858236e-01
6.795492051327364225e-01
6.795954045477805572e-01
6.794877790392200856e-01
6.793251784590975673e-01
6.791670791734111257e-01
6.792057608314215900e-01
6.788627447172853602e-01
6.789436377006192735e-01
6.786410473686851352e-01
6.786585565176662671e-01
6.784210287547757234e-01
6.784079850892527075e-01
6.782180970629650973e-01
6.781126848213706593e-01
6.779900711579870398e-01
6.778402960150508028e-01
6.778148883425800797e-01
6.776833011668362827e-01
6.776111339285929569e-01
6.774175195864952093e-01
6.774749808671108875e-01
6.771505264900731236e-01
6.771243578744315927e-01
6.770596774676741481e-01
6.767954661330629618e-01
6.767830388508078165e-01
6.767609805594747563e-01
6.765055048313909358e-01
6.765444512572357239e-01
6.762414204128361916e-01
6.763024125724923508e-01
6.761363734862174679e-01
6.760993999948224920e-01
6.758399935602908970e-01
6.758292408260913042e-01
6.757856870839352714e-01
6.756589707565471281e-01
6.755677884605368888e-01
6.753571666871445167e-01
6.752725541248572050e-01
6.751912830729870363e-01
6.752030356147971091e-01
6.750227247747887516e-01
6.748007682021475162e-01
6.747853884866406027e-01
6.748216284909297480e-01
6.747352118992359093e-01
6.745683805293417601e-01
6.744081461218804918e-01
6.744550511026371487e-01
6.742582119843408828e-01
6.741014934270296299e-01
6.739224521015380054e-01
6.740206940761100940e-01
6.736994763495608440e-01
6.738946104289452732e-01
6.738536579417918615e-01
6.737317175046416695e-01
6.734838460685855788e-01
6.734609935578458328e-01
6.733684858871010759e-01
6.732280397638232827e-01
6.731239220918451283e-01
6.732266316630463043e-01
6.730196147420578479e-01
6.728521114676316861e-01
6.728150242621628863e-01
6.727298791319205051e-01
6.724871502375004972e-01
6.725583629533086194e-01
6.724878248896911659e-01
6.723872309998685237e-01
6.723176681278745237e-01
6.721887104600182683e-01
6.720019014594825757e-01
6.719834966779472119e-01
6.719862360687183234e-01
6.717461074736137405e-01
6.717224981393200567e-01
6.715027313222283745e-01
6.715571104564123095e-01
6.713333397923841872e-01
6.712071532602391644e-01
6.711998744991839461e-01
6.711448772333512558e-01
6.710027571128632795e-01
6.710291403514511144e-01
6.710404354289566387e-01
6.707999228001849668e-01
6.708383343227718454e-01
6.707294164605533959e-01
6.707238481301648347e-01
6.705948948648035035e-01
6.704705750906901907e-01
6.703005970635248500e-01
6.703277147454835827e-01
6.702354772545703332e-01
6.701850860386482367e-01
6.699900785103265477e-01
6.698645176762852982e-01
6.699343964461300649e-01
6.696490229264419058e-01
6.696712727782666574e-01
6.696403183059679298e-01
6.695915432721336602e-01
6.695274366415882028e-01
6.694340282770568917e-01
6.693103857649765898e-01
6.691217366645311193e-01
6.691547390833418874e-01
6.690266685639673083e-01
6.689805629126041042e-01
6.688602476920809670e-01
6.687323518105666720e-01
6.686148993403852048e-01
6.685404590894497012e-01
6.685038558108734597e-01
6.684276841364432675e-01
6.684423353724652239e-01
6.683113066966529514e-01
6.681787947045495502e-01
6.680947274553439286e-01
6.679769398076671472e-01
6.680006335673523976e-01
6.679195459901311471e-01
6.678289927330584019e-01
6.677159221055313232e-01
6.676856250887711619e-01
6.675367831196141744e-01
6.673870356721129937e-01
6.673539621305626390e-01
6.672678693355554858e-01
6.672872126964172201e-01
6.671192488350113914e-01
6.671105344756645961e-01
6.670483407487330929e-01
6.669444743434365108e-01
6.668018441194102364e-01
6.666742769625529919e-01
6.667008234231913688e-01
6.667322186545662221e-01
6.664391315949351746e-01
6.662710180627593459e-01
6.664050829356321648e-01
6.662260339295011935e-01
6.661468897204306794e-01
6.661450795404403324e-01
6.662297337814413467e-01
6.660677868655525691e-01
6.659627853107724649e-01
6.658403830922071664e-01
6.657156735366013267e-01
6.655241204939468247e-01
6.656162731685192346e-01
6.656030044926986022e-01
6.652504991753970254e-01
6.653099084709473976e-01
6.653777736008611443e-01
6.650763240344137461e-01
6.652393632326701889e-01
6.648864663426244936e-01
6.649589218164613236e-01
6.648995227545232423e-01
6.646930976817966297e-01
6.648617039753791369e-01
6.647542808084515586e-01
6.644920044837662187e-01
6.644548695443867059e-01
6.644500555099540628e-01
6.643511686479626199e-01
6.643016429615650198e-01
6.641078590728826114e-01
6.640009432971977210e-01
6.639728453848171563e-01
6.638185925673694143e-01
6.638661020376283028e-01
6.638035219270064236e-01
6.636557233405081524e-01
6.635368205091066729e-01
6.635798876470342389e-01
6.633542962193738068e-01
6.633580511698961013e-01
6.634038907300254806e-01
6.633207730323934515e-01
6.631380918379085054e-01
6.632671636552373018e-01
6.630449630556942697e-01
6.631160343416458991e-01
6.630122221239359570e-01
6.629880413480110368e-01
6.628715141143960432e-01
6.627050170387813743e-01
6.627017876740063373e-01
6.627048348850431703e-01
6.625996809212023608e-01
6.624804825895994620e-01
6.624468215787627789e-01
6.622161999299702728e-01
6.621823882824949825e-01
6.620893231525749600e-01
6.621199237037620478e-01
6.619457208175434371e-01
6.618343869105932642e-01
6.617515953569556020e-01
6.618513619237486045e-01
6.616852444149597945e-01
6.616377424547482677e-01
6.615850606135691425e-01
6.616450558755350153e-01
6.612398653988084130e-01
6.612976688826408544e-01
6.611761223990615388e-01
6.613521924890687353e-01
6.611744661388995192e-01
6.609269312697677590e-01
6.609534555924353461e-01
6.609492082963916992e-01
6.608333017316276869e-01
6.607353069861009454e-01
6.606945308172416098e-01
6.604519681560018229e-01
6.604186237890689037e-01
6.604652463086561065e-01
6.602381102501927446e-01
6.602560793280590756e-01
6.602195205230213526e-01
6.599970655416197429e-01
6.599781938166767725e-01
6.599958119540884072e-01
6.599199382128287938e-01
6.597381889627829121e-01
6.597292071649656364e-01
6.595826140801405169e-01
6.595899217573145679e-01
6.594741810695810003e-01
6.594973684310423412e-01
6.594325192386322199e-01
6.593873193517104658e-01
6.592727926790301618e-01
6.592482521055279543e-01
6.591323447177440675e-01
6.591049373855724092e-01
6.589029415549038093e-01
6.589296809532039223e-01
6.589009829961924858e-01
6.587307184109033598e-01
6.586532867223332532e-01
6.586259962655491851e-01
6.585846048355943338e-01
6.584925451557406273e-01
6.584015114400213475e-01
6.583880801146503314e-01
6.583006251560111766e-01
6.582616492953013987e-01
6.579795031547301942e-01
6.580697090085708689e-01
6.579475675183027450e-01
6.579798460197370247e-01
6.577779503408508477e-01
6.578017764428322200e-01
6.576915928829780711e-01
6.574885611143910236e-01
6.575450408661647206e-01
6.574464753155465635e-01
6.573020897369539206e-01
6.572293915836274758e-01
6.572883253781943713e-01
6.570365318525247522e-01
6.570008379639976637e-01
6.571392406231487682e-01
6.568432172619382836e-01
6.569715316072436417e-01
6.568037468821450453e-01
6.566452753187513869e-01
6.568080825396570566e-01
6.566103519227866059e-01
6.566798624397781614e-01
6.564879118094143484e-01
6.564843874036895288e-01
6.563018989952877913e-01
6.564415886449270765e-01
6.563661327707618343e-01
6.563200872847871903e-01
6.562127639503418930e-01
6.561211828102734289e-01
6.560921059626328988e-01
6.561357581181266330e-01
6.560189269684483238e-01
6.558307345864773374e-01
6.560606141890421572e-01
6.558908781310427427e-01
6.558167299894491764e-01
6.556177686357769208e-01
6.557329172316072041e-01
6.556469367263159098e-01
6.556915383755225202e-01
6.556354316226699064e-01
6.555275510713033382e-01
6.554962221519460286e-01
6.554885118984378201e-01
6.555139961906888413e-01
6.554192330441515058e-01
6.552323599512145380e-01
6.552490125818765110e-01
6.551832671846345990e-01
6.551728506326432999e-01
6.552366558274994590e-01
6.550981879312233191e-01
6.550553516435534407e-01
6.548838059559529690e-01
6.548269797161373473e-01
6.547600024039669231e-01
6.548636262988830614e-01
6.546632470573835461e-01
6.546744688351261443e-01
6.545844382018057850e-01
6.545898836604813198e-01
6.543292394195964201e-01
6.543648370260856106e-01
6.542868269533806957e-01
6.540219546893331071e-01
6.540893824738084339e-01
6.540878948100182777e-01
6.540167987039909869e-01
6.538430367028442713e-01
6.537350584980240464e-01
6.537957899135787843e-01
6.536825725546352439e-01
6.535690508626982309e-01
6.535089407685688023e-01
6.535154411887443837e-01
6.533384386697561608e-01
6.532585328651658862e-01
6.531499894039899390e-01
6.531082353384388695e-01
6.529805521741698371e-01
6.529677858999211049e-01
6.528170831030640775e-01
6.528663855985678000e-01
6.526675523330519590e-01
6.526478862857998386e-01
6.524783384188083124e-01
6.525218072858337548e-01
6.523718573578122237e-01
6.522647253077217266e-01
6.520427305402877183e-01
6.521888449182592362e-01
6.518165927351399214e-01
6.519714010344693778e-01
6.518534945420867421e-01
6.516015140842545961e-01
6.516962921640397921e-01
6.515177749779794691e-01
6.515553224010317557e-01
6.513389806815588212e-01
6.514326231303885217e-01
6.512355947475767515e-01
6.512404919233476530e-01
6.511473496287417673e-01
6.510911145769356922e-01
6.510996471321007784e-01
6.508872202509572436e-01
6.505994520255774516e-01
6.508073247704416753e-01
6.506014839196653243e-01
6.506214771403665553e-01
6.505682214500109195e-01
6.504734428164767879e-01
6.504857750014063633e-01
6.503978197544596496e-01
6.504195025486748660e-01
6.501233778849675460e-01
6.501822701196027232e-01
6.500443201076854249e-01
6.500955126609386792e-01
6.498092299045390430e-01
6.499179712334109960e-01
6.496997201170388037e-01
6.497780371473929062e-01
6.494738762566181212e-01
6.494842142015719855e-01
6.492917405528059183e-01
6.493381756454977838e-01
6.490875915177295452e-01
6.491079240027429753e-01
6.488630450693620988e-01
6.490254520457361398e-01
6.487252626109695219e-01
6.487088411986414727e-01
6.486429992048307058e-01
6.486801126469236012e-01
6.485244649266945771e-01
6.484204041066868873e-01
6.483058403496467781e-01
6.483257580303912748e-01
6.480871281596286559e-01
6.481985966601887528e-01
6.479191595510113144e-01
6.479274947175488464e-01
6.476369453341220828e-01
6.478407911567358735e-01
6.476230235870188423e-01
6.476689928184722334e-01
6.474918920468233363e-01
6.474042596906536273e-01
6.472846383867251197e-01
6.473034982066975251e-01
6.469780090025946118e-01
6.469641222350247522e-01
6.466309554817074590e-01
6.466726266661100286e-01
6.465242891403638614e-01
6.465278457173632143e-01
6.463130184582914772e-01
6.461257149150254619e-01
6.460730053070350420e-01
6.459432096938136914e-01
6.457671216448083173e-01
6.458111719723227395e-01
6.455777333032465259e-01
6.455678323857344525e-01
6.453843323421315503e-01
6.452999575376080488e-01
6.450281324623552415e-01
6.451446596348007212e-01
6.449483264225549517e-01
6.448005928115347896e-01
6.447898752111050902e-01
6.446524142553181624e-01
6.445924801459960163e-01
6.445671776923072027e-01
6.443720090045776949e-01
6.442941811379215844e-01
6.441928173765183452e-01
6.440303168801095879e-01
6.440331379749438812e-01
6.438503031718569858e-01
6.438105902544616344e-01
6.435854505929204938e-01
6.435948631953147814e-01
6.434973525911408254e-01
6.433882249176093859e-01
6.431372785140211379e-01
6.432040845958865161e-01
6.429827937504616342e-01
6.429783143609911766e-01
6.428254509582527199e-01
6.426366855055197780e-01
6.425565045617714910e-01
6.425925958372350477e-01
6.424308227349336820e-01
6.423848606637484471e-01
6.421280715473686174e-01
6.421420401872107719e-01
6.419628020122080114e-01
6.418431568739793036e-01
6.417089875476058580e-01
6.416488512439313396e-01
6.415932061149401955e-01
6.413629533178560882e-01
6.411275233614107671e-01
6.412106675022829494e-01
6.411052124026321852e-01
6.408734433635229211e-01
6.408333405407059535e-01
6.406909521947522501e-01
6.408351758483726845e-01
6.405499568358388185e-01
6.407199619532828461e-01
6.403568436770051830e-01
6.403433392095227994e-01
6.401093821080005020e-01
6.401278243547889879e-01
6.401278160279267881e-01
6.399330006177454955e-01
6.398393045238385257e-01
6.397583104615558458e-01
6.396659087112240849e-01
6.396714845994807552e-01
6.396469742209295317e-01
6.394261597362844718e-01
6.393295033583012987e-01
6.395055559720804750e-01
6.393815655554789812e-01
6.392023867091032319e-01
6.393036738798837382e-01
6.390451082274689609e-01
6.388215109875265973e-01
6.390843837026471963e-01
6.388401170026699605e-01
6.386569157728491097e-01
6.386836036229078806e-01
6.385039024003972274e-01
6.384327551759071406e-01
6.384897644227238711e-01
6.384433496955468357e-01
6.383117860346736450e-01
6.384033612472074237e-01
6.382098137882483702e-01
6.382051846906241499e-01
6.382758684542892968e-01
6.381248259008100998e-01
6.380249323495442715e-01
6.381749762250158442e-01
6.379331915754743454e-01
6.378443092931909142e-01
6.379480312474302695e-01
6.379425160962144403e-01
6.377087938503814835e-01
6.377129762979031335e-01
6.376803131772761368e-01
6.377096243143133281e-01
6.373026351851039939e-01
6.375067654254810146e-01
6.373840147576972370e-01
6.371263606673815971e-01
6.374446657965044949e-01
6.372841133474141939e-01
6.371651676557328337e-01
6.372425526176129784e-01
6.371535893792763527e-01
6.369696262759700911e-01
6.369781207703081316e-01
6.370040126884259912e-01
6.368636701988911186e-01
6.368466389310113440e-01
6.367586847082769008e-01
6.367032508783120326e-01
6.367058135047497514e-01
6.365982963330747424e-01
6.364311050993329832e-01
6.366785061259678802e-01
6.365760995912175257e-01
6.364022790360988058e-01
6.365341700434656858e-01
6.363486421804416260e-01
6.361467632067329125e-01
6.364810064143556767e-01
6.362126020092228051e-01
6.361390345823469961e-01
6.361816741336635550e-01
6.361244525457480092e-01
6.359129065585072960e-01
6.360402407628977794e-01
6.359170472386833639e-01
6.359502906869456407e-01
6.359281642619571961e-01
6.358638755227840056e-01
6.358320314522187822e-01
6.358409460977719752e-01
6.357920492347274299e-01
6.354697539374051241e-01
6.356287671391027683e-01
6.356085022220602232e-01
6.354968603452394449e-01
6.354296341890899313e-01
6.353791135712377747e-01
6.351469934192851552e-01
6.354687296964581789e-01
6.352171860726599784e-01
6.351564202859949493e-01
6.352508572895138039e-01
6.351247700079825087e-01
6.350190745677316562e-01
6.352373859152121716e-01
6.349728722887578725e-01
6.350133498442692703e-01
6.349984571132608613e-01
6.351059731765965610e-01
6.348086583777540204e-01
6.348294140156514054e-01
6.349687035188626982e-01
6.349177397762539865e-01
6.349392816090916325e-01
6.347011642690932876e-01
6.348089387533236705e-01
6.347373543388622474e-01
6.345910644584742411e-01
6.347603916942697877e-01
6.346004992101835773e-01
6.344232601548339678e-01
6.343747019101585449e-01
6.345789666445786903e-01
6.344037912692052084e-01
6.341407318826692840e-01
6.344362828968509449e-01
6.341786505888150627e-01
6.342706663242653198e-01
6.340984706218828482e-01
6.342068012398344168e-01
6.340411757034446483e-01
6.339230029659280730e-01
6.340579373376886707e-01
6.338776528428488044e-01
6.338105096197217403e-01
6.338903110401840069e-01
6.338987881234195987e-01
6.338035343863773763e-01
6.337802226636176650e-01
6.337555472280861357e-01
6.334797069955014903e-01
6.337331665216049403e-01
6.336712404044995139e-01
6.335172283618489830e-01
6.337083541874478643e-01
6.334995438550926616e-01
6.333950651194312220e-01
6.334471869957332135e-01
6.334599643994783813e-01
6.332851159978235556e-01
6.333467362859961369e-01
6.331655472217357916e-01
6.331782415995640401e-01
6.333567985261652211e-01
6.332173863149052062e-01
6.329168355135071922e-01
6.334071963340942579e-01
6.331812382191129851e-01
6.330192338699366372e-01
6.331696832294014810e-01
6.330363118104712639e-01
6.329442295917738770e-01
6.329905617602068491e-01
6.328130374882379172e-01
6.328138403892963337e-01
6.328369476040355268e-01
6.328005710595182576e-01
6.326338529533582777e-01
6.327822793342076091e-01
6.326772326654036549e-01
6.325155836971235734e-01
6.328339044629572863e-01
6.326706467073714979e-01
6.323877266963001675e-01
6.325735631452620300e-01
6.323454053843139411e-01
6.323271248519870547e-01
6.324514817760532592e-01
6.324239120594327135e-01
6.321508801094072316e-01
6.321442110733781483e-01
6.322010517657693507e-01
6.320306797767223372e-01
6.321593731328809529e-01
6.321564252989005928e-01
6.319135853329921337e-01
6.319759990495906754e-01
6.318935065319553068e-01
6.319003761218789927e-01
6.317994434074390986e-01
6.318287364539990625e-01
6.318238703261173095e-01
6.315945646233159794e-01
6.316757267248265251e-01
6.318148171167604632e-01
6.315963076724891989e-01
6.315134752615049196e-01
6.315484559760314864e-01
6.314962595846475013e-01
6.315207876253848829e-01
6.312706436844559565e-01
6.312987715444319248e-01
6.312700404784943320e-01
6.313647411345039151e-01
6.312263619695647199e-01
6.310430552271302229e-01
6.311045873943961215e-01
6.310753254624449360e-01
6.311829887341379175e-01
6.309475865858439336e-01
6.308748083569701848e-01
6.308990744696779673e-01
6.310142051283859077e-01
6.308042247483530707e-01
6.307843432516520021e-01
6.308719393403499076e-01
6.308455666069409107e-01
6.307088787731793822e-01
6.307381398563182140e-01
6.307753012641498236e-01
6.306909921956586063e-01
6.307421304657445660e-01
6.304921043501511280e-01
6.305197384058175425e-01
6.307087343952999525e-01
6.305671598496668251e-01
6.304582043568515148e-01
6.304979972588266035e-01
6.304081283966919136e-01
6.305084570227584839e-01
6.304009323737723713e-01
6.305288215821612807e-01
6.303088512413844713e-01
6.304541552472623378e-01
6.302120554358999760e-01
6.302613638364743531e-01
6.302697749082842860e-01
6.301771112875848013e-01
6.303201860560813108e-01
6.301420167669736783e-01
6.300806956518962831e-01
6.299532959060193393e-01
6.299697787947361460e-01
6.300305596245489026e-01
6.299336210248861478e-01
6.299202574204080252e-01
6.300165293089005081e-01
6.300116347764265212e-01
6.298959766142756544e-01
6.299046302704139899e-01
6.297675402574703929e-01
6.299497874107852224e-01
6.297797779538468754e-01
6.297744840703288771e-01
6.295167408109936247e-01
6.297448973320691756e-01
6.297875709996066940e-01
6.295612486549909681e-01
6.293849522498454752e-01
6.296038684100092597e-01
6.296264452670072842e-01
6.295248887759423706e-01
6.295137159156930506e-01
6.294384648558104534e-01
6.296018985987322791e-01
6.294719870330577338e-01
6.293862623597491490e-01
6.293506748368572490e-01
6.294275684074018828e-01
6.294210767260711714e-01
6.292827710607378222e-01
6.292818193958229500e-01
6.293049045871107472e-01
6.293528835116333209e-01
6.291590098657610097e-01
6.291424854423207647e-01
6.291745401110321323e-01
6.292279966604756858e-01
6.290609559037383391e-01
6.292368835782878866e-01
6.292571249872124239e-01
6.289874902225204290e-01
6.290298200802256767e-01
6.290930031987368443e-01
6.290256610493486500e-01
6.289337766518036110e-01
6.288202662945118204e-01
6.288427461649566119e-01
6.290045771112958706e-01
6.289232996235557538e-01
6.288603360908923134e-01
6.286912527590823307e-01
6.289469621006724687e-01
6.286856751163013568e-01
6.285817375801707740e-01
6.287138668546342624e-01
6.286061059290350972e-01
6.285438742719475780e-01
6.282845317861708301e-01
6.286200255847815832e-01
6.286072139637005618e-01
6.283616707229513487e-01
6.283325190653589187e-01
6.285073992210024052e-01
6.284372414220013026e-01
6.283587478315662000e-01
6.282272823942730566e-01
6.283339224031152526e-01
6.283356070506315172e-01
6.282018025004901807e-01
6.282299099498448447e-01
6.281261373843177731e-01
6.281833542714503338e-01
6.280952054813951912e-01
6.282265838519732748e-01
6.280148842633683781e-01
6.280341991886507769e-01
6.280465006450021148e-01
6.278875086678109563e-01
6.279972722896697279e-01
6.279333302551669549e-01
6.278787846847718734e-01
6.276797568116266879e-01
6.277834808468795158e-01
6.279265622825811466e-01
6.277325510242934836e-01
6.277168987158397995e-01
6.275729397905104312e-01
6.276691264293426942e-01
6.277069180545628013e-01
6.275206472155042681e-01
6.274961047085526600e-01
6.276428129004808509e-01
6.276285070516486320e-01
6.275040410716204997e-01
6.275205810625358316e-01
6.274588103163708519e-01
6.273988691112710736e-01
6.272955809758596901e-01
6.273886433693313114e-01
6.272470224967203745e-01
6.272723073657101578e-01
6.272637573934389810e-01
6.273022202973222994e-01
6.271888077842898701e-01
6.273129808568859156e-01
6.271614958454694300e-01
6.271383811611358494e-01
6.271710611473272357e-01
6.271432356475036274e-01
6.270396433277858339e-01
6.271683504362649542e-01
6.269606254292182657e-01
6.268393495122410730e-01
6.269634008691630234e-01
6.270278945190258524e-01
6.269327915856645062e-01
6.268752003473269108e-01
6.269079843296939680e-01
6.267368539847656406e-01
6.267220986778448966e-01
6.266686193609275479e-01
6.267195557206922674e-01
6.265510573018813201e-01
6.266070658966670370e-01
6.267673151627871642e-01
6.266498805945995842e-01
6.265763609018121238e-01
6.265797563162133210e-01
6.264816890980419162e-01
6.265063594725229779e-01
6.264944507902864279e-01
6.264001093526512243e-01
6.262589642154964276e-01
6.263944620759496207e-01
6.263412473626812638e-01
6.263075859771634057e-01
6.262576633232274093e-01
6.261105259713996007e-01
6.261264401879528263e-01
6.261578545325912071e-01
6.262784087285827583e-01
6.261250205212880449e-01
6.259995813871013226e-01
6.260902957515386280e-01
6.261218130242162117e-01
6.258330792498537631e-01
6.259206488453933348e-01
6.258714558259401706e-01
6.258703692609343117e-01
6.257293578695364289e-01
6.257322168024267439e-01
6.259111997470337974e-01
6.257433631498571236e-01
6.256570342778974281e-01
6.257520580883756400e-01
6.255822068874949959e-01
6.255629659173370660e-01
6.256141426683511364e-01
6.255641519698954545e-01
6.258297199022605506e-01
6.254179215940866010e-01
6.255326841524977421e-01
6.254816355353538526e-01
6.253276820548639980e-01
6.252893487850939014e-01
6.253451483973541114e-01
6.253610967809281052e-01
6.251855873105106598e-01
6.251679008178171459e-01
6.252390163632909337e-01
6.251594563368055857e-01
6.250592751160287674e-01
6.249647314598604231e-01
6.250817749995304373e-01
6.249970396414147311e-01
6.249952735400002846e-01
6.247788326680518978e-01
6.248469542574285329e-01
6.249002157513369182e-01
6.249735006747558774e-01
6.248150460664607664e-01
6.249004381427578636e-01
6.247785806535935960e-01
6.246675983914509178e-01
6.248508895626901927e-01
6.247699271028637202e-01
6.246937420454840018e-01
6.245789830109101937e-01
6.246592463752198565e-01
6.245807003549478376e-01
6.245663486825224764e-01
6.245485115452663605e-01
6.246337723027349798e-01
6.243847588747716282e-01
6.243048727098162720e-01
6.243775370246876788e-01
6.243894739327108256e-01
6.244956955791781672e-01
6.242785886165461706e-01
6.245230207180136883e-01
6.241854561778389376e-01
6.242825021933867680e-01
6.242232005612974310e-01
6.241784143624129477e-01
6.242823933110474011e-01
6.241867265656672048e-01
6.242164395800976484e-01
6.241512293756740215e-01
6.240878545545083256e-01
6.239972708135582691e-01
6.240789589600171938e-01
6.240601044734878089e-01
6.238745340656032257e-01
6.238177662848748417e-01
6.241528706794167158e-01
6.239341844631336453e-01
6.238015053110615993e-01
6.238486403872878228e-01
6.237894378227307746e-01
6.236616361403622966e-01
6.237710591270079208e-01
6.237764289069324120e-01
6.236384317183191195e-01
6.237035313294240213e-01
6.236218825713980562e-01
6.234915690443377789e-01
6.234266585098100499e-01
6.235493244174542538e-01
6.234886256620509881e-01
6.233289502057297593e-01
6.232817898043602201e-01
6.234698735301751338e-01
6.234916499694026504e-01
6.233187616646670426e-01
6.231635330557180330e-01
6.233244235788985010e-01
6.234125507612660044e-01
6.231902469445321779e-01
6.231347020778176260e-01
6.233360693073518588e-01
6.229927198959476220e-01
6.230012736234729065e-01
6.229682653139948512e-01
6.232672805149440665e-01
6.231771604954426946e-01
6.228100652475067056e-01
6.228709094978389649e-01
6.230491171228308422e-01
6.228289786653947724e-01
6.227966147552641551e-01
6.228103982990026433e-01
6.230109830977327290e-01
6.228415870167131052e-01
6.226625049792942068e-01
6.228902963084913535e-01
6.225774962914804034e-01
6.226256002248981014e-01
6.227280785894376836e-01
6.226598331898504091e-01
6.226815162916244928e-01
6.224690853047413208e-01
6.226777975224730977e-01
6.223819793480532825e-01
6.224405197516502675e-01
6.225733534635133903e-01
6.225255473234224679e-01
6.224124228986079865e-01
6.223271894110206093e-01
6.224799294331734290e-01
6.225875483847741476e-01
6.221964782831317375e-01
6.223109773958653834e-01
6.223895232253374710e-01
6.225091811095501138e-01
6.223261910006387954e-01
6.222173597044075022e-01
6.222875557525354706e-01
6.224104990489587319e-01
6.220434329311237409e-01
6.221025834922063735e-01
6.222210116433191107e-01
6.222339732042401206e-01
6.219645941410570922e-01
6.219164958108204244e-01
6.222487578818700626e-01
6.220057633536580921e-01
6.219476399702170699e-01
6.219854371647995928e-01
6.220317216674130512e-01
6.220196278162011261e-01
6.218259322571799697e-01
6.220422409392117880e-01
6.220127271175240891e-01
6.218153632347631632e-01
6.218892791374573958e-01
6.217670806088896329e-01
6.219216556255203754e-01
6.218076365436940867e-01
6.217223246184621077e-01
6.216712771167879348e-01
6.218256003729866199e-01
6.216875132526624714e-01
6.216463671328196217e-01
6.216297384362453604e-01
6.216616907795263769e-01
6.216914283350805093e-01
6.216669761911856051e-01
6.215935489557290472e-01
6.217161476376776852e-01
6.216304933216102446e-01
6.214712355799443255e-01
6.214405160455537258e-01
6.215385034563025712e-01
6.215172745298144230e-01
6.214032924248785728e-01
6.212887247494887077e-01
6.215782286209102780e-01
6.213464800047125980e-01
6.214314677007388710e-01
6.212598548785892572e-01
6.214608796817784331e-01
6.214070153833209931e-01
6.214034498865733669e-01
6.212155567433804704e-01
6.213554636204371429e-01
6.212831391747867249e-01
6.213469668517597189e-01
6.212004383421939613e-01
6.211247812965603465e-01
6.211218331020781358e-01
6.212193980519082892e-01
6.210500566272669776e-01
6.211563168173950267e-01
6.209694236609036855e-01
6.211969812720901096e-01
6.209198279947195642e-01
6.210862168564174057e-01
6.209144307164923271e-01
6.208563390690261530e-01
6.210165767267022963e-01
6.208377201553518798e-01
6.207784750457535639e-01
6.207679205160355762e-01
6.210240100146439124e-01
6.208118021975492784e-01
6.208515247368926460e-01
6.206598919305318374e-01
6.207771527413707968e-01
6.208314876109909397e-01
6.206504973090586352e-01
6.204772530108961792e-01
6.207096573736317069e-01
6.205501478415652583e-01
6.206015638768418441e-01
6.204683755267171863e-01
6.206577677101222656e-01
6.203896096337525590e-01
6.203328942880351748e-01
6.205560843568512785e-01
6.203792601887859748e-01
6.202812272558405615e-01
6.203363789168364617e-01
6.204029164515286743e-01
6.203311591256669422e-01
6.203563133545909603e-01
6.203248369582198274e-01
6.202957336143484213e-01
6.203269842777573428e-01
6.202091437749874814e-01
6.202545221943163156e-01
6.202559567085456083e-01
6.201243654188687282e-01
6.199902197443295515e-01
6.200690230962038196e-01
6.200839704651081030e-01
6.201244807980451634e-01
6.201595604283178798e-01
6.202294825106822174e-01
6.201507580816916221e-01
6.199345439385328671e-01
6.199428314470361023e-01
6.200515915769716502e-01
6.200529182311204091e-01
6.199821240813769840e-01
6.200093324293012298e-01
6.198826471836496044e-01
6.199038591843006873e-01
6.200258325453805730e-01
6.200778114660482343e-01
6.197925612354210356e-01
6.197580740611220440e-01
6.199835923325546228e-01
6.196630066858702657e-01
6.198619796208180155e-01
6.199631175344159084e-01
6.197706808650468302e-01
6.196873870085564118e-01
6.198877148506755086e-01
6.196448657450954745e-01
6.196268624438513450e-01
6.197762131078763392e-01
6.196731129601733556e-01
