2.915386299470320068e+02
6.677006728575969419e+01
4.665474191770255885e+01
3.604400408102340947e+01
3.002521025592239212e+01
2.618664144350762513e+01
2.359649547511028445e+01
2.162037449299770131e+01
1.986093295615224363e+01
1.832498403567773337e+01
1.693199251298522157e+01
1.561027652147419076e+01
1.431145884877918206e+01
1.300216178845960791e+01
1.165112865575941470e+01
1.026283669627471973e+01
8.855055368886821654e+00
7.469028240690256837e+00
6.183420708192596038e+00
5.130124992949077978e+00
4.371359963254564995e+00
3.859917930382468665e+00
3.511970410617683225e+00
3.263944059737910575e+00
3.073569900913721842e+00
2.921048891572981976e+00
2.797612304747574274e+00
2.696176256210366606e+00
2.609485734675182744e+00
2.532692318192808489e+00
2.463423260148016158e+00
2.399660141922199230e+00
2.340647820387923961e+00
2.286315071953957556e+00
2.236372146314401732e+00
2.189510561096394081e+00
2.144495702065579934e+00
2.101149618047481127e+00
2.058678004724217470e+00
2.019849276217562828e+00
1.982007248837492241e+00
1.946643522802239401e+00
1.914735421542608007e+00
1.884306714936058613e+00
1.856165540075174647e+00
1.829662997293937110e+00
1.804939820608736811e+00
1.781829403603521378e+00
1.759814393000333155e+00
1.738931302852036787e+00
1.719048611920122482e+00
1.701090460674318905e+00
1.682879032048218981e+00
1.665891342531551134e+00
1.649667317799247579e+00
1.633986159687865758e+00
1.618931400877540838e+00
1.604535425857735120e+00
1.590538651578953910e+00
1.576448215619427051e+00
1.562612062659743506e+00
1.549347506016259146e+00
1.536728906854806231e+00
1.524807232869802354e+00
1.512877533928856044e+00
1.501242191830624462e+00
1.489826468537076565e+00
1.479183079000756962e+00
1.468677267131801356e+00
1.457508026048481620e+00
1.446952317137591537e+00
1.436185607248558371e+00
1.426054183562815325e+00
1.415675360887440837e+00
1.405502954074798971e+00
1.395119562887067621e+00
1.384871134342857246e+00
1.374580960887734626e+00
1.364602997958345165e+00
1.354498245038817883e+00
1.345359360151635819e+00
1.336532522804682932e+00
1.327584377665715465e+00
1.319392917656697195e+00
1.311243328053468993e+00
1.303835972616920857e+00
1.296263048207812796e+00
1.288390980912017980e+00
1.280676275208718851e+00
1.273192973198353339e+00
1.266047349444742176e+00
1.259539583949671915e+00
1.253671964868277922e+00
1.247047407013487597e+00
1.241237037095310081e+00
1.235823212875703847e+00
1.229951343505857997e+00
1.224374830953344651e+00
1.219280996967568198e+00
1.213986145747634859e+00
1.208816235005415018e+00
1.204308371689804202e+00
1.199375420549795956e+00
1.194304354206142893e+00
1.189316828078103239e+00
1.184721392467681822e+00
1.179880377154459259e+00
1.175683657086889822e+00
1.171415077658964909e+00
1.166946172027857775e+00
1.163079362906638048e+00
1.158666713903201861e+00
1.154647908386727817e+00
1.150933246096056406e+00
1.147155511596190669e+00
1.143461061093131947e+00
1.140010874028173582e+00
1.136375424851136184e+00
1.132856331632066338e+00
1.129314985341250965e+00
1.125793393039676182e+00
1.122631849243669544e+00
1.119365445233865719e+00
1.115873126214268929e+00
1.112622240515721339e+00
1.109397493184481220e+00
1.106530426425442304e+00
1.103028901269024642e+00
1.099901070588429786e+00
1.096428159397526469e+00
1.093066108342098941e+00
1.089583647234194652e+00
1.086189396843193711e+00
1.082953127745349908e+00
1.079980181710047837e+00
1.077096036938774981e+00
1.074241213088671598e+00
1.070939661617054339e+00
1.067167419126333172e+00
1.064298321075786591e+00
1.061440898020284518e+00
1.058703119182108354e+00
1.056549033452062636e+00
1.053699500959731417e+00
1.051171461901854398e+00
1.048764628488255468e+00
1.046185938632535395e+00
1.043526096725922336e+00
1.041186262804770557e+00
1.038823506545620612e+00
1.036509939356133669e+00
1.034101213007503350e+00
1.031736968782157815e+00
1.029307247732482278e+00
1.026738299454486691e+00
1.024598758911247742e+00
1.022736682679455500e+00
1.020629509944163127e+00
1.018551031634390425e+00
1.016453613664799471e+00
1.014407735629484497e+00
1.012505616768569983e+00
1.010645618013137570e+00
1.008585123193667110e+00
1.006170436714514560e+00
1.004233910599724444e+00
1.002485409211088196e+00
1.000426625249682955e+00
9.985080309737974780e-01
9.963886962554400206e-01
9.946107291461917521e-01
9.924621680271803470e-01
9.904307543920437551e-01
9.884909219040177719e-01
9.866904568850906054e-01
9.848028018041842246e-01
9.829710695315737601e-01
9.811569526867996993e-01
9.795215164116189976e-01
9.776389820632506167e-01
9.757624607221662139e-01
9.739612009810673099e-01
9.726412269953463863e-01
9.710700285458423453e-01
9.695287551981374152e-01
9.680467288124340319e-01
9.663257495853608825e-01
9.647326060700164296e-01
9.631115999438667474e-01
9.615640961483884475e-01
9.596684416394579697e-01
9.581303877048945594e-01
9.562090280592864255e-01
9.543541827499889552e-01
9.527395788972685686e-01
9.509666723940813915e-01
9.490183802853721096e-01
9.473534500167738459e-01
9.458153713415281549e-01
9.442238389228342355e-01
9.427282874347401309e-01
9.410551201033626745e-01
9.397779557095335967e-01
9.381401766482381221e-01
9.367163205307863505e-01
9.351248646809322551e-01
9.335384593099093076e-01
9.323403783062529371e-01
9.307698507029202872e-01
9.294038308438464790e-01
9.279157658230118289e-01
9.263512587046510705e-01
9.248544528605839865e-01
9.233871964063468107e-01
9.218817803759856710e-01
9.205221073474912918e-01
9.190836042797269068e-01
9.178771747419544047e-01
9.166664910091394392e-01
9.153637108343136708e-01
9.144656194886925382e-01
9.132062300150171064e-01
9.119325419067195737e-01
9.109210837988935827e-01
9.099838432193173565e-01
9.086830718927206840e-01
9.076812170396159063e-01
9.063640263267963570e-01
9.055867027274441261e-01
9.043239602574885128e-01
9.033120754035032229e-01
9.024832229675897599e-01
9.015031307397690652e-01
9.002679493987703063e-01
8.993403755380184883e-01
8.983003034171531676e-01
8.973647902898567175e-01
8.962505362142837440e-01
8.951325088284928233e-01
8.943209698938113794e-01
8.932625384106657185e-01
8.921709617785137381e-01
8.912010582644510626e-01
8.901733917808482000e-01
8.895230855724752805e-01
8.885950509755670135e-01
8.875271676072072902e-01
8.864065059254907508e-01
8.854412301479124281e-01
8.845012005344760064e-01
8.836115582365492438e-01
8.827744698547483893e-01
8.817114424620858815e-01
8.809242596722373086e-01
8.801238857558764117e-01
8.793021502652460519e-01
8.783056964062948557e-01
8.774304258007558088e-01
8.766130001218385148e-01
8.757324423429978522e-01
8.748561332722859518e-01
8.737899014564236566e-01
8.731444851806267060e-01
8.720660811404217228e-01
8.713866918567680919e-01
8.704290733571734551e-01
8.696284205606524820e-01
8.687656033811106404e-01
8.679975078204132943e-01
8.671099288494518165e-01
8.662269311680207418e-01
8.655621607522773209e-01
8.646564908764173829e-01
8.638825439124198091e-01
8.629541247170551266e-01
8.621105782914592064e-01
8.613179454167281257e-01
8.606308539979407035e-01
8.600415494865001342e-01
8.590253572215172939e-01
8.581404559560296130e-01
8.574953274119200275e-01
8.566818392491093448e-01
8.558745894159316414e-01
8.552957446357583038e-01
8.544111919019766743e-01
8.536862139372436431e-01
8.527103135831380909e-01
8.520710139787402992e-01
8.513679241327808400e-01
8.505714308598580908e-01
8.498413199859817801e-01
8.487892699627835880e-01
8.482766792040600246e-01
8.474338438945573371e-01
8.466590660752216779e-01
8.459515625012042905e-01
8.453688609630946038e-01
8.445331675875383803e-01
8.439211746093016053e-01
8.431681490290019454e-01
8.423520191613821373e-01
8.417807541451053366e-01
8.408921919074802132e-01
8.403179410766035140e-01
8.395355115469431695e-01
8.389026323436009625e-01
8.381963700083803204e-01
8.375506770843266224e-01
8.367496970921237676e-01
8.360998591657923251e-01
8.354062191987154939e-01
8.347713932584439611e-01
8.342200062130591398e-01
8.334921550228404641e-01
8.329741666983681014e-01
8.324082609492250429e-01
8.318683144156983067e-01
8.312062421355794761e-01
8.304229719575627611e-01
8.298026574610112283e-01
8.291001876768059331e-01
8.284903020459890577e-01
8.277962270037263481e-01
8.272495449022682079e-01
8.266530905864937218e-01
8.259210111747123939e-01
8.253197308422580702e-01
8.248497715606076808e-01
8.242399286971662242e-01
8.235978564976838001e-01
8.230702439334351972e-01
8.224674736652138884e-01
8.218625428775818698e-01
8.212569367127565689e-01
8.207622500974148805e-01
8.201320689634338246e-01
8.196538637512418290e-01
8.188120990819470757e-01
8.184898394295307966e-01
8.178771433081991615e-01
8.173203590079309855e-01
8.168206137919743481e-01
8.163274035856481481e-01
8.159631071963141524e-01
8.154990345127450801e-01
8.149343589784648900e-01
8.145047343820938091e-01
8.140625413827572432e-01
8.133645799531804554e-01
8.129300249729994876e-01
8.124578095387456900e-01
8.119751127012344583e-01
8.114814995150220200e-01
8.110018245892506306e-01
8.105574300281163103e-01
8.100032471608775708e-01
8.095309884733820072e-01
8.090170324587546702e-01
8.085888596485090174e-01
8.081329076390301180e-01
8.077120742388818053e-01
8.072356768858329756e-01
8.068097073179765211e-01
8.063803025802375180e-01
8.058982900955101725e-01
8.054221732429173164e-01
8.049271679646806676e-01
8.045090123020099959e-01
8.041816428645356396e-01
8.035911530278303516e-01
8.033876327568826303e-01
8.027566542821316098e-01
8.022017811174081414e-01
8.019145431099379273e-01
8.014942558240193415e-01
8.012833277019441036e-01
8.008923436310414479e-01
8.004387405910189379e-01
8.000943840058628576e-01
7.996686114985215310e-01
7.992705111410945973e-01
7.992428646988697372e-01
7.988132521918133166e-01
7.983728022925440371e-01
7.978902069334279368e-01
7.974836011540236136e-01
7.973470806493957452e-01
7.969877092208315084e-01
7.965813313020287945e-01
7.962421299740838343e-01
7.959190204538160174e-01
7.956013949894006343e-01
7.950935846824745967e-01
7.948981551940960122e-01
7.945128625776723963e-01
7.943214966654119635e-01
7.937413692968297019e-01
7.935879622583058568e-01
7.931586498098307514e-01
7.928325498901561685e-01
7.924290674814072899e-01
7.920485254467939384e-01
7.918875329358973092e-01
7.914310506609121276e-01
7.912568178156847987e-01
7.907503889167858402e-01
7.905727189211155803e-01
7.900990074396919693e-01
7.897753352595185961e-01
7.893895623827368313e-01
7.891297387672775443e-01
7.886814162891329083e-01
7.884857165589087558e-01
7.879940582435299712e-01
7.879041593542210897e-01
7.874641992565827309e-01
7.869203794273302854e-01
7.867262642285354213e-01
7.863251506607523700e-01
7.860077416328904443e-01
7.855924441029341621e-01
7.850824780114250556e-01
7.845556515672788001e-01
7.845867875869200203e-01
7.841030575856793305e-01
7.837565272274570338e-01
7.834288609526393055e-01
7.831815357677193168e-01
7.829048430520325619e-01
7.824566925686387009e-01
7.821353656198688498e-01
7.818974563740850314e-01
7.815612303979880826e-01
7.813692009576694852e-01
7.808372551529906280e-01
7.806387358880718663e-01
7.803019309714639418e-01
7.798596306178305904e-01
7.796003157964236374e-01
7.791363957384241923e-01
7.786966840948953417e-01
7.784864463028355885e-01
7.779776565288368806e-01
7.777613844462715198e-01
7.773721810814775424e-01
7.771319932387692475e-01
7.767632910792091616e-01
7.765609615667729004e-01
7.762284612334303668e-01
7.759314685584087767e-01
7.755637906702920192e-01
7.751308285544714627e-01
7.748393705599457837e-01
7.744123938809498453e-01
7.741769331897283557e-01
7.739612947451575131e-01
7.736179709120835080e-01
7.731749946198754886e-01
7.728718952915412110e-01
7.726490860468175903e-01
7.722016717982495004e-01
7.718764224865961587e-01
7.715433428807668692e-01
7.712067806703603035e-01
7.709013459825411196e-01
7.704739621159159002e-01
7.703368997511280680e-01
7.700214363658913763e-01
7.696013863675603695e-01
7.693084708136854744e-01
7.690747587119296513e-01
7.686788826977147826e-01
7.682879532053435989e-01
7.679843310618656993e-01
7.677433879582195031e-01
7.673505419488013679e-01
7.670316002182452353e-01
7.669506987861040015e-01
7.665441475988958864e-01
7.661255097235565303e-01
7.659001851244026104e-01
7.654632843882588356e-01
7.652958547047313820e-01
7.649479172743766098e-01
7.646584617456156918e-01
7.646290474656004532e-01
7.641155128491136095e-01
7.638989514204204134e-01
7.634442322726316954e-01
7.633561817101904845e-01
7.628360865490372289e-01
7.625066349597378057e-01
7.622119334475040420e-01
7.617341866223162894e-01
7.617474380721734883e-01
7.613094372524044084e-01
7.609877148245818290e-01
7.607682864965354952e-01
7.603479327647629793e-01
7.597952745636592509e-01
7.595275441028284114e-01
7.593310230633543156e-01
7.590238186003089860e-01
7.589151977859024401e-01
7.586948232047840968e-01
7.582119463557619454e-01
7.579039773244331535e-01
7.576299391436372987e-01
7.573332522536627698e-01
7.570118939810104308e-01
7.569031648546408197e-01
7.567199365913647169e-01
7.564004665102221914e-01
7.563117654783070298e-01
7.559777980324744462e-01
7.557098374686815889e-01
7.554221314557502120e-01
7.550537815369141592e-01
7.546776019011950387e-01
7.545533308061810329e-01
7.543064194722272076e-01
7.539963495962016538e-01
7.537755020740560807e-01
7.534960258111301767e-01
7.530052611558604170e-01
7.526698453522276955e-01
7.524147132897232026e-01
7.522903510860939891e-01
7.519080277313959781e-01
7.517215610141859683e-01
7.513777951589867277e-01
7.510608532904106127e-01
7.508986563270617642e-01
7.504581142040774866e-01
7.502809373431557072e-01
7.499432581941354314e-01
7.497803536976447303e-01
7.495543545494943727e-01
7.492969439229245632e-01
7.488432220337898348e-01
7.485333219491464574e-01
7.482579794808738027e-01
7.479822376822521379e-01
7.476869092641148518e-01
7.473882995320401124e-01
7.471413140454200574e-01
7.471075864661252952e-01
7.466750191957259863e-01
7.464838754729865578e-01
7.462471616133492525e-01
7.459774598044853766e-01
7.456651948619278381e-01
7.455746753873833121e-01
7.451643430621266440e-01
7.449777438074844937e-01
7.447534358277173583e-01
7.444794828693823696e-01
7.440915892575689083e-01
7.439833964877543560e-01
7.436448218936136945e-01
7.436402989690819032e-01
7.431722534529727753e-01
7.431520908523157054e-01
7.427894397931379400e-01
7.427297721582001300e-01
7.423954564383542509e-01
7.422672567369330565e-01
7.421247526194605371e-01
7.418490861568410866e-01
7.417506637044090079e-01
7.415084217827949686e-01
7.412572104933724537e-01
7.409872527344422144e-01
7.407532371869245402e-01
7.404749205154249614e-01
7.402627383600606237e-01
7.401832915890294018e-01
7.399620850151699125e-01
7.397593672902288420e-01
7.395356206784239328e-01
7.392480417761602141e-01
7.390945198827288953e-01
7.389694158098946142e-01
7.388148468818878101e-01
7.385083813138334508e-01
7.384495826497787796e-01
7.382065703962660264e-01
7.379804529438717120e-01
7.378123842108649244e-01
7.376615878289177752e-01
7.373959796961845337e-01
7.372130974075369325e-01
7.369425347033374818e-01
7.369043028173490884e-01
7.366011489248817101e-01
7.364297769410255157e-01
7.360617545693505237e-01
7.360152166436074728e-01
7.359060788674766096e-01
7.356567062377666888e-01
7.353522989570677737e-01
7.352846381381855645e-01
7.348925062493908422e-01
7.347319343411456982e-01
7.345698528708289876e-01
7.343996492481279503e-01
7.341043993945901569e-01
7.338943042460753796e-01
7.337929893364204537e-01
7.338070981018433026e-01
7.336345637924889251e-01
7.334133640665906340e-01
7.333335191804231101e-01
7.330897459724742271e-01
7.330473691590463359e-01
7.328296713529415252e-01
7.326364334521650035e-01
7.324034474307888898e-01
7.322480173380263579e-01
7.322242493564475874e-01
7.320189956757289229e-01
7.318333896114791459e-01
7.314429806756641561e-01
7.313466133079797871e-01
7.310551148587421944e-01
7.307458021699858586e-01
7.304379584518629898e-01
7.303387832408713143e-01
7.301127143481416226e-01
7.297495387782141352e-01
7.295793774832651790e-01
7.293882280960878317e-01
7.294010675298205904e-01
7.291421451250633678e-01
7.288609733460704732e-01
7.285794582639000261e-01
7.284385617122640655e-01
7.281320169293813427e-01
7.279558528897758229e-01
7.276602637029575549e-01
7.274682586655361050e-01
7.272329124364032005e-01
7.270369810215034923e-01
7.269781316446248809e-01
7.264978670045865172e-01
7.264028803243366417e-01
7.260976578665823133e-01
7.255632395928923728e-01
7.256049676644261703e-01
7.255506306304614350e-01
7.251501323058230364e-01
7.247269910925568936e-01
7.247065971935578998e-01
7.244145945546186516e-01
7.242145994960735855e-01
7.236439295139036609e-01
7.236389069369030258e-01
7.234371489024423729e-01
7.230615984731154633e-01
7.229632198572305546e-01
7.227723009520006237e-01
7.224429186027668814e-01
7.223559923869692367e-01
7.220730848933442081e-01
7.218502905612148579e-01
7.216484649253259720e-01
7.213668112940528898e-01
7.208733747641877798e-01
7.209733263467232867e-01
7.208290953118519084e-01
7.205708784391613442e-01
7.201688751577947079e-01
7.199967418826291876e-01
7.196594983774541321e-01
7.198265688533332929e-01
7.197048114138077102e-01
7.195276198427654757e-01
7.191672529915873469e-01
7.189701728125409419e-01
7.186113402813855133e-01
7.185325252216441250e-01
7.183373163214491486e-01
7.182676308091254791e-01
7.180046435191410614e-01
7.179479409685843860e-01
7.177216088347039280e-01
7.172998534824900352e-01
7.174570112765379371e-01
7.173222984105623867e-01
7.170249428363334454e-01
7.165777308257416101e-01
7.166064511796403913e-01
7.162185522294720608e-01
7.161945080841438660e-01
7.158865488327986748e-01
7.157265492601098122e-01
7.154159703329941999e-01
7.154409062273500153e-01
7.154766234829937899e-01
7.150614520040207145e-01
7.149671744801920914e-01
7.147614888734888927e-01
7.146006097500111620e-01
7.146092176642797611e-01
7.143143566618607165e-01
7.142296337782245708e-01
7.139749471886994714e-01
7.139593165202042790e-01
7.138413237340658357e-01
7.136500211829405194e-01
7.135921746724309678e-01
7.134001786610230100e-01
7.133029705691448230e-01
7.131315320073721153e-01
7.131290686888546171e-01
7.126997748808565625e-01
7.125805718692878044e-01
7.124654389284453826e-01
7.124338616278512726e-01
7.122768974606392689e-01
7.123839283191962801e-01
7.121346112234254733e-01
7.117712957354777048e-01
7.117685776288840138e-01
7.115424432839767555e-01
7.115578287568596894e-01
7.112872183015238603e-01
7.114610601708841742e-01
7.110792810438391065e-01
7.111218348569900982e-01
7.108336171208985421e-01
7.109833273971565282e-01
7.106843641112662313e-01
7.103431232566222997e-01
7.102248888747192401e-01
7.100758431536206006e-01
7.102091675126573911e-01
7.097366039448815833e-01
7.096756504272342392e-01
7.096825992334422351e-01
7.095038876058752386e-01
7.096063035485804527e-01
7.094682876164357666e-01
7.094108490340933493e-01
7.092137334986564623e-01
7.091601482824502201e-01
7.089382509380283137e-01
7.088996789549431021e-01
7.087066962004665571e-01
7.085357076084441985e-01
7.085071861008898075e-01
7.082634969752077403e-01
7.080469555650498181e-01
7.079409030436978334e-01
7.078081328696406160e-01
7.076475153685346520e-01
7.074384669644985246e-01
7.073271079690948149e-01
7.072971115468577041e-01
7.069834682362065026e-01
7.068753839705895770e-01
7.067141344528741209e-01
7.065640463378498604e-01
7.065013485976553431e-01
7.065104469224164907e-01
7.064933578632741629e-01
7.061187128835723081e-01
7.062139782737416605e-01
7.058681838082804250e-01
7.058388144228460170e-01
7.058392314686922075e-01
7.056658477583317435e-01
7.054056815341923636e-01
7.055464526180467155e-01
7.054114006967210360e-01
7.050804845402093290e-01
7.048993365511663223e-01
7.049881244057768503e-01
7.047852454408892742e-01
7.045936077725235558e-01
7.045168686903636734e-01
7.044314977196738381e-01
7.042764150898953579e-01
7.042288870921041832e-01
7.041431268112970931e-01
7.038061062197272788e-01
7.036645718663724347e-01
7.034735853918413495e-01
7.032799916398541074e-01
7.032403536730570393e-01
7.031395055057571009e-01
7.030076898807419150e-01
7.029704363222178953e-01
7.027080214487929632e-01
7.025944762858481463e-01
7.025816756833881405e-01
7.023485678288344802e-01
7.023303626458189397e-01
7.022127603154233455e-01
7.019421369580465253e-01
7.017770245184716815e-01
7.015647521119419139e-01
7.012852979698820377e-01
7.011261490770904770e-01
7.008491775426476389e-01
7.004786730739915868e-01
7.004676891479507672e-01
7.001154953528332392e-01
7.000471600109680059e-01
6.995235848623392316e-01
6.991261284965685219e-01
6.987251659551674265e-01
6.984555427517840087e-01
6.983993108394092042e-01
6.980402186966071509e-01
6.979846332026756750e-01
6.975609779909680563e-01
6.972299851450308728e-01
6.970424502272748457e-01
6.968267573575225304e-01
6.966328320888174330e-01
6.964030172085994286e-01
6.962467910479125388e-01
6.959128453962507566e-01
6.956649597555027986e-01
6.956120744592005911e-01
6.954507206603081082e-01
6.951765686339567152e-01
6.949177129781903828e-01
6.949160056656915607e-01
6.944711535710542671e-01
6.943066960041623936e-01
6.940402293115964794e-01
6.938470286957624245e-01
6.933850806546669743e-01
6.934223641386458858e-01
6.931656809814227271e-01
6.931557354388951930e-01
6.927950821908751555e-01
6.926068036608451495e-01
6.926506073967780841e-01
6.922066911250751575e-01
6.921202395674798113e-01
6.919534165246657986e-01
6.914183881908214646e-01
6.913001728054908313e-01
6.911401282173993410e-01
6.910397085639720105e-01
6.908730818990610478e-01
6.906095197060846402e-01
6.903938726855528563e-01
6.901710388792667850e-01
6.898319341254035564e-01
6.898536794037010145e-01
6.896762347950212702e-01
6.895779234665085911e-01
6.889743048549833437e-01
6.889342679031416061e-01
6.887945809263432695e-01
6.886024091339328912e-01
6.885306282790261134e-01
6.880513773552027201e-01
6.880391267755284757e-01
6.878710367522047342e-01
6.876216396188447044e-01
6.875134496348914714e-01
6.873178110111616279e-01
6.872921876030001487e-01
6.870166379212556684e-01
6.867329315686144797e-01
6.868451576550467230e-01
6.863687180984247016e-01
6.863354484603833017e-01
6.859185706627782819e-01
6.860285340813208066e-01
6.855242564828670782e-01
6.854558050920392942e-01
6.852065694144693353e-01
6.849665200244993146e-01
6.850630328629835342e-01
6.845916118601244049e-01
6.846590361466473595e-01
6.842289765653660760e-01
6.840479467650407708e-01
6.840720795173153013e-01
6.838315694565103575e-01
6.837386176008096728e-01
6.835114035260759779e-01
6.833104602108172054e-01
6.832945713918995301e-01
6.828344018128302828e-01
6.827530795325085222e-01
6.826403890498372595e-01
6.823594317108728768e-01
6.821914915010450775e-01
6.819780412203314546e-01
6.819273873731078739e-01
6.817849624357291693e-01
6.813761195396866865e-01
6.814040930495596227e-01
6.811916304457213966e-01
6.810827012063928043e-01
6.809520445578409742e-01
6.807323991327897117e-01
6.805983844132881266e-01
6.805553679513732801e-01
6.802718557068391236e-01
6.802595489191851641e-01
6.801266774897789524e-01
6.798198931456056471e-01
6.798621848226477082e-01
6.796070815502659457e-01
6.794768654071724479e-01
6.793295079347575482e-01
6.793094512069810520e-01
6.789350941568249587e-01
6.789661655034278098e-01
6.787518451702477806e-01
6.786096966789793017e-01
6.785811203861052965e-01
6.784225511113622931e-01
6.780312912221343469e-01
6.782778974991293675e-01
6.779376213869442447e-01
6.779082376627779682e-01
6.777456335725032810e-01
6.775370244907752415e-01
6.773702100415081029e-01
6.772348432850310296e-01
6.771800731593463629e-01
6.768591818214013678e-01
6.766085651861253325e-01
6.766991540882614231e-01
6.764965280282074778e-01
6.762142114792056846e-01
6.760911855711092544e-01
6.759017588651431430e-01
6.758569587849642124e-01
6.754731028055225295e-01
6.755063473750827496e-01
6.752811834543900327e-01
6.752705653913642081e-01
6.750624191053348211e-01
6.749156834925914561e-01
6.748077606537997708e-01
6.746564165372238575e-01
6.745473645581910871e-01
6.744159175283820362e-01
6.743595122523616814e-01
6.740337264254812055e-01
6.738829609310443836e-01
6.737448365505879222e-01
6.737467576678146663e-01
6.734944223272623098e-01
6.731442312116936444e-01
6.731977714031751603e-01
6.731786137752600041e-01
6.729010445190198864e-01
6.727613283931535015e-01
6.725058204564299258e-01
6.725617857062706761e-01
6.722277129751579317e-01
6.720260345259800872e-01
6.719640740840086002e-01
6.718672660581330724e-01
6.717598632787797897e-01
6.716306646861314178e-01
6.714761138226560400e-01
6.712550976954094750e-01
6.710864462913175288e-01
6.709212509044756301e-01
6.708484944246201342e-01
6.707971683260253171e-01
6.705534698588304643e-01
6.705771679288172749e-01
6.703338716283395726e-01
6.702887334268009534e-01
6.698054989344536247e-01
6.696294451922212287e-01
6.694383249996193053e-01
6.695116540659539206e-01
6.693621175793901257e-01
6.690737053031848847e-01
6.689869661011006441e-01
6.689300830001195797e-01
6.686202085035483078e-01
6.686076353468367595e-01
6.684027024459712196e-01
6.682694702021917399e-01
6.683513340919583490e-01
6.678795592943610471e-01
6.679758955405016296e-01
6.677407662539618372e-01
6.677515565649129181e-01
6.676600335627731475e-01
6.673898790039443085e-01
6.674239834714033037e-01
6.672285667923721908e-01
6.670929293980671915e-01
6.672248791846299154e-01
6.670034263869922819e-01
6.666328907217469180e-01
6.668366074234405305e-01
6.665417240423288092e-01
6.662863849006694927e-01
6.662964592918905193e-01
6.660015477288986352e-01
6.661961421465840694e-01
6.658070493301820880e-01
6.658985423937117121e-01
6.655995922202735393e-01
6.655954204924456885e-01
6.654210681877257283e-01
6.650239038524966562e-01
6.651433662292541849e-01
6.647757429314686828e-01
6.648330220420487491e-01
6.644303803683903054e-01
6.644568966813820809e-01
6.641251025657225471e-01
6.643095139840137220e-01
6.638286937770506713e-01
6.638334799234174577e-01
6.636804336296923124e-01
6.637037945128606564e-01
6.632976116434515790e-01
6.632197904290008106e-01
6.630052505024613962e-01
6.629693784932424450e-01
6.627961130421281544e-01
6.627161882866320353e-01
6.625572129047817560e-01
6.625193538348965738e-01
6.623277411240185986e-01
6.624202858035669328e-01
6.621982473224937715e-01
6.619331993795046776e-01
6.619408622745467374e-01
6.618521303960015478e-01
6.615555718429942944e-01
6.615808394251065927e-01
6.614692028660550394e-01
6.614386830102929604e-01
6.612421068268837798e-01
6.611456308485037514e-01
6.607878720306942233e-01
6.608877619411233084e-01
6.605359050018067002e-01
6.605138466924317386e-01
6.603276402446950355e-01
6.601681491876355556e-01
6.601364789197509131e-01
6.599969819798264803e-01
6.600722910581874325e-01
6.596435123635565612e-01
6.595877314791066537e-01
6.592680796798139342e-01
6.593505677278149735e-01
6.592663193494728846e-01
6.591698460103367907e-01
6.589510073570951088e-01
6.589073495155345350e-01
6.585493412379342937e-01
6.585903001999430240e-01
6.585569114003816393e-01
6.583577121908197327e-01
6.582909008905891701e-01
6.582015184648116746e-01
6.582007809482472993e-01
6.580322801201715643e-01
6.579138530463559675e-01
6.578013357191675459e-01
6.576111199618154268e-01
6.577598703630639365e-01
6.574851636560861134e-01
6.574105582853955188e-01
6.571229387052686111e-01
6.571875451361507414e-01
6.570857647420625947e-01
6.570349225512831515e-01
6.567947570886172315e-01
6.569758840824458934e-01
6.565534567618509509e-01
6.565774222914152469e-01
6.565035612310314850e-01
6.562645090696667127e-01
6.561743879729721174e-01
6.559927528642380823e-01
6.559365007308475271e-01
6.557256353127475235e-01
6.556530788164378620e-01
6.558224557803209454e-01
6.553998785633663449e-01
6.550772226037898660e-01
6.549918715632794264e-01
6.549588648079851527e-01
6.547561202347935705e-01
6.547394017723427995e-01
6.548336537261608692e-01
6.547653899940746314e-01
6.545615223619324352e-01
6.544600515274906494e-01
6.543627071507537307e-01
6.543003562551115149e-01
6.541152017908140603e-01
6.538260573047044444e-01
6.538557277242010857e-01
6.537191834123406986e-01
6.536325354400362997e-01
6.535432878983022942e-01
6.534304159042606530e-01
6.533073966392876075e-01
6.532008336322722153e-01
6.530918174609516846e-01
6.529057812532153005e-01
6.528454948904790500e-01
6.525276321703116222e-01
6.524606578650783417e-01
6.525485697960657916e-01
6.525380177223586431e-01
6.523116659245365989e-01
6.524505942428407979e-01
6.522925513507890072e-01
6.521586962510425023e-01
6.519658637382188537e-01
6.519897836569791272e-01
6.517530983634024500e-01
6.516062043000235837e-01
6.515074581782737129e-01
6.514017000282911196e-01
6.515579225499631422e-01
6.512839923545364895e-01
6.512512096781545301e-01
6.512206235846678126e-01
6.509843808369998319e-01
6.508250219974914819e-01
6.507120007153758268e-01
6.509848162280355011e-01
6.507002489000163203e-01
6.504678037878656172e-01
6.505582260099848080e-01
6.502824306522617670e-01
6.503440401663987958e-01
6.501697727709289110e-01
6.500927075208372541e-01
6.500041062595499630e-01
6.497896940194796134e-01
6.498901878748909455e-01
6.497313239713338184e-01
6.496364766499324039e-01
6.496714749505243525e-01
6.493728187354926851e-01
6.493792426638612669e-01
6.491231280585183505e-01
6.492062753260761099e-01
6.491312840603906675e-01
6.489344858995497178e-01
6.488767728298130422e-01
6.486713607562507589e-01
6.486950830486220010e-01
6.486733402112443425e-01
6.485098681530552245e-01
6.483314155054352712e-01
6.482150379165922960e-01
6.482554867437374524e-01
6.481937069784194927e-01
6.477969970872349270e-01
6.480188263267795401e-01
6.479435910502214790e-01
6.476873230290165484e-01
6.477931766331762597e-01
6.474344505997631227e-01
6.473568419941816421e-01
6.473217765452435879e-01
6.472045004357477316e-01
6.471509988931477553e-01
6.470280898534012115e-01
6.468013783939537964e-01
6.466426029853090673e-01
6.466769840252393209e-01
6.465673944382043237e-01
6.464179255281723435e-01
6.462696663243667761e-01
6.463014914951100698e-01
6.461234019133125228e-01
6.460641571403619166e-01
6.459978644406798587e-01
6.456256893328642388e-01
6.458174692614000456e-01
6.454726815133791096e-01
6.452248642639454301e-01
6.450059001790381386e-01
6.448946626624028067e-01
6.447977895821294103e-01
6.447448208552487570e-01
6.446850223896393173e-01
6.444892077681411147e-01
6.442312590885866941e-01
6.439233980826354342e-01
6.440148045302770408e-01
6.437798476918346058e-01
6.435300274479825999e-01
6.435043134163906942e-01
6.432379845010339769e-01
6.431078307702310370e-01
6.429824037839172446e-01
6.427936971277633527e-01
6.426933327441931576e-01
6.425680455978127759e-01
6.423831209872161718e-01
6.423862466698073703e-01
6.420884577400133297e-01
6.420940878425908105e-01
6.418116849202376573e-01
6.415797620161063364e-01
6.413940178235909562e-01
6.414693129258484117e-01
6.411598639052843440e-01
6.409848604489783996e-01
6.409320348276078549e-01
6.408004291657407592e-01
6.403885496905549202e-01
6.403915665866959372e-01
6.401935572480772496e-01
6.401020730922752922e-01
6.399788278010876130e-01
6.399330192908662118e-01
6.396937113686774756e-01
6.394746561452424594e-01
6.393026732548122704e-01
6.390246786405201496e-01
6.389412563266619882e-01
6.388731984919463480e-01
6.387576612847220003e-01
6.386631924085728329e-01
6.384991285871824962e-01
6.383213431804861671e-01
6.383161069154298373e-01
6.378791157517309518e-01
6.379270713763726119e-01
6.377682144733549663e-01
6.377209132506814759e-01
6.375582432362537633e-01
6.374884077870969223e-01
6.372981190581392674e-01
6.373494892411563084e-01
6.371695289372950599e-01
6.369174649702659119e-01
6.369691064828607585e-01
6.367542476963586884e-01
6.365998265497220254e-01
6.364455928653663941e-01
6.364327411116431632e-01
6.364039136944813491e-01
6.359377058015555084e-01
6.359078307544473452e-01
6.357887625366667184e-01
6.355708948555438553e-01
6.355911511929580593e-01
6.354253652091731430e-01
6.353350240870531129e-01
6.351985873158169094e-01
6.351564480035410964e-01
6.350504310497224747e-01
6.350013112612930000e-01
6.348666591254854552e-01
6.346111248963464124e-01
6.345300017262818226e-01
6.344038841946418872e-01
6.342525247536486832e-01
6.339563511672104967e-01
6.339896326926072190e-01
6.338013920051990269e-01
6.337396771615071422e-01
6.335902663813381963e-01
6.334041396551878256e-01
6.332263185028338404e-01
6.330517194454725605e-01
6.329602431575331867e-01
6.327821779473262742e-01
6.327886990168353210e-01
6.326061478615446765e-01
6.323420037158625773e-01
6.322276636203547628e-01
6.321828750358619020e-01
6.321335676202356479e-01
6.319127018408002838e-01
6.318273436201958804e-01
6.316420739862106393e-01
6.316616417653768689e-01
6.314321033819175755e-01
6.313299871235017457e-01
6.311039023299473971e-01
6.310681142633599583e-01
6.308602139445013135e-01
6.308583531577108827e-01
6.307479465503299521e-01
6.306428635976059072e-01
6.305312091212164072e-01
6.304264135349852971e-01
6.302686404576119950e-01
6.303645382713709555e-01
6.301709077214056043e-01
6.299549022443992063e-01
6.299584772999134996e-01
6.297589133385587123e-01
6.295595880435890246e-01
6.295136110608258173e-01
6.293911603951521938e-01
6.293636829669203570e-01
6.292759388179532953e-01
6.292356710961616306e-01
6.292296351451440728e-01
6.289007549666170149e-01
6.289167454261447299e-01
6.286145329391343850e-01
6.285777475659600766e-01
6.283247698788881896e-01
6.281853356689799384e-01
6.281498217331726863e-01
6.278372597771023633e-01
6.281026506520648311e-01
6.280229098593866910e-01
6.278127331024251356e-01
6.278337486288105840e-01
6.274233724373831089e-01
6.277364644332164012e-01
6.273064985224976464e-01
6.273294739425384625e-01
6.271481256042170660e-01
6.270620189624158680e-01
6.271596299661399421e-01
6.269545825882373302e-01
6.268354295292709599e-01
6.268132590712490737e-01
6.265979887614406829e-01
6.265465980845995597e-01
6.262143802772056622e-01
6.263390218236355445e-01
6.260867739618173333e-01
6.261427704512020354e-01
6.259985252909223696e-01
6.257402487631713583e-01
6.258909341238068080e-01
6.255230206982824726e-01
6.255970066959544162e-01
6.252751173651193151e-01
6.254610304752338257e-01
6.252250321874948114e-01
6.252313899879764492e-01
6.251489491269008880e-01
6.249128910398246139e-01
6.246179896683270449e-01
6.245710645845145015e-01
6.244502544853968162e-01
6.242914079201515865e-01
6.242608660996289416e-01
6.242196641769631738e-01
6.238667617807717169e-01
6.238669055097167959e-01
6.237885653285355492e-01
6.234942462342407676e-01
6.233713224928661978e-01
6.236702545677148546e-01
6.233499993152179508e-01
6.235846723153927185e-01
6.233575272759818153e-01
6.230996337513200478e-01
6.231596015303388914e-01
6.228211461928256920e-01
6.227730371023254552e-01
6.227124531549471653e-01
6.226934887762041182e-01
6.224582880141108499e-01
6.223576170605059632e-01
6.223082962379652416e-01
6.220689578143255849e-01
6.219986873319425236e-01
6.218423330715453501e-01
6.216426061081062882e-01
6.214034759776480010e-01
6.213217948632371312e-01
6.212292041382786456e-01
6.208849800110217698e-01
6.210731064649556155e-01
6.207944722747299471e-01
6.206411955137752789e-01
6.206438664069774402e-01
6.203231665873095713e-01
6.202286041269211569e-01
6.201376820720382321e-01
6.200695012071316681e-01
6.200832017496226145e-01
6.200227459889635639e-01
6.196404821586117828e-01
6.195271503869060892e-01
6.193114726860248220e-01
6.193303340343865315e-01
6.190840451122231469e-01
6.190156780882363208e-01
6.187178650003480884e-01
6.187439498718229069e-01
6.184971744334644139e-01
6.183628186978101793e-01
6.183983949394754598e-01
6.180007951715841275e-01
6.178271343612313782e-01
6.178156781461987546e-01
6.178694194724990707e-01
6.175463780612676645e-01
6.175092661689427498e-01
6.174372017856519790e-01
6.175483285026447389e-01
6.171638645484748276e-01
6.171921415111213394e-01
6.171171562568810165e-01
6.169272865038811782e-01
6.167636863330027142e-01
6.167400067545695252e-01
6.166155203760516068e-01
6.166148669385813630e-01
6.164054837142119991e-01
6.162919627735644612e-01
6.162135421683845315e-01
6.161544223990867986e-01
6.157582201795653853e-01
6.159891319170891499e-01
6.159260277128203454e-01
6.158965649314229740e-01
6.156209313576732622e-01
6.154875394938571498e-01
6.155022204277965647e-01
6.155189404458255575e-01
6.150718672309148927e-01
6.150425867249159628e-01
6.151503196154720632e-01
6.150952640152101969e-01
6.149473193170486018e-01
6.145056940304686188e-01
6.148264169589708894e-01
6.146823800346151723e-01
6.142585237519473385e-01
6.146238070611672599e-01
6.142710566477708189e-01
6.145562782764341092e-01
6.144009038517030952e-01
6.143177801984206488e-01
6.140314433835460939e-01
6.141478173124409468e-01
6.138439306086364011e-01
6.137910112511507643e-01
6.137654277981348105e-01
6.135841843770118986e-01
6.133201677840682819e-01
6.133715475716967624e-01
6.134058083509715820e-01
6.128681778459209584e-01
6.132429022269361152e-01
6.130606317080188328e-01
6.130636882226935258e-01
6.127791017971507825e-01
6.125628271994485452e-01
6.125125744130850425e-01
6.125218627665819371e-01
6.124841690168819630e-01
6.123650141147422010e-01
6.122134204862669238e-01
6.120191460784231152e-01
6.122570949603831636e-01
6.118316000894198359e-01
6.120077343835544914e-01
6.119983843482542651e-01
6.116204155322514380e-01
6.116571659006565520e-01
6.117004398117018571e-01
6.117675330495194741e-01
6.114127152676651633e-01
6.115778698107864342e-01
6.111711644763100360e-01
6.114216383655903808e-01
6.113016603956796802e-01
6.114544580436673815e-01
6.111803999497746887e-01
6.111944396848522087e-01
6.109819408784864514e-01
6.110843477948485480e-01
6.109938419228415629e-01
6.109070075985175707e-01
6.107613458297096454e-01
6.107686448471414398e-01
6.104230730103593627e-01
6.107336435246063511e-01
6.103256802884818866e-01
6.106102403087091401e-01
6.104241207031171346e-01
6.100724814582526578e-01
6.105305048519754640e-01
6.103487303667703978e-01
6.099990137008953761e-01
6.099963648661583804e-01
6.101430557286532386e-01
6.097095180073214271e-01
6.102001812223920574e-01
6.101452116108351253e-01
6.100428217917951423e-01
6.100266919916004227e-01
6.100091804289348163e-01
6.098565475919210943e-01
6.099664363825584301e-01
6.096028649356738383e-01
6.097420154801612702e-01
6.093775387490181217e-01
6.095367637290605156e-01
6.094029843623957055e-01
6.092293680527377520e-01
6.096088945130015979e-01
6.096194625337020279e-01
6.093570713521528903e-01
6.092318995260396219e-01
6.091292601650085681e-01
6.091781660063974035e-01
6.091066968577357743e-01
6.090727168266635294e-01
6.090009826432914997e-01
6.088278691912374363e-01
6.089218772388665935e-01
6.089093292138803015e-01
6.087542226191290373e-01
6.087956853280044323e-01
6.087300229012374553e-01
6.085072395053064964e-01
6.086704882049177590e-01
6.084024626923808521e-01
6.084256784909355398e-01
6.083486638827683146e-01
6.081240637546807548e-01
6.081183983631158751e-01
6.081420988544713468e-01
6.079127491530514904e-01
6.080737951843168121e-01
6.078900451468622901e-01
6.078040353584139854e-01
6.078595705627658496e-01
6.075346324326570402e-01
6.076836610389682036e-01
6.075587520864073054e-01
6.073819118303268594e-01
6.074779137637544846e-01
6.073057144767567417e-01
6.073201780117748472e-01
6.071594384301445269e-01
6.072662295760177242e-01
6.070372513725418306e-01
6.068855709008834642e-01
6.067782543846959031e-01
6.067263899628102530e-01
6.069370743443968097e-01
6.069842564264769091e-01
6.066671312253463233e-01
6.065725696371642162e-01
6.066320487168483933e-01
6.063434048908152851e-01
6.064779125275520100e-01
6.063940635455155048e-01
6.062464785047282367e-01
6.061987624692460885e-01
6.061601960783921106e-01
6.059747142429983136e-01
6.060659524372170592e-01
6.060482038114710646e-01
6.058829342329375978e-01
6.058425072552843238e-01
6.056743908068724647e-01
6.056790348838468896e-01
6.057609495764598728e-01
6.055598542434286191e-01
6.056811121286406197e-01
6.054273296811444327e-01
6.053406746921541348e-01
6.054387582690398117e-01
6.052182892169675199e-01
6.052227314649918366e-01
6.051700859009075950e-01
6.052201465620495879e-01
6.051127720943697552e-01
6.048952375396878800e-01
6.051980110432196858e-01
6.048608517316999000e-01
6.050761771723794924e-01
6.046601591545021082e-01
6.048922190566584645e-01
6.048766025245170264e-01
6.044772237496451872e-01
6.048082771580681749e-01
6.045448739037814212e-01
6.044161569162348480e-01
6.046109606495908562e-01
6.042475569383084499e-01
6.044981257261992091e-01
6.044823276383527455e-01
6.043661599764099668e-01
6.044316285252901988e-01
6.041420774307164621e-01
6.045047935860583532e-01
6.041807002288143158e-01
6.041683165147094803e-01
6.039460828525349267e-01
6.040510077882125239e-01
6.038402081659575149e-01
6.040957432682679817e-01
6.040777507239446509e-01
6.040128091041302438e-01
6.037568375962035772e-01
6.038192602264601527e-01
6.037021811493289425e-01
6.038217753486407879e-01
6.035599223131958846e-01
6.036088654710617396e-01
6.034536591601097344e-01
6.033976398963732946e-01
6.034410211738595597e-01
6.032527853851316069e-01
6.033171382171553798e-01
6.033531058320271701e-01
6.030896760566749615e-01
6.031271262155443180e-01
6.029573747691493457e-01
6.032329634048986255e-01
6.031488519294674333e-01
6.029598726795769581e-01
6.030169916458592017e-01
6.026834882773556279e-01
6.029543438036765179e-01
6.028435518435822926e-01
6.026482142068700920e-01
6.027211039422736283e-01
6.028757888571466550e-01
6.025869629842571795e-01
6.023989711421878779e-01
6.026815154937890107e-01
6.021185476337878040e-01
6.025558591482877979e-01
6.021090239674714573e-01
6.020466542072491212e-01
6.021886404127666514e-01
6.022272697515581585e-01
6.019466443879692985e-01
6.022727733414455775e-01
6.016272607326969002e-01
6.020630850743738938e-01
6.017534738522333226e-01
6.016256795637290322e-01
6.019903949252863873e-01
6.015291005018390535e-01
6.019617989713980100e-01
6.016005109831564779e-01
6.017377277682928183e-01
6.014143601596468880e-01
6.016320040602590735e-01
6.013897489160481280e-01
6.014577610510359884e-01
6.014072718367463599e-01
6.014688782543348156e-01
6.013468878801190298e-01
6.015284161742479041e-01
6.011797201899644616e-01
6.011893629243570958e-01
6.011727813477073523e-01
6.010651417668804175e-01
6.012095753257870046e-01
6.008518930745019304e-01
6.009920308081347917e-01
6.009159448631496980e-01
6.008717232558188348e-01
6.010318994229488787e-01
6.008089017455329195e-01
6.007341340080132319e-01
6.008302154052136412e-01
6.006866595621884741e-01
6.004044345929995252e-01
6.005608673476853232e-01
6.006632224393756436e-01
6.005940227801450648e-01
6.003723692982021465e-01
6.007617089883068306e-01
6.004258726370200749e-01
6.004687621210114123e-01
6.001534357910102147e-01
6.003860793313157140e-01
6.000730014092193754e-01
6.001239983309388792e-01
5.997517558544922522e-01
6.000039333182909385e-01
6.000083478732101128e-01
5.997782432756165738e-01
6.000779110444915965e-01
5.998924224701153163e-01
5.998170010481053138e-01
5.998066331234345183e-01
5.995871468105762325e-01
5.997031234757810303e-01
5.993778640251478107e-01
5.995944267612755008e-01
5.991276877818109137e-01
5.989117423280087005e-01
5.989610631410202668e-01
5.991950281974045556e-01
5.988611372627060669e-01
5.987061480682388526e-01
5.989581050705010679e-01
5.987786119916724825e-01
5.990337727806477330e-01
5.986104829493914536e-01
5.988103017801977845e-01
5.985360382884642449e-01
5.984486945859605056e-01
5.983721149472357448e-01
5.981934012938290302e-01
5.982951557524788244e-01
5.982988087373534158e-01
5.979868895216473579e-01
5.979403279615222999e-01
5.980093972830314852e-01
5.977070995373003903e-01
5.978619480084795823e-01
5.978136206175482803e-01
5.976865089299986389e-01
5.976676131663551939e-01
5.978346391000191051e-01
5.976360133733981117e-01
5.977328040213230054e-01
5.974013415612132727e-01
5.971930098512873153e-01
5.972885481496285065e-01
5.970891815963687010e-01
5.971364664334746220e-01
5.968265420508612751e-01
5.969170985028583454e-01
5.968348452034462071e-01
5.969184638450700797e-01
5.968382281052937444e-01
5.968298102508230452e-01
5.968444741229607109e-01
5.965816826199352718e-01
5.965370398711257183e-01
5.967534814845529834e-01
5.967030346171832145e-01
5.968928054365228997e-01
5.968583423762606754e-01
5.963574323168333580e-01
5.965138536663786573e-01
5.962526836580760436e-01
5.967994249650510064e-01
5.963752089864056138e-01
5.966382433530488250e-01
5.964885680482706620e-01
5.964369303107350806e-01
5.962906421535554280e-01
5.963566771660916421e-01
5.961543049168377406e-01
5.965627460551746752e-01
5.960369701083921834e-01
5.962962363890522699e-01
5.960486835231763036e-01
5.959078712868529637e-01
5.961468559916845988e-01
5.959758233964091989e-01
5.958425137289093954e-01
5.958041827180502459e-01
5.957221256399546361e-01
5.956707136288349469e-01
5.955601985636442830e-01
5.955146826570858476e-01
5.956114968908604590e-01
5.954164119927521925e-01
5.955556436570478285e-01
5.956070233784643841e-01
5.953592215435199453e-01
5.952441074666199317e-01
5.952132624650233739e-01
5.953200667167600768e-01
5.949806948238851589e-01
5.950254385773828814e-01
5.947461420106469054e-01
5.951355670510782847e-01
5.947819919528568589e-01
5.948610913291009217e-01
5.947884044328420883e-01
5.945779937468192999e-01
5.946871838395595411e-01
5.944829695541155035e-01
5.944110112792608813e-01
5.945157503931790544e-01
5.944165756183416027e-01
5.943532474951395139e-01
5.942919483848724260e-01
5.941250528444642631e-01
5.940150742371297365e-01
5.940113126622933448e-01
5.937957542661140842e-01
5.939494167127000734e-01
5.937224677454542299e-01
5.937424490468338201e-01
5.935380683177268191e-01
5.934860652597394592e-01
5.935450973863484192e-01
5.932651844650572714e-01
5.935261311549409058e-01
5.935006098015801479e-01
5.930891763211042500e-01
5.933798407597724589e-01
5.931980616492102953e-01
5.930122279834545429e-01
5.929689289711075340e-01
5.929816834629838551e-01
5.929653527813540936e-01
5.929637801941167741e-01
5.929206356219839380e-01
5.930150268188778551e-01
5.928669508495220120e-01
5.927681387063915563e-01
5.928010991683041464e-01
5.926718724267908689e-01
5.922312378855639770e-01
5.920208807147239183e-01
5.916328190315042201e-01
5.914431358001256411e-01
5.914375825763352745e-01
5.913504904879366419e-01
5.911177883952222212e-01
5.908679633919257101e-01
5.908213960058777969e-01
5.905921555439904713e-01
5.906000196915023315e-01
5.906058935682286792e-01
5.904364912347291883e-01
5.901251435138062940e-01
5.900792199188091836e-01
5.900030498319849270e-01
5.896846120678297387e-01
5.897817876463974374e-01
5.894432060638724602e-01
5.893770679222031239e-01
5.894077416734815333e-01
5.893525479636158027e-01
5.893904342914632055e-01
5.892162866239337715e-01
5.891122183234831500e-01
5.891714858639812702e-01
5.888949039755050352e-01
5.888573093866692476e-01
5.887721820096062375e-01
5.886806074140122913e-01
5.886889982867331561e-01
5.884784659861537204e-01
5.884121155740550391e-01
5.881572151042715468e-01
5.883010506628409964e-01
5.881155125457887545e-01
5.879686453025495529e-01
5.880681354042172071e-01
5.879326628155107093e-01
5.880433460005501933e-01
5.877355336351479664e-01
5.878913002074287464e-01
5.877786785972415329e-01
5.876526914182166328e-01
5.873546708658620163e-01
5.872902733504625772e-01
5.870075483014112194e-01
5.872114258544698373e-01
5.869866286576344017e-01
5.869023474468556545e-01
5.865742194740461990e-01
5.865994609800134763e-01
5.864070507236923691e-01
5.863208194203873846e-01
5.861324273097491266e-01
5.863894786935931469e-01
5.859330450893451836e-01
5.861306150860196018e-01
5.858450194681394940e-01
5.858791947392775201e-01
5.857853839886421055e-01
5.857085671905460922e-01
5.856530862105061574e-01
5.852142697661374404e-01
5.850874242606544096e-01
5.850332076188015096e-01
5.849707253530610496e-01
5.848612990197151751e-01
5.843241579022069310e-01
5.842143328516823386e-01
5.842317281126493400e-01
5.843931083445049746e-01
5.841432166571580709e-01
5.840356289824516489e-01
5.839158880992604272e-01
5.839109298680965621e-01
5.838325279659045686e-01
5.837924535977102591e-01
5.836326634762022403e-01
5.837724447225649538e-01
5.834975102001384029e-01
5.831889816754197708e-01
5.833201132870355909e-01
5.830928352991652241e-01
5.830104581302026912e-01
5.828265929251058575e-01
5.828600132064108985e-01
5.827375825060783221e-01
5.824487593010081454e-01
5.824478747960047942e-01
5.823691754887899696e-01
5.823298330392806532e-01
5.821893152748204292e-01
5.821566128641622040e-01
5.822412139632365813e-01
5.821133878118318616e-01
5.819754370394595311e-01
5.820394101359661621e-01
5.819218281381400848e-01
5.816881872795969244e-01
5.816803599996901442e-01
5.816037231979920286e-01
5.814844806183183668e-01
5.814693850027253808e-01
5.814132365448452244e-01
5.812182269205666829e-01
5.811841764545443434e-01
5.811248826553208069e-01
5.811018240747373165e-01
5.810778598501471492e-01
5.810209468039079228e-01
5.809411648879360124e-01
5.809433974248615629e-01
5.805704447746762309e-01
5.807940323729415821e-01
5.806731518641287115e-01
5.804637112292554413e-01
5.804318770523542170e-01
5.804519048615014443e-01
5.804147057479145388e-01
5.802767272436072377e-01
5.801477280873407194e-01
5.800737482028057723e-01
5.801253568199390420e-01
5.799368438427301431e-01
5.799166491944526269e-01
5.798114049379866630e-01
5.800763700781196297e-01
5.800487695786681330e-01
5.797596707136242200e-01
5.797175251062565149e-01
5.797977304374877239e-01
5.794986859940016721e-01
5.795557759184640778e-01
5.795350370412016838e-01
5.795278655563868009e-01
5.792824197605931369e-01
5.793541335208791665e-01
5.793675998644519654e-01
5.789188253258781280e-01
5.791833767193995675e-01
5.790129979675683325e-01
5.790260613086123387e-01
5.790359854785273042e-01
5.790048053576285492e-01
5.788940179692908528e-01
5.787640821023819493e-01
5.788658057351061537e-01
5.785812410190326327e-01
5.787809434332334968e-01
5.786810977149627888e-01
5.784726197614528109e-01
5.784516668994704736e-01
5.783361553916311903e-01
5.783948245932176713e-01
5.782721587137749086e-01
5.782767994695846570e-01
5.781602963022210995e-01
5.780336629306145335e-01
5.780131787246142183e-01
5.781168747013486486e-01
5.780546944744486826e-01
5.779041724579000450e-01
5.779505517683888316e-01
5.777848425434568558e-01
5.777039487086671476e-01
5.776624891856331212e-01
5.778231594666832782e-01
5.775637269844160482e-01
5.774942699194992590e-01
5.776072523395031633e-01
5.772827196376959513e-01
5.774387789305591712e-01
5.774727877237981755e-01
5.773562765685992249e-01
5.771881088024131135e-01
5.771691108895292688e-01
5.769802370620163989e-01
5.770275224890187848e-01
5.770072091412477011e-01
5.766747004902396112e-01
5.768813245731315709e-01
5.767027221365007561e-01
5.767277304457260056e-01
5.766463790949910573e-01
5.767148821514586077e-01
5.763385865155435939e-01
5.766154473395633806e-01
5.763329215889689827e-01
5.762060209104878927e-01
5.763657359979214023e-01
5.762026595008722385e-01
5.762337983575329670e-01
5.759109237506642165e-01
5.759965590660293122e-01
5.760527886096274974e-01
5.758382394971361951e-01
5.757274080927901050e-01
5.758768372777994804e-01
5.757271623556167173e-01
5.756521713832121190e-01
5.757025343159367647e-01
5.756421674277248934e-01
5.755500911495864402e-01
5.755028586203994045e-01
5.755090785055337887e-01
5.754311837450086786e-01
5.754467550801137810e-01
5.753849461255420294e-01
5.752167950335098645e-01
5.753294701959394963e-01
5.751904478740224036e-01
5.751784056765946174e-01
5.751519215883631464e-01
5.752493744856918001e-01
5.752366094706514721e-01
5.749434733089479055e-01
5.750386569115500945e-01
5.749226889671265051e-01
5.749522679987978391e-01
5.749964533207753137e-01
5.747440776271485197e-01
5.749838122934913809e-01
5.746887980169024246e-01
