2.931041169786636260e+02
6.078256613605938696e+01
4.131312973291719715e+01
3.279751262045488858e+01
2.793042685686082294e+01
2.487841526542226589e+01
2.263237227075502744e+01
2.073260855198446606e+01
1.896876699746049511e+01
1.726412289782751586e+01
1.558779282570817770e+01
1.392414801015428516e+01
1.227885271766837150e+01
1.065158911836803490e+01
9.049246051906820298e+00
7.536658609030081557e+00
6.240578355830172619e+00
5.336116024267702151e+00
4.704853254570601884e+00
4.241326864062193280e+00
3.896489167479343152e+00
3.638382096915699027e+00
3.439252023790633661e+00
3.279120159102566490e+00
3.148862254292096541e+00
3.041189887215390630e+00
2.949425029200602566e+00
2.869890047599213734e+00
2.799597649919073117e+00
2.728725166221099396e+00
2.659906232714484009e+00
2.599344578883834966e+00
2.544965385154314585e+00
2.494485924927133169e+00
2.448732986813094481e+00
2.406952261199569953e+00
2.368103071177091401e+00
2.331172048021635135e+00
2.295771316021278707e+00
2.263891793644803752e+00
2.233635973078265113e+00
2.205884568210203955e+00
2.179040960447847564e+00
2.152605600249709372e+00
2.126310733182730672e+00
2.100898805742921649e+00
2.074452467210439632e+00
2.049451366716018352e+00
2.025028608150030607e+00
2.001336795770515042e+00
1.979380976645235046e+00
1.959136094340065526e+00
1.939356805165746822e+00
1.921018698949177539e+00
1.903787150913654358e+00
1.887440953462726556e+00
1.872319687971460977e+00
1.858431458881096177e+00
1.844210350767226059e+00
1.831149559438815411e+00
1.818253622529075963e+00
1.805698137429609273e+00
1.793681406295227987e+00
1.781717651817050774e+00
1.769953569807114713e+00
1.758584651304282431e+00
1.747682355944278010e+00
1.736961827808888303e+00
1.725752803347773812e+00
1.714529434906574279e+00
1.703820431606566155e+00
1.692877038105685239e+00
1.681524402642887273e+00
1.670150754113823632e+00
1.658279107160338883e+00
1.646124535005610845e+00
1.634207497550093535e+00
1.623033447986793831e+00
1.612065055534232627e+00
1.600725044453477741e+00
1.589824648034657839e+00
1.579378722987239358e+00
1.568835398726677210e+00
1.558895907446287366e+00
1.549086482411018872e+00
1.539666184344971711e+00
1.530697265752936076e+00
1.521720648571629253e+00
1.513501317596555706e+00
1.505640676287238300e+00
1.498302663030417259e+00
1.491709966436329138e+00
1.484794403882263802e+00
1.477960910705800934e+00
1.471508525374445098e+00
1.464999785351114747e+00
1.458005584220910533e+00
1.451369848506643523e+00
1.444487051495165097e+00
1.437666968389353483e+00
1.431054644396408504e+00
1.424636979447813978e+00
1.418598701634150139e+00
1.412011599230249326e+00
1.405209762702654741e+00
1.399277924098326631e+00
1.393506780817833191e+00
1.387968816536065519e+00
1.382534143915046920e+00
1.377097554943164548e+00
1.371852410474081907e+00
1.366838442431975276e+00
1.361453793513859978e+00
1.356265365403989565e+00
1.351305751811516132e+00
1.346527745992760261e+00
1.341999801479428989e+00
1.337885741643112025e+00
1.333525728172435310e+00
1.328830838517868207e+00
1.324256728961150875e+00
1.319755255470507427e+00
1.315304284767541576e+00
1.311171564320718241e+00
1.306892309390184304e+00
1.302309126982134968e+00
1.297353094671211959e+00
1.292656390552836987e+00
1.288093552143195319e+00
1.283554755346146381e+00
1.278586241406280966e+00
1.274191838961727274e+00
1.269221425229625444e+00
1.264663403286824250e+00
1.260431615355421142e+00
1.255998046150748726e+00
1.251529052743341364e+00
1.247078843258491165e+00
1.243161930588873032e+00
1.239129671086634854e+00
1.235056155748507356e+00
1.230884799710359134e+00
1.227124803992567736e+00
1.223577006559481539e+00
1.220292225139611553e+00
1.216552598548247710e+00
1.213485878876003898e+00
1.210081814931649680e+00
1.206674273855086410e+00
1.203256471662576210e+00
1.199945574222020861e+00
1.196836999248039213e+00
1.193963825220440755e+00
1.190838106841330513e+00
1.187984931325625659e+00
1.185143773159191616e+00
1.181951759589241258e+00
1.178453245512822933e+00
1.175374664396384938e+00
1.172146435336316683e+00
1.168872518575667652e+00
1.165919500674008846e+00
1.163213104679901466e+00
1.160442713915807333e+00
1.157320543023265147e+00
1.154252026412947441e+00
1.151629872713620051e+00
1.149098438534874367e+00
1.146415581178680698e+00
1.143707789161712229e+00
1.141242681957653771e+00
1.138556621856691153e+00
1.135739232062040305e+00
1.133049002837189123e+00
1.130473066052193554e+00
1.127993077906752850e+00
1.125584320342737366e+00
1.123231719943944329e+00
1.120552428530616096e+00
1.118134363291502842e+00
1.115767245442937705e+00
1.113478134373521167e+00
1.111247283133296682e+00
1.109240875205096621e+00
1.107049772228700935e+00
1.104889208773104814e+00
1.102823694992487669e+00
1.100674614992492417e+00
1.098777046346574915e+00
1.096636498878081456e+00
1.094515507395991127e+00
1.092436522438618551e+00
1.090652611790901672e+00
1.088854577327544870e+00
1.087001163043484819e+00
1.085092948938815915e+00
1.083113820588344156e+00
1.081200725237515092e+00
1.079165800552533305e+00
1.077201192154138232e+00
1.075333388827455439e+00
1.073608541733453547e+00
1.071562220787609432e+00
1.069722572706131469e+00
1.068125875033825611e+00
1.066199650549559674e+00
1.064402856696204491e+00
1.062390756943857317e+00
1.060681482495241301e+00
1.058785457554121123e+00
1.057015703403006546e+00
1.055134945636328148e+00
1.053667469916630628e+00
1.051777561161824304e+00
1.050024935586515218e+00
1.048300532657152617e+00
1.046599472493162652e+00
1.045029300415154738e+00
1.043601242433852549e+00
1.042290177942839069e+00
1.040842844952889257e+00
1.039470214470705978e+00
1.037827799926787309e+00
1.035542702246533553e+00
1.033344422134963025e+00
1.031090686160450964e+00
1.029070674556466836e+00
1.027064809032742998e+00
1.025223546075190395e+00
1.022989655045027035e+00
1.021189841780567820e+00
1.019269861485887274e+00
1.017741392875853856e+00
1.015867962870305119e+00
1.014207379508459850e+00
1.012504668926462736e+00
1.010850314509641024e+00
1.009098361348365502e+00
1.007119806465444523e+00
1.005291784056457471e+00
1.003692551342506567e+00
1.001664291232197135e+00
9.996774494216936757e-01
9.978188362840528791e-01
9.959507913585161631e-01
9.939240182708370952e-01
9.922207530743025750e-01
9.902207954250323851e-01
9.883188333808309300e-01
9.867822392450840141e-01
9.851055616491436462e-01
9.835107005190569796e-01
9.817625858213325785e-01
9.803378725667387661e-01
9.786802616149309353e-01
9.767209559391690776e-01
9.752000615521110305e-01
9.736500942708233852e-01
9.717763330516296927e-01
9.701215909160598727e-01
9.685553230929445645e-01
9.669538065673588534e-01
9.655515981250126778e-01
9.640538173403245814e-01
9.626844547795435636e-01
9.612017089154133442e-01
9.597077945901593132e-01
9.580423137187565885e-01
9.567124079942547210e-01
9.551843008807802127e-01
9.538272615160705570e-01
9.525077945734147233e-01
9.512877539684355677e-01
9.500424004879698403e-01
9.487956118720396459e-01
9.476574602616240073e-01
9.465850448565356068e-01
9.453576141950638112e-01
9.441008698688895251e-01
9.430725344774343322e-01
9.418735146333664376e-01
9.409067517428324479e-01
9.398545592704778961e-01
9.387452979149468746e-01
9.378662013716073664e-01
9.366283761981496481e-01
9.356784514560901878e-01
9.346294054504847848e-01
9.334860213588077604e-01
9.324872412927333043e-01
9.318531381703104577e-01
9.310738385781421877e-01
9.298604749752827914e-01
9.289706753214295176e-01
9.280809923528700045e-01
9.269086949579934398e-01
9.259278574209927060e-01
9.251729907424940391e-01
9.242538483076017108e-01
9.233848774249530100e-01
9.224218213998430782e-01
9.214953258716351847e-01
9.205694327147363465e-01
9.197335060478932789e-01
9.189752546317656590e-01
9.183307808617402479e-01
9.175300251271840679e-01
9.168007969991439632e-01
9.157891794481711756e-01
9.148860272354922829e-01
9.141841293361830934e-01
9.134174658459600638e-01
9.126289358727500689e-01
9.118595449678598142e-01
9.108451008984189690e-01
9.102242416542961623e-01
9.092330021590453448e-01
9.083627334367446737e-01
9.073999892675024270e-01
9.065365862343727210e-01
9.056648212860149982e-01
9.048083644520173996e-01
9.040225523717331235e-01
9.029804816175285298e-01
9.022695880675296598e-01
9.017000146912347303e-01
9.006503844107354162e-01
8.999511234046858599e-01
8.993800443256357857e-01
8.986224372664503024e-01
8.978281201492533947e-01
8.968314647510507998e-01
8.959799069659860615e-01
8.948383847876200115e-01
8.939182271692768245e-01
8.929046130562902084e-01
8.920968059125643501e-01
8.912812371291559677e-01
8.905154645292006066e-01
8.896730079487369380e-01
8.888130377367301493e-01
8.879085612391439675e-01
8.871291278481397979e-01
8.863285063983737944e-01
8.853584386789267180e-01
8.843963594079710111e-01
8.837060848934882307e-01
8.830134465893232365e-01
8.822717185971263865e-01
8.818316844899930507e-01
8.809553242238791215e-01
8.801681886819409106e-01
8.794227384254428292e-01
8.786397484134090829e-01
8.777650404330751277e-01
8.770152952283130077e-01
8.763012863522549045e-01
8.756014725890722827e-01
8.748211838692262488e-01
8.740597858546976795e-01
8.732716469917183311e-01
8.724776709247351603e-01
8.718175745393571541e-01
8.712090459322011649e-01
8.704551150431143469e-01
8.696336408821739861e-01
8.689551680146284651e-01
8.682472810625347925e-01
8.674420658158505937e-01
8.667891022513161126e-01
8.660997158697915088e-01
8.658489487384898320e-01
8.649236494210149617e-01
8.640910498081842972e-01
8.637249942174717310e-01
8.632351600914497380e-01
8.626940272661937081e-01
8.618008258083883488e-01
8.614395996531439836e-01
8.606263129650657540e-01
8.601029884715926110e-01
8.592977415801753560e-01
8.585926383264551598e-01
8.579328142530179280e-01
8.570960871952083560e-01
8.565028239117006281e-01
8.558108134382443888e-01
8.551821564082734417e-01
8.546608865435841862e-01
8.540370089947368903e-01
8.535524367011991798e-01
8.529581247595657834e-01
8.524616487127433251e-01
8.520214750170708173e-01
8.513464099402358043e-01
8.506671935643216331e-01
8.500375279446800159e-01
8.494551731291274388e-01
8.491035850546290176e-01
8.484316847086120772e-01
8.479138695382165691e-01
8.474114294654609969e-01
8.468100942305657464e-01
8.463336243345950249e-01
8.456727891206189396e-01
8.452626603850187381e-01
8.446544950091335879e-01
8.440287513890853965e-01
8.435620873132242403e-01
8.428736473537044027e-01
8.424142266458938266e-01
8.418781198597068416e-01
8.414983557342242682e-01
8.410326076038160403e-01
8.403820834385812288e-01
8.401204121572286576e-01
8.395464307535647208e-01
8.391565365944222421e-01
8.386620097688511910e-01
8.381652660265407340e-01
8.378396514945186668e-01
8.374313924336870274e-01
8.368878426330005338e-01
8.364501750745766406e-01
8.359599923116922682e-01
8.358386549177251323e-01
8.352598022616776197e-01
8.345805172211564482e-01
8.341984735760245018e-01
8.337931745737861000e-01
8.330953591132649327e-01
8.326335723613532691e-01
8.322935584966472122e-01
8.318120340153482006e-01
8.313428801904084731e-01
8.309345151985394473e-01
8.303879181023003930e-01
8.299897113435813489e-01
8.295461648133257704e-01
8.291750803700889128e-01
8.287017387146473624e-01
8.283829069752858265e-01
8.280862765987125895e-01
8.276361620750442016e-01
8.273356122276847024e-01
8.269293890157111138e-01
8.266683509709508160e-01
8.262333929563069335e-01
8.258853159424958124e-01
8.256250747323700123e-01
8.251034080792020164e-01
8.246807154131271522e-01
8.243657071693514249e-01
8.238166256463991255e-01
8.234495827920685906e-01
8.229783780298215445e-01
8.226256013769676079e-01
8.222633220380247687e-01
8.216335896933865124e-01
8.214838290514174801e-01
8.207454504232479797e-01
8.202424239775717441e-01
8.196735889570523348e-01
8.193123634893693108e-01
8.186952735566191963e-01
8.184424620521082439e-01
8.181125500195860489e-01
8.177250241636787598e-01
8.174621138735210790e-01
8.170418371441181549e-01
8.167965097525025087e-01
8.163634442393262747e-01
8.159949463213821419e-01
8.155967365476288755e-01
8.152856941400007385e-01
8.149754383913041522e-01
8.146293141513596403e-01
8.143111313419414410e-01
8.139939257891835034e-01
8.135990628948630565e-01
8.133121836260489568e-01
8.129435560210761524e-01
8.126435664742620579e-01
8.121983357742613707e-01
8.117118238229616978e-01
8.114273489817214191e-01
8.111239625221856597e-01
8.105754854856571656e-01
8.102449349142096802e-01
8.098248040355534583e-01
8.096084843031556844e-01
8.089234255616800651e-01
8.086994874819032342e-01
8.082323617619707745e-01
8.077891523025071407e-01
8.076466804187097948e-01
8.070753597359930920e-01
8.065266014365897185e-01
8.059110887493718955e-01
8.055079417708465028e-01
8.050429475157369064e-01
8.045034576499778822e-01
8.039964316242295128e-01
8.033687624515170045e-01
8.028585188755904545e-01
8.023771660515648385e-01
8.019403028146240286e-01
8.012427438307532235e-01
8.006924778919680685e-01
7.998568961721180814e-01
7.994827022083299539e-01
7.990619229704978288e-01
7.984909470821968114e-01
7.978801038507845611e-01
7.973966023002736492e-01
7.967285304726917650e-01
7.958305456467709149e-01
7.952681228647318079e-01
7.947651314194952299e-01
7.942071655013830389e-01
7.936437066267006957e-01
7.932477976220497773e-01
7.927552093697790569e-01
7.921803423346389650e-01
7.915219984167102263e-01
7.909969847756580519e-01
7.905420704405078380e-01
7.901347114728846099e-01
7.896996521806789460e-01
7.892861028287616598e-01
7.889228099901254287e-01
7.884367338774177503e-01
7.882234925619752142e-01
7.877380809054391753e-01
7.874899878111888407e-01
7.871438943566541058e-01
7.867674444343538687e-01
7.863649452317703625e-01
7.860184407280449426e-01
7.857184330480189161e-01
7.853041704455600014e-01
7.849744159137775901e-01
7.846090507574682293e-01
7.843873835664125771e-01
7.841088113289060857e-01
7.837332086223757210e-01
7.835304558463054292e-01
7.831876377645289322e-01
7.830377791928507802e-01
7.824947201274334851e-01
7.823972509233848571e-01
7.820485864436026446e-01
7.817030176879217196e-01
7.812515268515479727e-01
7.807398621365089220e-01
7.802473993079872550e-01
7.801255904209214442e-01
7.796405280271985205e-01
7.794880309214406999e-01
7.792682243894565319e-01
7.790820790695857090e-01
7.788044049745894704e-01
7.785255683383306424e-01
7.781839272254859052e-01
7.778503108195220506e-01
7.775138658183929907e-01
7.772545479868596674e-01
7.770095724616937760e-01
7.767056034102785000e-01
7.763284827385742437e-01
7.761414348881148229e-01
7.757032141500975753e-01
7.756267594723182945e-01
7.753299952852622523e-01
7.750019249930596432e-01
7.747716445822483422e-01
7.746289641980675933e-01
7.744125635656579076e-01
7.739788513617614774e-01
7.738030809334578430e-01
7.736438103243710174e-01
7.734392025197185383e-01
7.733971150005323203e-01
7.731512354261593778e-01
7.728112699208478098e-01
7.725430571928569856e-01
7.724640469071397675e-01
7.723201727326366450e-01
7.720926761908959435e-01
7.719795448828138396e-01
7.717824615035292490e-01
7.715394144503592289e-01
7.712799432388991461e-01
7.711235233289092106e-01
7.709367386515194598e-01
7.705456439536316759e-01
7.705641436862760152e-01
7.704447775330023340e-01
7.701129011524758816e-01
7.699227583608115877e-01
7.695963581133425935e-01
7.693654681668417039e-01
7.694022871912996608e-01
7.690669203510650531e-01
7.689208598818408902e-01
7.689712632875478349e-01
7.687239468731906777e-01
7.687431072001605914e-01
7.682742314077327661e-01
7.682533017037834755e-01
7.681766641497399517e-01
7.680709904709135394e-01
7.676088111348696730e-01
7.677531191955192513e-01
7.672884329051283814e-01
7.671525022127712035e-01
7.669116912592707225e-01
7.666333666492599619e-01
7.664372204027641855e-01
7.663411181801204064e-01
7.661238406776312848e-01
7.659545348994468705e-01
7.661180413507135967e-01
7.658019130242328387e-01
7.655491543069407046e-01
7.653167965483483881e-01
7.651309677964496236e-01
7.649069630937543884e-01
7.645440875181289675e-01
7.644831135296511482e-01
7.641448772876756612e-01
7.639797101359060427e-01
7.639632485128696748e-01
7.635417800107617836e-01
7.631990852862945429e-01
7.627921371510115733e-01
7.626412878068636880e-01
7.623346258583009183e-01
7.623407586130906965e-01
7.620037815405642512e-01
7.618402977080048766e-01
7.617409507736611074e-01
7.613255030700973869e-01
7.614026219368695836e-01
7.610703178035076455e-01
7.607966064566902276e-01
7.607885064813467713e-01
7.606711100012176763e-01
7.605825593746858848e-01
7.601121737041119930e-01
7.600754887887436473e-01
7.600024577684530991e-01
7.597333831209404087e-01
7.596587585827260236e-01
7.594738149328280619e-01
7.592748435663625450e-01
7.590584693168481722e-01
7.589171754241909040e-01
7.588108269664887162e-01
7.586242796953660550e-01
7.584987305567335580e-01
7.582822580231846077e-01
7.582766893540356934e-01
7.581229413547539986e-01
7.577696586152998792e-01
7.578105186482737565e-01
7.576447817375964178e-01
7.574039153933438406e-01
7.571216488677333656e-01
7.573065468446648074e-01
7.570230242189567305e-01
7.568853597796100230e-01
7.566786140467710586e-01
7.567927419077554729e-01
7.564255926049212597e-01
7.564105386453173763e-01
7.560556850180489841e-01
7.559633286261634444e-01
7.557550976475219118e-01
7.553375550178810238e-01
7.552760576215243882e-01
7.550361851602086505e-01
7.550672591840484893e-01
7.546997428175670208e-01
7.546827936826598915e-01
7.543329462239219962e-01
7.540868528477758792e-01
7.540253582153484402e-01
7.536229082556643588e-01
7.535120342114937086e-01
7.533966757075719611e-01
7.531226702863594857e-01
7.530553869854846871e-01
7.527110846445556058e-01
7.524989876128383992e-01
7.526052552297627374e-01
7.522170521285830302e-01
7.520076233428900636e-01
7.517565862474513416e-01
7.515880337976629244e-01
7.514555730408430945e-01
7.513160074514387832e-01
7.511530665085787151e-01
7.511105390350052424e-01
7.507944754255387876e-01
7.507247665922700541e-01
7.504770548634006611e-01
7.503232023290437036e-01
7.504320723585752306e-01
7.500199226688729626e-01
7.499291050938882153e-01
7.496790835098737782e-01
7.497058912628519201e-01
7.492675102247076113e-01
7.492417456162564493e-01
7.488718476455979989e-01
7.487929342417377621e-01
7.487455112346877995e-01
7.483204980192944555e-01
7.482277826929611964e-01
7.481818720693297342e-01
7.479751885079162221e-01
7.479948783712601079e-01
7.479319320713946340e-01
7.476377703279354359e-01
7.473338651456099546e-01
7.472000860905229080e-01
7.472658244055199184e-01
7.471056836097126341e-01
7.468531258613334556e-01
7.467830307918837951e-01
7.465039947201878023e-01
7.463832132684905529e-01
7.461744230261241340e-01
7.459792487650419579e-01
7.459687298232222652e-01
7.457919769538842170e-01
7.457416797894723670e-01
7.455503119895691144e-01
7.453304096603964313e-01
7.452819799104483112e-01
7.449265472801847032e-01
7.448341909479218037e-01
7.448307195925298885e-01
7.446232294572626698e-01
7.446003467325464920e-01
7.442430007522640167e-01
7.439947192569397183e-01
7.440877913552307321e-01
7.438946813297979688e-01
7.435929106874411554e-01
7.434505526424949329e-01
7.433682865206340251e-01
7.433046933676825674e-01
7.430915816585997868e-01
7.430007013239642299e-01
7.428451444003472126e-01
7.427356609811579524e-01
7.426097395231018305e-01
7.423716324336936401e-01
7.422999571925107398e-01
7.421353376441591765e-01
7.421049730295466995e-01
7.419543774033227068e-01
7.419149704443493976e-01
7.417065003842497894e-01
7.416323342800090757e-01
7.413658117420385274e-01
7.412834257829955531e-01
7.413586816421465775e-01
7.411777610236204294e-01
7.411326143110653630e-01
7.410271260319403197e-01
7.410662031035147868e-01
7.407093411315029963e-01
7.405984567990384626e-01
7.405376026464876027e-01
7.403362786910846483e-01
7.403324464350172773e-01
7.401871790004416196e-01
7.401479574271090378e-01
7.402513936719085086e-01
7.398598347403450015e-01
7.398623936623703878e-01
7.396892370772220060e-01
7.396399093318123397e-01
7.395900022165600163e-01
7.394343367441468251e-01
7.393790493210022907e-01
7.390044321248986359e-01
7.392521689687300279e-01
7.389465217051349732e-01
7.388582358314345067e-01
7.387018664277912317e-01
7.387116445387542640e-01
7.384792440922307577e-01
7.383527584172333569e-01
7.382301994986631977e-01
7.382337927286837242e-01
7.380191633785199157e-01
7.379368138690384216e-01
7.380443309975155408e-01
7.377141001290038469e-01
7.376829056095325354e-01
7.374904229870115069e-01
7.373318033626125034e-01
7.374009882315187836e-01
7.372246499178264356e-01
7.371826653501134530e-01
7.370023865623194226e-01
7.370151782489889891e-01
7.367136510445710940e-01
7.368263138039751192e-01
7.364662426288539621e-01
7.366491532054867397e-01
7.365441367839928866e-01
7.362153096222975313e-01
7.361498072471657217e-01
7.360788687741720571e-01
7.359148646288944384e-01
7.358552487002006925e-01
7.356814915052081183e-01
7.357088778417470998e-01
7.355732192164811112e-01
7.355135803938365191e-01
7.354947455464214690e-01
7.352511908663097451e-01
7.352460596499404977e-01
7.352030308059011032e-01
7.349861843917556703e-01
7.347920196865894704e-01
7.346972579609326592e-01
7.345229173323986060e-01
7.344608505985806834e-01
7.342565629600149579e-01
7.340897724050116091e-01
7.340440338217185667e-01
7.339949404800346633e-01
7.337973710970889796e-01
7.337493328233563039e-01
7.337645766293294791e-01
7.335984793963610251e-01
7.333780058154063530e-01
7.332379446305979931e-01
7.331230766262019083e-01
7.330180259595229231e-01
7.329322794119405016e-01
7.329809079656216531e-01
7.327443114337897079e-01
7.325142763214748109e-01
7.324634873865741858e-01
7.324181446065690659e-01
7.321622972101869964e-01
7.320135813292815152e-01
7.321932650629771056e-01
7.316633197002951894e-01
7.319640665424206327e-01
7.317270522084956541e-01
7.315340350553118931e-01
7.313931008525677013e-01
7.312049554197047607e-01
7.311787981319802787e-01
7.310090823843052865e-01
7.307729657037705939e-01
7.307610717755008700e-01
7.303370925819545612e-01
7.303284639041746074e-01
7.302029056742219693e-01
7.297642804691336638e-01
7.296028053246520484e-01
7.295280592137753928e-01
7.293064753975623260e-01
7.292431942136068379e-01
7.290581371202006222e-01
7.289438318086394197e-01
7.287814522807311013e-01
7.285898324254099778e-01
7.283454703388607676e-01
7.281841829629733809e-01
7.280531730518834399e-01
7.277966708849931132e-01
7.276764903014704133e-01
7.275411065126582422e-01
7.272804064059287255e-01
7.271036161305707290e-01
7.269802107643057454e-01
7.266766839486492602e-01
7.266707159534288030e-01
7.265371043352497615e-01
7.260402517608471884e-01
7.262463793376942034e-01
7.262304132473732521e-01
7.259179201948802174e-01
7.259128652261370718e-01
7.257661633696469439e-01
7.254735805675278648e-01
7.253058515092593028e-01
7.251438706925865674e-01
7.251814187960072822e-01
7.247350059298497404e-01
7.248148334143301730e-01
7.245240448558756263e-01
7.243934507157331337e-01
7.241284591567757056e-01
7.242173717443276537e-01
7.239622850536315823e-01
7.238516154884505616e-01
7.237961433392742228e-01
7.237124439386916075e-01
7.236433302848547244e-01
7.235769679489600925e-01
7.234913850573412297e-01
7.230234325660506167e-01
7.230140839644740858e-01
7.226812821015715649e-01
7.228964139134039790e-01
7.222933701380856997e-01
7.225520624989002494e-01
7.220884180197061353e-01
7.221115855278120721e-01
7.217771164332642542e-01
7.219577127865117738e-01
7.214445260971071860e-01
7.214519744104904708e-01
7.212166474994067267e-01
7.208899329392014499e-01
7.208614014907382961e-01
7.206467173290594941e-01
7.205889524855823014e-01
7.202127863126125407e-01
7.201084714865193526e-01
7.199065578450429825e-01
7.196123561952493253e-01
7.197535042779742431e-01
7.194114421556196959e-01
7.193122624152067379e-01
7.191112083025591462e-01
7.189860118162759717e-01
7.188009400692489947e-01
7.187863931172278065e-01
7.187008120131267441e-01
7.186069383208578687e-01
7.185287242923337203e-01
7.184269960038934810e-01
7.181784443310972321e-01
7.180375140123227418e-01
7.177527169718792566e-01
7.177101933037112191e-01
7.174587337553456345e-01
7.173251851825637182e-01
7.170949919066206268e-01
7.168753322079194357e-01
7.169243609148728824e-01
7.167686428779330710e-01
7.163466395622951621e-01
7.164338554610898413e-01
7.162133084366005820e-01
7.159221309331905703e-01
7.158802620203584821e-01
7.157277135080324371e-01
7.155192289080369861e-01
7.149704886893647471e-01
7.149393976526529082e-01
7.149774858773100261e-01
7.147627985320320620e-01
7.144634112163504858e-01
7.143142083558181588e-01
7.140325044497117801e-01
7.138934049157542594e-01
7.136609141685874569e-01
7.134655178546585041e-01
7.132024091925271980e-01
7.132323285566738447e-01
7.129485164991455903e-01
7.127111543983378761e-01
7.126721567267506607e-01
7.123467563863314922e-01
7.123655814466162139e-01
7.121206645948497949e-01
7.119059453524156922e-01
7.118441835795858985e-01
7.115094063384042045e-01
7.114790819699172708e-01
7.111753017275687094e-01
7.111598977976361091e-01
7.109564735194009444e-01
7.110711387947791229e-01
7.106611475427261349e-01
7.108253948921076093e-01
7.103444248127187555e-01
7.100978277746218259e-01
7.100987780355306755e-01
7.099627193942165126e-01
7.097271893491393646e-01
7.099140542950307387e-01
7.093585629386045532e-01
7.094628074512137061e-01
7.092855127445951702e-01
7.092032728484444215e-01
7.088730038794227584e-01
7.085759147156364124e-01
7.084705912413279405e-01
7.082398586257950823e-01
7.080586253149716569e-01
7.078279487815785087e-01
7.077646444945361326e-01
7.073512167505926485e-01
7.070899472852261169e-01
7.069185766766091783e-01
7.067192517015458142e-01
7.064977983840652342e-01
7.062833949466598149e-01
7.061953464861878693e-01
7.060828158642497021e-01
7.058589783871980217e-01
7.055492121412108020e-01
7.053496837429471533e-01
7.052182071742475467e-01
7.049653329527482137e-01
7.048244099306626431e-01
7.043677680923600137e-01
7.043639170873922106e-01
7.040847695305295639e-01
7.039218880286998159e-01
7.038569303189848858e-01
7.035969493622674653e-01
7.034143601582472094e-01
7.033228938795074159e-01
7.032313082054043596e-01
7.028800804774425481e-01
7.027725404547875421e-01
7.025067081391713764e-01
7.025795703296709993e-01
7.025051579261507584e-01
7.020565025093330469e-01
7.018331109772194543e-01
7.019556679212674011e-01
7.019061672920615669e-01
7.016130474792346972e-01
7.014963109464433799e-01
7.011447308188617500e-01
7.008708342525111767e-01
7.010604962184462385e-01
7.007795982252150724e-01
7.005858135023262934e-01
7.002783844659768997e-01
7.002431335179234440e-01
6.999750291225405041e-01
6.995490399018410299e-01
6.995031067834925897e-01
6.994881826722161300e-01
6.991430079617694249e-01
6.989986608037478399e-01
6.989792798463740908e-01
6.986711994523645552e-01
6.984270758254332856e-01
6.984285475782924246e-01
6.981990181053639999e-01
6.980262640310829214e-01
6.980569573934163330e-01
6.974854486628933037e-01
6.976215823228585355e-01
6.975545434487956387e-01
6.972085451632908937e-01
6.971622264844771211e-01
6.970546038993040705e-01
6.968231756174954050e-01
6.967382251063587439e-01
6.964896538018452432e-01
6.963059972791545427e-01
6.962448160788188289e-01
6.961645537587671795e-01
6.959833900583382027e-01
6.957683668359765372e-01
6.955905516522616905e-01
6.955143413837342470e-01
6.953694334124967957e-01
6.951688738688877045e-01
6.950607359748937064e-01
6.948118981872329902e-01
6.947326117913300569e-01
6.944993150237585011e-01
6.944849287654140113e-01
6.942911150631166928e-01
6.942711536808797712e-01
6.940982190366941085e-01
6.939270983713948793e-01
6.936989539036614305e-01
6.935294457899169318e-01
6.934757697281427324e-01
6.933113999702483765e-01
6.931623838163708529e-01
6.929044966271901140e-01
6.927954141408679822e-01
6.927182431407431507e-01
6.924559292934611143e-01
6.924354931245956246e-01
6.921917913038236891e-01
6.921018874179196700e-01
6.919304972933678632e-01
6.917942682435413992e-01
6.917018245873930438e-01
6.916987944007165767e-01
6.914695788819488209e-01
6.914266714821811766e-01
6.911424024549158718e-01
6.911442005704331315e-01
6.909788009295215749e-01
6.908508462088404078e-01
6.906816255813569283e-01
6.907404282031391896e-01
6.904855321523291067e-01
6.904151375520447553e-01
6.903431208182025935e-01
6.901386417208946744e-01
6.899857047699559098e-01
6.897489749213417953e-01
6.897090048339068469e-01
6.895652951485321536e-01
6.893443554466021084e-01
6.892956308824227385e-01
6.892213345451989603e-01
6.889656068889439267e-01
6.889978950672434044e-01
6.887839010793678218e-01
6.886141401926302308e-01
6.883545127043375622e-01
6.881975835745710590e-01
6.881656911060777260e-01
6.882134819505099088e-01
6.880131674570469924e-01
6.878502779558858249e-01
6.876420867109312995e-01
6.875789140051443704e-01
6.872452045714555480e-01
6.870708550214423838e-01
6.872472087643818339e-01
6.869244685034471276e-01
6.870322195822690103e-01
6.865988594858629668e-01
6.866272850258546834e-01
6.864168477917947930e-01
6.862304926429955154e-01
6.862311491784590656e-01
6.860776642626381649e-01
6.859095209120252834e-01
6.857258841683298023e-01
6.855880181523313910e-01
6.852187363744445259e-01
6.851345339929149070e-01
6.852306012943319979e-01
6.849614113079868227e-01
6.847958315201326807e-01
6.846157932857642736e-01
6.844076362575713945e-01
6.843189295079549206e-01
6.842016604015402903e-01
6.841735865383395954e-01
6.839184677536075396e-01
6.837325372522536915e-01
6.835015074497919896e-01
6.835772253857554936e-01
6.833746279033127147e-01
6.830933251872775003e-01
6.830886677299480292e-01
6.828318511369264598e-01
6.826635061963055584e-01
6.825505969549346963e-01
6.822845055392123825e-01
6.822938788812668021e-01
6.822158043288339968e-01
6.817390119804094262e-01
6.816876049352641465e-01
6.816907908339456812e-01
6.813252679526060618e-01
6.813412921131126732e-01
6.811760011710727980e-01
6.809369086554700745e-01
6.807361475612414559e-01
6.807605369586006150e-01
6.806510483112723220e-01
6.804903788428178224e-01
6.804174526924359201e-01
6.802293406048605107e-01
6.802583062526257329e-01
6.800397346920014074e-01
6.797823198140763301e-01
6.796466890160735019e-01
6.795954257796198439e-01
6.794503097154267479e-01
6.792572797561372555e-01
6.790803112695128485e-01
6.789993655517974069e-01
6.789813257959816939e-01
6.788340354492735651e-01
6.787359773737396962e-01
6.785514695286880560e-01
6.784071154780835222e-01
6.782951436066966266e-01
6.782203371924339086e-01
6.781441374030849900e-01
6.781082635898720845e-01
6.778294559104806050e-01
6.779334285777096625e-01
6.775597787163788466e-01
6.775306322254182056e-01
6.773032951565270965e-01
6.770738764624067985e-01
6.771257036459886747e-01
6.770427563617468225e-01
6.768688820541477469e-01
6.766973866814526284e-01
6.766348119206472278e-01
6.766203482636009570e-01
6.764195947820054178e-01
6.760524128498605068e-01
6.763270524705551345e-01
6.759397463608801671e-01
6.758566412561269887e-01
6.756559148875247445e-01
6.756558945630680713e-01
6.754543857686375885e-01
6.752869164354505793e-01
6.751123950665948170e-01
6.751507512964978197e-01
6.748710238098900582e-01
6.749012898992137188e-01
6.748271717582300377e-01
6.747228263390444569e-01
6.745191432805476284e-01
6.744526900154729221e-01
6.743291987411049737e-01
6.741494630644443431e-01
6.740705000525561985e-01
6.738999875181015398e-01
6.738177318990935527e-01
6.737704427273495389e-01
6.735886794766186014e-01
6.734091712746299585e-01
6.734602917484990847e-01
6.731851471118388552e-01
6.732065533623491360e-01
6.729662632087484164e-01
6.729559608725246278e-01
6.726954957801200008e-01
6.727150938659819390e-01
6.724946117337949891e-01
6.723857881174870599e-01
6.722271784310183129e-01
6.721050883339990678e-01
6.720524247062357182e-01
6.719014262596960663e-01
6.717363293107396771e-01
6.716077898974145421e-01
6.716649448030338476e-01
6.713891169392796066e-01
6.713775884515075232e-01
6.711930008748187015e-01
6.712802640035108181e-01
6.708226028362638260e-01
6.710260538691574794e-01
6.706473881610347521e-01
6.707130022479006470e-01
6.704909356283431654e-01
6.703241256675385173e-01
6.702883563825131619e-01
6.702140149194194541e-01
6.699823226237970886e-01
6.698134593678042314e-01
6.698589578930560506e-01
6.695707871354398266e-01
6.696364001521639686e-01
6.696615154598489772e-01
6.694994145760508886e-01
6.691161483859492387e-01
6.693032452012758204e-01
6.689773282670131715e-01
6.688856811595881302e-01
6.688032017310600041e-01
6.686521889128278495e-01
6.684980527505256509e-01
6.685040339903705053e-01
6.682089133779384182e-01
6.679716909612616327e-01
6.680553594898549497e-01
6.678684224125869262e-01
6.677608217635163657e-01
6.674613248557674794e-01
6.676476487004269211e-01
6.673531582864394851e-01
6.672534853241613995e-01
6.670334423850260430e-01
6.670560307384413301e-01
6.668533718176464786e-01
6.666757095506179454e-01
6.665198499563512735e-01
6.664961356568794848e-01
6.663009915840618635e-01
6.661732686744973320e-01
6.661810992552757993e-01
6.658918722470791307e-01
6.658746534614504720e-01
6.656671487642136231e-01
6.655783296198174437e-01
6.653367200053442732e-01
6.653016722217790502e-01
6.650226765371448634e-01
6.649196292121631879e-01
6.649034864346027307e-01
6.647440765749736968e-01
6.646394221306112238e-01
6.646185160906045164e-01
6.645507987705218111e-01
6.642971434044052659e-01
6.641897187039196293e-01
6.641569851217338227e-01
6.640700492500247742e-01
6.638571288922191505e-01
6.637825109642189192e-01
6.636424316630457065e-01
6.634859095290714937e-01
6.632107885796667546e-01
6.632619684784861747e-01
6.629403990271639513e-01
6.628987499160022834e-01
6.628269236944428489e-01
6.626268791141239900e-01
6.625717951840970343e-01
6.624904416746004721e-01
6.623206021113235975e-01
6.622227415456970467e-01
6.621038107702678088e-01
6.620034563695796903e-01
6.618205461012226509e-01
6.617615042248714552e-01
6.616095497523217794e-01
6.616465878814886681e-01
6.613707849734290489e-01
6.614273486984193484e-01
6.611538965673532386e-01
6.612228570320416443e-01
6.611314993384125316e-01
6.611122667713749124e-01
6.609168066869631764e-01
6.608458552354149473e-01
6.609083031584082057e-01
6.605874504344608766e-01
6.606047821528920894e-01
6.605931875795951758e-01
6.603896855255732001e-01
6.602306191245915779e-01
6.602879708887682275e-01
6.601466180585262578e-01
6.600138782945870197e-01
6.597455935382537939e-01
6.597216847085286551e-01
6.597954743850490411e-01
6.596160405084493528e-01
6.593529461132708880e-01
6.594606452150171272e-01
6.593726866353258886e-01
6.593881963298456883e-01
6.591479555529183854e-01
6.592174710397294968e-01
6.589934170194545748e-01
6.590045407805925626e-01
6.588354610229578689e-01
6.587898516693764250e-01
6.586027586394128663e-01
6.587176411298029111e-01
6.586145615257293917e-01
6.586108686958468406e-01
6.583841280006466068e-01
6.584615217629791184e-01
6.583064452407343392e-01
6.581907554205450595e-01
6.581686345290652662e-01
6.581006727528639910e-01
6.579370941634415937e-01
6.579727518229361305e-01
6.577331000715954668e-01
6.577371866433169290e-01
6.577368596327067829e-01
6.575279277788373955e-01
6.574242286661118317e-01
6.574593679733430340e-01
6.573955245226236199e-01
6.573578978960855634e-01
6.573529548185818028e-01
6.571387594544019217e-01
6.570782075938769173e-01
6.571816605501052955e-01
6.571203360729871434e-01
6.571791857958053651e-01
6.569517985137597327e-01
6.569226021081965294e-01
6.567706335062774015e-01
6.567342121061713334e-01
6.566696183240213758e-01
6.566129352469564084e-01
6.565187611691634118e-01
6.564433749629167147e-01
6.564165956737708640e-01
6.562073886396783129e-01
6.562236777644824270e-01
6.560557756083325032e-01
6.559869462083397496e-01
6.559913590499325542e-01
6.556996142983579912e-01
6.556720464239890189e-01
6.556706320940822730e-01
6.555772645603212823e-01
6.555208117172538484e-01
6.553053300303947060e-01
6.553413758208846973e-01
6.554408634672140854e-01
6.552382664097650133e-01
6.551362754377696440e-01
6.550528045127296251e-01
6.549569804180236376e-01
6.549030178202484009e-01
6.549455966877547608e-01
6.548953067353322499e-01
6.547621440399552517e-01
6.547318413664920955e-01
6.546772289841392700e-01
6.545969708379977270e-01
6.544980265268030006e-01
6.543250894741595713e-01
6.543406475045555615e-01
6.541551776223196724e-01
6.542945519272095334e-01
6.541547672633604149e-01
6.540759160748098600e-01
6.539835252103656238e-01
6.539355375674679172e-01
6.538878205723158699e-01
6.537095606870236830e-01
6.536481456822876845e-01
6.536575266809406815e-01
6.534958362234344342e-01
6.534575143328276159e-01
6.534269885802912459e-01
6.534993831563803424e-01
6.533151775875440936e-01
6.532284755387627317e-01
6.530875696365092686e-01
6.532603341757847737e-01
6.529706451207571982e-01
6.531047132042056003e-01
6.530467561979503843e-01
6.528483574723450422e-01
6.528121964397003429e-01
6.527729959948798122e-01
6.527851070167126624e-01
6.526150479221978218e-01
6.526934787461008414e-01
6.523459794205416218e-01
6.524666515719375059e-01
6.523735109461169523e-01
6.522936560742389478e-01
6.521242935295202825e-01
6.520005048838243278e-01
6.519280594895709990e-01
6.519482488991145130e-01
6.519087099119448281e-01
6.517833073183102455e-01
6.516374608157191606e-01
6.516684684171035746e-01
6.515845888977764844e-01
6.515587326602659823e-01
6.514415561946097499e-01
6.513659792752649613e-01
6.512160264026140011e-01
6.512702031917144696e-01
6.511134100868558594e-01
6.511563082666371738e-01
6.509297600580414844e-01
6.508794179725371221e-01
6.507812485333354102e-01
6.507947025296226817e-01
6.507164609886214590e-01
6.507433354580842710e-01
6.505760708835401918e-01
6.505341902287131717e-01
6.504769610064233820e-01
6.504308769102470356e-01
6.504349915577206653e-01
6.503219123916463840e-01
6.502266510075795924e-01
6.501592990670265193e-01
6.501030028094088031e-01
6.500210006258447804e-01
6.499165628489312896e-01
6.499411820544163110e-01
6.499510187458156230e-01
6.499371628765945319e-01
6.498104778591612396e-01
6.497276193832567381e-01
6.496364937986623955e-01
6.496199914964313482e-01
6.495471995095527529e-01
6.495185074792657609e-01
6.495381408463106743e-01
6.493814587936693750e-01
6.492253791842806931e-01
6.494204263957922274e-01
6.492835223197550576e-01
6.491102249700847482e-01
6.490607024394273727e-01
6.491421711194474975e-01
6.490557685052485981e-01
6.488961171001593753e-01
6.490537771598726691e-01
6.489079742765216929e-01
6.488082198863118766e-01
6.486383709956218269e-01
6.486693430544973049e-01
6.487044896719870168e-01
6.486058040643916112e-01
6.485687503244023100e-01
6.486017970448030301e-01
6.484829336871454908e-01
6.483696311302880044e-01
6.484739915958578349e-01
6.483280542765852417e-01
6.483945693777611874e-01
6.481746468857069177e-01
6.481682104083624774e-01
6.481619653818539994e-01
6.480141353099707624e-01
6.480566263992458831e-01
6.479229778244232074e-01
6.478291565045471989e-01
6.480328113491397035e-01
6.478271266803913297e-01
6.478171797899189288e-01
6.477599060988535884e-01
6.476800566458306152e-01
6.475982192526499315e-01
6.475695774199081711e-01
6.474310462214528661e-01
6.475702766621590500e-01
6.473751055466148152e-01
6.474648500185725686e-01
6.472238257461483402e-01
6.471725834740967853e-01
6.470266051142997688e-01
6.469697944398173917e-01
6.469564969033464452e-01
6.469245194271547872e-01
6.467759362300026238e-01
6.467345362713838863e-01
6.466426709627620673e-01
6.467966297856404534e-01
6.467291798587564422e-01
6.465840914239058268e-01
6.464715781932307559e-01
6.464146983061881402e-01
6.462769507236411082e-01
6.461501916236388476e-01
6.461923308141007682e-01
6.461925461766974133e-01
6.460047056907830543e-01
6.461877474048776104e-01
6.460019084054683391e-01
6.460051699875846154e-01
6.460843252966618211e-01
6.457965482958885062e-01
6.457159400719222342e-01
6.456479855991829053e-01
6.456080437864382127e-01
6.454788072708471658e-01
6.453012299554986564e-01
6.452348721095865214e-01
6.452576942492086465e-01
6.450091172974851128e-01
6.451894757720185725e-01
6.449599091005228102e-01
6.449229050871922997e-01
6.447068790253421833e-01
6.446896124996743804e-01
6.446612595459384476e-01
6.444999811382203792e-01
6.445633709519205112e-01
6.444304758786066900e-01
6.444630411501891532e-01
6.444213491145744932e-01
6.443344015216556642e-01
6.442351659026551713e-01
6.441123425141616066e-01
6.440499645314560206e-01
6.440080487478777593e-01
6.438452859921740545e-01
6.438708809328648197e-01
6.436166052039951069e-01
6.435812143899458659e-01
6.435342697723245298e-01
6.434084283965334494e-01
6.433130399300078794e-01
6.433240979926411196e-01
6.431781569769350337e-01
6.431071091965187003e-01
6.429901405407018045e-01
6.429666966324725230e-01
6.430146006921573232e-01
6.428477357051095575e-01
6.427479605380055361e-01
6.427070465165316548e-01
6.426256904892917454e-01
6.425564628567771441e-01
6.424138752373756978e-01
6.422428769551077332e-01
6.421732430613619202e-01
6.420866262105320299e-01
6.419880609665583604e-01
6.418251700839190388e-01
6.417880207703497986e-01
6.417408505532640195e-01
6.417312541307602647e-01
6.416372492217318202e-01
6.416578025169759059e-01
6.414988079923825692e-01
6.416783895167862406e-01
6.412394826307230566e-01
6.413976406693590038e-01
6.413040367903778405e-01
6.411581724181342201e-01
6.410710463715961760e-01
6.410365050490079986e-01
6.409424100221537968e-01
6.409754527001089164e-01
6.407880774684299174e-01
6.408057969759259898e-01
6.407467240680962961e-01
6.407349707688476670e-01
6.406824402983980482e-01
6.406251123869416420e-01
6.405323209829031361e-01
6.404081164559131123e-01
6.404366093723716791e-01
6.402110992593054162e-01
6.402674936829889640e-01
6.401354105332607292e-01
6.400602463235353090e-01
6.402137139665199372e-01
6.399834538424015173e-01
6.400424149653846095e-01
6.399455032015801681e-01
6.399904507433733514e-01
6.397906356788759519e-01
6.397175307504970876e-01
6.396642470968443295e-01
6.395675222690061501e-01
6.395743456376877800e-01
6.395009179070175742e-01
6.394835187557895706e-01
6.393726818772662579e-01
6.393656114239988364e-01
6.393123886417263479e-01
6.393519609832004624e-01
6.393049310688192488e-01
6.391443856665638412e-01
6.392166846310918249e-01
6.391466895038815377e-01
6.389588824833857261e-01
6.389900185016534895e-01
6.388842005815354996e-01
6.387922806361415740e-01
6.387994312419172926e-01
6.386361767426506075e-01
6.385820680532456883e-01
6.385872472007944056e-01
6.385529109193611719e-01
6.384187881562078948e-01
6.384167129682147834e-01
6.384175322370708727e-01
6.383094998913003693e-01
6.381977026950458320e-01
6.381919682321863796e-01
6.381238939157602985e-01
6.380968141617031630e-01
6.381384745556085702e-01
6.379882818998607874e-01
6.378632716564599514e-01
6.378805857993896655e-01
6.378144660202468286e-01
6.377815334933726321e-01
6.377796571423414163e-01
6.376559235772812917e-01
6.376041865221918625e-01
6.375053322921367949e-01
6.375293184432159199e-01
6.374719323937262372e-01
6.372939652867647409e-01
6.372642533500419981e-01
6.372138290250812798e-01
6.373148292473594934e-01
6.372048547599151735e-01
6.371474858211026993e-01
6.370485408972700325e-01
6.371259540794319554e-01
6.371711125184154056e-01
6.369489277603800348e-01
6.368549316733074228e-01
6.368159224243586936e-01
6.368490247888840550e-01
6.366964752213375434e-01
6.368697651485243361e-01
6.367577116248609448e-01
6.366165612754016712e-01
6.368348735061027943e-01
6.364119170148638815e-01
6.365867897806912756e-01
6.366706714094209074e-01
6.365192621091629865e-01
6.364207952926246303e-01
6.363976838695619698e-01
6.364723583388952610e-01
6.361794430623691765e-01
6.362024993013933871e-01
6.361857623584113997e-01
6.359224007860795336e-01
6.360378156203513322e-01
6.359057659259762518e-01
6.357160383215926247e-01
6.359234877885285853e-01
6.356832836337032999e-01
6.356427336763835756e-01
6.355023176902399040e-01
6.356395297160589708e-01
6.355713557996983676e-01
6.353849088675235235e-01
6.354302186199231040e-01
6.353670189781582822e-01
6.352534715778547225e-01
6.352753484129476380e-01
6.351867193447070514e-01
6.351392061976968151e-01
6.350790025055570442e-01
6.350303847798320911e-01
6.350807814769355852e-01
6.349377440929920846e-01
6.348483409324554572e-01
6.349415773606043034e-01
6.348241448340922188e-01
6.346705025954898494e-01
6.346966701224320273e-01
6.344989377417969978e-01
6.345048089475761044e-01
6.344061401930484179e-01
6.344854590555423224e-01
6.342499075325677138e-01
6.343454969619457540e-01
6.341907547147714874e-01
6.341249441158324229e-01
6.340993628829564299e-01
6.340474943474414538e-01
6.338841030115185404e-01
6.339517239165662899e-01
6.339946152651428912e-01
6.338147487418360759e-01
6.337589853961398401e-01
6.336600052461586197e-01
6.338645892646481705e-01
6.337117016000625158e-01
6.336319677302698627e-01
6.336242033243318916e-01
6.335302807159309824e-01
6.333756690273775192e-01
6.334699203180326199e-01
6.333868223693660537e-01
6.332794164152182326e-01
6.332351983299392417e-01
6.331979158517115902e-01
6.332962814427277598e-01
6.331055515656810462e-01
6.332712259312364145e-01
6.331630047105984982e-01
6.331998754839497368e-01
6.330828327815459788e-01
6.330238019153590079e-01
6.329939583180682616e-01
6.329169060254383750e-01
6.328863927028692826e-01
6.329361132437650861e-01
6.328430393318452696e-01
6.327702795202849728e-01
6.327065877843481845e-01
6.326903064196911508e-01
6.325370879582172812e-01
6.325961130181884107e-01
6.325143026479939090e-01
6.326053840435544862e-01
6.325014726779591978e-01
6.323939544637650068e-01
6.323304928690259841e-01
6.324160342391151879e-01
6.324078633482140832e-01
6.322744187804020255e-01
6.322400520122616330e-01
6.323627955093277242e-01
6.322053320198457449e-01
6.322976226844569947e-01
6.321459772613343686e-01
6.320416582289988261e-01
6.321132646439439062e-01
6.321327703069359316e-01
6.319307358373900119e-01
6.319814303737131267e-01
6.319069687196695595e-01
6.319790153463801241e-01
6.318798350335645964e-01
6.318293609883617323e-01
6.317878266946798105e-01
6.317303772315540078e-01
6.316476485241570016e-01
6.316565682305599339e-01
6.316396504507193477e-01
6.316633901508409421e-01
6.314696032546842641e-01
6.315231578973391491e-01
6.313986335369575764e-01
6.314035617072552009e-01
6.313926905960716152e-01
6.315221183947040684e-01
6.312899220881181828e-01
6.312474155825763544e-01
6.312361709469455073e-01
6.312643397717374594e-01
6.311395388247479366e-01
6.309972073685673477e-01
6.310731565813367805e-01
6.309936886070147688e-01
6.310950815271183512e-01
6.310019782232957342e-01
6.308473347484151450e-01
6.309826665278399638e-01
6.307964876881638761e-01
6.307117767559193844e-01
6.306472902099583555e-01
6.305209687296394749e-01
6.306742521991546280e-01
6.305984610767865206e-01
6.303133476440432315e-01
6.302852168639685448e-01
6.302877554281963723e-01
6.300581154378196436e-01
6.301392977021738062e-01
6.301349148799811895e-01
6.300803101463443578e-01
6.298478287207235349e-01
6.299297021812569897e-01
6.299265880913932358e-01
6.300200056614170263e-01
6.298001637287800047e-01
6.297484313024214186e-01
6.297733295807220744e-01
6.298141224329301124e-01
6.294782900029848305e-01
6.296499506210883057e-01
6.293817939338640643e-01
6.293415276521214796e-01
6.291844118917486739e-01
6.292366369179122065e-01
6.291281890324864623e-01
6.291863369959165286e-01
6.288953237684767883e-01
6.289205783574792763e-01
6.289176509489682321e-01
6.288867171511781651e-01
6.288965328687106116e-01
6.288097761541897590e-01
6.289039606396064075e-01
6.287940206105441243e-01
6.285950256801746683e-01
6.285616290818673013e-01
6.285186131786033581e-01
6.284586524670455754e-01
6.283527717152556091e-01
6.283130176199719363e-01
6.283179499783512201e-01
6.282311119976562441e-01
6.281773371129216743e-01
6.280387803119925616e-01
6.280844849866197288e-01
6.279765644555667103e-01
6.279743306856203633e-01
6.279929355819268144e-01
6.279022199112053171e-01
6.280121148566398803e-01
6.277721540336929085e-01
6.279095789416490048e-01
6.278177403140855484e-01
6.279389105783154124e-01
6.276663478047593836e-01
6.276870355807786517e-01
6.276961380081415021e-01
6.275431734899956648e-01
6.276048763963546495e-01
6.276745940778422073e-01
6.274270837747804030e-01
6.274272267283725890e-01
6.274105220399553984e-01
6.272747996408895022e-01
6.272924849623164878e-01
6.272236190367853625e-01
6.272279983770876477e-01
6.271103988184224542e-01
6.270545526335163933e-01
6.270502891206509721e-01
6.269211910690323242e-01
6.269669842692157102e-01
6.268406769619901953e-01
6.268033306504541269e-01
6.267045232407643107e-01
6.267878464929607096e-01
6.267554339284385767e-01
6.265581651477345471e-01
6.266880513163408661e-01
6.265313885526589965e-01
6.264464816600588959e-01
6.264597503242189669e-01
6.264342043148668493e-01
6.264796220769167645e-01
6.263035565672679938e-01
6.264737374361623035e-01
6.263093773745044279e-01
6.262847718949772213e-01
6.262637900794362222e-01
6.262341982082894054e-01
6.262006796242353124e-01
6.261069465429750514e-01
6.259975341030736828e-01
6.260831364358420137e-01
6.259050329689271885e-01
6.257659434558874301e-01
6.258065631444239552e-01
6.258729040740137473e-01
6.257353133228432673e-01
6.255950067572010331e-01
6.254483859262337520e-01
6.255822983513874558e-01
6.253662422180078506e-01
6.252296446052574286e-01
6.251319957383985049e-01
6.251313432286466076e-01
6.250123220426048176e-01
6.249758298399304968e-01
6.250805525104702332e-01
6.248263759951163676e-01
6.248196769515820259e-01
6.248121428671953304e-01
6.247762790327348048e-01
6.245527516952501523e-01
6.245730456503609807e-01
6.244950813763294750e-01
6.244624194378068927e-01
6.244137640784971355e-01
6.243094292696241832e-01
6.243990201911021609e-01
6.242072322919971494e-01
6.243102609514120660e-01
6.242189477234739714e-01
6.241044663987050933e-01
6.240463235717880197e-01
6.239164327805022392e-01
6.239381362323086488e-01
6.239780329185143914e-01
6.239446791243993262e-01
6.238804391454279008e-01
6.237697887269194608e-01
6.237789608481745240e-01
6.236965064487887123e-01
6.236677536034346270e-01
6.235619741748169576e-01
6.236634393537424659e-01
6.234855439552521306e-01
6.234681010962940251e-01
6.232197194524143891e-01
6.232613409322854681e-01
6.233554759836611447e-01
6.230925025221315527e-01
6.231236718781250072e-01
6.232080245889402015e-01
6.230712179661830330e-01
6.230130742381996267e-01
6.230863802510855365e-01
6.230400014260187858e-01
6.229326783239003129e-01
6.228742019647141026e-01
6.227687578982151750e-01
6.228239716075726351e-01
6.227637327288453317e-01
6.225160212307684349e-01
6.226650560472994922e-01
6.225219278822524682e-01
6.224621171411200971e-01
6.226163726583714420e-01
6.223407068297043265e-01
6.222823928858582931e-01
6.222886751306223596e-01
6.222784585712052285e-01
6.221629382921859408e-01
6.221755876263576068e-01
6.219756623678955876e-01
6.220509971483443312e-01
6.218818357013964349e-01
6.219399047641153144e-01
6.218058931669619982e-01
6.220226916145920049e-01
6.217751715988738548e-01
6.217288656015456105e-01
6.217649627472984220e-01
6.216491356546609559e-01
6.217083974606502084e-01
6.214853632487201684e-01
6.214785709226640087e-01
6.214761486621604991e-01
6.216031834558709557e-01
6.214021409964406439e-01
6.212881605399703799e-01
6.212973778519106371e-01
6.212935307823731490e-01
6.213085724118909692e-01
6.212711329107024616e-01
6.212972520195235715e-01
6.211552311776149526e-01
6.211327685357032058e-01
6.213250252659968664e-01
6.209867733470441076e-01
6.211619829890042688e-01
6.209123554961265556e-01
6.210796449482328674e-01
6.208526554150176624e-01
6.208225117651090530e-01
6.207824333871867495e-01
6.208011053636338650e-01
6.206709888217344373e-01
6.207975002582120094e-01
6.205701669216380223e-01
6.206952562532906947e-01
6.206364609689313250e-01
6.206021835309190049e-01
6.206254697124745645e-01
6.204514010755705078e-01
6.203832843144589937e-01
6.204584346398455130e-01
