1.449669180878562429e+03
5.030232512005975423e+02
3.068518551210109422e+02
2.697663741632880487e+02
2.426805252708660134e+02
2.192778750606821916e+02
1.977116031579401181e+02
1.762921828810806062e+02
1.529787272598686911e+02
1.257208463899830662e+02
9.449053999064425113e+01
6.556022666092060547e+01
4.634239707117119877e+01
3.639358315479351091e+01
3.119432697835697965e+01
2.800249611538083627e+01
2.566171530759392638e+01
2.381970853732226701e+01
2.230545558619978763e+01
2.099676622292244943e+01
1.984263248952514758e+01
1.881421713686745534e+01
1.789090167300119205e+01
1.704311945886333746e+01
1.626037617786093747e+01
1.553885729977940322e+01
1.487461894898918580e+01
1.425831397500270725e+01
1.367712796230134309e+01
1.312292243295228111e+01
1.260224211480195322e+01
1.210295200757534140e+01
1.162270802462587049e+01
1.115338419808877823e+01
1.069826965008618380e+01
1.025710888358275064e+01
9.823223598939373247e+00
9.407852259744146295e+00
8.998249853869280557e+00
8.616206935607332085e+00
8.289366821437113231e+00
8.004937558910992124e+00
7.755374564464371012e+00
7.536402081087817173e+00
7.341519377564516446e+00
7.163735845106518063e+00
6.999678889603045739e+00
6.846760552673438305e+00
6.705046789487632886e+00
6.577178467737776479e+00
6.462270811776158475e+00
6.352490638838292902e+00
6.250997371089553667e+00
6.160482867098367343e+00
6.078104672697392630e+00
6.000715226750510389e+00
5.930213140768473501e+00
5.863284415979372888e+00
5.800826115031164854e+00
5.740653335382862821e+00
5.685268797214878767e+00
5.632334553539120492e+00
5.581297995010391588e+00
5.535488353543882134e+00
5.489340287161884824e+00
5.445224593571704297e+00
5.405663326808909375e+00
5.364783268106450009e+00
5.326683806004797184e+00
5.290611799085187528e+00
5.255414623420243458e+00
5.221614933169807848e+00
5.189711683897749950e+00
5.157383541872426314e+00
5.129200958831862778e+00
5.098040894491195019e+00
5.068862127204866397e+00
5.039079713098758795e+00
5.009794665736783337e+00
4.981968674030028410e+00
4.956056810477693197e+00
4.927483565400073928e+00
4.901162984663271160e+00
4.874703653787570090e+00
4.850539379053852684e+00
4.824165930196622654e+00
4.800468268611936651e+00
4.774833466813676708e+00
4.749388698322939639e+00
4.726891826072573188e+00
4.702785249370552201e+00
4.679756080266055385e+00
4.657851412288018800e+00
4.633748230205143592e+00
4.609902583210879534e+00
4.585157059449921135e+00
4.560730855189664368e+00
4.536619651524973484e+00
4.514373223378707500e+00
4.492213975535794823e+00
4.469893043784115783e+00
4.449582071416176454e+00
4.427241042861951748e+00
4.406877219079067487e+00
4.386230944424112543e+00
4.367013912178966173e+00
4.347194336114114321e+00
4.327097920502188444e+00
4.306677501706381861e+00
4.287872595624780736e+00
4.269725493901125546e+00
4.251513854957193139e+00
4.233933607903331620e+00
4.217402672327712487e+00
4.200134949460749390e+00
4.183490219929032250e+00
4.165876608746033938e+00
4.150367405274828059e+00
4.135354456831556114e+00
4.119610682072808672e+00
4.105186928093499610e+00
4.090816306933307445e+00
4.078171862488966681e+00
4.064778069910667924e+00
4.053225392978661468e+00
4.039785364181417648e+00
4.028891769497056963e+00
4.016711141360498338e+00
4.004557389789942690e+00
3.994540464726426432e+00
3.982240146698105221e+00
3.971444768452711660e+00
3.960459353958301065e+00
3.950675577120505988e+00
3.938860009552454411e+00
3.929512650008211150e+00
3.919784688873662493e+00
3.910214021152465858e+00
3.900757014912816345e+00
3.890235950546304888e+00
3.881714806657150074e+00
3.871884637019588293e+00
3.862053769297926209e+00
3.852688248694134288e+00
3.843952031309131545e+00
3.835342783715596671e+00
3.826740965703747666e+00
3.818025537044402284e+00
3.809464226967589351e+00
3.802018467849225924e+00
3.792963343844242718e+00
3.786018105963208313e+00
3.776817543435362357e+00
3.768271004894286236e+00
3.759249960175278904e+00
3.750515058952834213e+00
3.743262008025045162e+00
3.734361924131617716e+00
3.725686106632618788e+00
3.717742480857037179e+00
3.710196593879770077e+00
3.702032435114702924e+00
3.694010985491675836e+00
3.686349776831400415e+00
3.678066598673661591e+00
3.671008189767085650e+00
3.663387254130876514e+00
3.655288020899840173e+00
3.649416401402874044e+00
3.642088813070307296e+00
3.634940886115001657e+00
3.627511147181923246e+00
3.621134993795993129e+00
3.614506553328170835e+00
3.607433882685266102e+00
3.600544474340107381e+00
3.592937312588549315e+00
3.586100393855630397e+00
3.578849074967571653e+00
3.571001419832072532e+00
3.566440333963553755e+00
3.558848493039966865e+00
3.552733797485930989e+00
3.546339887871076346e+00
3.538759416712893735e+00
3.533509777938553142e+00
3.526182231449496829e+00
3.519120032009114940e+00
3.513600844982567306e+00
3.508050639783589997e+00
3.499645532449790597e+00
3.496118729572598838e+00
3.488086632056694558e+00
3.483509044607620453e+00
3.477455598311232077e+00
3.470702278986347977e+00
3.464877870381200875e+00
3.458262339096586757e+00
3.452301537516419661e+00
3.446675255062066512e+00
3.440712462753235723e+00
3.434977906833612593e+00
3.429788808818603929e+00
3.423419419120993012e+00
3.419446404298682296e+00
3.413364438896977049e+00
3.406834478876304306e+00
3.402559076999314147e+00
3.397667936289017643e+00
3.393523503083315074e+00
3.386632739736235909e+00
3.382839610174784628e+00
3.377949716324024632e+00
3.371990115508647801e+00
3.368408893490990152e+00
3.362429289257821363e+00
3.357908440121663673e+00
3.354010762587948946e+00
3.348300695649360836e+00
3.344492473046100756e+00
3.339898557983479233e+00
3.334273208379361808e+00
3.331192571654552292e+00
3.326381293027347752e+00
3.320972721075380107e+00
3.316747139506256659e+00
3.312575815306523008e+00
3.307459895192222277e+00
3.304277126783332630e+00
3.298882879895012277e+00
3.294799562228748258e+00
3.290671401642381255e+00
3.287578325396850687e+00
3.283137663576311649e+00
3.279035942702026585e+00
3.274625061416049476e+00
3.269687641992677030e+00
3.267246509630917117e+00
3.263088195428519356e+00
3.260130018825317055e+00
3.255692081290967987e+00
3.251749570798542877e+00
3.248415286965990578e+00
3.245084772374596138e+00
3.241494429028553892e+00
3.238066673160890474e+00
3.234317930463041169e+00
3.231381736808784044e+00
3.227560019915153955e+00
3.223114336236129862e+00
3.220474724756815288e+00
3.216835148707731573e+00
3.213532885381362281e+00
3.210293980650755774e+00
3.207309568480293915e+00
3.202961597402925076e+00
3.201083696726100047e+00
3.197713522286755872e+00
3.193371376336967771e+00
3.188988199077346763e+00
3.185872419832934455e+00
3.181289393607723781e+00
3.177376218947336906e+00
3.174293309427284271e+00
3.170733341019548401e+00
3.167228887961007988e+00
3.163910178821855101e+00
3.160498000086971349e+00
3.156926748497181467e+00
3.154453661043854051e+00
3.151314911605655578e+00
3.147524756913617328e+00
3.144512633153742964e+00
3.141415638748479733e+00
3.138650313461103902e+00
3.135041188264368284e+00
3.131988030820393565e+00
3.129040692994278672e+00
3.125464125393367709e+00
3.122281299478827155e+00
3.118136158392756929e+00
3.114292336636367509e+00
3.111083274141262844e+00
3.107560826418961142e+00
3.104151650329915579e+00
3.100969855721459556e+00
3.098364075365638737e+00
3.094755512058498415e+00
3.091563260014950743e+00
3.088221401594043680e+00
3.085453160886706403e+00
3.081882252619468687e+00
3.079613365489033416e+00
3.076021581211836331e+00
3.073260915962080730e+00
3.070241507087738686e+00
3.067780334040639545e+00
3.064519621215376688e+00
3.061838627078374842e+00
3.059053387013425773e+00
3.055935466329476213e+00
3.053338572597981138e+00
3.050042946067520688e+00
3.047844498276635061e+00
3.044275490593738809e+00
3.041078636553112613e+00
3.038359390600627652e+00
3.034991585592573315e+00
3.032566609917059619e+00
3.029891856618014412e+00
3.027083130846575099e+00
3.025192425980008704e+00
3.021849553210223416e+00
3.019830314338910693e+00
3.017211189903541424e+00
3.014595138954097919e+00
3.011296733238010948e+00
3.008496884906694646e+00
3.005113609771010719e+00
3.002953023072809202e+00
3.000312793208563367e+00
2.997663788079336644e+00
2.995383696970597587e+00
2.992586292791970859e+00
2.990230308939589410e+00
2.987638392551263067e+00
2.984441181019223510e+00
2.982288724598570528e+00
2.979894313111741244e+00
2.977746343508064886e+00
2.975010730875063292e+00
2.973199901512829424e+00
2.970817868020628083e+00
2.968381664313731516e+00
2.965952760019444412e+00
2.963726431391290550e+00
2.961174235391123233e+00
2.959376118268403744e+00
2.956044013777032742e+00
2.954255104481045890e+00
2.951699299423562906e+00
2.949886699641626198e+00
2.947665731568803960e+00
2.945230783436206590e+00
2.942443511481566798e+00
2.940198382349512141e+00
2.938884497848015531e+00
2.936303113031168532e+00
2.934345472884662076e+00
2.932637822444102316e+00
2.930453579001341069e+00
2.928770671177559404e+00
2.927071181655517051e+00
2.924724669028703872e+00
2.922299540726616129e+00
2.920336845613944021e+00
2.918251616400537429e+00
2.916464876871865730e+00
2.914196249201060684e+00
2.911983663225905072e+00
2.910431063773466054e+00
2.909074100944431862e+00
2.906871248225615378e+00
2.904482793882356528e+00
2.903373351359241905e+00
2.901833014577738012e+00
2.900722265671498601e+00
2.898084680520612633e+00
2.896928483135305488e+00
2.894946101981239028e+00
2.894179410261356722e+00
2.891550616324080281e+00
2.890154042241348975e+00
2.888844733294452904e+00
2.886464281208717342e+00
2.884896963028552364e+00
2.883353148050655346e+00
2.881501660128030995e+00
2.879935925386515994e+00
2.878295092493045271e+00
2.876879616926590444e+00
2.875694922870910997e+00
2.873760625574611094e+00
2.871821407845812413e+00
2.870889776794417703e+00
2.869909237458565965e+00
2.867689070362904769e+00
2.866683069863608768e+00
2.864452903611779622e+00
2.863677394107322360e+00
2.862077747256639437e+00
2.860699456776817584e+00
2.859156811228042994e+00
2.857597570471197113e+00
2.856490540410638435e+00
2.854508873296148774e+00
2.853323373201599455e+00
2.851577277446590397e+00
2.850475530231903587e+00
2.848847835328840006e+00
2.847506199232318291e+00
2.846471984564127311e+00
2.844764895272494432e+00
2.842715116816615595e+00
2.841174994414320754e+00
2.839779706392800307e+00
2.838348385790183670e+00
2.835898567656190306e+00
2.834952996712037265e+00
2.833577863885200276e+00
2.832402175741905115e+00
2.831125507384449680e+00
2.829874252566611403e+00
2.827945093622549422e+00
2.826605597291243388e+00
2.825748680284064562e+00
2.824438823003186272e+00
2.823246403639458446e+00
2.821230045946206300e+00
2.820781859837177663e+00
2.818429181880285128e+00
2.817628068497818106e+00
2.815838029840875834e+00
2.815215123787090601e+00
2.813826862880061785e+00
2.812334097133894151e+00
2.811136946457125418e+00
2.810123913539784635e+00
2.808704053302728543e+00
2.807764225333569730e+00
2.806531720736973767e+00
2.805646610898594684e+00
2.804309185974814156e+00
2.803435287567731748e+00
2.802369279992646955e+00
2.801265269907879940e+00
2.800339450626692095e+00
2.799154531424913106e+00
2.798155777867458838e+00
2.796718570929615399e+00
2.795417878708502002e+00
2.793988601257618054e+00
2.792886758211981846e+00
2.792240092769846527e+00
2.790570262337219720e+00
2.790667954709174836e+00
2.788830672859337056e+00
2.788181305682179811e+00
2.787911372351299377e+00
2.785612960346764755e+00
2.785715502391298060e+00
2.783839856584375383e+00
2.783440929544273690e+00
2.781693993077812177e+00
2.781671136857814641e+00
2.780362102626973364e+00
2.779310564000965211e+00
2.778245907565784822e+00
2.777275828310959316e+00
2.776574480089827546e+00
2.774899429063930167e+00
2.774194292968032105e+00
2.773341016419266669e+00
2.772523537354333545e+00
2.771505505565317495e+00
2.770497816611575903e+00
2.769503140551032416e+00
2.768309271418054607e+00
2.767937396362303293e+00
2.766183778263638704e+00
2.765636278596716124e+00
2.764798281041771943e+00
2.763907361444922994e+00
2.763113550481449909e+00
2.761821379554951772e+00
2.761064263990252510e+00
2.760234765575956484e+00
2.759988407551498213e+00
2.758398447537291798e+00
2.757860682267001540e+00
2.756946689238228831e+00
2.756178696755934965e+00
2.754961763941484509e+00
2.754460983817035302e+00
2.752866864742448794e+00
2.752255513096194317e+00
2.751367754085839668e+00
2.750595015042788472e+00
2.749611661937224394e+00
2.748896789735750801e+00
2.748075041843835109e+00
2.746948025791319026e+00
2.746249239938340025e+00
2.745767717770224881e+00
2.744445770687225394e+00
2.743538008936921457e+00
2.742809964613250884e+00
2.741891309398197141e+00
2.741084146373406583e+00
2.740319911728926083e+00
2.739190025774168813e+00
2.738629827688625173e+00
2.737229666753806523e+00
2.736554442113335650e+00
2.735519130074581806e+00
2.735242193215028816e+00
2.733330658229251142e+00
2.732915523897656129e+00
2.732419490372711923e+00
2.731342397142967560e+00
2.730509120000334633e+00
2.729432552319694949e+00
