1.505330425676877894e+03
3.496841296311160932e+02
2.478755760665043510e+02
2.214355826033292090e+02
2.032157406681573377e+02
1.893005182839931138e+02
1.769743288577251690e+02
1.646683787699475090e+02
1.514706342379930106e+02
1.366666732504529875e+02
1.193611341741823821e+02
9.824513635295409131e+01
7.067102901462038744e+01
4.196064010054591620e+01
2.423849146366942264e+01
1.637923767693655819e+01
1.312688720513003027e+01
1.149360805365487437e+01
1.043828048153348931e+01
9.650298796566350035e+00
9.021688367119280016e+00
8.489304759014194346e+00
8.015644792702996568e+00
7.585148223275165691e+00
7.185775212206230833e+00
6.813131231626879725e+00
6.478356359849335000e+00
6.165695814546769071e+00
5.881259719866004154e+00
5.624847209292244798e+00
5.391247739242303716e+00
5.175887614292501659e+00
4.978363699729166036e+00
4.795914888017428268e+00
4.627191054575547469e+00
4.471022905360784172e+00
4.323128517206359156e+00
4.185386923268255899e+00
4.057456538475451069e+00
3.939269349348895499e+00
3.829110432726601232e+00
3.729071206736108035e+00
3.640109759127229783e+00
3.557258536691425110e+00
3.476764147755186940e+00
3.404510617921379989e+00
3.334682654400332069e+00
3.272030574048776064e+00
3.211090689957065702e+00
3.154860562917890743e+00
3.104719329931594274e+00
3.054672419434791397e+00
3.006961662252299661e+00
2.963152522052246329e+00
2.921602146221969676e+00
2.882682887013103379e+00
2.845628858776518388e+00
2.809827641339701199e+00
2.775939223005578160e+00
2.743443255818132531e+00
2.713551606235194757e+00
2.683744039015707461e+00
2.655768561895734958e+00
2.629733647149331777e+00
2.604231619320955371e+00
2.580730595353308399e+00
2.557131132839803644e+00
2.536532123014924256e+00
2.515940512113627126e+00
2.497058808335642421e+00
2.478329488563776994e+00
2.461846191985447518e+00
2.444821659247167212e+00
2.428056220329606329e+00
2.412504396797914286e+00
2.397803030578594008e+00
2.383680957424398006e+00
2.369848390624702095e+00
2.357759572519752211e+00
2.344806548421028758e+00
2.331883992187734567e+00
2.319279291557517997e+00
2.307138729718849479e+00
2.294895574265786387e+00
2.281799429202094665e+00
2.270727360056976618e+00
2.259534221446696467e+00
2.247537144899486972e+00
2.236306350503798779e+00
2.223796775083763499e+00
2.213072614587945797e+00
2.202333095597188706e+00
2.192374558575150623e+00
2.181804976720991274e+00
2.171586378607075041e+00
2.160650945069680251e+00
2.149479691557497407e+00
2.138109446622096232e+00
2.128102700431300676e+00
2.116654204696331476e+00
2.106295245575773745e+00
2.096233938283076803e+00
2.087280184217210177e+00
2.077577769459654000e+00
2.069583763526463116e+00
2.060397985169128976e+00
2.054000628055368871e+00
2.045560283778106836e+00
2.037562137205865209e+00
2.030699420856275417e+00
2.022295979134215660e+00
2.014587092888017850e+00
2.006691332465894817e+00
1.998871923900709779e+00
1.990968101837528259e+00
1.984481106319747168e+00
1.976556391565352122e+00
1.969368859393950899e+00
1.962105608146330837e+00
1.954997627627598433e+00
1.947472090372090792e+00
1.940898648050921826e+00
1.932867928902170407e+00
1.925574763974518433e+00
1.917915960203639303e+00
1.910156597932114231e+00
1.901891862038881165e+00
1.893889378030712001e+00
1.885976840436579982e+00
1.878554594376295350e+00
1.871453313112922956e+00
1.864535579831778422e+00
1.857318001400361629e+00
1.850728253989746497e+00
1.844648453956723166e+00
1.838205008978288646e+00
1.831097836179057969e+00
1.826332152712571988e+00
1.819164152129127965e+00
1.814131254797993087e+00
1.806379410297493493e+00
1.801231995757958337e+00
1.795180175101779518e+00
1.788554091843759464e+00
1.781949938008889012e+00
1.776767883475976362e+00
1.769268650064169890e+00
1.764639101072636107e+00
1.758878035986070287e+00
1.751995021125925200e+00
1.748123159091948153e+00
1.741309848089573897e+00
1.736954253780439217e+00
1.730278950945111083e+00
1.726016025208173099e+00
1.720746035927763984e+00
1.714632198744397762e+00
1.710386213481490225e+00
1.705298896003878184e+00
1.699746548791885914e+00
1.695715245934523274e+00
1.691030287179968283e+00
1.686274789408946040e+00
1.682049893535324747e+00
1.677445144351838335e+00
1.672747020116211791e+00
1.668337943548256819e+00
1.663790236633757802e+00
1.659581078192375658e+00
1.654737186948558980e+00
1.651283992400163880e+00
1.648041689829331302e+00
1.643914305811226662e+00
1.639825367241273923e+00
1.635373510465745861e+00
1.630647244539331853e+00
1.627096496868734699e+00
1.623904006644856013e+00
1.619815283620133828e+00
1.616912165103089327e+00
1.612913778375059559e+00
1.609131538882840440e+00
1.605863979728441082e+00
1.602241119509663969e+00
1.598362319738078297e+00
1.595159677436930323e+00
1.591686836253071613e+00
1.587636561384706324e+00
1.584774661188979694e+00
1.581371931922745944e+00
1.578027921356732977e+00
1.575256487188050336e+00
1.571732744402641879e+00
1.569339950617510082e+00
1.565773434635632677e+00
1.562699397425017400e+00
1.559147310592637892e+00
1.556244604583126412e+00
1.552949446502736919e+00
1.549653318650770828e+00
1.546090877951032949e+00
1.543197255512853472e+00
1.540026766782284895e+00
1.537094519394907932e+00
1.534590146373495889e+00
1.531493272922044513e+00
1.528394665417239118e+00
1.525964535923399312e+00
1.523147505604175223e+00
1.519132278661398106e+00
1.516648948525559426e+00
1.513314982803666275e+00
1.510605709906729599e+00
1.508582713922417717e+00
1.506060449298989523e+00
1.504009374541008803e+00
1.501943265539266603e+00
1.499615069519835808e+00
1.497710345628958217e+00
1.495920348642801434e+00
1.493584202468191791e+00
1.491291601768001795e+00
1.489596104040449065e+00
1.486943381333096559e+00
1.485242451765843130e+00
1.483543082722559747e+00
1.481718682328466485e+00
1.479678109572567068e+00
1.477116238585046704e+00
1.475466704787885108e+00
1.473253306642586802e+00
1.471251918939411540e+00
1.469171692877792035e+00
1.466940683799103029e+00
1.465127555845685547e+00
1.463515705489280672e+00
1.461677141453070705e+00
1.459604548204577634e+00
1.457989916383264806e+00
1.455658654268966901e+00
1.453705916983252466e+00
1.451765934454563256e+00
1.449945615787542108e+00
1.447892303775453415e+00
1.446000879021154040e+00
1.444427103360481190e+00
1.442981541660976141e+00
1.440755248254924403e+00
1.439361527455662815e+00
1.437737468538579755e+00
1.435979252003288353e+00
1.433680065709760143e+00
1.432340693921835495e+00
1.429707449956978182e+00
1.428404747880866132e+00
1.426724713271250167e+00
1.424883108447363655e+00
1.423068587232408921e+00
1.422330591363373697e+00
1.419427578053550354e+00
1.418764579018476191e+00
1.417181974642458542e+00
1.414871302784770135e+00
1.413206231833817883e+00
1.412107128417902979e+00
1.409210958429959470e+00
1.408363388414114903e+00
1.407001806190161908e+00
1.404226105237002420e+00
1.403292479715491536e+00
1.401208312110647114e+00
1.399878569721524579e+00
1.397906562977804024e+00
1.396606861653957310e+00
1.394909831082051133e+00
1.393797271567090768e+00
1.391718455680465150e+00
1.390358751869729126e+00
1.388402281584521392e+00
1.387222615754961863e+00
1.385948374820836326e+00
1.384000194217752444e+00
1.383371621543518115e+00
1.381145299494344281e+00
1.380157231826324882e+00
1.378663601265304406e+00
1.377412106083988119e+00
1.375694209259640921e+00
1.375156830581475420e+00
1.372952857065188992e+00
1.372388285830715482e+00
1.371063516596428000e+00
1.370024897866066738e+00
1.368831657513521982e+00
1.367910864160596596e+00
1.366085361662327857e+00
1.365183909704109633e+00
1.364120796789038970e+00
1.362576768654284676e+00
1.362024002867486594e+00
