3.027435397243843340e+02
6.134479288926848284e+01
5.034150283459501907e+01
4.391871771307796024e+01
3.930554739468008307e+01
3.569407334678359689e+01
3.225186435706998367e+01
2.845739925926363867e+01
2.387934990440915328e+01
1.811675652810492210e+01
1.212158855232535082e+01
7.962587809259543015e+00
5.559883271421488082e+00
4.359224101620514880e+00
3.764593378881194052e+00
3.412927191831558904e+00
3.171582967784956963e+00
2.986959404428116471e+00
2.837928497746140977e+00
2.714218069090334140e+00
2.607245043358140446e+00
2.511385731594779180e+00
2.423884683871126544e+00
2.343921004937306485e+00
2.270652680544185120e+00
2.203038358543528030e+00
2.140836308116295772e+00
2.083225912396819979e+00
2.029614182391540567e+00
1.977657104563808943e+00
1.927877990997204138e+00
1.883040601731125419e+00
1.842406613425201956e+00
1.804576182595365674e+00
1.769866675294986758e+00
1.736889612197080934e+00
1.705977091807075352e+00
1.677714744013467874e+00
1.650981197628481167e+00
1.625551400736618746e+00
1.601360373383045710e+00
1.578303603857093451e+00
1.556886952468362617e+00
1.537208758111874962e+00
1.518525540439713550e+00
1.501532864852285210e+00
1.485964604280057388e+00
1.471884828932306766e+00
1.457780659992949923e+00
1.444379052437874345e+00
1.431521531965185945e+00
1.419213479073779149e+00
1.407447295017814071e+00
1.396542536760529529e+00
1.386323696596524657e+00
1.376712244268326168e+00
1.367622512515960231e+00
1.359040489861541801e+00
1.350696693788470570e+00
1.343015553964989506e+00
1.336010449343915774e+00
1.328782111553903134e+00
1.322087466887777785e+00
1.315616074000306668e+00
1.309491363942905329e+00
1.303865825942376544e+00
1.298581607607711463e+00
1.293306160293299145e+00
1.287786984595808759e+00
1.282942270375296623e+00
1.277964910173509105e+00
1.273375884441641626e+00
1.268651201540002216e+00
1.264210909753317180e+00
1.259997910080739691e+00
1.255924013225128144e+00
1.251697224911956452e+00
1.247436916861511813e+00
1.242962912844529422e+00
1.238577754426082533e+00
1.234229906419393563e+00
1.229704145411695260e+00
1.225296465472198504e+00
1.220915132102613709e+00
1.216968036505885031e+00
1.213154431099285890e+00
1.209523045355666016e+00
1.205927441174882153e+00
1.202490349989650875e+00
1.199182498536759178e+00
1.195957572252173140e+00
1.193044009834388186e+00
1.190183734995672094e+00
1.187345864439927956e+00
1.184400778242790997e+00
1.181514755987125076e+00
1.178856032286000000e+00
1.176204672140234164e+00
1.173453226945833316e+00
1.170885027002705137e+00
1.168477227778206951e+00
1.165847929584428178e+00
1.163721552607507315e+00
1.161440410459057659e+00
1.159298465708517467e+00
1.156957898212670033e+00
1.154823445441227392e+00
1.152355678681543205e+00
1.150144757079693214e+00
1.147966129928444046e+00
1.145872056338077760e+00
1.143774427461877519e+00
1.141508434416414808e+00
1.139644682941306275e+00
1.137495426658744035e+00
1.135284022250354408e+00
1.133157625501257426e+00
1.131106557781480060e+00
1.129107353417989845e+00
1.127008442528326659e+00
1.125029679150502782e+00
1.123038110351701313e+00
1.121145964280550134e+00
1.119268502416923772e+00
1.117282095382638119e+00
1.115690462630620550e+00
1.113991998627496871e+00
1.112414092803708288e+00
1.110919785794880488e+00
1.109497725642665467e+00
1.108195130532719119e+00
1.106931411357090944e+00
1.105634795113103808e+00
1.104345382864409641e+00
1.103240216104966587e+00
1.102183892345096838e+00
1.101019481796424948e+00
1.099892995139432283e+00
1.098882166533576843e+00
1.097775090830198863e+00
1.096761187507391266e+00
1.095852053185054187e+00
1.094911514118683371e+00
1.093853542537812418e+00
1.092927716180282616e+00
1.091996956477913061e+00
1.091103599288257842e+00
1.090217819686970291e+00
1.089339907883595693e+00
1.088495459846794189e+00
1.087556346007928720e+00
1.086614619469169707e+00
1.085767665934634030e+00
1.084934649410840946e+00
1.084188574106086156e+00
1.083381277863768366e+00
1.082612169161973226e+00
1.081858417577290510e+00
1.081127591222317719e+00
1.080410598796112120e+00
1.079650207208257884e+00
1.078042654310975346e+00
1.077277179249945371e+00
1.076611651785932322e+00
1.075950993828973301e+00
1.075317869484069933e+00
1.074774730208876150e+00
1.073755739569104861e+00
1.073032007190942716e+00
1.072427958463435083e+00
1.071881653267289236e+00
1.071230538919256903e+00
1.070670804651707941e+00
1.069864921196767460e+00
1.069106993604219458e+00
1.068393834149870880e+00
1.067776201261760871e+00
1.067324741502055696e+00
1.066774485923592364e+00
1.065956396125876227e+00
1.065448749117877680e+00
1.064841329394938141e+00
1.064285170337249120e+00
1.063656606777365621e+00
1.063197409618509059e+00
1.062523947164695670e+00
1.062198499768267412e+00
1.061601184789800145e+00
1.061307858627780654e+00
1.060721507592639501e+00
1.060419715141612818e+00
1.059885067658282276e+00
1.059483777565946250e+00
1.059171060762545968e+00
1.058645339741376423e+00
1.058295315370340939e+00
1.058010032515475096e+00
1.057484553951616446e+00
1.057100742676181815e+00
1.056721975258750890e+00
1.056398209927692733e+00
1.055844892002880675e+00
1.055334064895995239e+00
1.054937319618197256e+00
1.054413939577187653e+00
1.053926579863113888e+00
1.053476276127178091e+00
1.053102905989319549e+00
1.052626532012532090e+00
1.052270678789112734e+00
1.051829860161993313e+00
1.051510605971768708e+00
1.051131740684569049e+00
1.050773154451536850e+00
1.050372784846798302e+00
1.049920792746888765e+00
1.049263090376983065e+00
1.048849172082759296e+00
1.048433312875818979e+00
1.048107784641578943e+00
1.047713675534812650e+00
1.047363149800147664e+00
1.047054768470883301e+00
1.046611875544571024e+00
1.046255350699135001e+00
1.045895342817513507e+00
1.045613290288871955e+00
1.045348015753449156e+00
1.045096354527510707e+00
1.044726522011453440e+00
1.044425728824352584e+00
1.044146867858177119e+00
1.043883462001560902e+00
1.043627060720066613e+00
1.043413685500386601e+00
1.043177554750477798e+00
1.043031309738816637e+00
1.042850986902202459e+00
1.042630704331441338e+00
1.042412172911566293e+00
1.042129622501365427e+00
1.041789562696872951e+00
1.041461208966403040e+00
1.041041820260707906e+00
1.040749970610524766e+00
1.040364161545820787e+00
1.040027656089570707e+00
1.039614738841519559e+00
1.039333468645189607e+00
1.038974640869690047e+00
1.038527525092684201e+00
1.038281605676872443e+00
1.038017777808592390e+00
1.037558025222823810e+00
1.037195986424487293e+00
1.037009057552455316e+00
1.036567209388138400e+00
1.036417521284424437e+00
1.035952275975124293e+00
1.035655745542825468e+00
1.035363120424279915e+00
1.035042419573118044e+00
1.034781256800090921e+00
1.034342117633392233e+00
1.034185013202312486e+00
1.033464715683849233e+00
1.033603556376339494e+00
1.033049501102272449e+00
1.032767865319246470e+00
1.032299978183988554e+00
1.032309059283467390e+00
1.031944685625628688e+00
1.031641378151409105e+00
1.031306002532869748e+00
1.031137288056189538e+00
1.030450530588229885e+00
1.030395766315075123e+00
1.029844450915678999e+00
1.029672959268472132e+00
1.029073714076726320e+00
1.028848536810530456e+00
1.028590734903875648e+00
1.028290643210157951e+00
1.027824899846245366e+00
1.027693748013467800e+00
1.027407455488450028e+00
1.026962227807586503e+00
1.026736306960332801e+00
1.026471324440562771e+00
1.026152734945354750e+00
1.025881126483908945e+00
1.025615389963001833e+00
1.025390417526034659e+00
1.025140404165744812e+00
1.024778495747887375e+00
1.024566482938495726e+00
1.024351266326811505e+00
1.024085242716755273e+00
1.023739381445066376e+00
1.023487143166666113e+00
1.023246332289035054e+00
1.022947678437908126e+00
1.022724188311720850e+00
1.022489413662146740e+00
1.022246734386942357e+00
1.022026086955727164e+00
1.021794257006868989e+00
1.021559104456029266e+00
1.021249142737682414e+00
1.021080196211889612e+00
1.020536473958306045e+00
1.020538577831385130e+00
1.020151373732639533e+00
1.019982006309225975e+00
1.019684945486194705e+00
1.019323827324891241e+00
1.019191311347139584e+00
1.018955425350780652e+00
1.018729267003000816e+00
1.018373873633359850e+00
1.018052907666062268e+00
1.017945164255575685e+00
1.017825898277030516e+00
1.017431225760263347e+00
1.017147679869905286e+00
1.017000585233985399e+00
1.016818361893690126e+00
1.016491322833455557e+00
1.016319990832690534e+00
1.015872474577012019e+00
1.015791115749682616e+00
1.015575119210717192e+00
1.015208299985314255e+00
1.015131297465911464e+00
1.014966754900185064e+00
1.014722764440229907e+00
1.014520754827242133e+00
1.014280420873247657e+00
1.013925634036326295e+00
1.013873953285035601e+00
1.013653881286522340e+00
1.013515877797716014e+00
1.013343515337860934e+00
1.013069269756371238e+00
1.012922662233016746e+00
1.012718859276416916e+00
1.012599499667478087e+00
1.012324313957859490e+00
1.012211566030285059e+00
1.011946967814763898e+00
1.011732102845715131e+00
1.011488342175837163e+00
1.011311256776345813e+00
1.011065665722540752e+00
1.010882887958904464e+00
1.010661229235957803e+00
1.010464279395365317e+00
1.010312173617346820e+00
1.010077161200360063e+00
1.009930037454224161e+00
1.009773138649611823e+00
1.009653520379791836e+00
1.009505125853162655e+00
1.009386281855360279e+00
1.009169331033231698e+00
1.009054061554000903e+00
1.008941849719151573e+00
1.008797722337118286e+00
1.008635737967777501e+00
1.008472924448809094e+00
1.008333874030663102e+00
1.008182833642602416e+00
1.008100425086848828e+00
1.007942206204130109e+00
1.007867386430908008e+00
1.007830590153379502e+00
1.007758615174431549e+00
1.007635455355166743e+00
1.007534806885163281e+00
1.007455432212041702e+00
1.007396949398613684e+00
1.007282944584048545e+00
1.007200635137283085e+00
1.007026755447506750e+00
1.006963286398876445e+00
1.006864838729996769e+00
1.006766469612225823e+00
1.006536768310269725e+00
1.006408636754735131e+00
1.006191626275662054e+00
1.006054485152253930e+00
1.005932070350310736e+00
1.005907487065550443e+00
1.005574065476750878e+00
1.005619170311880195e+00
1.005555154482284275e+00
1.005107358273403806e+00
1.005363733735844534e+00
1.005134855998856658e+00
1.004971956939920474e+00
1.004936052470446262e+00
1.004580749961639485e+00
1.004698227927786736e+00
1.004479226973227002e+00
1.004430915473926600e+00
1.004312587617317565e+00
1.004259619655950564e+00
1.004239332086032332e+00
1.004086107639509562e+00
1.003771083262104513e+00
1.004035345721187467e+00
1.003797186228286176e+00
1.003693171041408538e+00
1.003621343474010885e+00
1.003288008150982735e+00
1.003685774434431410e+00
1.003315431479081532e+00
1.003375748299199177e+00
1.003191643938183164e+00
1.002995041658073294e+00
1.002993594315791714e+00
1.002818222079023380e+00
1.002652280850961919e+00
1.002705968681042226e+00
1.002693684465082669e+00
1.002207647982306771e+00
1.002526714965958243e+00
1.002321977814114806e+00
1.002151446123466405e+00
1.002130962395603397e+00
1.001863992699136841e+00
1.002046700730132356e+00
1.001908363016297931e+00
1.001859724625548953e+00
1.001858256200914843e+00
1.001456321565165064e+00
1.001752720491140503e+00
1.001220793934943565e+00
1.001395820690048621e+00
1.001357437003056239e+00
1.001153072392220844e+00
1.001235466501282367e+00
1.001290677377083771e+00
1.000769361489155296e+00
1.000981750305430129e+00
1.000802154386651432e+00
1.001019525074504202e+00
1.000608823577409323e+00
1.000729298245921495e+00
1.000568181939336387e+00
1.000710599051404026e+00
1.000547582456171369e+00
1.000443507918779451e+00
1.000384934556406202e+00
1.000295338791395316e+00
1.000304802984920638e+00
9.999788558057369769e-01
1.000138617755676584e+00
9.997982622340068071e-01
9.999536567525771913e-01
9.996252169982016156e-01
9.995932079868272702e-01
9.992998420021866890e-01
9.994532670364099092e-01
9.992216042481971705e-01
9.990307146120724902e-01
9.990499172600215694e-01
9.987658017390804721e-01
9.989565072184038996e-01
9.986235807217296312e-01
9.986758661521104585e-01
9.985463803890786139e-01
9.986007519542985378e-01
9.982291365108727499e-01
9.984789990666250725e-01
9.981410691646573907e-01
9.982962453551517124e-01
9.983243584314717145e-01
9.980135756742679609e-01
9.981835845967458321e-01
9.978557914991337263e-01
9.979078004543516789e-01
9.978210682103364482e-01
9.977993341410883454e-01
9.976260075196979882e-01
9.976512431492904343e-01
9.973949431058657389e-01
9.976024009308823715e-01
9.972267927442963753e-01
9.973034794186667051e-01
9.972398625294914831e-01
9.970943865110557525e-01
9.970808768699722657e-01
9.968823219173681416e-01
9.966512520960599808e-01
9.965279329642052764e-01
9.967981927888117655e-01
9.968745884731338158e-01
9.963891165378889747e-01
9.962639846289792489e-01
9.962065907292697586e-01
9.961071119391023965e-01
9.963413642140687143e-01
9.964062021368608191e-01
9.962025765414711520e-01
9.960226101703528734e-01
9.958233709962799329e-01
9.961107366964266907e-01
9.957702833189473468e-01
9.955976228397541705e-01
9.958342277462661762e-01
9.955024859433471152e-01
9.954889692537179924e-01
9.955843994689154153e-01
9.953871154892924844e-01
9.952604096711265003e-01
9.954546970731295019e-01
9.951015130476515980e-01
9.949483816342383768e-01
9.952870619739483393e-01
9.949746802211287822e-01
9.947410410558400473e-01
9.950821474468214412e-01
9.946728142666435568e-01
9.946467520386500505e-01
9.944235481899633688e-01
9.947575164867005215e-01
9.945182173424903516e-01
9.941627321471863121e-01
9.939977459761252243e-01
9.943576818842201348e-01
9.938480734028609653e-01
9.939309243909049130e-01
9.940136954042132489e-01
9.937825872856776988e-01
9.934522633737197239e-01
9.932866455547409990e-01
9.932551196251581116e-01
9.933940654735965436e-01
9.931344613723537273e-01
9.930913035388430066e-01
9.928492239813087039e-01
9.927094452964307925e-01
9.927195143478950712e-01
9.926684979533066944e-01
9.928225603521930731e-01
9.924273885335058720e-01
9.924410006863338962e-01
9.923758062287945103e-01
9.925490825672717010e-01
9.923893186669099364e-01
9.923110352710735604e-01
9.920711494357213889e-01
9.921518222747810478e-01
9.921816844285246129e-01
9.917140883448843924e-01
9.920205085049071947e-01
9.917976777804070609e-01
9.915632833380243483e-01
9.916815076444659427e-01
9.916928489784253564e-01
9.912740392877535944e-01
9.915077858604129935e-01
9.914992607202260944e-01
9.911158262947585840e-01
9.912911051337821577e-01
9.910522275587414498e-01
9.911807628254001301e-01
9.908435236731634177e-01
9.909885690489596000e-01
9.907362018610218479e-01
9.909333097415023994e-01
9.908751569602519682e-01
9.905731829118521459e-01
9.908263790218961864e-01
9.903892525389313972e-01
9.905633433039043867e-01
9.905314178115988133e-01
9.904509657782113452e-01
9.901880877976432238e-01
9.901284833722137080e-01
9.902451942390325668e-01
9.900130020574016143e-01
9.899188551515236689e-01
9.901083852300844868e-01
9.900911036796339326e-01
9.900398350202298525e-01
9.898959854973833350e-01
9.898104337575343026e-01
9.897486413850414833e-01
9.896885251518515725e-01
9.896901717391969333e-01
9.894607625862725797e-01
9.891647625068135108e-01
9.893111786975065103e-01
9.891087060504671902e-01
9.891485761346304750e-01
9.889480064759857969e-01
9.891224310145952936e-01
9.887869223096439342e-01
9.888252020383615504e-01
9.888315324956574726e-01
9.886383481870621992e-01
9.883522352590277116e-01
9.884167316976357753e-01
9.883625186502219551e-01
9.883400634257827333e-01
9.883433998042977509e-01
9.881607870681180517e-01
9.881317965122556890e-01
9.880680502795003983e-01
9.878722774883912372e-01
9.878166920647667437e-01
9.877398472787243255e-01
9.875468159119716871e-01
9.875177689337920617e-01
9.874867664479745066e-01
9.873244320991904077e-01
9.873156281070984974e-01
9.873725503942655246e-01
9.869532292790780259e-01
9.869182645741606530e-01
9.869873293721141971e-01
9.868301144963731453e-01
9.866154449448417685e-01
9.864506942325809158e-01
9.864666367673633474e-01
9.862871359335408927e-01
9.861027652676739308e-01
9.860518503105945021e-01
9.858535108248768219e-01
9.856855800510956334e-01
9.854563981028912067e-01
9.854746430763996479e-01
9.855209317805733171e-01
9.851801267609947566e-01
9.849873404651684483e-01
9.847881179356602344e-01
9.845650388619885396e-01
9.842600028500733123e-01
9.837576752150490877e-01
9.833835112190633110e-01
9.829849149359785043e-01
9.827382057990649011e-01
9.822939022762734451e-01
9.818761555441218869e-01
9.815608886741119532e-01
9.812233374037139244e-01
9.808286848569536254e-01
9.804494826362204485e-01
9.802319356868967049e-01
9.798241413950025125e-01
9.796151893226189289e-01
9.794788253395880773e-01
9.791682498780333033e-01
9.789236183255671797e-01
9.787717306840696407e-01
9.785723328116668895e-01
9.784736555181438034e-01
9.781435444032368087e-01
9.779753455441831944e-01
9.776529016814440309e-01
9.774336330866838507e-01
9.772488438602201510e-01
9.770351474171586892e-01
9.768371479053366002e-01
9.765826548469923596e-01
9.764239811582751116e-01
9.762195451132765767e-01
9.762122154564246701e-01
9.758754629970362027e-01
9.757016697559875995e-01
9.756595138207287965e-01
9.753435865627126944e-01
9.751501406039314590e-01
9.749345186683094910e-01
9.746964068065158138e-01
9.745429080802340271e-01
9.744940121419226609e-01
9.741565776197459448e-01
9.740327777813191368e-01
9.736824001701608333e-01
9.734689124222245526e-01
9.732714923003213947e-01
9.730252150957315882e-01
9.728920535571572437e-01
9.727535493302172931e-01
9.725101551205287409e-01
9.724062792403693756e-01
9.722515994259303129e-01
9.720745494201743497e-01
9.717948786897520064e-01
9.716667077002155706e-01
9.714394877112728643e-01
9.712868843855136936e-01
9.711473955961552607e-01
9.707922208316569490e-01
9.705439113843375987e-01
9.703704607965876194e-01
9.702466741217899981e-01
9.700954561259510500e-01
9.699649550841465961e-01
9.697872921480290564e-01
9.696461541634110448e-01
9.695227015439971119e-01
9.693737290402261175e-01
9.693511167602348877e-01
9.691664599434349769e-01
9.690651437721978789e-01
9.689024220154708322e-01
9.688019501494936625e-01
9.686306032154319290e-01
9.684302134131427264e-01
9.683004066967307866e-01
9.682186549206800441e-01
9.680417523438085148e-01
9.678744594524136824e-01
9.678338531950488877e-01
9.676602068479258634e-01
9.675025924779888653e-01
9.673981991808132674e-01
9.672857996263454217e-01
9.670745011445699424e-01
9.670277730286548357e-01
9.669566458969239831e-01
9.667764827144136319e-01
9.666497972864819266e-01
9.665883184802112060e-01
9.664881869798627179e-01
9.663930984524777834e-01
9.663610371376599728e-01
9.663487232542339322e-01
9.661404519554889214e-01
9.660413211297242952e-01
9.660123753836967753e-01
9.658428039903063089e-01
9.657495363893738860e-01
9.656438810757982383e-01
9.654154345210995691e-01
9.652440515028208878e-01
9.651751246837591003e-01
9.649349846663365371e-01
9.648121335093556850e-01
9.646657976193143691e-01
9.645904707716271842e-01
9.643256127473271988e-01
9.642578501412005787e-01
9.641044004787531208e-01
9.639637651298307297e-01
9.638565289579865691e-01
9.637524024570791603e-01
9.636155332495114356e-01
9.634934124159743041e-01
9.633709782444971337e-01
9.632226671798319595e-01
9.629980120306947944e-01
9.629817195123172580e-01
9.628092576217709420e-01
9.627540682785968862e-01
9.626225354705287840e-01
9.626027506221425112e-01
9.623933774024763244e-01
9.623533684889665762e-01
9.622113291042531102e-01
9.620420111474411451e-01
9.619352985632741992e-01
9.618601419976350320e-01
9.617808008956411081e-01
9.616464341314413522e-01
9.615420819788512707e-01
9.614276841996720613e-01
9.613011208168279476e-01
9.611923731641155433e-01
9.610914399584284951e-01
9.610363149487118894e-01
9.607866643720303079e-01
9.607913862184317422e-01
9.606480782197622803e-01
9.605767616356244432e-01
9.604816683455100756e-01
9.603489994201485080e-01
9.603243506848070377e-01
9.602017750460970502e-01
9.601022491426892680e-01
9.600349020479215234e-01
9.598322950855280311e-01
9.598166108200002489e-01
9.596296919516693613e-01
9.595741544517912835e-01
9.594122790520289712e-01
9.594044280938232028e-01
9.592764017414951994e-01
9.591253260969727634e-01
9.590187806584732355e-01
9.589893022894867558e-01
9.588342545771109116e-01
9.587725625054445144e-01
9.586697501054081139e-01
9.584848426700807167e-01
9.584825316609614232e-01
9.582938064716904902e-01
9.581487418035550263e-01
9.580437222392225172e-01
9.579109708693978043e-01
9.577894209578227125e-01
9.576837268357518695e-01
9.576442183738210767e-01
9.574788442687317547e-01
9.574294288848993473e-01
9.572857613164381663e-01
9.571840879052556650e-01
9.571201601614666155e-01
9.568692303717152292e-01
9.568094462355762886e-01
9.567268803941842981e-01
9.565283264450695766e-01
9.563460169873158057e-01
9.562936986155791130e-01
9.561943095690000893e-01
9.560374620137008783e-01
9.559580814802979276e-01
9.557295908630506487e-01
9.556778982111144849e-01
9.556307178786197509e-01
9.555050990472340189e-01
9.554482896725827734e-01
9.553797464429272246e-01
9.552567569524107460e-01
9.551497111196664003e-01
9.550668705211116105e-01
9.549331673040187818e-01
9.548073130648537798e-01
9.548213525736278795e-01
9.546421759622099046e-01
9.546366232180097944e-01
9.545119242991120245e-01
9.544301197767252054e-01
9.543780673211195165e-01
9.542171496094095096e-01
9.541649787879428191e-01
9.540259090183228485e-01
9.539299832008217850e-01
9.539168858138294960e-01
9.537454964381169020e-01
9.536313922086621098e-01
9.536161020022185797e-01
9.534970005112007874e-01
9.534282824168675008e-01
9.533851500931455059e-01
9.532037737375377295e-01
9.529996934722432256e-01
9.529552400252520039e-01
9.528412525875591399e-01
9.527666243644531407e-01
9.527199372109986797e-01
9.526062887961178616e-01
9.525153221197042441e-01
9.524040226285355182e-01
9.522913171792214415e-01
9.523290973021691919e-01
9.521655491839657870e-01
9.520598903373033162e-01
9.520348822005528788e-01
9.520152410249979047e-01
9.518876038305523757e-01
9.517438553865739115e-01
9.516300755905319209e-01
9.515395462407192362e-01
9.514611419888074906e-01
9.513834236451295112e-01
9.513393660969686749e-01
9.510516539060257513e-01
9.510056586073893925e-01
9.509712419843497910e-01
9.508246204782692113e-01
9.510002126129114552e-01
9.508968499440575428e-01
9.508535276475426068e-01
9.506201994926554155e-01
9.506273984031020641e-01
9.505237217693415230e-01
9.502784915218946971e-01
9.503759332609158506e-01
9.501711622803649115e-01
9.501233602146980095e-01
9.500379286051759964e-01
9.498973790568379094e-01
9.498555380336729526e-01
9.496956483046811170e-01
9.497672617899971526e-01
9.495472451523241375e-01
9.494843027021176995e-01
9.494110517457886589e-01
9.493050361566223172e-01
9.492259278823232949e-01
9.491118875714706915e-01
9.490735245499619666e-01
9.490470779181818806e-01
9.490616912611237188e-01
9.488764321659041157e-01
9.488060408532725809e-01
9.486605725536297884e-01
9.485636249313116330e-01
9.485804099429769876e-01
9.484813175068129709e-01
9.483535157141841365e-01
9.482401209428615863e-01
9.483119451929898913e-01
9.481961265169435160e-01
9.480199248902100306e-01
9.480061117785956171e-01
9.477863520005075371e-01
9.477827537603817909e-01
9.475444175269113201e-01
9.475704822568561392e-01
9.472945372134032871e-01
9.472687310827013762e-01
9.469718256639351184e-01
9.471223155555567041e-01
9.468697997286081858e-01
9.467266510190263107e-01
9.467247782336039030e-01
9.465956979872078847e-01
9.464908707467191151e-01
9.463498990033888392e-01
9.462420225101340066e-01
9.461146739633646829e-01
9.460013214201817844e-01
9.459814136208177793e-01
9.458154527801524436e-01
9.457584361138464679e-01
9.456509403813244674e-01
9.456495607967752015e-01
9.454748424897174708e-01
9.454699225423296438e-01
9.453871621694270866e-01
9.453546075076842969e-01
9.452612339130522789e-01
9.451584396989974879e-01
9.451009334728405209e-01
9.451066686406250916e-01
9.449648888674229141e-01
9.448383790412581140e-01
9.448477714053175047e-01
9.447063518636827917e-01
9.445265598479779534e-01
9.444252124523022651e-01
9.443514393044115662e-01
9.442628568928767008e-01
9.440750466614504788e-01
9.440709871820355259e-01
9.439668701968368936e-01
9.438920967962438624e-01
9.436987682460764582e-01
9.435984688101903828e-01
9.436409820622828626e-01
9.433879088052745665e-01
9.433663438246432387e-01
9.432466618822498150e-01
9.432924483710932728e-01
9.431627786322228646e-01
9.430488708198700998e-01
9.429671528448181350e-01
9.428794166458879245e-01
9.427831094586170968e-01
9.427040745839443403e-01
9.426317152504660735e-01
9.426150587702436523e-01
9.424636382677932245e-01
9.424870845330307612e-01
9.423399693553622392e-01
9.422909473088041388e-01
9.422146798481617624e-01
9.422586339269515276e-01
9.420582956840880540e-01
9.421223091183071885e-01
9.419413707834461968e-01
9.418860629040669563e-01
9.418174809050693375e-01
9.415285565864087713e-01
9.416001996476007774e-01
9.415505099463592487e-01
9.415181974508435303e-01
9.413608881447091958e-01
9.414159376200497142e-01
9.412550231879754925e-01
9.411259697556421111e-01
9.411755432435174873e-01
9.410284082234755543e-01
9.410923076420610878e-01
9.409973435859423363e-01
9.407214680965291231e-01
9.408828367216064414e-01
9.406245442726811623e-01
9.406276058036562304e-01
9.405101252395012823e-01
9.403814645632682101e-01
9.403640266245258950e-01
9.403178610313993602e-01
9.401395163436879754e-01
9.402166221154096837e-01
9.402686620920777116e-01
9.400672380593556587e-01
9.399853886591489349e-01
9.399195977558879589e-01
9.398878314647213239e-01
9.398201292400515383e-01
9.396880321154749138e-01
9.397286044025773277e-01
9.395850254968675097e-01
9.396327144391593000e-01
9.394943896918936943e-01
9.394373515681655462e-01
9.393673967690988613e-01
9.394443682731008494e-01
9.393307422270051887e-01
9.393284953890675970e-01
9.392377651278573936e-01
9.390830030582941745e-01
9.391225842811542490e-01
9.390753500251100006e-01
9.390508853147049306e-01
9.389150928841786259e-01
9.388389423325210759e-01
9.388480372677935337e-01
9.387115446801953533e-01
9.387741772092840220e-01
9.385564390477604269e-01
9.386616285063636989e-01
9.385371285777853734e-01
9.384320128381667958e-01
9.383829398772461916e-01
9.383181664560851232e-01
9.383684662871353277e-01
9.383051287132334606e-01
9.381455792923159009e-01
9.380384670503373323e-01
9.381797218706598995e-01
9.379121616883293600e-01
9.378301880140930136e-01
9.378174661204451423e-01
9.377723506393351727e-01
9.378178930417423453e-01
9.376455683496754956e-01
9.375035126416048081e-01
9.375898868601467706e-01
9.376194356672949981e-01
9.373747207551383909e-01
9.375602925616127736e-01
9.372822111304737192e-01
9.372943037054587423e-01
9.373237931395940192e-01
9.372820333617096766e-01
9.371085890981417643e-01
9.371195426654921334e-01
9.373091016894617988e-01
9.370224524143214717e-01
9.371693686230647691e-01
9.369619148190445612e-01
9.370773225208236523e-01
9.368173475368393177e-01
9.369590966539539378e-01
9.367733955119675882e-01
9.367100177538113526e-01
9.367683020450857656e-01
9.365423112247950321e-01
9.365048409587536371e-01
9.365729990156966833e-01
9.364075302574476067e-01
9.364511952790738336e-01
9.364353536639508091e-01
9.363520087787281510e-01
9.362543179202185151e-01
9.362797407014471496e-01
9.361448748399997521e-01
9.361046916269737395e-01
9.361297490205227056e-01
9.359434573503868648e-01
9.359400918792152302e-01
9.359561717323572339e-01
9.357225616424490466e-01
9.357537173455368062e-01
9.358357340760821153e-01
9.355947017452349579e-01
9.356791092313048175e-01
9.355944710723892443e-01
9.354857323045631112e-01
9.356314474222537925e-01
9.354025287232916597e-01
9.355225150788665234e-01
9.353591341430563810e-01
9.353545599540566968e-01
9.352200895107579681e-01
9.351647661816159252e-01
9.351879679333777728e-01
9.350992720219477583e-01
9.351328726467648123e-01
9.350473772034293418e-01
9.350967269231920120e-01
9.350130098339954898e-01
9.350063713160015055e-01
9.349692616013388635e-01
9.348336900111898773e-01
9.349233061434644165e-01
9.348334427392619439e-01
9.348334913171979510e-01
9.347866379446291285e-01
9.346843346307965872e-01
9.347689099137594937e-01
9.346155608846755669e-01
9.347163304642633896e-01
9.344718323279680439e-01
9.345086103914979070e-01
9.345699235764765023e-01
9.345751025548367785e-01
9.343783111463932478e-01
9.344003437006884738e-01
9.343125268108324333e-01
9.342385700264421722e-01
9.343155630339591289e-01
9.341866514303913682e-01
9.341855849937913403e-01
9.341192685958632502e-01
9.341131141107932301e-01
9.340406721958188774e-01
9.340463815076548437e-01
9.339999609023984517e-01
9.340102809423603825e-01
9.339230549431895012e-01
9.338399049483582237e-01
9.337887558444043501e-01
9.338685647272332302e-01
9.337214862607482457e-01
9.337518014805142874e-01
9.336569239135577014e-01
9.335787095813062875e-01
9.336716717545736621e-01
9.335369248447641377e-01
9.335976151313096771e-01
9.334567788220961004e-01
9.334993530465723888e-01
9.332962887619110637e-01
9.335479680459551899e-01
9.332536641930259114e-01
9.333349583636527669e-01
9.333539463809140679e-01
9.332357900426443420e-01
9.332881147550411427e-01
9.331411936656195394e-01
9.332251651075367249e-01
9.330819048964703599e-01
9.331476594634923183e-01
9.330171822266398740e-01
9.331139699172736890e-01
9.329477533637672293e-01
9.330145330946747473e-01
9.328922531766788984e-01
9.329830252660875622e-01
9.327904758001971386e-01
9.329703850507772289e-01
9.327053387965463793e-01
9.328137689590286774e-01
9.326418005638775766e-01
9.327421551857805193e-01
9.325987917227510637e-01
9.326766034598222843e-01
9.325244821299611964e-01
9.325509467306560829e-01
9.324977969704623115e-01
9.324264648216388229e-01
9.326015073855854487e-01
9.323250519419238325e-01
9.324294220859891125e-01
9.324204170839486272e-01
9.322945594443315942e-01
9.322945872146588542e-01
9.323364675949012970e-01
9.321396869967778498e-01
9.323006561988167462e-01
9.321698274185062916e-01
9.320921420634770138e-01
9.320957051239822100e-01
9.319741482549289691e-01
9.320873863611488508e-01
9.320771717613812735e-01
9.318628331189332537e-01
9.319214132879093393e-01
9.319026530296312671e-01
9.318535839002343169e-01
9.318630738197498653e-01
9.318293602799353481e-01
9.317039639725527289e-01
9.317543061081243749e-01
9.317217536664759159e-01
9.315925553761260636e-01
9.315046850455170890e-01
9.316261758838665363e-01
9.315928234233368244e-01
9.314379875811250598e-01
9.315548716967242404e-01
9.313826953992231372e-01
9.313605107766650404e-01
9.313547939241346718e-01
9.312276331131080775e-01
9.313965899791902814e-01
9.313456098113083170e-01
9.313127115700697845e-01
9.312559278197983792e-01
9.311144641469809580e-01
9.311953149648717343e-01
9.310748645336676121e-01
9.310840508891756739e-01
9.311215441769489232e-01
9.310864340128630623e-01
9.309521347194462670e-01
9.310798283939768494e-01
9.308764945297177684e-01
9.309923669435652416e-01
9.309100059111402592e-01
9.308458274872108973e-01
9.307383863154082837e-01
9.307784497981828054e-01
9.308850599322168184e-01
9.306644312321269430e-01
9.307472508780819664e-01
9.306483496787302245e-01
9.306950558595623590e-01
9.305085827992231051e-01
9.305774671773713314e-01
9.305186262727515034e-01
9.305282835446541112e-01
9.305411355556699737e-01
9.305773780553349139e-01
9.305403283013565785e-01
9.303362577232872077e-01
9.303440723309696070e-01
9.304147300552463307e-01
9.302481632966110858e-01
9.303779015223350157e-01
9.304030349671309486e-01
9.301765275895564899e-01
9.302928016090318275e-01
9.302406746638922641e-01
9.301721149535556732e-01
9.300420766518707749e-01
9.301576106899066554e-01
9.300005204083641175e-01
9.300887540539966025e-01
9.300680224529128681e-01
9.299362117393975558e-01
9.299287015450242722e-01
9.298864030629516719e-01
9.300276324633772740e-01
9.299579687743871892e-01
9.297003350966455137e-01
9.299205579610045902e-01
9.297700962664654512e-01
9.297833361615417402e-01
9.297424911999271346e-01
9.297766049861783122e-01
9.297028919483696363e-01
9.296942524302425070e-01
9.297127999521658248e-01
9.295492901139005282e-01
9.297185565354019188e-01
9.294603499453250040e-01
9.294554517530362325e-01
9.295584699472031476e-01
9.295302912019929309e-01
9.294361986312748014e-01
9.292787120612951979e-01
9.294773721989714188e-01
9.293862251837737842e-01
9.293967201137517398e-01
9.292216219506431729e-01
9.290995287842830352e-01
9.292476102990908648e-01
9.291383204726416656e-01
9.291970877373708637e-01
9.291296882430981618e-01
9.290418552581853895e-01
9.291458820790942097e-01
9.292230257088562873e-01
9.290010149995704403e-01
9.290166776590095266e-01
9.288954738395452937e-01
9.290462946444693060e-01
9.288300678652645637e-01
9.288910230722318140e-01
9.286798555177918635e-01
9.288166356729905537e-01
9.286409203161088977e-01
9.288362118908616294e-01
9.286257211743684792e-01
9.287493804455272395e-01
9.285506926424210716e-01
9.286922944403230851e-01
9.285386081292495986e-01
9.286085747948602531e-01
9.284056052104001644e-01
9.286000900262375568e-01
9.284274350690129296e-01
9.286192872579747126e-01
9.284331135310549543e-01
9.283569622217324735e-01
9.284494404047358707e-01
9.282331691699322596e-01
9.284662795985972883e-01
9.282299754517048251e-01
9.284586109744208393e-01
9.281618804035750570e-01
9.282791361278762698e-01
9.281147835440014537e-01
9.282436734525593147e-01
9.280933546703374892e-01
9.282685398500278851e-01
9.279471771774906452e-01
9.281776697255502695e-01
9.278816929429156701e-01
9.281017613303718106e-01
9.278036725582770039e-01
9.279670438722759096e-01
9.278739230712679253e-01
9.278960097912175575e-01
9.279333124214727002e-01
9.277468084218494226e-01
9.278371552170497916e-01
9.275719620257566467e-01
9.277956078259116390e-01
9.279198509326942457e-01
9.277462126446170965e-01
9.277823750505991285e-01
9.276499568837636156e-01
9.277752533023636561e-01
9.276695472306261125e-01
9.276898910422763933e-01
9.274998399793283888e-01
9.275899993100357177e-01
9.276217565169645463e-01
9.273065491278726924e-01
9.274984763177290814e-01
9.273356112280839447e-01
9.274463400225173570e-01
9.273224128720637394e-01
9.274679639868151915e-01
9.271373740572651512e-01
9.273413496435495285e-01
9.271576302851219920e-01
9.272360006184676706e-01
9.271118660215699192e-01
9.272399112763900497e-01
9.270165356227350051e-01
9.271288938220610953e-01
9.268653215336432050e-01
9.270695299531012123e-01
9.268654832315932346e-01
9.269908135307683983e-01
9.268369660413596778e-01
9.269859098561473720e-01
9.268289950576842351e-01
9.266815435001666268e-01
9.268922608125342855e-01
9.266505938409944632e-01
9.268036806694265328e-01
9.265849205747480610e-01
9.266491649477517356e-01
9.265789736442268110e-01
9.266290905733450822e-01
9.265578784897581244e-01
9.266407702101809862e-01
9.264548495572043629e-01
9.265730896382841086e-01
9.264095549926611994e-01
9.263923626308496750e-01
9.262119458054707266e-01
9.263549988381040157e-01
9.261084980219647100e-01
9.260247658442358754e-01
9.260694507714823942e-01
9.261823232975698872e-01
9.258812984571855864e-01
9.258890483012770511e-01
9.259809421330431611e-01
9.257183239860027335e-01
9.259436555879164699e-01
9.256663567888701039e-01
9.258184090263817945e-01
9.256504600837195396e-01
9.257843878038719554e-01
9.255256904912206872e-01
9.256446343206009564e-01
9.254872169466080711e-01
9.258222202081722862e-01
9.255863662705089423e-01
9.256022275379093278e-01
9.253751481123360101e-01
9.255527246910545403e-01
9.253190284740550053e-01
9.254120532740189864e-01
9.253485049233142190e-01
9.251910760556166791e-01
9.252968520223815441e-01
9.251075405342888969e-01
9.252492569708398173e-01
9.250799370533072663e-01
9.253305695286395682e-01
9.250524420502724832e-01
9.251947777675080253e-01
9.249498391958200783e-01
9.250425615906556764e-01
9.249841392144145802e-01
9.250365396870686707e-01
9.247591448432009864e-01
9.247961621385737407e-01
9.249396172442311270e-01
9.247676072162338556e-01
9.248115080578435121e-01
9.247955897107814627e-01
9.248096095845735887e-01
9.249362986641213036e-01
9.246475065475751043e-01
9.249295093156099101e-01
9.248494644517343266e-01
9.245893617165209522e-01
9.248646211617220780e-01
9.246344255037449722e-01
9.247120284921988009e-01
9.245918713098845165e-01
9.245319085314688268e-01
9.243946487926156808e-01
9.246003332288074139e-01
9.242908736564333649e-01
9.244629888792371686e-01
9.242442703541571269e-01
9.241187755713444751e-01
9.243862654503378629e-01
9.241392688380470899e-01
9.240814179184010380e-01
9.241604484388626917e-01
9.243736975654032184e-01
9.240204127355369224e-01
9.240270208894386661e-01
9.240193564006338178e-01
9.239808995476938014e-01
9.241289254834081923e-01
9.238094590670625772e-01
9.237430449000617605e-01
9.241784131906842781e-01
9.237030599193590819e-01
9.239885668058952506e-01
9.237083468415603349e-01
9.236816626851237499e-01
9.238799529606364080e-01
9.237335654805032270e-01
9.239663901387321632e-01
9.236331122503926849e-01
9.237506835809918826e-01
9.235254057372599412e-01
9.234996648962904287e-01
9.236662050464256035e-01
9.233895318727848300e-01
9.233900215211053863e-01
9.237713325391140318e-01
9.235828060130145678e-01
9.237008910895404545e-01
9.235327130537848150e-01
9.236349277354652942e-01
9.234011445976993970e-01
9.234035312917763250e-01
9.235871301414664281e-01
9.233554524895644100e-01
9.235230960294428249e-01
9.232530445249520490e-01
9.235051093692629998e-01
9.232687351782868923e-01
9.232301528506582367e-01
9.231851147683918235e-01
9.232369093241888924e-01
9.233946228492589947e-01
9.230796406633409168e-01
9.233079773716883487e-01
9.230557703257336044e-01
9.233000316191367629e-01
9.230270903856049314e-01
9.232326986416298231e-01
9.229811080151969493e-01
9.230131669062272559e-01
9.229676641370286871e-01
9.231740384844079328e-01
9.229408762932481691e-01
9.229776532721730709e-01
9.228004184623698203e-01
9.227594112564151407e-01
9.228703478204921540e-01
9.227301634461739788e-01
9.228722484954912098e-01
9.226254227379110384e-01
9.228390364464306161e-01
9.225420786840506926e-01
9.224174584002461375e-01
9.225940995388964838e-01
9.223186429023559896e-01
9.222584159885331978e-01
9.224748092964351054e-01
9.223012704628336111e-01
9.222533187830227464e-01
9.224690650245587209e-01
9.220642131689976706e-01
9.221546299613442299e-01
9.222312110661086137e-01
9.221306065344335723e-01
9.219801370423928999e-01
9.222477303718691344e-01
9.220159041501495567e-01
9.221251159743207859e-01
9.219575045127497148e-01
9.218658302528853765e-01
9.219395486598241929e-01
9.219183319644025376e-01
9.218856736874644353e-01
9.218267092686739383e-01
9.220055514712856004e-01
9.217515720937479173e-01
9.218053997391321142e-01
9.219133339870747568e-01
9.216462731652349527e-01
9.216857459259449881e-01
9.217285594816780891e-01
9.215784976993129929e-01
9.215438256701554698e-01
9.216781060718538532e-01
9.215140592730817204e-01
9.214466917514020361e-01
9.214240890916562954e-01
9.213554110672655950e-01
9.215522674974218065e-01
9.213092642907985130e-01
9.213109761801278053e-01
9.212974140221782404e-01
9.214394625490337498e-01
9.212876965407693630e-01
9.212091867791164512e-01
9.213150812464548922e-01
9.212373903624765381e-01
9.211540143120532376e-01
9.213377974262101366e-01
9.211628882729638867e-01
9.210848388971215606e-01
9.213350725322352330e-01
9.211286387897722472e-01
9.210144103199052745e-01
9.212243553415825348e-01
9.210188119316028432e-01
9.210053335844121669e-01
9.211891803334628648e-01
9.209742355243287770e-01
9.208584742806366075e-01
9.211251448179927914e-01
9.208774605429176363e-01
9.208551952408678964e-01
9.209456330211561736e-01
9.207474104560001704e-01
9.208008983500840516e-01
9.209700089284389435e-01
9.207719870886531544e-01
9.207129736137259490e-01
9.209588217484632189e-01
9.206694579842618076e-01
9.208453855836151725e-01
9.206096327917108191e-01
9.205699578285324591e-01
9.208247556595064998e-01
9.205591912017029310e-01
9.205469769819863979e-01
9.207065389071834582e-01
9.204772714914488674e-01
9.204704252244049201e-01
9.206913773838915072e-01
9.204561735608453032e-01
9.206023682752381143e-01
9.203613665540261168e-01
9.205990090103258749e-01
9.202186372544353121e-01
9.203298524956621263e-01
9.203103954591317359e-01
9.204973742634074974e-01
9.202695683951088723e-01
9.204974251121270656e-01
9.202111657626691477e-01
9.202102173972582788e-01
9.204318268580461426e-01
9.201367751106331871e-01
9.203283828086649132e-01
9.200656245259687394e-01
9.200425113605114058e-01
9.202110714326873220e-01
9.198432267398791717e-01
9.199414368377460960e-01
9.201827675496002668e-01
9.198673221514258591e-01
9.200524625126244027e-01
9.198143317653283413e-01
9.199880454018227738e-01
9.198701212744836431e-01
9.198985546683839942e-01
9.196792897001858647e-01
9.199420469180457083e-01
9.197199799810693577e-01
9.198446664407899931e-01
9.198503621621609838e-01
9.196241386575559895e-01
9.198609772546508800e-01
9.196915779978552807e-01
9.197749384771438663e-01
9.198120941140003337e-01
9.196349936792511670e-01
9.197248853304799132e-01
9.195265227655388118e-01
9.197181699413620182e-01
9.194759496132823839e-01
9.196673390464008557e-01
9.194255138130315030e-01
9.196686331836644301e-01
9.193179604630037360e-01
9.195108626402915819e-01
9.194038082181110738e-01
9.193856944306576517e-01
9.192878938086348484e-01
9.194565245505872397e-01
9.193202162889062556e-01
9.195496137296749195e-01
9.193097306059453411e-01
9.194001203663209054e-01
9.192046428784541590e-01
9.194192402994412205e-01
9.191983357894649709e-01
9.193282452115374426e-01
9.191986384990040726e-01
9.192354041056310932e-01
9.192331547276153536e-01
9.191256510235356059e-01
9.191020686319874011e-01
9.190512042145035920e-01
9.191400347162218543e-01
9.190488614213938590e-01
9.191803247676424427e-01
9.189624179338949927e-01
9.191370656972144282e-01
9.189792004568185790e-01
9.190293126491848597e-01
9.188823211465694252e-01
9.189579667678083874e-01
9.189489564204819105e-01
9.187915383724982732e-01
9.189163413627953192e-01
9.187127364247019701e-01
9.189528057943981976e-01
9.186726441719258451e-01
9.189652481307679643e-01
9.185542019409663750e-01
9.188089360491317192e-01
9.186659089903854714e-01
9.188146227131274157e-01
9.185398165331030151e-01
9.188123530956846530e-01
9.186486457153774099e-01
9.184638672529233938e-01
9.187047516670668879e-01
9.184195768905804025e-01
9.187251729748783236e-01
9.183370582984471397e-01
9.186223221771553371e-01
9.185155595624161506e-01
9.182838887523137039e-01
9.184979506618038414e-01
9.184582819300436407e-01
9.182958837689945142e-01
9.184188543882050304e-01
9.182142651343156992e-01
9.184456073894039507e-01
9.181392950262933228e-01
9.183302940304597373e-01
9.180904476339496467e-01
9.183521006048812607e-01
9.181327411528013016e-01
9.183264385832664578e-01
9.179199468851590993e-01
9.182033942475097410e-01
9.178719939193342725e-01
9.181375022248389195e-01
9.179422069932204886e-01
9.179949202922771390e-01
9.179240242676628414e-01
9.180265759434710349e-01
9.178380988808328977e-01
9.180006277375637458e-01
9.179059390480488467e-01
9.179878656117219649e-01
9.177012903965456880e-01
9.178761270995744459e-01
9.176094939301210340e-01
9.177940119744749659e-01
9.176080128290817761e-01
9.177502508226790257e-01
9.175287499187484430e-01
9.177557556858187970e-01
9.174927649914863537e-01
9.177175052283428336e-01
9.174867146112991589e-01
9.176288333527907737e-01
9.174704189596113446e-01
9.175683994074835814e-01
9.173179300568322647e-01
9.175586881454299570e-01
9.173411118976892986e-01
9.174344725498113640e-01
9.175179539003125440e-01
9.172621048898265128e-01
9.174608812795761459e-01
9.172555600013140298e-01
9.172957363327164382e-01
9.171751025365603160e-01
9.173256550301255308e-01
9.171016005950819450e-01
9.171955062092639333e-01
9.168706388253903272e-01
9.171701362828689197e-01
9.169728973280473205e-01
9.170765211379934279e-01
9.169539609966559368e-01
9.169949482619800252e-01
9.168205109462883584e-01
9.170306148765078325e-01
9.167273015748603759e-01
9.170205467421556067e-01
9.166744481894405494e-01
9.169640694301532946e-01
9.166846201451938070e-01
9.169806787173873097e-01
9.166489660646931492e-01
9.168647336701858386e-01
9.166712849020565157e-01
9.167836468917065496e-01
9.166534644325903258e-01
9.166862576291716636e-01
9.165627449965713103e-01
9.167983291870195339e-01
9.165175151373506912e-01
9.166222557437815333e-01
9.165340870898641690e-01
9.166874364168839939e-01
9.163881631429693364e-01
9.165054028700644340e-01
9.164649034325601518e-01
9.165397528320053944e-01
9.163355753073449961e-01
9.164684417885151646e-01
9.162655538513764242e-01
9.164288626101985136e-01
9.162761563429331346e-01
9.164137539758262507e-01
9.162687397567900183e-01
9.163240712316401693e-01
9.162138970552663464e-01
9.161511904332715339e-01
9.163043516958215839e-01
9.161216726171087510e-01
9.162681444194732405e-01
9.160654597070608807e-01
9.162200151120530878e-01
9.160106935837574182e-01
9.162262012671688050e-01
9.159273969865996401e-01
9.161696745538181474e-01
9.160208413803513361e-01
9.160354715377948542e-01
9.159231696359780850e-01
9.160249675261687985e-01
9.158760303219666277e-01
9.159381781063512529e-01
9.158340296849659667e-01
9.158390749738791747e-01
9.157798284866095484e-01
9.157168309342785806e-01
9.158394765084398870e-01
9.156851105382690648e-01
9.157127770800590483e-01
9.156263116990809303e-01
9.157321926514822019e-01
9.155455009412013512e-01
9.157073282360904676e-01
9.155986230078184684e-01
9.156232846340680576e-01
9.155491608433585782e-01
9.155513573032069141e-01
9.154863676215958534e-01
9.155018342423364430e-01
9.153752332893106969e-01
9.155278398787553007e-01
9.153840014724269336e-01
9.154640919828124224e-01
9.152984528451871826e-01
9.154124893010261443e-01
9.153424779537014944e-01
9.154287185212153233e-01
9.152272002700185816e-01
9.153246361574914891e-01
9.152455971888767694e-01
9.152912645567431449e-01
9.151960632680378183e-01
9.153432306045909961e-01
9.151651910107312382e-01
9.151576644365194690e-01
9.151691113799581556e-01
9.151510569376468673e-01
9.152093642277600027e-01
9.151438314405365704e-01
9.150779375948051575e-01
9.150527282811010688e-01
9.150143081503444575e-01
9.150782612979845299e-01
9.149891985633721303e-01
9.150560873564287379e-01
9.148694008779892917e-01
9.150247470914077974e-01
9.149437562821853831e-01
9.148633342808899505e-01
9.148889713390871981e-01
9.148486888882851886e-01
9.148465019707355816e-01
9.148414114685644583e-01
9.147115580236081511e-01
9.147782070521296438e-01
9.147098142669092269e-01
9.148606801975175395e-01
9.147105545800185977e-01
9.146880623611043371e-01
9.146394528413410718e-01
9.145867581154031312e-01
9.145533146707016670e-01
9.145681292814780150e-01
9.145510817402824344e-01
9.144981947384364096e-01
9.144902053442178769e-01
9.144413979416037286e-01
9.144780135470110816e-01
9.144720879070331598e-01
9.144735050277189581e-01
9.143929420679753894e-01
9.144958849125229827e-01
9.143781071002439198e-01
9.144486962057524204e-01
9.143937766666359046e-01
9.142237777655563002e-01
9.142666964747115932e-01
9.143253302183684816e-01
9.141877552053107037e-01
9.140968991384436082e-01
9.142054461560312761e-01
9.141487541356932978e-01
9.141209789009567821e-01
9.141415911885381052e-01
9.140982313412218119e-01
9.140292363616823179e-01
9.140808595263725245e-01
9.140504870744012855e-01
9.140750917172081325e-01
9.140287130418908168e-01
9.138931681244502059e-01
9.138789282089617716e-01
9.139887965109331214e-01
9.138453746739115813e-01
9.139483466381695953e-01
9.138120122163835291e-01
9.137760093800263439e-01
9.137509421960210432e-01
9.137221393668908398e-01
9.136806786183583329e-01
9.137220632464929659e-01
9.136755655755641747e-01
9.136363019218376458e-01
9.136314395300960678e-01
9.135971581569037880e-01
9.134974005174911760e-01
9.134864598263607860e-01
9.134984006591700956e-01
9.134872096365223015e-01
9.134334321753129204e-01
9.133131218442339661e-01
9.133420840479137270e-01
9.134074656719531893e-01
9.133051127150998427e-01
9.133055646605970912e-01
9.132918948007433535e-01
9.131454627206373464e-01
9.131157610311499973e-01
9.131337494781249786e-01
9.131048463928440606e-01
9.129895660135604052e-01
9.130481029423220818e-01
9.129629280443886108e-01
9.129515613720368128e-01
9.129657511874728071e-01
9.128865600952748016e-01
9.129065628556892742e-01
9.129027086090698573e-01
9.127870495941988738e-01
9.127641274002010752e-01
9.128630330087453837e-01
9.128729767450587396e-01
9.127056555600315813e-01
9.128393979130488001e-01
9.126473398988163011e-01
9.127913318058804570e-01
9.127530626275800474e-01
9.125404658837781291e-01
9.126742432414314266e-01
9.124258822975123140e-01
9.125599719210374383e-01
9.125273447481562217e-01
9.126428352557859336e-01
9.125749837467639347e-01
9.125674052078457388e-01
9.128460468281615059e-01
9.124856428268990349e-01
9.123133188702671204e-01
9.123239715057559485e-01
9.124360478072133240e-01
9.122874926468687029e-01
9.123310554363794900e-01
9.123048515486252841e-01
9.123705360023121047e-01
9.122711934311767967e-01
9.120334555089675277e-01
9.121107132761409053e-01
9.121130697252867181e-01
9.119728727133430413e-01
9.121523954250650990e-01
9.119309105884414457e-01
9.117663378371229088e-01
9.119041379723640262e-01
9.118572018386118527e-01
9.119419023866868201e-01
9.117628865444928898e-01
9.117350233085742550e-01
9.115535784428825394e-01
9.116207003169803924e-01
9.118739004720733954e-01
9.116866063279910337e-01
9.117945484077555340e-01
9.116340842632223440e-01
9.117662876568163322e-01
9.114543182609281535e-01
9.117885078467317106e-01
9.117027079373158927e-01
9.117514333003535754e-01
9.117625232548446368e-01
9.116243657076975593e-01
9.115822256529136913e-01
9.116025124793435408e-01
9.114044534660425967e-01
9.114750764561573293e-01
9.112174820735915448e-01
9.114121905893299846e-01
9.113754324185373568e-01
9.113707392417461639e-01
9.113437982346965782e-01
9.114045983137364360e-01
9.112727341570251438e-01
9.111770852492550032e-01
9.111305968947157607e-01
9.111992245656884704e-01
9.111465953673719698e-01
9.110708039221431243e-01
9.111081925799980885e-01
9.110564709022311858e-01
9.111884403850015746e-01
9.110613788387321721e-01
9.111707546277986181e-01
9.110634497294961553e-01
9.111062554014317527e-01
9.110306252999361698e-01
9.109379779341609806e-01
9.110427933229749975e-01
9.109573106763294570e-01
9.108720126235865244e-01
9.109574788301034731e-01
9.108188108481624079e-01
9.108047420951237427e-01
9.108385108305392386e-01
9.108212720854834688e-01
9.107623828904594099e-01
9.106295121504562884e-01
9.106663933319326665e-01
9.107260538921874149e-01
9.106242292468516020e-01
9.106656810323726647e-01
9.105887743454776917e-01
9.107205660187616125e-01
9.106934794148453527e-01
9.105923227028042133e-01
9.106042224320139988e-01
9.104909031119428064e-01
9.105484866820496848e-01
9.104434832386333332e-01
9.105153903068289312e-01
9.104752324594787005e-01
9.103270558515550448e-01
9.101915985789678087e-01
9.102354285200440209e-01
9.103055783873085227e-01
9.100724439240913677e-01
9.103491730782562463e-01
9.102323028541924321e-01
9.101460098376087382e-01
9.102212143449035509e-01
9.101524213732398172e-01
9.101251233293332632e-01
9.101457328579264372e-01
9.101393585732862057e-01
9.100402054300055221e-01
9.100849439481984993e-01
9.099658102216250377e-01
9.099913700573273312e-01
9.098946984879274780e-01
9.099738863916986276e-01
9.100298188042734715e-01
9.099456298854634584e-01
9.098676406453315435e-01
9.099133517764522727e-01
9.098850327483392064e-01
9.097096069482870639e-01
9.098084995362877292e-01
9.096769153254240514e-01
9.097888781379396272e-01
9.097181448170087448e-01
9.098587776281550354e-01
9.096455021969022114e-01
9.097518228483769676e-01
9.097195550442825907e-01
9.095337709494115686e-01
9.096946238246387262e-01
9.095591646191057977e-01
9.096352484232673730e-01
9.094734089465507099e-01
9.096093585032448692e-01
9.095468311545604756e-01
9.094909101810513263e-01
