2.805113365591460592e+02
6.588951810644522311e+01
4.319589744393864095e+01
3.327493871894068889e+01
2.812346935070173970e+01
2.528857891775699329e+01
2.329613271063911384e+01
2.159154961921052518e+01
1.997901628171954869e+01
1.838976139222438277e+01
1.679966514562174851e+01
1.520175478587173679e+01
1.356603912715545590e+01
1.189823409935318921e+01
1.020647520343649717e+01
8.547392529026936359e+00
6.987803099888864722e+00
5.680637748964056044e+00
4.774489766258191104e+00
4.209091297397223208e+00
3.838785421410035870e+00
3.575919087579567002e+00
3.376296498001433388e+00
3.215679090324785161e+00
3.081542943942922275e+00
2.964090649695283464e+00
2.856387137266309661e+00
2.751612214862184658e+00
2.650918804679259555e+00
2.553920409394001556e+00
2.467242932684878376e+00
2.393678860958345922e+00
2.329834533343448033e+00
2.274936487309146660e+00
2.225824193105123694e+00
2.179164066249370979e+00
2.137319748587890533e+00
2.098703307251363004e+00
2.061496848876622323e+00
2.025379361602211770e+00
1.990908490698019229e+00
1.958084351967914971e+00
1.928463654760172785e+00
1.899494691762795284e+00
1.871859860837255196e+00
1.845652234153694726e+00
1.820438538035826781e+00
1.796437726505957899e+00
1.774687772510540329e+00
1.754212628993260248e+00
1.735137766992010055e+00
1.717176272458796893e+00
1.700023137801332629e+00
1.683433396733162724e+00
1.668041726510529399e+00
1.653007815602596686e+00
1.638433052480644525e+00
1.625020292723645454e+00
1.612182696702441964e+00
1.599768849949150029e+00
1.587620019789564685e+00
1.575384242184560746e+00
1.563642768893546586e+00
1.552453421347773199e+00
1.541675452350263820e+00
1.531141131048176840e+00
1.521160003900715152e+00
1.511284873416157248e+00
1.502028399722973750e+00
1.493567047186478147e+00
1.485236046560103107e+00
1.477075228330799961e+00
1.469377807416035964e+00
1.461948080918855863e+00
1.454892960428459281e+00
1.447699522037299680e+00
1.440797561418488471e+00
1.433956183997837419e+00
1.427621760683574159e+00
1.421094698405469758e+00
1.415131790614437834e+00
1.408783846703926201e+00
1.402388458417319184e+00
1.396623791253920999e+00
1.390469565081970726e+00
1.384465847893855406e+00
1.378821966149841316e+00
1.372898387343792104e+00
1.367069161284859113e+00
1.361096105832443115e+00
1.355058021402343549e+00
1.348823077434938122e+00
1.343419495133702624e+00
1.337589309691851192e+00
1.331306061881829983e+00
1.325470307687304450e+00
1.319580068792093774e+00
1.314063701978869236e+00
1.308493315027218218e+00
1.303184506989986335e+00
1.298056470543882845e+00
1.293016528220393146e+00
1.287389916282342339e+00
1.282502844397201747e+00
1.277564861341054403e+00
1.272769555200289560e+00
1.267265289902913317e+00
1.261858330242459525e+00
1.256896387977493257e+00
1.251860380323330801e+00
1.246821747594742513e+00
1.241416361941620750e+00
1.236921382617787391e+00
1.232326536450937926e+00
1.227875844039792108e+00
1.222841876523762750e+00
1.218056342426402150e+00
1.213084331234502988e+00
1.208105200137462365e+00
1.203238676485539171e+00
1.198763559914044041e+00
1.193988906319402910e+00
1.189248664129909150e+00
1.184565822251725908e+00
1.180351753287648187e+00
1.175764138282096694e+00
1.170815030337087892e+00
1.166852784620169503e+00
1.162713726960123983e+00
1.158480614690313271e+00
1.153944494026889922e+00
1.149711534809264579e+00
1.145790895981568136e+00
1.141989553663767643e+00
1.138720334341182250e+00
1.135034182798489111e+00
1.131509071655901311e+00
1.128534695696788326e+00
1.125461385822053906e+00
1.122495760695555012e+00
1.119506489397043447e+00
1.116528056534938251e+00
1.113846613118881779e+00
1.111098181740423074e+00
1.108261738389629603e+00
1.105709718430532895e+00
1.103166346010231669e+00
1.100477141506445156e+00
1.098138422740620568e+00
1.095909803758439827e+00
1.093891450629617790e+00
1.091848898869983708e+00
1.089753517802141802e+00
1.087698184464664264e+00
1.085842656356954317e+00
1.083653569513877368e+00
1.081892501693058062e+00
1.080170476331943297e+00
1.078148498909160091e+00
1.076124945097839403e+00
1.074306367030035014e+00
1.072391685662271055e+00
1.070842009052365151e+00
1.069096352655249271e+00
1.067714548901727012e+00
1.066036585923269220e+00
1.064140203200635737e+00
1.062648905446108571e+00
1.061106525809303092e+00
1.059675864614338936e+00
1.058395313540951177e+00
1.056929163060838173e+00
1.055624848450974040e+00
1.054292136295443383e+00
1.052791589661800531e+00
1.051661620086904225e+00
1.050389418536639585e+00
1.049268030302637156e+00
1.048040818269898145e+00
1.046818095995141418e+00
1.045457263243668722e+00
1.044195679035326618e+00
1.042815878579179456e+00
1.041627333146593060e+00
1.040386095503084141e+00
1.039169903347180179e+00
1.038165885627548413e+00
1.036749098280355108e+00
1.035743046424220770e+00
1.034720916874365182e+00
1.033653453424059565e+00
1.032650094269588870e+00
1.031639635719761694e+00
1.030837949668790499e+00
1.029804067507795962e+00
1.029065430799682268e+00
1.028095767094279855e+00
1.026749498397469429e+00
1.025743310459160007e+00
1.024709517448049167e+00
1.023654477419633668e+00
1.022458551957178718e+00
1.021544692665603771e+00
1.020394702129705289e+00
1.019234663326425316e+00
1.018374486858417693e+00
1.017518442745052765e+00
1.016320948706481930e+00
1.015392902666878649e+00
1.014501930292203591e+00
1.013665380882769140e+00
1.012567980219826413e+00
1.011639555687418257e+00
1.010653054542835383e+00
1.009512114765853008e+00
1.008737092728719364e+00
1.007713748206730209e+00
1.006844128506980907e+00
1.005989344111687167e+00
1.004959941797102685e+00
1.004085451446826482e+00
1.003001919872680503e+00
1.002031194243493184e+00
1.000937341168029793e+00
1.000209066502438349e+00
9.991488681136324601e-01
9.981433088031900214e-01
9.974369318919990013e-01
9.964583253676505548e-01
9.955520323319052567e-01
9.945434550406058172e-01
9.935925344058973430e-01
9.929103309097128127e-01
9.919938795040166291e-01
9.912629522675495686e-01
9.902834572605128116e-01
9.895814261058363259e-01
9.888061663105696120e-01
9.880479021976015241e-01
9.871878992795976027e-01
9.863785710513520710e-01
9.858579284448243385e-01
9.850519674849760321e-01
9.842842029267649950e-01
9.834524946320545302e-01
9.828243254893677117e-01
9.820412396205786543e-01
9.813040434956917801e-01
9.805889137948864409e-01
9.799405455492093964e-01
9.792428901065330926e-01
9.785807244976666430e-01
9.778508610377686372e-01
9.771489884042513507e-01
9.766223210986075820e-01
9.757808105142539157e-01
9.751654175359059096e-01
9.746397859968989330e-01
9.736503060979783131e-01
9.730446479196884768e-01
9.724613199839949873e-01
9.715217529851757350e-01
9.711967081290381332e-01
9.705189830695850617e-01
9.698585008564846177e-01
9.692630450151296095e-01
9.686080674397853363e-01
9.680986619567345519e-01
9.674358209466098479e-01
9.664701444124598195e-01
9.661669069209058991e-01
9.655350381218285039e-01
9.650732292937632684e-01
9.643881187769101082e-01
9.639414139481862209e-01
9.631970799659952398e-01
9.626014129655313667e-01
9.619711643118500355e-01
9.613735186348084660e-01
9.607230198890817086e-01
9.601130341309817018e-01
9.591650374881854901e-01
9.587910214695458677e-01
9.581380028236360369e-01
9.577090397530981791e-01
9.569854624326485926e-01
9.564842108836448809e-01
9.557942617281213193e-01
9.554346871080445780e-01
9.547368137108623865e-01
9.539660143573227558e-01
9.535632685880335302e-01
9.528454878716573484e-01
9.522748990353658849e-01
9.517614882131074650e-01
9.512094531493726635e-01
9.506121465727419562e-01
9.498654231574746865e-01
9.492787139021657827e-01
9.489362424707891153e-01
9.482607334014606648e-01
9.476863856186511503e-01
9.471563434535870130e-01
9.468241047783901854e-01
9.462275324093879503e-01
9.456857895882883058e-01
9.449174599655298934e-01
9.444163772396416690e-01
9.437030579706453537e-01
9.433229136120410141e-01
9.424531297421042675e-01
9.420183137271878060e-01
9.411706689153781502e-01
9.407838419934893004e-01
9.400424575401723493e-01
9.394984475601343421e-01
9.389838114632298449e-01
9.382940071235319479e-01
9.377384376675310662e-01
9.373140639258191742e-01
9.365920229854242107e-01
9.359239143804466421e-01
9.352479913601902117e-01
9.348204325253378633e-01
9.343369064568523008e-01
9.339243662871109519e-01
9.332011080479202247e-01
9.326259339074326471e-01
9.319329941523371019e-01
9.312684858286329748e-01
9.306302986657053467e-01
9.298899437753744834e-01
9.292616620795645099e-01
9.286771723004901835e-01
9.281901148001434620e-01
9.276319532726430284e-01
9.268614595127225853e-01
9.263231929188998626e-01
9.257101167702933564e-01
9.251147726300756879e-01
9.243165179823183975e-01
9.237525942244375621e-01
9.232671780864473154e-01
9.227856220264453180e-01
9.223117677153078731e-01
9.214894682752232669e-01
9.207482185817802423e-01
9.200206571612147277e-01
9.192970213269732183e-01
9.187500320317326663e-01
9.181236379749311283e-01
9.172571006321786902e-01
9.164741855871553211e-01
9.156270308068704677e-01
9.151655187261993341e-01
9.147463581531796173e-01
9.140055210636579552e-01
9.134284735833712032e-01
9.127054107772223368e-01
9.120842431813130924e-01
9.115559610067807128e-01
9.109778142915939680e-01
9.104764427229371515e-01
9.099407822552767477e-01
9.092066349561452876e-01
9.084283559129590069e-01
9.080767010222025037e-01
9.072076866757260438e-01
9.065714279387789842e-01
9.059975986708991291e-01
9.052772534527239179e-01
9.045810062380302830e-01
9.040542101429688282e-01
9.031500051704869358e-01
9.024384148491230162e-01
9.018261142041975598e-01
9.010330793278118477e-01
9.004085671452956019e-01
8.998965218197573224e-01
8.991983314729479204e-01
8.985145385102266680e-01
8.979863821481353092e-01
8.974042050672822457e-01
8.967013435054697057e-01
8.962412480900243672e-01
8.957445756296910089e-01
8.950896747420807875e-01
8.947503125575505534e-01
8.942827533390366179e-01
8.936878058384500889e-01
8.932704162489857325e-01
8.928886153560976480e-01
8.923449475630981231e-01
8.918627766362964282e-01
8.911742406086685664e-01
8.907184927503899452e-01
8.903814385967386835e-01
8.900184388465032237e-01
8.896679983658501989e-01
8.889396431335518933e-01
8.884588413217205938e-01
8.880457195427141626e-01
8.875003846199874813e-01
8.872205507934394220e-01
8.866800877914098322e-01
8.863525742695804732e-01
8.858902420042960024e-01
8.855018293109836458e-01
8.851239528745896701e-01
8.845789612700244442e-01
8.844015160274930620e-01
8.840503111402665537e-01
8.836871361498576105e-01
8.832988664374639143e-01
8.829028344282824348e-01
8.825178317502389014e-01
8.828115739831902120e-01
8.823685654444473059e-01
8.820118726310234303e-01
8.814820043669459038e-01
8.812887632752525180e-01
8.806472968201638496e-01
8.803856607841846760e-01
8.798604249650247011e-01
8.794129405229251795e-01
8.790521459167437435e-01
8.785588138847449935e-01
8.781698392807361087e-01
8.777413284177918440e-01
8.773754101062111177e-01
8.770441041741218191e-01
8.765589600583939545e-01
8.758834139004717523e-01
8.752574579877229199e-01
8.748289903672558099e-01
8.744954401074643835e-01
8.740245783572234695e-01
8.734591960140871691e-01
8.728929615578505663e-01
8.727163534741073647e-01
8.721481830759638676e-01
8.720337673618843155e-01
8.715014347904485037e-01
8.712523150729861721e-01
8.709988015838173725e-01
8.704491458188243769e-01
8.700660123102204047e-01
8.695903553183326196e-01
8.687130467136733314e-01
8.682603874534861044e-01
8.675357192187643784e-01
8.670796511954202979e-01
8.664507479044655236e-01
8.660122937728491621e-01
8.651429655346007941e-01
8.646843093770705257e-01
8.640948607569467477e-01
8.635026876869095203e-01
8.628221810164810046e-01
8.623041224747002298e-01
8.617602680613477562e-01
8.613612952986038351e-01
8.610175580174708188e-01
8.605196932090440898e-01
8.600913714930040754e-01
8.594803465410932874e-01
8.594499793990343361e-01
8.592150388245344272e-01
8.585214379607082336e-01
8.583258872826214914e-01
8.578394204450386917e-01
8.576591411555126721e-01
8.572464000511509363e-01
8.570396177199773868e-01
8.565002458703281363e-01
8.563771785918560253e-01
8.559161170155692444e-01
8.557073134043212681e-01
8.551506296605791979e-01
8.550698923651823824e-01
8.546441610515905785e-01
8.541749809897094536e-01
8.538655787528943719e-01
8.534404184200276022e-01
8.530963583926524096e-01
8.526636140964293231e-01
8.521240417296293002e-01
8.520250524565375905e-01
8.515012604693453779e-01
8.515286030279872742e-01
8.511581288838043768e-01
8.507493577256480810e-01
8.503445846211109549e-01
8.497396153868619351e-01
8.494903722050969330e-01
8.490834106694581385e-01
8.485421521626612673e-01
8.483653647314057800e-01
8.480107908867927646e-01
8.477541671701884773e-01
8.471512027974862358e-01
8.468178706972943059e-01
8.464275303946772189e-01
8.462113526210303105e-01
8.458489704985666657e-01
8.456858910324664969e-01
8.452359408257582585e-01
8.447016807284927209e-01
8.443968513651274321e-01
8.439196056524425060e-01
8.440799765492030815e-01
8.436764405451088189e-01
8.431987765325700268e-01
8.426782729922601689e-01
8.422326809996998342e-01
8.419118688824195340e-01
8.413969451999627758e-01
8.409971318663314044e-01
8.406794795962024835e-01
8.400679054269408752e-01
8.397085424445368540e-01
8.392055767994337501e-01
8.387533157074088530e-01
8.387254876387738589e-01
8.384225970700235342e-01
8.378909604517614795e-01
8.377437035008643562e-01
8.374414882701625151e-01
8.371335648388310569e-01
8.367287754880027295e-01
8.363311229795334922e-01
8.359149925291440297e-01
8.356698260509883847e-01
8.352149132927860764e-01
8.347232820098154926e-01
8.342771528944741277e-01
8.338158604587883049e-01
8.333891211607018512e-01
8.329709304121118985e-01
8.326057716650153706e-01
8.322002244224732115e-01
8.319081869048874367e-01
8.315190425675683672e-01
8.310936048053578773e-01
8.306525185606535855e-01
8.303517154369131070e-01
8.298407673017805797e-01
8.296586731040692664e-01
8.291106576819099461e-01
8.288735855548911013e-01
8.285568957537488011e-01
8.280108377060965141e-01
8.277076267479311911e-01
8.273363175583637874e-01
8.268656866457693155e-01
8.262276945192521538e-01
8.259800473712743951e-01
8.255073099999982178e-01
8.251053623209406718e-01
8.248158271827322752e-01
8.246655444648873790e-01
8.241829354637201233e-01
8.240113076686119697e-01
8.234210189533407442e-01
8.233211590833562354e-01
8.228755137682716159e-01
8.224536305513683310e-01
8.220503203382071300e-01
8.215033453023122823e-01
8.211045386214111952e-01
8.207392516818630135e-01
8.203658317387575449e-01
8.201734226134326233e-01
8.198844573248132983e-01
8.195658635686036142e-01
8.190977620259743963e-01
8.187562644958208402e-01
8.183690865079217280e-01
8.179949364272318668e-01
8.175629854291609488e-01
8.172832893119061914e-01
8.170775064870764437e-01
8.165261408426663925e-01
8.163548474562695167e-01
8.158537810416804925e-01
8.154525953483690026e-01
8.152266378461886509e-01
8.147917259456020078e-01
8.145199789405951352e-01
8.140850459529578309e-01
8.137785980744022263e-01
8.134219596019227616e-01
8.131018593488646973e-01
8.127751221537192761e-01
8.125068359573069943e-01
8.121244922458398241e-01
8.119867813530463607e-01
8.115170144542003250e-01
8.111471698169259170e-01
8.108758449674815516e-01
8.104649852825523970e-01
8.099383436821070426e-01
8.099633484957268204e-01
8.097085538198910415e-01
8.093198516359586536e-01
8.090584999491209350e-01
8.086333508930961811e-01
8.082838010054255173e-01
8.080136282868992659e-01
8.076859968216610897e-01
8.074283165017258623e-01
8.070132017527057444e-01
8.068620599653871794e-01
8.062404991413315569e-01
8.060653647791625742e-01
8.055115529518198647e-01
8.053172415796582273e-01
8.049798791159480382e-01
8.044101453917376077e-01
8.041753718969583131e-01
8.039160022519130644e-01
8.037568580895800840e-01
8.034687546279911663e-01
8.030366987197057327e-01
8.027254638101362083e-01
8.023802695911267380e-01
8.020945737136616627e-01
8.014120863409504025e-01
8.011929087498002033e-01
8.005531883836537466e-01
7.995473714187498748e-01
7.984237713442688955e-01
7.977392324383186795e-01
7.972555942004094787e-01
7.964973893578900510e-01
7.958278730470692564e-01
7.953918514121353089e-01
7.946445858871492574e-01
7.940141608485017377e-01
7.933343059723951818e-01
7.928855663511384932e-01
7.924335668129431909e-01
7.919801684781228035e-01
7.911644447961528881e-01
7.906473910899083357e-01
7.898527702689314145e-01
7.892276010085886861e-01
7.885826482687949834e-01
7.881516159184057679e-01
7.877358577495425784e-01
7.872962428648627720e-01
7.868826365216051721e-01
7.863561265421893376e-01
7.860232956840964569e-01
7.854725191910257864e-01
7.848226015280203027e-01
7.843930619150770722e-01
7.838810933809443604e-01
7.834905059061608723e-01
7.830604640931673188e-01
7.826664754113358269e-01
7.823271292731722726e-01
7.819459263674574112e-01
7.815518137275225818e-01
7.811543985660702738e-01
7.809143076843456655e-01
7.805398525550164557e-01
7.800254252335249161e-01
7.798178984291518345e-01
7.793314781752499476e-01
7.788625649001392759e-01
7.785860313326096183e-01
7.784135597377442872e-01
7.780162277911054636e-01
7.776194284070193641e-01
7.775984998165120787e-01
7.772264301261473385e-01
7.768894101309403721e-01
7.765696276580635882e-01
7.762267114101772947e-01
7.758281247450870000e-01
7.755610093373483949e-01
7.753439788478885264e-01
7.750707290069532851e-01
7.748808087954143220e-01
7.744422282006963032e-01
7.743554035219232246e-01
7.739628055903121640e-01
7.737282912232710252e-01
7.735046595747244735e-01
7.731805603884107647e-01
7.727190229216205353e-01
7.724914582441665400e-01
7.722846790157998909e-01
7.718365559237762019e-01
7.716335184532095992e-01
7.713404974635903466e-01
7.710349225169085274e-01
7.708914062713155824e-01
7.706945913291757266e-01
7.702919410198294514e-01
7.698776849987375437e-01
7.697786519501416125e-01
7.694835371889241493e-01
7.692072086271548592e-01
7.689958475664981918e-01
7.689018192787533401e-01
7.686283267582975087e-01
7.684318311184207273e-01
7.680133877487841376e-01
7.677929368063853843e-01
7.676810240054733336e-01
7.673964488034719089e-01
7.672583131192977079e-01
7.669540100726252030e-01
7.667598951315380829e-01
7.664323379281544613e-01
7.660961348580327401e-01
7.658594077670549671e-01
7.658042670693077092e-01
7.655132556020861623e-01
7.652437638673686982e-01
7.649946119719491788e-01
7.648816691675918156e-01
7.646449507137726975e-01
7.643837532622997921e-01
7.642662328838903951e-01
7.640926854330861717e-01
7.637376442650154473e-01
7.634569709184652053e-01
7.633879524159506991e-01
7.632557555263130844e-01
7.629410949928215890e-01
7.627319529958702660e-01
7.624568537184045480e-01
7.622917081515164783e-01
7.620323839344308459e-01
7.617896004284868683e-01
7.616646566430675946e-01
7.612782851313451005e-01
7.610265248647084535e-01
7.609352039257704092e-01
7.606720402131349479e-01
7.605187092058304232e-01
7.601887490231958866e-01
7.599522510110241491e-01
7.599104850203923789e-01
7.595521180583654219e-01
7.594506385332117082e-01
7.591975410199727214e-01
7.590048179296206010e-01
7.588389550716380105e-01
7.584719596717363066e-01
7.583645182762372983e-01
7.581602778463686354e-01
7.580240382660498044e-01
7.576384925538106607e-01
7.573871876453432961e-01
7.572861243605976123e-01
7.569629990749753290e-01
7.567279313640314919e-01
7.565529024393824464e-01
7.561272884021469354e-01
7.559798539486423108e-01
7.557695425448898163e-01
7.556793347085007939e-01
7.553425161252236286e-01
7.551834674849713380e-01
7.549693133900562403e-01
7.547886031668369355e-01
7.544088850481798225e-01
7.545242649984090777e-01
7.542772149982126528e-01
7.540931123413315840e-01
7.539197485767600293e-01
7.536407952517562014e-01
7.535140799785723376e-01
7.533074266422731258e-01
7.529416953212039187e-01
7.526933967889376520e-01
7.526688675718705701e-01
7.522741366456285883e-01
7.521566046582600640e-01
7.517952052881010649e-01
7.516003556164019273e-01
7.514196728768495204e-01
7.510498854152212189e-01
7.512552008403549086e-01
7.509475145253213801e-01
7.509171408459019981e-01
7.506925973352539527e-01
7.504021331788961469e-01
7.502276003714053454e-01
7.500299901115701218e-01
7.498413798897426430e-01
7.496184852389884412e-01
7.494367389640674837e-01
7.492944279196150914e-01
7.490471798911565449e-01
7.490003714106033827e-01
7.486269915982944889e-01
7.485924000923263044e-01
7.483795213185283624e-01
7.482423175621627509e-01
7.480653429493392403e-01
7.478902352099514594e-01
7.478640866666022013e-01
7.476143895016035268e-01
7.475660525034956150e-01
7.474199995930607132e-01
7.472012494112201253e-01
7.469524406212658674e-01
7.469112465234862830e-01
7.465677610738351566e-01
7.465248381926170573e-01
7.463509976643730726e-01
7.459940868005806580e-01
7.458834030759838862e-01
7.458306323360157641e-01
7.455012726815292146e-01
7.454070279759171802e-01
7.452153467841288181e-01
7.448784404522147407e-01
7.449538362388761215e-01
7.447164423206373840e-01
7.443652099289953528e-01
7.443667537897070696e-01
7.442358635589614302e-01
7.441603342406799548e-01
7.439931513122916007e-01
7.437913273970111483e-01
7.436647408590925101e-01
7.434879100881904845e-01
7.433194824445586990e-01
7.434213345343860802e-01
7.429701656592063719e-01
7.429139147619997496e-01
7.428641449538830877e-01
7.426663374677179297e-01
7.425962872930594871e-01
7.423451960905493863e-01
7.421559723654264085e-01
7.421873043732354347e-01
7.419537406337637364e-01
7.419025149035106681e-01
7.416413821686904662e-01
7.415936063871405581e-01
7.413346821053652391e-01
7.412401204088302498e-01
7.410239602909832746e-01
7.408391073360540702e-01
7.407728957527782709e-01
7.406516081057623602e-01
7.405293997168728160e-01
7.405242767932231907e-01
7.401746161471752794e-01
7.400243588961918917e-01
7.399629630761545007e-01
7.397837926905989070e-01
7.396361880304285208e-01
7.396932589696937344e-01
7.395233957663913671e-01
7.392075043938297618e-01
7.391378269323737316e-01
7.390550346448065966e-01
7.389992060679544394e-01
7.386374651724337825e-01
7.386130458556232625e-01
7.383916882375426427e-01
7.383367254404826774e-01
7.381141860804810717e-01
7.379946521921180169e-01
7.379030988097284860e-01
7.376565377522594780e-01
7.376591421414491201e-01
7.375463526671302006e-01
7.373387136447830947e-01
7.371821784419497758e-01
7.371492689401460963e-01
7.366625440342300379e-01
7.368886555242272207e-01
7.365991484714909943e-01
7.364882648126611642e-01
7.362152781071937824e-01
7.362998563289441245e-01
7.360815101289355233e-01
7.358953533979212258e-01
7.358611373086317853e-01
7.356008008203965831e-01
7.355669433873401886e-01
7.353695541784813772e-01
7.352690592396675662e-01
7.351012443019717679e-01
7.351476171174579077e-01
7.348604739885525872e-01
7.346678995976879678e-01
7.346630401652487485e-01
7.347219638052931989e-01
7.344585664894869304e-01
7.342548427944159961e-01
7.343310885882813333e-01
7.340357204168795890e-01
7.341709530324033173e-01
7.337855609399697165e-01
7.340075450748947405e-01
7.336659394768779707e-01
7.336545824082273404e-01
7.334921714754231159e-01
7.335556957643168952e-01
7.331862032212993485e-01
7.332346907606716035e-01
7.331924294673143327e-01
7.330160245076351444e-01
7.328515637711787711e-01
7.330381116731065072e-01
7.327894367165113110e-01
7.325392456035989541e-01
7.325003151741643626e-01
7.324017367262068978e-01
7.322335370159249734e-01
7.322445618069161055e-01
7.320427965801598047e-01
7.320800794857195148e-01
7.318574971379360194e-01
7.318896194528451415e-01
7.317214331437766894e-01
7.314881662745728041e-01
7.314038974666571269e-01
7.314532700343850946e-01
7.313186615016662451e-01
7.309774298132901693e-01
7.311623560534955546e-01
7.309039824295314736e-01
7.307900435187496546e-01
7.308086282797504607e-01
7.304564670648380220e-01
7.305921042781283736e-01
7.303453833695398023e-01
7.303272191164827953e-01
7.301599518623645979e-01
7.301425706137858462e-01
7.299394666726474190e-01
7.297747196591560792e-01
7.297908082330003543e-01
7.295900725289573563e-01
7.293651250583050860e-01
7.295132563670462256e-01
7.290887103440498729e-01
7.290058520854373336e-01
7.290601776735479156e-01
7.288132195378692613e-01
7.287978571308166842e-01
7.285935274915513737e-01
7.287567729566221120e-01
7.284476475434343845e-01
7.284909885561395848e-01
7.281545804838088776e-01
7.284907994302830536e-01
7.281219052089129562e-01
7.278183618405030808e-01
7.279504480256059340e-01
7.278302659428289578e-01
7.277382637013358746e-01
7.276973049887409672e-01
7.275812616103530805e-01
7.273986977977409119e-01
7.272370352698350748e-01
7.271295860094312280e-01
7.271221331204983374e-01
7.269883827460869030e-01
7.268678327896883617e-01
7.267368815543857608e-01
7.267629054890883955e-01
7.266577027016989376e-01
7.265153442695098107e-01
7.263807136266494657e-01
7.261810667282380116e-01
7.260760757987058112e-01
7.259257073947485983e-01
7.259185538984677111e-01
7.258484205131758848e-01
7.258099754569168338e-01
7.255039682478990892e-01
7.256002329960629105e-01
7.255089676078226857e-01
7.254628349000813436e-01
7.252586119213311200e-01
7.252802075726875186e-01
7.253439813051407725e-01
7.250871177290050262e-01
7.250136652615405408e-01
7.249252187024214367e-01
7.248089738370379065e-01
7.246294698013074909e-01
7.246588926316653856e-01
7.245074930004781200e-01
7.245735279384092342e-01
7.243428551389499148e-01
7.243696733143573097e-01
7.241900618966652381e-01
7.241416302540687466e-01
7.239195362122444743e-01
7.240259529896376778e-01
7.238514485155479461e-01
7.239116285429836317e-01
7.238454113470083051e-01
7.238039977496691924e-01
7.237744233905422098e-01
7.235083987731306676e-01
7.236546744236322937e-01
7.233221807174708973e-01
7.233728454992283119e-01
7.232778422501090487e-01
7.232125146280713457e-01
7.231613178990183854e-01
7.231643073393061449e-01
7.230764017389913478e-01
7.229569969015005038e-01
7.228645504084076912e-01
7.227481192404536792e-01
7.227720214979637126e-01
7.227558598449786986e-01
7.225917810336967007e-01
7.226567348464117968e-01
7.225363703983159747e-01
7.224542456820984837e-01
7.221749003448860726e-01
7.222301054842911183e-01
7.221257901829161163e-01
7.221889303117187131e-01
7.220976986114554519e-01
7.221219871780982791e-01
7.219525721029752541e-01
7.220322981817490771e-01
7.217964462376466050e-01
7.218041666240310184e-01
7.218586292591365750e-01
7.216780503699701255e-01
7.216171459076176076e-01
7.215474280867860690e-01
7.213931459899409759e-01
7.213469783016445147e-01
7.213036105656641661e-01
7.212472149787010345e-01
7.212413947619001897e-01
7.210756103611162260e-01
7.210114202453229426e-01
7.208235564923414218e-01
7.209824372671692627e-01
7.208062028191358772e-01
7.205816207227381254e-01
7.205068260590165030e-01
7.204809914696035378e-01
7.203544991020848220e-01
7.204029202514781183e-01
7.202648498433533719e-01
7.201133841564818505e-01
7.199737338654438323e-01
7.198303765373136320e-01
7.198023033238684087e-01
7.196030537609082733e-01
7.195704460784367873e-01
7.192502360321629817e-01
7.194512405533441957e-01
7.193542808192567861e-01
7.189196601842605672e-01
7.187596019485579246e-01
7.189765867134089161e-01
7.186586515059301128e-01
7.186098402978191579e-01
7.186888782870434200e-01
7.185008174450623342e-01
7.182237140069768211e-01
7.182437051191036259e-01
7.182338357754295410e-01
7.179952834225655778e-01
7.181090551148870960e-01
7.180800725096831982e-01
7.177428431851553547e-01
7.177988725366875045e-01
7.178686731400049092e-01
7.176280118384951168e-01
7.177195572565112647e-01
7.175101018191812896e-01
7.175166130841881262e-01
7.173743528116754975e-01
7.174530620175118001e-01
7.171655716040720163e-01
7.172342504047257705e-01
7.172185623521469822e-01
7.170488141447531882e-01
7.170115182507043050e-01
7.168844812114921750e-01
7.169327435028688411e-01
7.167663109004619448e-01
7.167888292246781257e-01
7.165727277456976907e-01
7.165815472053598256e-01
7.164860319161849844e-01
7.164795431919596114e-01
7.163056947575089373e-01
7.164346836307921018e-01
7.161062142974508049e-01
7.162088908526483833e-01
7.160686817946303462e-01
7.160559928938657892e-01
7.158662378548318328e-01
7.159129037868651180e-01
7.157984108718237204e-01
7.157906509783451554e-01
7.156666005843255185e-01
7.155738983602311087e-01
7.155448303347283767e-01
7.153247961845363712e-01
7.153509337925392231e-01
7.151727737994101330e-01
7.152929952357052201e-01
7.150643443357879159e-01
7.150228355847095818e-01
7.150144532681713683e-01
7.148489798937395223e-01
7.146183775202598065e-01
7.146503462628834846e-01
7.146196475950520322e-01
7.144972520785820569e-01
7.144899509441593466e-01
7.144586938029756640e-01
7.144068226087944007e-01
7.143114298242060345e-01
7.141859024774609432e-01
7.142235276475972228e-01
7.141290326192284432e-01
7.139570643065905609e-01
7.140216108841478393e-01
7.138387001654592501e-01
7.137190952643474029e-01
7.138042801356930811e-01
7.136473655168907859e-01
7.135951839911282013e-01
7.136049814604022989e-01
7.134372806891401408e-01
7.134013423834474343e-01
7.134190381830002314e-01
7.131701924235560597e-01
7.132182531531361391e-01
7.131363330971901560e-01
7.130131306161976434e-01
7.129136763444026137e-01
7.127176894629237980e-01
7.127744516663688801e-01
7.124483227049399625e-01
7.125731536601654925e-01
7.124553310784259574e-01
7.122773374552174852e-01
7.122764114470587771e-01
7.120585028952403084e-01
7.119892974596558899e-01
7.117245956495422687e-01
7.118117550105674818e-01
7.114768892587512994e-01
7.114617896818046239e-01
7.113987829744967684e-01
7.111741147507876226e-01
7.110633339375843631e-01
7.109027297934568113e-01
7.109009645145473177e-01
7.106985239097495244e-01
7.103516965526913696e-01
7.103841579635369330e-01
7.101584690046968129e-01
7.099714964719497923e-01
7.096839057701190834e-01
7.096400037654327919e-01
7.094195109684254819e-01
7.092790547273556401e-01
7.090534490630012732e-01
7.090202754816360420e-01
7.089082136871199813e-01
7.087288642966158569e-01
7.086635460500793071e-01
7.085213137394664740e-01
7.083879024779209388e-01
7.082731651885153523e-01
7.081535231064316482e-01
7.079632888842398719e-01
7.079453098443467818e-01
7.077363030131671451e-01
7.074776206861256300e-01
7.075506875854112865e-01
7.073751412466543487e-01
7.071269372636678208e-01
7.070029037670350069e-01
7.069073873314911660e-01
7.068191474635555638e-01
7.068782597749104779e-01
7.067814353730056398e-01
7.063317160094571001e-01
7.063956349301766524e-01
7.062753915519631720e-01
7.062023052580538307e-01
7.060005954102589465e-01
7.060034161862964730e-01
7.060948818565554452e-01
7.057526391298677426e-01
7.058970391367993535e-01
7.055954807780682181e-01
7.055672270973544213e-01
7.054406464079585604e-01
7.053273215423970788e-01
7.051258043337521597e-01
7.051877741584618997e-01
7.050068598222409832e-01
7.049994915848739607e-01
7.048075617693156936e-01
7.049187105524840069e-01
7.046254608184373547e-01
7.046425088392217484e-01
7.045521836415203909e-01
7.045270480934217039e-01
7.043544398596114364e-01
7.043223406103419348e-01
7.043600479038288897e-01
7.039475070090284170e-01
7.039273907799897811e-01
7.039542693454118316e-01
7.039380895668712057e-01
7.037510507896661549e-01
7.036716345753387669e-01
7.035315740574898946e-01
7.034455352058137656e-01
7.033531984101669687e-01
7.032741401001634252e-01
7.032865554826726040e-01
7.030601779439228372e-01
7.029270460802985454e-01
7.028463588302688025e-01
7.029595150324454700e-01
7.027526271347307452e-01
7.026211828202552079e-01
7.026147862615906847e-01
7.024572035409097914e-01
7.023400674222095574e-01
7.024485135827149840e-01
7.023551770172722364e-01
7.022010334149166866e-01
7.019644993384160925e-01
7.020292526082528850e-01
7.018510760297910211e-01
7.018130270995567299e-01
7.016570647604014610e-01
7.017093510837576487e-01
7.015233795021337260e-01
7.014445018427607481e-01
7.013739808137517961e-01
7.012875310205025636e-01
7.010180071252936074e-01
7.009064196770329325e-01
7.009815492263578030e-01
7.009216349091297316e-01
7.008551071030525437e-01
7.006502012658657463e-01
7.007611793148846857e-01
7.007152334055776199e-01
7.005926731018427001e-01
7.003649564044437392e-01
7.004048357541682313e-01
7.002230249898371284e-01
7.000697310317929301e-01
7.001495849804341143e-01
7.000104378524611981e-01
6.997942699629181584e-01
6.997805867016061443e-01
6.997419999152421077e-01
6.997312527243214619e-01
6.994849886761396185e-01
6.994082433623137751e-01
6.993804210357077444e-01
6.992627865123149933e-01
6.992216760018624688e-01
6.992004670908383845e-01
6.991515868861561955e-01
6.990823757028419294e-01
6.989622945993346770e-01
6.989447332162591620e-01
6.988614644453451374e-01
6.988261973335543331e-01
6.987490471966791850e-01
6.986064997804346532e-01
6.985313876221268536e-01
6.985600945627264968e-01
6.984508525659665068e-01
6.984189646620313496e-01
6.983287582278544514e-01
6.983520246153501754e-01
6.981166382088760392e-01
6.981201315901897075e-01
6.980247433421814529e-01
6.979691663333918994e-01
6.977947553773886646e-01
6.977377127392337952e-01
6.976690231441010637e-01
6.977762610703240886e-01
6.975175598725019688e-01
6.975803758126278842e-01
6.974846401293629539e-01
6.974223621109235660e-01
6.973211270043165877e-01
6.972777352696928332e-01
6.971361221972970368e-01
6.970317194952090345e-01
6.969709173489903042e-01
6.969200861850595174e-01
6.968986217833669228e-01
6.968329728366366993e-01
6.967976830384753351e-01
6.968200613526857046e-01
6.965523755097778880e-01
6.966325685637775322e-01
6.964886774705734140e-01
6.963237630627842067e-01
6.962326761865456071e-01
6.962341227563166868e-01
6.960086859607564902e-01
6.960480351902874618e-01
6.961145272128635986e-01
6.960270011240320409e-01
6.953541640476589292e-01
6.952037108002557808e-01
6.951122716492291742e-01
6.950178404468188020e-01
6.953181477575394176e-01
6.947622760387472951e-01
6.947552313257335799e-01
6.945521175521672808e-01
6.945813083802434562e-01
6.944309561735181324e-01
6.942645570495528107e-01
6.941284310028380533e-01
6.943593452357266216e-01
6.942176842254813574e-01
6.941099018403406040e-01
6.940355568863331159e-01
6.939517549791359707e-01
6.939901762485186643e-01
6.938369930519950879e-01
6.937870868650038991e-01
6.937362428102870071e-01
6.933557867349789960e-01
6.935526160243639104e-01
6.933474068073368635e-01
6.935419872989587731e-01
6.931950582573825903e-01
6.931641865461611873e-01
6.929517022654074765e-01
6.929779328015470696e-01
6.927290160083260373e-01
6.927240598337371935e-01
6.928208451342526830e-01
6.926158410083468331e-01
6.925936394551897024e-01
6.925778354850584684e-01
6.923317129769678280e-01
6.923592505317768264e-01
6.922081787452271096e-01
6.923512105525467808e-01
6.920669791507499946e-01
6.920232274064656020e-01
6.918623649466058012e-01
6.918642061236544016e-01
6.916703457830144508e-01
6.918347234731579976e-01
6.915088122001136206e-01
6.914796079960408015e-01
6.913370365862779865e-01
6.913657381294372462e-01
6.912961281316872819e-01
6.909653202515232406e-01
6.910525911466111060e-01
6.909408890873058873e-01
6.910009630389045698e-01
6.908774544555141839e-01
6.905778290452225798e-01
6.906396482350557475e-01
6.904138135139996635e-01
6.905460672246622744e-01
6.902936738655887083e-01
6.903940395689276421e-01
6.902661219897964218e-01
6.902023335286001648e-01
6.900932660773589911e-01
6.899946049855195662e-01
6.900414625109206890e-01
6.898693764867820377e-01
6.897960449077387146e-01
6.896732419697203520e-01
6.897457965284056192e-01
6.896339817672042516e-01
6.896008084635333324e-01
6.898107665891840545e-01
6.894412722119002135e-01
6.895012044896099423e-01
6.895714295322149523e-01
6.893302443280179270e-01
6.894934061263874314e-01
6.893529290939609533e-01
6.893280612114330852e-01
6.890552395438667155e-01
6.889498279936342451e-01
6.891429878664486752e-01
6.889104156491825393e-01
6.887787498078180581e-01
6.889042188236302877e-01
6.887262084987354482e-01
6.888293918137620153e-01
6.886029571541896210e-01
6.885235580253867838e-01
6.885395453336699001e-01
6.884806620638935781e-01
6.884296607929193401e-01
6.883473604331588058e-01
6.881404001328620401e-01
6.881826835935437314e-01
6.880764204732784384e-01
6.881696826306095138e-01
6.880665844119547847e-01
6.877920301898697852e-01
6.879678131555406750e-01
6.877293760221220298e-01
6.877134863540389498e-01
6.877443376996690283e-01
6.876310394203164478e-01
6.874857443036476168e-01
6.873992306026969201e-01
6.873413190726852529e-01
6.873980940979631526e-01
6.872664738356091263e-01
6.872496448542794178e-01
6.871337504473787883e-01
6.870606201764752896e-01
6.869162364429438616e-01
6.867762552911432783e-01
6.868239836253824393e-01
6.867485734696421318e-01
6.867174583590593961e-01
6.867940170957904655e-01
6.866809303405757570e-01
6.864868569742088589e-01
6.865922693799836329e-01
6.865212093891357448e-01
6.864513990752806327e-01
6.864670509282658761e-01
6.863426694027966457e-01
6.862508882794177145e-01
6.861123830357875875e-01
6.860964263015274511e-01
6.859329288627672438e-01
6.860890250299656046e-01
6.859138289757451545e-01
6.859274364739768037e-01
6.857662709034434423e-01
6.858136821218986379e-01
6.855856551736647653e-01
6.855789082353250796e-01
6.855295862945540719e-01
6.853968279207101055e-01
6.854331864363388815e-01
6.853183587209392691e-01
6.852672687394782969e-01
6.850934634989244154e-01
6.851852968476022099e-01
6.851349591682586171e-01
6.850783161121186682e-01
6.849707261621259535e-01
6.849531254090708288e-01
6.848218342029809280e-01
6.849612406740090975e-01
6.847071050158066718e-01
6.847351895912864306e-01
6.848079910850851659e-01
6.846825972409709138e-01
6.846434029606164318e-01
6.845284287492167108e-01
6.844911173245388225e-01
6.847431377435264643e-01
6.844384290490181932e-01
6.843745267260262777e-01
6.842707944204048376e-01
6.843950236010600818e-01
6.840850389616724980e-01
6.839031779582483983e-01
6.839183838580181751e-01
6.840030961936979237e-01
6.838840442069042957e-01
6.836850231334872241e-01
6.838266128903226493e-01
6.836763129202316769e-01
6.837144817423679299e-01
6.836540784479337995e-01
6.836431190290114257e-01
6.836475557361535449e-01
6.832140209751645932e-01
6.834179272304580222e-01
6.834255721814038731e-01
6.831561241869300583e-01
6.833625190317417220e-01
6.828732248384139503e-01
6.833346463533492843e-01
6.832150994240399067e-01
6.831086056056574485e-01
6.828243332807243382e-01
6.829635908667661681e-01
6.827551274187938501e-01
6.827048221638265524e-01
6.830613437400363530e-01
6.825791934578887554e-01
6.826417359348740943e-01
6.826472448782608948e-01
6.823995467878226640e-01
6.824366737619936840e-01
6.823450713854316563e-01
6.819943929058424059e-01
6.820131246711151896e-01
6.820927692957413635e-01
6.817863336623143367e-01
6.819897472681827333e-01
6.814810757769492744e-01
6.818051920919804276e-01
6.816729443457210103e-01
6.816069808680748077e-01
6.816483916175085644e-01
6.815122742238733933e-01
6.814685206867344691e-01
6.814614031152390616e-01
6.812026139737983321e-01
6.811727348922412828e-01
6.808937911863468528e-01
6.810035360645105840e-01
6.807474865616636173e-01
6.808609111918316747e-01
6.807379221212089826e-01
6.806247820179213148e-01
6.804928914134230622e-01
6.804817765632186211e-01
6.803420924293964722e-01
6.802283099688904988e-01
6.801103687368171835e-01
6.800305392917208591e-01
6.799757295561699166e-01
6.800274688952377966e-01
6.797462851043062360e-01
6.796661253063889241e-01
6.795907317694568350e-01
6.794062982921825755e-01
6.794629183399264472e-01
6.793298590290549610e-01
6.793253972239384764e-01
6.793142976058499372e-01
6.790508910919500485e-01
6.790108657476009446e-01
6.789594049297978939e-01
6.789507539316238516e-01
6.788410622809294415e-01
6.787560180799835363e-01
6.786223502270564145e-01
6.785889391240734758e-01
6.784776729318825472e-01
6.783849702430247985e-01
6.783675058647044009e-01
6.783458759677810646e-01
6.781719068961078456e-01
6.781911385695275074e-01
6.779861194077204667e-01
6.780150566189068195e-01
6.777850875985697021e-01
6.779422780329650289e-01
6.778374643415573386e-01
6.778460456348468499e-01
6.776852930608353587e-01
6.776529164273780159e-01
6.775140427643902008e-01
6.774388783223924682e-01
6.772869825510842157e-01
6.771590640245660486e-01
6.772659346383905765e-01
6.771762061689363676e-01
6.770976007503287653e-01
6.769206613159161057e-01
6.770196364369304165e-01
6.768966613508190511e-01
6.768282596436057119e-01
6.767914080003363253e-01
6.767077712605064077e-01
6.766121367749481363e-01
6.765333810076931131e-01
6.764560406817179405e-01
6.763767434862414385e-01
6.763901891443581116e-01
6.763337029835465586e-01
6.762327986766661914e-01
6.761606814194848214e-01
6.761305968818089873e-01
6.761441468844173741e-01
6.759848147691706055e-01
6.758987734956701798e-01
6.759034873305772573e-01
6.759008762784404212e-01
6.757236726282466188e-01
6.759594231908719886e-01
6.754333821131730531e-01
6.754733235913312761e-01
6.753502489080854820e-01
6.753501180047623009e-01
6.754182669742770928e-01
6.753717320932154378e-01
6.753369378524384237e-01
6.752760233139990520e-01
6.755009050866381815e-01
6.751255074428524905e-01
6.752170535446575528e-01
6.750226506704173346e-01
6.750627479183992641e-01
6.750377375271195968e-01
6.750352617955722723e-01
6.747750018105241887e-01
6.750137522736482376e-01
6.748743299906282411e-01
6.745650607607655003e-01
6.746091851892200841e-01
6.745096143080132611e-01
6.744522901923738489e-01
6.744438432062130895e-01
6.745183694972820554e-01
6.744748141990265511e-01
6.741915183867259742e-01
6.741392089893912809e-01
6.741868845210946537e-01
6.741063935400460894e-01
6.739682293354759546e-01
6.740214751115211067e-01
6.740082584198195947e-01
6.740743619818538868e-01
6.739962634557272736e-01
6.741138385117769749e-01
6.739018442384349106e-01
6.738086328441360573e-01
6.737474305425071863e-01
6.736759918360225585e-01
6.737089326124224842e-01
6.735320650705435286e-01
6.736589713009443203e-01
6.733196830314596149e-01
6.735368449850884787e-01
6.734942822362858239e-01
6.731898625523308199e-01
6.732202715539495896e-01
6.732369957936499283e-01
6.732502926246585195e-01
6.733703186700378263e-01
6.729477632920914942e-01
6.732546944604829164e-01
6.729276862584926411e-01
6.730606630554980541e-01
6.732177981127013267e-01
6.728679467679848925e-01
6.729911633408781624e-01
6.729025430553261522e-01
6.728239356224855472e-01
6.727623036569826409e-01
6.725813449775133179e-01
6.726887522944514641e-01
6.727414914890340603e-01
6.727066882708140350e-01
6.725764569332938203e-01
6.725063467451960486e-01
6.723567457538121017e-01
6.724717313959919229e-01
6.725237584287454551e-01
6.723628159362982082e-01
6.723943273902780460e-01
6.725268248613023303e-01
6.722749311672409078e-01
6.722243581208279251e-01
6.720535454324568780e-01
6.721535524574774323e-01
6.720669950167107443e-01
6.720076293453814964e-01
6.718524760552587738e-01
6.719092772571402250e-01
6.716820302748772731e-01
6.718292755645814962e-01
6.718649707650768965e-01
6.716507760416060568e-01
6.716259894348745041e-01
6.715328522796228938e-01
6.717840205310771085e-01
6.716545318608840853e-01
6.715391426211203552e-01
6.715172827432270841e-01
6.714182461097607524e-01
6.713545017873046028e-01
6.712607922796561821e-01
6.714102396085706026e-01
6.711575998236543050e-01
6.712101693730857521e-01
6.713326527492550211e-01
6.711774285990609323e-01
6.710564338549004360e-01
6.711809138069465552e-01
6.711252270814158649e-01
6.710356997713470273e-01
6.710049666178542482e-01
6.708793398292544063e-01
6.709560743478742983e-01
6.708268219679133226e-01
6.708785143524788053e-01
6.708494453140058100e-01
6.708469253856422787e-01
6.707465210080892914e-01
6.707702605834136023e-01
6.707429914964815332e-01
6.708161339029260484e-01
6.707392569457487630e-01
6.705800892459764517e-01
6.706016033112661701e-01
6.705135137546930357e-01
6.705023965653634788e-01
6.705282250118761445e-01
6.704944763886385717e-01
6.703913389191066274e-01
6.703679222869333154e-01
6.704335379017466456e-01
6.702522669372316111e-01
6.702080570185291464e-01
6.701977970812075247e-01
6.704537278478994722e-01
6.701676879056640557e-01
6.702387929147123335e-01
6.701617677461034761e-01
6.701264488728965185e-01
6.700324441469950321e-01
6.699469517361792414e-01
6.698966274651098063e-01
6.699474029941798747e-01
6.698724500132305915e-01
6.700498349836840895e-01
6.697837905291703642e-01
6.698226382297448600e-01
6.697098474004037350e-01
6.697963531822394012e-01
6.695835386017782165e-01
6.695468076683180891e-01
6.696823227119353961e-01
6.696401064000698788e-01
6.694969020833951845e-01
6.694321031994162619e-01
6.694097237696827740e-01
6.694096630184591668e-01
6.693617571006506006e-01
6.694463997555925028e-01
6.694183086170832908e-01
6.692097082282413290e-01
6.692639512138797153e-01
6.692518615388847181e-01
6.690871109152450869e-01
6.690759049656075375e-01
6.692572750990213315e-01
6.691165274465621371e-01
6.691325003617327738e-01
6.690567988272643207e-01
6.692416167483749012e-01
6.688292149386957375e-01
6.689743549627141794e-01
6.690648616349204048e-01
6.689956983263495305e-01
6.688871009372739929e-01
6.689628399469326192e-01
6.689005802223871866e-01
6.687286275583764761e-01
6.688558654288844219e-01
6.687621647486322596e-01
6.687612285697795977e-01
6.688215970571483870e-01
6.685730221295608233e-01
6.687082997751035984e-01
6.685196469568001065e-01
6.685727161407976071e-01
6.685765247955913759e-01
6.683774811042871855e-01
6.683432529043012993e-01
6.684178877489409532e-01
6.683177037426127898e-01
6.682454273850703119e-01
6.682682936440452748e-01
6.683038106268687217e-01
6.681779434856472966e-01
6.682459829005642504e-01
6.681923805215972401e-01
6.680580408426166628e-01
6.680962648452327679e-01
6.680983084679187334e-01
6.679867056359986011e-01
6.680228185844477862e-01
6.679462890574615619e-01
6.677653333593358553e-01
6.678746521946808956e-01
6.679141400338873824e-01
6.678332827192612342e-01
6.678716850535248994e-01
6.677100262875459435e-01
6.675971556286817155e-01
6.676686418926203181e-01
6.674774596434391860e-01
6.675195837919666308e-01
6.675716211251564447e-01
6.673971016276053492e-01
6.673044460663302146e-01
6.673936322318400061e-01
6.674704367808855787e-01
6.674518496229379094e-01
6.672652138721243409e-01
6.673116244986935230e-01
6.671796569799884891e-01
6.673031950191318229e-01
6.672869422992810939e-01
6.669792051844948277e-01
6.671659788288274440e-01
6.670652784397747004e-01
6.669099867171283114e-01
6.670939690278897549e-01
6.670979093680456939e-01
6.669673224917058718e-01
6.667040498761328537e-01
6.670162390905046701e-01
6.669240880902166380e-01
6.668942484773410229e-01
6.669016341643186907e-01
6.667897959144641895e-01
6.669258742460080214e-01
6.667831103783757873e-01
6.668678348933941846e-01
6.665662053489996852e-01
6.665733501590270782e-01
6.666643730047688843e-01
6.668089170754057937e-01
6.665645686339262133e-01
6.665369617549774528e-01
6.665488428117782860e-01
6.665100639345697964e-01
6.665757385435120419e-01
6.662182794060683699e-01
6.664802381741897763e-01
6.664031085526290754e-01
6.664900326148756049e-01
6.664401639073540551e-01
6.663553770283211497e-01
6.663506062699863230e-01
6.663034025893490586e-01
6.660419099535445087e-01
6.664435344522243732e-01
6.663170775587111683e-01
6.663196167589445773e-01
6.661133380646487856e-01
6.661734759147167617e-01
6.659802464161396207e-01
6.661337362034007725e-01
6.659104788860749080e-01
6.660058728920007498e-01
6.660178199990098857e-01
6.658783901289634377e-01
6.658992034363961920e-01
6.658461084822741016e-01
6.658044259358572026e-01
6.658910116457388284e-01
6.657247597542382822e-01
6.658048893061329077e-01
6.657010270910751482e-01
6.655134997806626540e-01
6.657816578563245935e-01
6.655735181543299683e-01
6.656947983841269290e-01
6.655924067820472301e-01
6.654725816033932873e-01
6.652883681101702251e-01
6.654930374276032401e-01
6.655706910950115462e-01
6.653315744496467454e-01
6.653697735769907862e-01
6.653606723724244665e-01
6.653578955067113165e-01
6.652264632057413030e-01
6.651902211419874478e-01
6.651234726091158622e-01
6.651292184798688334e-01
6.652718756524901300e-01
6.649649785705552540e-01
6.649419101795293052e-01
6.649040256263529791e-01
6.650798662889324531e-01
6.649078558553800367e-01
6.649987990815557914e-01
6.649869161802931528e-01
6.648281075275833674e-01
6.646723922878235991e-01
6.648846708039508613e-01
6.646858414555343320e-01
6.646086303063669654e-01
6.646757687141112703e-01
6.647095446074090530e-01
6.646858752089931377e-01
6.645889109828899688e-01
6.646233590046097817e-01
6.646004515481183095e-01
6.644639047446087021e-01
6.643431002372225391e-01
6.644681240336397510e-01
6.645170548084954332e-01
6.646111450080658400e-01
6.645105264433764924e-01
6.645946870496305392e-01
6.643708673915317275e-01
6.643567558925874694e-01
6.643658219459631642e-01
6.642859212220603160e-01
6.642427714854507448e-01
6.643601725385641643e-01
6.644249946018114805e-01
6.642421785009683388e-01
6.641656473095344237e-01
6.642120425761445235e-01
6.641876537414139747e-01
6.641370627927570824e-01
6.641093742044698045e-01
6.639708960253970504e-01
6.641196583357401595e-01
6.639764423552679817e-01
6.639320849246191925e-01
6.639236417016370906e-01
6.640032156153108378e-01
6.638614261860785737e-01
6.639752647055494617e-01
6.640201079484950863e-01
6.637284193127201970e-01
6.637747610501979478e-01
6.637619482646995861e-01
6.637515074713412622e-01
6.638053387778722891e-01
6.637687295027477896e-01
6.637023492958032955e-01
6.637035064437913912e-01
6.635356988484440999e-01
6.636651339500930780e-01
6.636037373475266454e-01
6.635878092209709367e-01
6.636043063697422140e-01
6.637457608739439907e-01
6.635160819369142482e-01
6.634206029996931875e-01
6.634511252293099348e-01
6.633108722137586177e-01
6.635041383023739803e-01
6.635076923513120173e-01
6.633967809613795508e-01
6.631646726556036375e-01
6.630917019838139526e-01
6.633352992844726570e-01
6.633340992175684736e-01
6.632734392104099319e-01
6.631068614504629366e-01
6.630734044800041804e-01
6.630071535666753890e-01
6.631183798169192345e-01
6.629285014364698636e-01
6.627609736135969820e-01
6.631111574407880793e-01
6.630377546913570619e-01
6.627560978502015088e-01
6.629934153337254665e-01
6.629066870583711912e-01
6.627496389203818561e-01
6.627990266461433189e-01
6.630729086312728837e-01
6.625219889080778968e-01
6.627755169218426667e-01
6.629911906705544533e-01
6.625772020690624542e-01
6.624596597996402769e-01
6.630080093237309402e-01
6.628023269928176031e-01
6.625215967899552583e-01
6.625635829744720429e-01
6.627841051277867379e-01
6.626003342388295803e-01
6.626889942290029589e-01
6.625433972892962320e-01
6.625945421704372285e-01
6.626252604966014204e-01
6.625042784195639411e-01
6.625114971393075702e-01
6.624769674653886442e-01
6.624460216995081696e-01
6.624894339347270344e-01
6.624186192737363532e-01
6.622539337860264830e-01
6.624145112008248404e-01
6.622750854189359826e-01
6.621396600602699190e-01
6.622000000954890719e-01
6.620997972057126590e-01
6.622895623794375908e-01
6.623500016214751707e-01
6.621152245500440126e-01
6.620538032803192641e-01
6.621555015359268381e-01
6.621780245665322973e-01
6.622907535848521210e-01
6.620017685788766038e-01
6.620640675029679789e-01
6.620434892999821352e-01
6.619038904447288596e-01
6.616991432696447406e-01
6.619706032346953650e-01
6.618074783023392138e-01
6.618452143269725196e-01
6.617562567698328513e-01
6.617546293402571944e-01
6.620800401309766547e-01
6.618731812118420210e-01
6.617684272559160030e-01
6.616471649916558784e-01
6.618544632415941376e-01
6.617449818458156496e-01
6.617233901716950140e-01
6.615845427929198941e-01
6.616602185595276131e-01
6.617513907906936721e-01
6.617466783003750352e-01
6.616148146058548063e-01
6.615310721724038112e-01
6.615735810140793705e-01
6.614591057989419598e-01
6.617276646750414049e-01
6.613708601505338125e-01
6.614859988061282392e-01
6.613466971864904176e-01
6.613572861400718317e-01
6.612643830774314058e-01
6.612769944528642529e-01
6.613152282073876398e-01
