3.062235141454157201e+02
7.485420481961959638e+01
4.658112463032512807e+01
3.525390404737671446e+01
2.941158958992763317e+01
2.625939244252774074e+01
2.424010836031348504e+01
2.250990071724547548e+01
2.071401465268088771e+01
1.905135917260506417e+01
1.750512366539154030e+01
1.603590638627347786e+01
1.460257338799433313e+01
1.317363931689724588e+01
1.172414529043582831e+01
1.023651382428024981e+01
8.694408290236594894e+00
7.167197347034437449e+00
5.827372270763660822e+00
4.848367372131833442e+00
4.202615777751335990e+00
3.765169477890774719e+00
3.452635525985453313e+00
3.215619497627379531e+00
3.033166165271248715e+00
2.887863649632659957e+00
2.768863495243905515e+00
2.668346379788806289e+00
2.583078501072546107e+00
2.510041028318037437e+00
2.445336253862330445e+00
2.387259215918048572e+00
2.332886413241609613e+00
2.282986316543349492e+00
2.236139436412773573e+00
2.193029200658096034e+00
2.151762565719503417e+00
2.112920787566232583e+00
2.075807749478007391e+00
2.040697314002907437e+00
2.007227492321419060e+00
1.974865100931250339e+00
1.943982813584212321e+00
1.914978220471733605e+00
1.887675915922069292e+00
1.861517282006355023e+00
1.836082065241049222e+00
1.811918017896253508e+00
1.787879863532496616e+00
1.764352797376266935e+00
1.742233076554536408e+00
1.720616159073101725e+00
1.699888684320224108e+00
1.680335394888601064e+00
1.660411471021397078e+00
1.641037674861778983e+00
1.622481891483275485e+00
1.604182005776791264e+00
1.586692933189054244e+00
1.569796746876859883e+00
1.553212434457075242e+00
1.537182806247152866e+00
1.521884908017151483e+00
1.507224520328855233e+00
1.492876828194626526e+00
1.478573917904150159e+00
1.465256838322299027e+00
1.452711370136927194e+00
1.440584443237232781e+00
1.429072439508627168e+00
1.418271218842545922e+00
1.407125108977755223e+00
1.396870899670899391e+00
1.386341718537692280e+00
1.376740932572794618e+00
1.367549411272387383e+00
1.358294162714550168e+00
1.349981589295873974e+00
1.341446787722520684e+00
1.333322014262060096e+00
1.325578311411437005e+00
1.318382109436095240e+00
1.311434151050841601e+00
1.304881022304063221e+00
1.298619818076111265e+00
1.291868201434227537e+00
1.285716898851734236e+00
1.279436650726429203e+00
1.273204041552560062e+00
1.267431580675702607e+00
1.261569770520658329e+00
1.256299053463614035e+00
1.250998803852976238e+00
1.245551258363564839e+00
1.240394086535942630e+00
1.235554217994521364e+00
1.231144405560739896e+00
1.226269111641009824e+00
1.221580049689443559e+00
1.217412482432900234e+00
1.212828925539525260e+00
1.208548811434657866e+00
1.204652806055802605e+00
1.200391336145925747e+00
1.196239718930592444e+00
1.191844992108398449e+00
1.187825255565801763e+00
1.183802122897621212e+00
1.180030995337744804e+00
1.176362557278521681e+00
1.172966108276895847e+00
1.169444153137981113e+00
1.166185601912596903e+00
1.162841084888947885e+00
1.159205502109269537e+00
1.155438546129336830e+00
1.152180101308661886e+00
1.149103487794186140e+00
1.145764259633515803e+00
1.142253561823932895e+00
1.138794287017125484e+00
1.135854449562138324e+00
1.132760540493813695e+00
1.129672942198310048e+00
1.126727938199390433e+00
1.124054958079822475e+00
1.120936750852630892e+00
1.118263463259899559e+00
1.115290543100511345e+00
1.112205318904139650e+00
1.109104536736767344e+00
1.105726347715104252e+00
1.102339347484403209e+00
1.099079841257263768e+00
1.096115709181148867e+00
1.092982482058359350e+00
1.089904923461525676e+00
1.086880538803438601e+00
1.083437614595551768e+00
1.080437422324382668e+00
1.076998473278494073e+00
1.073888927122549353e+00
1.070577308799062433e+00
1.067418891300912387e+00
1.064826354673719555e+00
1.061531435120074862e+00
1.058746773301173727e+00
1.055680201920809358e+00
1.053395698273013048e+00
1.050683444019478996e+00
1.048591068109515634e+00
1.045793699678096766e+00
1.043938907303306962e+00
1.041427847972354437e+00
1.039682859918980240e+00
1.037373020749497110e+00
1.035521497220295073e+00
1.033619653299037822e+00
1.031378128680680906e+00
1.029325010941724683e+00
1.027085334102382896e+00
1.024932559059902992e+00
1.023072828362850517e+00
1.021019346189763199e+00
1.019268437607975031e+00
1.017461310624607096e+00
1.015720343018233329e+00
1.014449921633236329e+00
1.012693404473522518e+00
1.010951879075131510e+00
1.009359351746617728e+00
1.007822170211997381e+00
1.006052189726799551e+00
1.004604876627241961e+00
1.002607265391689095e+00
1.001235616219172453e+00
9.998202680542435106e-01
9.982784294424678073e-01
9.969346195181575387e-01
9.955174475872733408e-01
9.942422876754511973e-01
9.925759755700078735e-01
9.913050807101603246e-01
9.903538974800540906e-01
9.886710738865213122e-01
9.876958410745845240e-01
9.859915167968162919e-01
9.850606942993481718e-01
9.832606533295730200e-01
9.824495779145808738e-01
9.807930367493900015e-01
9.797224457999623715e-01
9.782633115644427946e-01
9.767392575235214203e-01
9.757386524887231571e-01
9.740609875265153761e-01
9.730439822866049360e-01
9.717367268206479336e-01
9.704580532043983743e-01
9.693510887306283630e-01
9.680068619950311648e-01
9.670165633298594132e-01
9.657277747530196299e-01
9.644720020083120682e-01
9.632694360748792484e-01
9.622242158308579318e-01
9.611808218788371327e-01
9.599343472466159710e-01
9.588227761887265777e-01
9.575261008095153903e-01
9.567408411898608023e-01
9.556899295939383920e-01
9.545597106315527602e-01
9.536681748976834072e-01
9.523708025386873333e-01
9.512926314222256430e-01
9.504013222660585569e-01
9.491878596465145312e-01
9.484094944157042129e-01
9.469031063903931011e-01
9.460055486014743442e-01
9.446091673968023406e-01
9.437117952569415991e-01
9.426522973960426155e-01
9.419054127077605143e-01
9.406464036818350527e-01
9.400640228291133882e-01
9.387597763463801925e-01
9.380109467333418438e-01
9.368694386808812391e-01
9.360249366778181646e-01
9.350980418264706051e-01
9.340936505624414243e-01
9.332945102733926079e-01
9.322531051018468906e-01
9.314693509032437868e-01
9.306331963706488963e-01
9.295930263227921708e-01
9.285576599695435362e-01
9.276065339305356039e-01
9.268523819251427431e-01
9.260435938607459727e-01
9.250938860489528182e-01
9.243268095919798810e-01
9.234722457445840860e-01
9.223358987211495164e-01
9.211161042188505954e-01
9.199691915807833853e-01
9.190847582771081159e-01
9.179440526252214960e-01
9.171162321042839460e-01
9.162646344564966405e-01
9.153706143732532885e-01
9.144717121793283221e-01
9.135094310710090149e-01
9.125449226436889161e-01
9.114672296756617387e-01
9.105479201645362286e-01
9.098365191120821871e-01
9.088853894663476707e-01
9.081302745749736394e-01
9.075775204048980305e-01
9.067447454089805348e-01
9.061948008105539243e-01
9.052027293015446618e-01
9.044728819172290768e-01
9.039362372131813927e-01
9.030802659506428354e-01
9.024262127483724250e-01
9.015787683738305525e-01
9.010719817338180837e-01
9.004502158634348774e-01
8.998024693686993425e-01
8.994267300239177088e-01
8.984259947370927257e-01
8.978047385722595086e-01
8.973846946539302261e-01
8.966115627743550531e-01
8.960596999894426817e-01
8.951529223235349386e-01
8.946876586599366021e-01
8.940392119109327185e-01
8.933682694362135024e-01
8.928123852689845430e-01
8.918667030753746339e-01
8.914157811362749539e-01
8.906408149937782293e-01
8.900445483450650785e-01
8.894661902764765538e-01
8.886117455835406131e-01
8.880276736792954706e-01
8.875352055256741091e-01
8.871400054419980030e-01
8.865535359802684257e-01
8.859932732466232475e-01
8.853464977633417332e-01
8.847292711793183217e-01
8.841443718393153794e-01
8.835650782962645167e-01
8.830801985366604212e-01
8.826601691364740487e-01
8.818628748211997381e-01
8.812574074149969183e-01
8.806226993413596160e-01
8.801215710957404070e-01
8.795804295464973999e-01
8.789078702593512427e-01
8.786021364215513829e-01
8.780753134302368146e-01
8.773242793950243312e-01
8.768262943171003521e-01
8.761353330851900933e-01
8.756859934338545592e-01
8.749443197310005083e-01
8.743380223297366749e-01
8.738821672628828141e-01
8.733887146416426939e-01
8.726614077313099571e-01
8.722960012354604720e-01
8.715108415265818698e-01
8.710752763004810939e-01
8.706278562418522382e-01
8.700851748297530053e-01
8.694745459377538621e-01
8.690959166977535455e-01
8.684005430418150207e-01
8.679538904159564972e-01
8.672909540479283308e-01
8.667374863851869948e-01
8.662128239745356950e-01
8.656680219848248425e-01
8.651885705878653576e-01
8.646561008492460454e-01
8.642109771075178193e-01
8.634807196300222643e-01
8.631273543452011587e-01
8.625111627061657904e-01
8.620804690804377834e-01
8.615434683557890994e-01
8.613161960687988339e-01
8.606999714743622798e-01
8.603718128654159747e-01
8.599640140218073325e-01
8.594346833384923778e-01
8.588380009143360416e-01
8.583295838358401264e-01
8.579814485228420828e-01
8.574408903177171970e-01
8.571788989768514000e-01
8.566641009283113561e-01
8.563212129000422612e-01
8.557769944887841929e-01
8.555377877428381739e-01
8.551228094328080509e-01
8.546600560107076028e-01
8.543188176162356262e-01
8.540662260168527808e-01
8.536463158926279604e-01
8.532704264593294896e-01
8.529280255244069409e-01
8.526925879577537115e-01
8.523127532877023960e-01
8.518522994520946190e-01
8.517028690994800089e-01
8.514144851262469560e-01
8.509169126200637479e-01
8.508330700248634137e-01
8.503650662867489052e-01
8.502571999121241175e-01
8.497745628150951136e-01
8.495873155251971731e-01
8.490480598517473609e-01
8.488982836351408601e-01
8.485716597603226719e-01
8.482440735390475162e-01
8.478107006419253189e-01
8.477792203440158714e-01
8.474098894520788461e-01
8.471857002302919382e-01
8.468318571398009142e-01
8.467118449117078116e-01
8.462483302028652732e-01
8.459717662350688672e-01
8.456382690442411088e-01
8.454538634773394179e-01
8.452028899788038840e-01
8.449386675992976992e-01
8.445370773474213388e-01
8.439829090183761373e-01
8.440230178712565534e-01
8.437546459216108685e-01
8.433781874213210905e-01
8.430160086673280651e-01
8.427980214433268280e-01
8.427138846281404527e-01
8.421514743873369513e-01
8.420342097814250693e-01
8.415351814529347108e-01
8.414031104552283091e-01
8.409235698427380834e-01
8.410467756117770977e-01
8.404475405919636932e-01
8.402925929985131104e-01
8.399782885387705456e-01
8.397815143483559064e-01
8.393690586436782786e-01
8.391617051618601719e-01
8.390000144129921011e-01
8.389576518993561161e-01
8.386878157818666857e-01
8.383561245572312970e-01
8.378700102838566588e-01
8.379746075484099110e-01
8.375316236593776109e-01
8.374631096157824084e-01
8.369574793215855957e-01
8.368887583283027842e-01
8.365980478896256622e-01
8.363971738374322840e-01
8.361601956619794107e-01
8.358547469050066070e-01
8.356470665459005964e-01
8.353358928341437784e-01
8.353938604445166893e-01
8.349088248333945694e-01
8.347308167505915755e-01
8.342930072987354562e-01
8.342388301840176767e-01
8.338657190216457460e-01
8.335846059378532180e-01
8.330007745946095277e-01
8.330135157082239061e-01
8.327670607701889161e-01
8.324812091967328520e-01
8.322398120692499068e-01
8.316728219848412706e-01
8.317032771106910305e-01
8.313347417398957440e-01
8.311244550834427924e-01
8.306024722223451784e-01
8.305347090840750068e-01
8.304055381986428230e-01
8.297724490585446366e-01
8.297541680469345815e-01
8.296118569154096178e-01
8.292702317876466944e-01
8.290212110002898038e-01
8.286466911074109598e-01
8.284043101066559389e-01
8.282099562088465206e-01
8.280304451315124714e-01
8.277410959278088676e-01
8.274514118299979293e-01
8.271253940844526253e-01
8.272713447321593527e-01
8.269085704425837013e-01
8.265983743559414121e-01
8.264672571115347921e-01
8.260832375479920664e-01
8.258351621370808582e-01
8.257046908427262411e-01
8.252869998819454267e-01
8.250228294472230495e-01
8.247743459414359490e-01
8.245557162846924859e-01
8.245010195340110037e-01
8.241684076392967739e-01
8.238833652619432790e-01
8.237244703541061197e-01
8.235684845644875018e-01
8.232752258867196415e-01
8.229246336307339815e-01
8.228751938573496405e-01
8.224597128500062970e-01
8.222550197711219200e-01
8.218047414928036920e-01
8.218315613697871891e-01
8.215437720646101560e-01
8.211765068089050823e-01
8.210667348793451170e-01
8.208395198346024602e-01
8.206087322727708688e-01
8.203867028284417273e-01
8.201802904711731346e-01
8.196613479834063964e-01
8.196099666861108579e-01
8.191171328369851734e-01
8.190654898385987259e-01
8.187792900037855759e-01
8.187537954853523203e-01
8.183833520741639056e-01
8.182492657300387551e-01
8.178475212556725049e-01
8.177499702927172320e-01
8.175906394097903762e-01
8.173334434896551981e-01
8.171767271165975011e-01
8.166384031201724403e-01
8.169495519889286017e-01
8.161282838207538637e-01
8.163425744913515025e-01
8.157911385790224124e-01
8.159641785072522246e-01
8.153966885413064247e-01
8.151874464382787844e-01
8.151866755007982634e-01
8.148152334032584543e-01
8.144938130134420362e-01
8.144235813200130236e-01
8.141173664745794403e-01
8.138211811500012383e-01
8.139659135188281880e-01
8.136672388387834465e-01
8.132784172736098327e-01
8.131515343620211445e-01
8.130555975775930477e-01
8.125846158894139970e-01
8.122822783628556031e-01
8.120719565475623680e-01
8.120005531532555887e-01
8.119000099553361771e-01
8.112448804098492117e-01
8.110927659944930923e-01
8.107933349813766233e-01
8.104648367615013838e-01
8.105236435429693520e-01
8.100553352953898667e-01
8.097953264385098215e-01
8.095653768983342990e-01
8.094221465750747191e-01
8.090051641661694104e-01
8.086099552415445535e-01
8.087210938822906314e-01
8.083819220663781557e-01
8.082240219200379494e-01
8.079806773264724962e-01
8.077467331313475940e-01
8.074841632872574726e-01
8.073264902885379790e-01
8.070491679869850055e-01
8.065997238747083520e-01
8.065052026148967768e-01
8.060838673412691335e-01
8.059303447496123374e-01
8.057581354629829162e-01
8.051464052797102644e-01
8.052250737008922465e-01
8.047353595751074451e-01
8.045138920351737610e-01
8.042133172548145970e-01
8.039967053000851571e-01
8.037577530905980483e-01
8.034720250396487629e-01
8.030417009586298116e-01
8.029201333019394538e-01
8.027802909088516126e-01
8.023128822709590935e-01
8.022556509361923327e-01
8.019836604856990236e-01
8.017646546635649463e-01
8.013735694317679625e-01
8.015439441021562361e-01
8.013312367498923727e-01
8.010993464904166972e-01
8.008927761772328680e-01
8.004697099393190962e-01
8.000871804453825176e-01
8.002042844494637874e-01
7.999920990717760416e-01
7.995319997794368971e-01
7.994925842118449921e-01
7.994292740633426320e-01
7.988523894287197225e-01
7.990597186947002717e-01
7.985904883084219419e-01
7.983762805327135892e-01
7.981276010316701308e-01
7.980105723127638440e-01
7.977794649539244887e-01
7.976465215062004122e-01
7.974464305670408981e-01
7.970700240696056982e-01
7.969839080035606704e-01
7.967010500298742359e-01
7.964686204103076372e-01
7.962058336695084781e-01
7.961282533493032609e-01
7.957673076543652080e-01
7.957906078392018578e-01
7.953660451539142917e-01
7.951895303716264296e-01
7.949075767103842560e-01
7.947187979117321666e-01
7.944556614671953731e-01
7.945682341714898067e-01
7.940934841811606582e-01
7.941399301000746647e-01
7.938350339281741164e-01
7.937710165181499633e-01
7.933876417194448694e-01
7.931884063610992186e-01
7.931737915788579230e-01
7.927989599000887511e-01
7.926987829503716609e-01
7.925515547703495534e-01
7.923859228813195932e-01
7.919352346485261096e-01
7.919752935630751667e-01
7.917470686245581257e-01
7.917098368767362393e-01
7.914149723006507209e-01
7.913053099849370886e-01
7.910020195799781773e-01
7.909388044911387361e-01
7.907446387527817810e-01
7.906252966069331478e-01
7.904008517909217879e-01
7.902851197312316112e-01
7.899999194374079936e-01
7.900669640358811696e-01
7.897301580304900703e-01
7.896904754860881726e-01
7.894175923702754227e-01
7.892843703699812252e-01
7.891110615871007594e-01
7.889024840919699466e-01
7.888207769902483291e-01
7.886500891670195079e-01
7.884321740310050730e-01
7.883096027070424228e-01
7.879080521429510098e-01
7.881223683662200719e-01
7.877619900432982769e-01
7.876586217875060081e-01
7.877586561740544946e-01
7.874171528037972045e-01
7.872924424908819274e-01
7.873556955986962258e-01
7.869443299460202601e-01
7.868902458068040007e-01
7.868067766329351898e-01
7.864634349885117892e-01
7.865194292005476262e-01
7.861354146542746113e-01
7.863674018613825423e-01
7.860726045351359437e-01
7.860179049184797817e-01
7.858673571077714470e-01
7.858342205390155266e-01
7.853992736381617545e-01
7.854138184768535424e-01
7.852297185577196137e-01
7.853961696442194329e-01
7.849711608679172947e-01
7.848424345863916907e-01
7.848744697506974122e-01
7.845948114503706883e-01
7.843250235334638942e-01
7.843592916168584672e-01
7.842826234842222854e-01
7.840693162208384193e-01
7.838951619909163560e-01
7.840207256985655127e-01
7.836531337552684606e-01
7.835339792121360780e-01
7.835748722098180297e-01
7.832762516968609923e-01
7.832214074206441667e-01
7.832009564613359176e-01
7.830042701173698383e-01
7.830191776960466754e-01
7.828715640343871796e-01
7.829256910765004518e-01
7.827938179485945946e-01
7.827363627893798581e-01
7.824623451527122908e-01
7.824295848842280909e-01
7.821937251328372476e-01
7.819521501184235612e-01
7.819969248035673060e-01
7.817624817474227994e-01
7.815859686126350736e-01
7.814313634829762600e-01
7.815867767151710721e-01
7.812569561966967724e-01
7.812599731105671630e-01
7.809782553264749128e-01
7.810837265547507791e-01
7.809105287202834367e-01
7.806348063919642533e-01
7.806934697838000536e-01
7.805243266317489770e-01
7.800686055249358430e-01
7.801233914040937023e-01
7.801372422139878360e-01
7.801027810756480108e-01
7.798104636269097556e-01
7.800441882019374384e-01
7.797132749930524298e-01
7.796884250557577500e-01
7.795280113078736361e-01
7.796569544390196116e-01
7.795594285639313448e-01
7.789710308324767629e-01
7.792379374737485875e-01
7.790489023367723753e-01
7.787790063906075977e-01
7.789208195632356668e-01
7.787298680065607437e-01
7.785124017000294439e-01
7.781902171767863807e-01
7.779827991813476062e-01
7.775357030567860983e-01
7.778371403104721304e-01
7.772413264582173076e-01
7.772226706479307135e-01
7.771545320764974285e-01
7.771816320352614715e-01
7.772408659623470939e-01
7.764507347620511757e-01
7.768808074206560166e-01
7.763428478178019398e-01
7.767851560944293299e-01
7.760802017072673253e-01
7.762007167035239741e-01
7.757414450569625197e-01
7.761785567126294749e-01
7.758364855236546953e-01
7.755718865533962614e-01
7.757093979097994252e-01
7.753863340222105771e-01
7.751087680660226908e-01
7.751152296086343263e-01
7.750173783472330546e-01
7.752147410522942650e-01
7.751749978487204595e-01
7.746502291724425282e-01
7.744483335516091360e-01
7.746924708289695261e-01
7.746658844757740026e-01
7.741880815424792006e-01
7.744839734028811096e-01
7.742174068924992936e-01
7.740954496082067537e-01
7.736525967909225754e-01
7.738758355710219083e-01
7.736206248135649721e-01
7.736719008711663292e-01
7.735607326183848720e-01
7.732418092254355058e-01
7.727815453383729549e-01
7.730326883315344899e-01
7.730134015372286393e-01
7.724763478725017452e-01
7.724912450182886969e-01
7.725421344479531660e-01
7.725059215353312636e-01
7.727809549735380479e-01
7.721533815199282946e-01
7.725281313724359222e-01
7.717126025946253742e-01
7.716966560308500256e-01
7.715408580421471152e-01
7.716955634888011950e-01
7.713100631117034700e-01
7.715838128543189844e-01
7.711521514742144534e-01
7.711938910192116525e-01
7.710028935004898942e-01
7.706022709084949796e-01
7.708617734581975078e-01
7.705457923245937479e-01
7.705505545302219206e-01
7.702013951411968984e-01
7.703946299221792193e-01
7.701185164627964985e-01
7.705633585137418029e-01
7.701495519240170173e-01
7.699732700708744604e-01
7.698184225044869544e-01
7.698417163116152429e-01
7.699091032310717564e-01
7.697804982901281790e-01
7.695316492358917904e-01
7.694477317800679783e-01
7.694566936995768103e-01
7.694066975593248925e-01
7.687805677993805320e-01
7.690669123230514659e-01
7.686857356748181269e-01
7.686412940988680553e-01
7.687926074015648537e-01
7.685868430999304168e-01
7.682291432198473657e-01
7.682399790246344784e-01
7.678837441392060148e-01
7.677635055631869543e-01
7.678462581170947265e-01
7.680084030601440626e-01
7.675245805979536984e-01
7.672994892509038545e-01
7.668436049388600573e-01
7.671259182565965951e-01
7.665792869481803384e-01
7.671221026475958382e-01
7.665441019143778290e-01
7.663500721595898346e-01
7.664371296974160641e-01
7.665090480869248823e-01
7.661301074491283503e-01
7.660612523322630762e-01
7.659739805320743278e-01
7.657748446853384072e-01
7.659784793810974213e-01
7.656182188376426945e-01
7.655620416503148284e-01
7.656181116174464174e-01
7.652243522880791682e-01
7.651849212660218891e-01
7.653134993270146458e-01
7.650330970663459240e-01
7.648614553891520673e-01
7.650235674970685684e-01
7.646479698527861579e-01
7.649234682328261981e-01
7.647607966413737524e-01
7.643652595491851054e-01
7.645046994364980142e-01
7.643082757285699635e-01
7.641510221711032003e-01
7.642676818650996351e-01
7.639612183048850591e-01
7.639566449189002517e-01
7.638264166650161613e-01
7.636311889311316881e-01
7.635945723851769174e-01
7.635380376096430055e-01
7.633659694274325114e-01
7.633061592772075743e-01
7.632011883995480916e-01
7.629591357145759645e-01
7.629076053677348312e-01
7.626934262532681919e-01
7.627654089271737048e-01
7.625125063362258038e-01
7.624152950358814573e-01
7.624025703092615069e-01
7.622988869913923660e-01
7.617467715324285349e-01
7.617646875945646157e-01
7.617163932290207384e-01
7.614273584492211588e-01
7.612130900159180813e-01
7.612851657787437221e-01
7.609214192480050487e-01
7.610684202302741008e-01
7.607311800632016174e-01
7.607218873975338802e-01
7.602987523488441424e-01
7.605334943946675530e-01
7.604965649935939709e-01
7.604169694252645995e-01
7.604494044726261004e-01
7.598378674996836279e-01
7.600763032458646151e-01
7.600142680990433774e-01
7.595663472718993114e-01
7.597746917608781958e-01
7.594360478370935086e-01
7.592464607083998507e-01
7.589508762349647109e-01
7.591822205336821172e-01
7.589575604146499010e-01
7.589099511725055924e-01
7.587914239351966073e-01
7.585658256281306855e-01
7.584072991883107351e-01
7.584309302645791950e-01
7.586514065425763453e-01
7.582167864512863176e-01
7.583216721942506178e-01
7.583597879989354418e-01
7.578891222893253676e-01
7.578307889382860374e-01
7.578252723388857470e-01
7.580322538083238415e-01
7.577168023460228996e-01
7.575576753226189730e-01
7.576518963580446409e-01
7.573326525836004963e-01
7.571641376596982553e-01
7.572718934580819905e-01
7.571496733610546537e-01
7.568630942911989123e-01
7.570097995696222215e-01
7.568154383786623862e-01
7.565002053175563512e-01
7.565846266738863735e-01
7.561806889150681776e-01
7.561363685516244715e-01
7.561355651731614946e-01
7.561627121780348793e-01
7.557844603727770227e-01
7.558177624139813533e-01
7.556127611621237250e-01
7.553036644208441786e-01
7.551907281818470707e-01
7.552631721724121228e-01
7.548938347361676682e-01
7.551374459200054234e-01
7.546532174243795188e-01
7.543616116889891865e-01
7.544910445969031931e-01
7.545631991711387876e-01
7.540510917521540124e-01
7.540396260327445477e-01
7.536491131141053179e-01
7.540718362729053048e-01
7.535750338997789788e-01
7.535136941748148409e-01
7.533399561096679742e-01
7.531796544631910173e-01
7.532888447302760193e-01
7.532981098433433331e-01
7.529657603094981333e-01
7.530050409326557448e-01
7.527798570338800621e-01
7.527805501026715307e-01
7.525232620916445514e-01
7.522168210161880308e-01
7.525050086507913960e-01
7.521800457798880624e-01
7.520773191114752398e-01
7.519434030259658508e-01
7.517478152345491438e-01
7.516259650261872816e-01
7.516029087515480045e-01
7.516155070675422101e-01
7.514528574847768594e-01
7.512579591986342509e-01
7.512252496296184523e-01
7.510166459953294682e-01
7.511093408891551526e-01
7.508837354624532390e-01
7.509847174399463254e-01
7.507982528905475794e-01
7.507239106259566697e-01
7.506778643199668588e-01
7.505250755492055559e-01
7.504875514859069563e-01
7.504291316334148476e-01
7.501628064372608540e-01
7.503527961370385357e-01
7.499563702163808410e-01
7.498818230179525868e-01
7.499991085723772821e-01
7.497999856771273564e-01
7.496036751479572269e-01
7.496265123095767757e-01
7.494367015515203123e-01
7.492378217237002369e-01
7.491743639614348860e-01
7.491524177005347562e-01
7.486034672298247372e-01
7.485882801807356435e-01
7.483889410175449397e-01
7.484866024536955820e-01
7.482422613861587912e-01
7.479637847816329455e-01
7.480152672853953577e-01
7.477693501213775740e-01
7.473820302520461922e-01
7.471509956468298519e-01
7.470460994526231246e-01
7.466759029283637217e-01
7.465444112505331686e-01
7.462583299161263950e-01
7.465672330157077097e-01
7.463419475485014720e-01
7.460484024542876069e-01
7.459639513880222950e-01
7.458011465995236788e-01
7.456554073943184591e-01
7.452938497062655543e-01
7.452817482951560324e-01
7.449500731082746574e-01
7.447933190446190954e-01
7.445781756798135476e-01
7.442264996048874037e-01
7.439574769920223041e-01
7.435958946456856511e-01
7.439085038338205669e-01
7.438803314603821271e-01
7.433845677849432176e-01
7.431395876084777585e-01
7.435754997297633340e-01
7.426607275662884255e-01
7.424945407011306342e-01
7.424806612721783772e-01
7.420282791047519977e-01
7.424521855624663935e-01
7.419516736282941727e-01
7.415088397574406409e-01
7.412138705231541280e-01
7.413825094467766386e-01
7.410081400421640874e-01
7.409464299373641483e-01
7.403969893616810793e-01
7.409891258886106558e-01
7.407262753404038058e-01
7.405977774859825447e-01
7.401422471270190373e-01
7.401987787343747849e-01
7.398748214336845486e-01
7.400141174853193116e-01
7.400264612218253601e-01
7.397277769545670401e-01
7.397138364802087196e-01
7.395305472220825571e-01
7.393138871382635147e-01
7.391666383861639211e-01
7.385483998545986362e-01
7.388696514211748889e-01
7.386347253957250558e-01
7.385753802922020439e-01
7.382272442142640001e-01
7.380574731036112501e-01
7.377681038567015515e-01
7.379337855733933971e-01
7.373815691012293172e-01
7.376746189756678840e-01
7.369680226881097918e-01
7.370818115716764041e-01
7.370527062963279086e-01
7.366611411467657300e-01
7.367278599753389612e-01
7.364784059352196266e-01
7.364018678427903808e-01
7.364510534650001716e-01
7.361544525003632655e-01
7.359019867163961726e-01
7.356465006142630658e-01
7.352982670708136936e-01
7.352853854504668440e-01
7.350119495849815054e-01
7.350192259216287161e-01
7.351453341953450016e-01
7.345770212878860450e-01
7.346970415587263936e-01
7.342563464070462897e-01
7.340617076220602444e-01
7.340576614875522488e-01
7.335179205118276258e-01
7.337908979952906252e-01
7.332213010184850388e-01
7.333706531952413066e-01
7.330799177674651723e-01
7.328147627634585826e-01
7.328624514633812481e-01
7.325845546176609213e-01
7.323611395308375904e-01
7.318403041512301366e-01
7.317956504797294981e-01
7.323922178703495822e-01
7.318709415360359349e-01
7.316704776638437435e-01
7.315196811609109284e-01
7.315684375865997291e-01
7.310757605718877228e-01
7.309273762038553945e-01
7.308734607300236830e-01
7.309389224319261524e-01
7.308881454363834740e-01
7.308302539133332276e-01
7.302879096185720398e-01
7.300321175240269689e-01
7.298846640334635261e-01
7.298195671688910702e-01
7.298503193186344218e-01
7.298155303309576958e-01
7.296020948920657334e-01
7.294046008318860741e-01
7.291385079121872614e-01
7.288853554124212764e-01
7.287616657973465806e-01
7.288398239190795325e-01
7.283522081459889996e-01
7.284036370286264273e-01
7.280969509077963586e-01
7.282600569291877157e-01
7.280884172168596846e-01
7.273126590516731937e-01
7.275136457438008408e-01
7.272907183640843209e-01
7.271329615906871879e-01
7.270216009456728079e-01
7.266998266631662373e-01
7.268319078980020054e-01
7.267045539508830698e-01
7.269317734326797842e-01
7.265619525769136944e-01
7.260937897730411761e-01
7.263540902722550596e-01
7.259933989231077689e-01
7.261088934397937900e-01
7.259488640496228884e-01
7.257024052344823728e-01
7.256366306494426155e-01
7.251952677781371426e-01
7.253515349487970054e-01
7.250722509731537535e-01
7.250024991429006027e-01
7.248897383811034878e-01
7.248275068916898434e-01
7.243671873919715898e-01
7.247038616008748546e-01
7.240431530531860060e-01
7.242400897391894077e-01
7.241106689966866350e-01
7.238580778152713391e-01
7.237295235261692605e-01
7.235152424925205272e-01
7.233332247599593146e-01
7.234562444933633207e-01
7.235117024167353472e-01
7.230838189907538016e-01
7.229043355852140529e-01
7.228775192271456040e-01
7.227033234736031098e-01
7.227743872122779356e-01
7.223038760090956245e-01
7.222461358183913660e-01
7.221530446791196711e-01
7.222369446608348786e-01
7.222865133436421337e-01
7.219628260901694849e-01
7.217843402721544344e-01
7.214233935549653198e-01
7.214897965587927509e-01
7.216636816915041885e-01
7.213843212954764716e-01
7.213834244386827521e-01
7.207996802268841208e-01
7.209853875081014829e-01
7.203567750877168940e-01
7.204330808135103181e-01
7.205341743519947384e-01
7.204126637883855322e-01
7.202966421423844245e-01
7.199478502048689554e-01
7.200613919420736364e-01
7.199396484643089122e-01
7.197707536071958900e-01
7.194269837368157949e-01
7.194482583624587368e-01
7.193558551790469879e-01
7.192240312696375204e-01
7.192795964704515876e-01
7.192287193590304328e-01
7.189221313861856588e-01
7.186395083431906805e-01
7.185812320413257348e-01
7.185063177259030098e-01
7.183491470189089512e-01
7.178616756729150339e-01
7.181239714485535552e-01
7.180146604012879186e-01
7.177834183822868752e-01
7.173570839790150977e-01
7.180025036165237351e-01
7.173415744576242536e-01
7.175449322615876646e-01
7.169276335693345326e-01
7.168413844180688832e-01
7.168416058352575781e-01
7.164411076626445718e-01
7.162954851887898267e-01
7.165419209136514311e-01
7.159434738078106486e-01
7.160703131474163152e-01
7.158317144037407154e-01
7.157857077709146587e-01
7.154172323393311883e-01
7.155983611130131150e-01
7.152210038356844324e-01
7.153377336042526791e-01
7.151972467866568595e-01
7.149488276805402442e-01
7.151677835993224264e-01
7.146834403848679740e-01
7.146499476929403238e-01
7.144613249122376830e-01
7.141719262857973982e-01
7.139723981749220849e-01
7.140681660210614901e-01
7.136602711729551629e-01
7.135453344512948659e-01
7.136193202120134638e-01
7.134648909846622589e-01
7.132005431956818242e-01
7.130161444733670306e-01
7.130976392771767314e-01
7.126771644643453696e-01
7.129698238482577999e-01
7.127590419113341014e-01
7.127746883629503261e-01
7.122240501383395594e-01
7.122630735582142769e-01
7.121711916433434153e-01
7.120162059487165074e-01
7.120670637940396119e-01
7.119356632710455157e-01
7.117621451882253369e-01
7.117348418995678161e-01
7.114572913729992898e-01
7.111140009435673592e-01
7.110592261125266988e-01
7.110468272770146259e-01
7.107942237907872718e-01
7.107417622894872666e-01
7.103992238291270134e-01
7.101300477952975365e-01
7.102664490877493852e-01
7.100120676652680318e-01
7.100634448362166395e-01
7.098217231313133091e-01
7.098972410189133830e-01
7.094343086764793860e-01
7.095765811131710121e-01
7.091633723044560300e-01
7.093251255404594557e-01
7.091935023552226047e-01
7.091805357373240914e-01
7.089064256365187333e-01
7.085197793172991476e-01
7.087532264113390879e-01
7.084140232322643227e-01
7.084490556519250637e-01
7.083267405284052742e-01
7.078543902287696143e-01
7.079209376010555665e-01
7.075357713876435639e-01
7.077550679166941805e-01
7.075455417980353046e-01
7.070710546340414071e-01
7.072833413170442896e-01
7.068903836244272432e-01
7.067350414974499229e-01
7.063611907031215331e-01
7.063204850380766509e-01
7.057340802805155411e-01
7.058961246774199116e-01
7.054120163831049117e-01
7.054107693382150046e-01
7.053791404652849373e-01
7.050296674185351220e-01
7.048425545224009658e-01
7.045818598571789160e-01
7.048865231386689523e-01
7.044287853007190625e-01
7.045085103469155285e-01
7.039996668731144380e-01
7.040922577812923633e-01
7.034634208160740476e-01
7.036027166579467140e-01
7.033389329036402460e-01
7.034713853827926355e-01
7.033047886301986296e-01
7.028705123998778559e-01
7.026164040477902439e-01
7.028822334353198586e-01
7.026923658659387506e-01
7.025353707683623661e-01
7.020509765799739510e-01
7.020560520490279899e-01
7.020172749743706087e-01
7.017779527504242054e-01
7.017834914855188844e-01
7.012834578190624280e-01
7.014125520787501955e-01
7.013095935393200975e-01
7.007768332371914211e-01
7.009670359905713077e-01
7.006671625097093958e-01
7.007080257360381870e-01
7.003807358787256243e-01
7.002150892868325149e-01
7.003405612375246392e-01
7.001239325435316685e-01
6.998829921021357814e-01
6.998894299137412567e-01
6.996238346943107755e-01
6.993702192653920013e-01
6.994320572829094695e-01
6.991357681093299803e-01
6.991534381891842953e-01
6.991896682917561057e-01
6.986569777164898243e-01
6.988733192526206395e-01
6.985762943013029691e-01
6.987737560459675867e-01
6.983188245687568241e-01
6.982847712057630440e-01
6.978595382542643888e-01
6.979122143544406187e-01
6.981772558401924123e-01
6.977211684232517142e-01
6.979238059718361198e-01
6.976617859354847795e-01
6.975180430033024459e-01
6.972247911360575090e-01
6.976060160886801143e-01
6.971860467907632364e-01
6.971717578269102100e-01
6.971223791087495236e-01
6.970669854544652155e-01
6.968786905875653526e-01
6.969138382051047742e-01
6.964353061402368539e-01
6.966559156135700981e-01
6.964418830424606854e-01
6.961015373161991704e-01
6.963605343808905168e-01
6.960532855085227455e-01
6.959146566113069143e-01
6.956016937980248338e-01
6.959881186001251052e-01
6.956590910899186353e-01
6.956468536412100390e-01
6.955155082273861700e-01
6.950562388781892365e-01
6.953633588879140071e-01
6.952016168140402463e-01
6.946976814722968241e-01
6.949835745527597197e-01
6.948614798810797133e-01
6.949184338128090443e-01
6.945411890441245406e-01
6.946531339932763283e-01
6.946059772590382764e-01
6.944743725153252889e-01
6.939775652332097478e-01
6.938079562419532387e-01
6.941296963663526887e-01
6.942365110754832314e-01
6.939547988262262379e-01
6.935792546885194421e-01
6.938290972016661895e-01
6.936281290956530787e-01
6.935896926360517467e-01
6.932112374336618643e-01
6.933322463399832492e-01
6.929264591949748642e-01
6.930688530171790207e-01
6.928505417511647835e-01
6.929523153204857344e-01
6.924974862782514728e-01
6.926834085321923462e-01
6.921957625251113910e-01
6.922717130810068786e-01
6.924682901789115386e-01
6.920899685712907923e-01
6.921704026593781256e-01
6.922685823679154415e-01
6.919765695721656895e-01
6.920245597126641890e-01
6.919135305767590838e-01
6.916763457531689419e-01
6.916009100959912281e-01
6.912006188238676296e-01
6.918159700766023379e-01
6.914665247732183495e-01
6.912364589558738226e-01
6.910466888028851118e-01
6.909150258124210353e-01
6.910771464346722182e-01
6.907910229668153823e-01
6.907330070164148239e-01
6.906710926236293568e-01
6.903314913664657659e-01
6.902503823314595222e-01
6.904317663871046840e-01
6.899969320500350944e-01
6.903386138579232778e-01
6.900167622213753127e-01
6.899632807105352539e-01
6.898893303851884040e-01
6.898023126469990940e-01
6.896037672263370943e-01
6.898346746292810527e-01
6.895331820982552040e-01
6.893904092206916134e-01
6.893715441616382611e-01
6.892514673638642231e-01
6.889687881595101260e-01
6.893215124482724443e-01
6.888946588805907600e-01
6.887450723512570372e-01
6.886392893765748147e-01
6.886275976808504673e-01
6.885454867570049986e-01
6.884762835576055950e-01
6.884947397961509452e-01
6.880986943821832957e-01
6.886682963715569095e-01
6.878356764035592485e-01
6.879193086894556108e-01
6.883832988943113795e-01
6.877148249743963992e-01
6.875202850640000918e-01
6.881601291966208400e-01
6.875916732303392065e-01
6.877948904368742511e-01
6.874842874111274371e-01
6.874133491261732454e-01
6.875644457336113069e-01
6.875399520905096651e-01
6.869907886004512632e-01
6.874105848843657940e-01
6.869033573701766038e-01
6.871121367803642022e-01
6.871751103030029340e-01
6.867094610705136715e-01
6.867917446411286875e-01
6.863896707055180402e-01
6.865301504559853107e-01
6.861326719272256014e-01
6.862666363826949167e-01
6.859650361791570505e-01
6.862481946964632540e-01
6.859320474409710267e-01
6.857653264276791782e-01
6.858182618820450882e-01
6.856383482284895692e-01
6.855386673776145967e-01
6.854537161356349939e-01
6.853109314410947839e-01
6.853708952314812031e-01
6.851814382351628652e-01
6.854989131415694104e-01
6.849203633302699545e-01
6.848891580216353026e-01
6.846200391912741212e-01
6.846287750113653203e-01
6.846510648646656483e-01
6.845011142790796699e-01
6.844310615201147918e-01
6.844677555306226679e-01
6.844301672296445593e-01
6.842772759987899578e-01
6.841413576527396456e-01
6.843035615338891597e-01
6.840491643380114395e-01
6.840782136382888012e-01
6.838672330557797885e-01
6.838296977362353646e-01
6.834998888542161977e-01
6.837070212015713411e-01
6.836254115890075811e-01
6.834846493131082612e-01
6.833752791757591316e-01
6.832401248623333201e-01
6.833246357404768601e-01
6.832235990710691098e-01
6.833466295304022609e-01
6.830877277435951633e-01
6.830105348453904268e-01
6.829141668776728125e-01
6.830726738905252837e-01
6.828473141742218422e-01
6.828671240241358520e-01
6.826163978008766842e-01
6.826156279410563466e-01
6.823910744490769842e-01
6.824005039408703732e-01
6.823845395592650354e-01
6.822871584666189149e-01
6.822537258812158001e-01
6.819829848736537192e-01
6.819357931806074857e-01
6.820603376571220400e-01
6.819882594094252015e-01
6.818713725749998567e-01
6.816560417425945317e-01
6.815631493519033191e-01
6.816783292477129885e-01
6.813059706435597995e-01
6.814371721233425383e-01
6.813553680623548603e-01
6.811556374631715371e-01
6.810921450280118528e-01
6.810934615170197715e-01
6.810777944331508627e-01
6.811370448617203310e-01
6.807757031287363647e-01
6.806932704578120275e-01
6.807538699384254599e-01
6.805413954522058217e-01
6.806309287303079492e-01
6.806633364301930555e-01
6.804091769332528683e-01
6.802992622762534802e-01
6.803591221618429108e-01
6.803579283781370224e-01
6.802790751584161244e-01
6.801916805716693437e-01
6.802775569021718427e-01
6.800395214775957209e-01
6.800012460333685338e-01
6.800740013382661209e-01
6.800988889925535519e-01
6.797687421448119771e-01
6.798489163904507526e-01
6.794750557946604985e-01
6.796417313757577849e-01
6.793846668685068479e-01
6.792977387321689209e-01
6.795910123341218911e-01
6.791735968169035909e-01
6.793442600940987619e-01
6.790877557215888594e-01
6.792905218904906617e-01
6.791588358800916270e-01
6.789346725474000310e-01
6.788470437022929849e-01
6.790847760963995006e-01
6.787270801779379248e-01
6.786824295011276709e-01
6.784353678075167871e-01
6.784278394405278689e-01
6.783762241456656739e-01
6.782825678547989012e-01
6.783381304989530847e-01
6.780290515117807226e-01
6.780517699341509497e-01
6.780307711692102890e-01
6.781421287879555448e-01
6.780492619829429080e-01
6.777309601603231926e-01
6.779912594100188095e-01
6.777931370380722020e-01
6.781189819229190840e-01
6.776656474953375309e-01
6.775981957709359405e-01
6.774062872689259329e-01
6.772804436189713284e-01
6.774081620522772740e-01
6.772787270490119305e-01
6.772778403430300687e-01
6.771314052701024044e-01
6.770707012788821366e-01
6.769753537678395716e-01
6.770622847973496450e-01
6.768836143528945692e-01
6.768134093015519825e-01
6.767660366410809258e-01
6.766054722255842035e-01
6.767424087644161590e-01
6.763477057051585639e-01
6.763901751508640814e-01
6.763296133952422240e-01
6.762384835708014075e-01
6.765830614017671607e-01
6.761475906188123552e-01
6.760419015814614907e-01
6.759165085925421534e-01
6.760699717227712791e-01
6.756204044852326396e-01
6.757491282153450518e-01
6.756051472919430978e-01
6.755739204996995539e-01
6.756277664146680406e-01
6.753097909218604977e-01
6.752898582684530027e-01
6.751495613676233853e-01
6.751093803912406877e-01
6.750966619777644118e-01
6.748977689126777202e-01
6.749861848402045617e-01
6.749716144646148441e-01
6.747011432626549565e-01
6.748078532891321757e-01
6.746589476391768869e-01
6.745299849414446713e-01
6.745827208772151584e-01
6.742997489531638022e-01
6.743276256877442920e-01
6.742154180009009012e-01
6.740095846499719601e-01
6.737677414336243897e-01
6.734799132388126219e-01
6.739071541523514730e-01
6.736310032373887813e-01
6.734862442654000469e-01
6.737593649900855963e-01
6.737481794581885453e-01
6.732411617725594377e-01
6.730081362530335731e-01
6.734344227592677923e-01
6.734742583500499258e-01
6.729215696180985695e-01
6.730577112860753886e-01
6.734033804372884235e-01
6.727885885347734130e-01
6.729625845139423079e-01
6.727021463628242159e-01
6.731198693134955446e-01
6.725633432626413333e-01
6.729207608351451819e-01
6.725642383042944594e-01
6.724581734502855790e-01
6.727442979112233656e-01
6.726587701155731791e-01
6.720704571110328596e-01
6.721355608465193754e-01
6.722648928847504424e-01
6.723168462679031121e-01
6.717427236021014103e-01
6.722436874428691089e-01
6.719460881673916530e-01
6.718637526721068509e-01
6.717711843422006224e-01
6.717810953200911150e-01
6.716659916367362371e-01
6.720885580420034033e-01
6.717620775070022310e-01
6.713474018475288352e-01
6.714189837084655332e-01
6.711704924745675038e-01
6.714762173322469385e-01
6.711551899973070556e-01
6.713841010480242621e-01
6.709352184989842982e-01
6.708260392500480229e-01
6.711285553210828425e-01
6.708596903252689314e-01
6.709201799840339708e-01
6.710645357689034585e-01
6.705469976711088131e-01
6.708215655013397560e-01
6.705939618830069060e-01
6.705875966237160313e-01
6.701930166331003802e-01
6.704198598819970378e-01
6.702958548655199023e-01
6.703613364734120061e-01
6.701644624704560238e-01
6.698924950258136057e-01
6.701900251855509305e-01
6.699481843512606893e-01
6.697412014722230467e-01
6.694164536468286686e-01
6.697467453892859135e-01
6.695555404218539453e-01
6.690805116401136177e-01
6.694430145376945029e-01
6.693391065538204510e-01
6.693689712766887068e-01
6.692352308111751968e-01
6.692644260426234837e-01
6.691272785383595156e-01
6.687136648838679642e-01
6.690075439522638057e-01
6.687875152225927211e-01
6.687197794932210337e-01
6.685975630492889676e-01
6.683764329191085318e-01
6.685240680112120026e-01
6.683902543115437522e-01
6.684323441554789191e-01
6.681991991148622523e-01
6.683068004203582824e-01
6.682782484320188843e-01
6.683370739896877799e-01
6.682432364062763641e-01
6.680326481293952234e-01
6.679302317487697538e-01
6.680206226425414728e-01
6.679230119883069472e-01
6.677946659097749871e-01
6.677263907605137661e-01
6.675973738533871327e-01
6.674248076221185322e-01
6.676313772032790306e-01
6.672605283394457132e-01
6.674609336970821483e-01
6.674144490266921137e-01
6.670526650051434858e-01
6.671904181778778309e-01
6.671352654130133786e-01
6.669695420955145115e-01
6.668649256742904541e-01
6.666634867978704637e-01
6.666671294862731578e-01
6.665555968221249517e-01
6.666265805561923941e-01
6.662435531685626522e-01
6.665856616116274669e-01
6.666513493865895423e-01
6.664017750541980645e-01
6.664690442002558779e-01
6.664469623738893400e-01
6.663787514018453262e-01
6.665490302727840044e-01
6.659506519039432026e-01
6.662927170726142823e-01
6.659705986523709598e-01
6.661020036424527557e-01
6.659505004654070470e-01
6.659251984787982748e-01
6.659191307870083731e-01
6.658212197028575696e-01
6.654373765928551787e-01
6.656651183755986079e-01
6.654889319383621160e-01
6.654415879830939407e-01
6.653540728384367275e-01
6.653682437129680993e-01
6.650958177850092579e-01
6.652269633706532348e-01
6.651195735890207406e-01
6.649660901567718829e-01
6.648742380157310894e-01
6.648023073484378154e-01
6.646200521349205914e-01
6.648624477076522377e-01
6.643834201091809444e-01
6.646388081341008114e-01
6.642243859104358661e-01
6.645295634622964132e-01
6.640814830041000816e-01
6.645493959710395693e-01
6.642146042188573629e-01
6.639870903542260949e-01
6.640835567055710653e-01
6.638306816667705057e-01
6.639770170812278050e-01
6.638474534140001992e-01
6.639302516040764823e-01
6.639537176190751788e-01
6.639269878592757301e-01
6.636756654555113766e-01
6.637170884671624860e-01
6.635163303846520755e-01
6.636674209265167601e-01
6.634173684085470368e-01
6.634688952676331963e-01
6.634402072493427172e-01
6.633343741262522908e-01
6.630582634196595659e-01
6.631289127773588588e-01
6.633710710857709802e-01
6.633119774450159101e-01
6.630687701236669396e-01
6.632101338417756287e-01
6.628408857239574958e-01
6.630590698991521981e-01
6.627546508456657604e-01
6.630880221093021776e-01
6.627062501727675192e-01
6.628460444106459848e-01
6.627524673102589414e-01
6.626331378709323650e-01
6.624856916107830784e-01
6.626589503736012299e-01
6.627345704859748388e-01
6.622560333796687626e-01
6.619672825031784891e-01
6.621055945569556123e-01
6.620007961989486933e-01
6.621876830039140627e-01
6.618976403328855618e-01
6.621524660141305807e-01
6.617265378401829823e-01
6.619243056980842477e-01
6.617089134260130123e-01
6.616830270918060419e-01
6.616434112534075318e-01
6.617610187688267587e-01
6.616806407987191330e-01
6.615004342681417571e-01
6.615052060137601719e-01
6.615315566444597284e-01
6.613651538207101499e-01
6.612613023894697850e-01
6.612307936687321641e-01
6.603667722963610931e-01
6.611298864436940814e-01
6.608466872612835941e-01
6.589993396853184304e-01
6.581313353431698099e-01
6.580316090263624851e-01
6.587192718749336207e-01
6.582707938868391784e-01
6.584593708133640311e-01
6.579627906765932455e-01
6.579838949200307319e-01
6.581049271901149300e-01
6.579873038341891300e-01
6.579533056148225700e-01
6.577496825720171580e-01
6.574441954812798583e-01
6.580182225951519692e-01
6.575551421142890041e-01
6.575015248625160069e-01
6.570026848806285180e-01
6.571198906708678456e-01
6.565852205497478833e-01
6.564269667981740275e-01
6.563718304515079316e-01
6.561339736206307505e-01
6.557097834865600605e-01
6.556557679078842682e-01
6.555275358585274104e-01
6.557909208886100183e-01
6.555603114536906473e-01
6.555178958364838993e-01
6.555462054741576505e-01
6.553325808779678630e-01
6.551674090453664112e-01
6.551094516156567016e-01
6.550634868026253832e-01
6.551109407093357317e-01
6.546226364704729184e-01
6.547825639165399947e-01
6.541862463493730573e-01
6.540796385022465964e-01
6.543839552936453474e-01
6.543415272853639886e-01
6.541620020779349565e-01
6.540809690934187293e-01
6.538391818601639871e-01
6.542564832563014798e-01
6.539229500197731859e-01
6.536669478784552512e-01
6.534859650964900402e-01
6.539000102384572299e-01
6.532624762134551233e-01
6.534774772525012709e-01
6.534444707672515396e-01
6.531564340424471649e-01
6.531703827206433166e-01
6.529380383590360770e-01
6.530681851567423646e-01
6.527876012650815074e-01
6.527986471911616517e-01
6.524178088830346889e-01
6.526685932950869740e-01
6.526864847105590117e-01
6.521667485303667133e-01
6.524377745736585910e-01
6.520894072181372403e-01
6.523172546927015203e-01
6.520665255975036656e-01
6.523542902886093620e-01
6.520458277031327965e-01
6.520168885598872643e-01
6.516619501710393392e-01
6.518345367370060872e-01
6.515001553079864394e-01
6.514440554899258995e-01
6.515391660904094051e-01
6.513733390827579628e-01
6.504701146030998915e-01
6.510203094065667440e-01
6.511332082209575489e-01
6.505135824085187535e-01
6.502198857394451137e-01
6.501096020974360679e-01
6.504721529496132471e-01
6.503107090467844520e-01
6.504713636079453298e-01
6.500539676543690693e-01
6.504386064476401774e-01
6.498274830653057998e-01
6.498369561745261924e-01
6.494856957417433074e-01
6.496579073113880609e-01
6.491157573301050698e-01
6.498315975895607721e-01
6.488873295291582854e-01
6.493707961040516841e-01
6.487760540692856237e-01
6.490728692383477272e-01
6.491742610644201106e-01
6.485888163159759801e-01
6.489261543478653804e-01
6.484266347226205207e-01
6.483139831579995960e-01
6.479724342776772561e-01
6.479851178205503492e-01
6.479353436854777826e-01
6.479970049599329540e-01
6.477969665250208342e-01
6.476743971415305223e-01
6.477503578250690675e-01
6.475722567515171946e-01
6.474318753921172176e-01
6.470179507964506360e-01
6.474902106361574150e-01
6.468927011239422598e-01
6.471881637528487108e-01
6.468923347378473521e-01
6.470807241560295742e-01
6.467703454682914854e-01
6.463015564617334840e-01
6.472705056872828377e-01
6.472316871009450301e-01
6.463267583031042651e-01
6.459854254878273361e-01
6.462087391584402374e-01
6.461841184008551009e-01
6.460720965713402375e-01
6.458210574340950139e-01
6.457179273127745534e-01
6.457205349332617583e-01
6.457915981623186807e-01
6.457919669903023907e-01
6.456838249931672324e-01
6.461971264969643691e-01
6.456462247731188375e-01
6.458572904374404455e-01
6.451695379230597549e-01
6.458459548531564343e-01
6.451278804377665876e-01
6.454390977762004544e-01
6.451511364988719022e-01
6.456653393878246661e-01
6.452716946408586507e-01
6.446385550360215211e-01
6.443732719807078180e-01
6.443347248482028666e-01
6.443101822950355606e-01
6.439941988689211749e-01
6.442403922399938532e-01
6.442039146063303079e-01
6.442675067530819755e-01
6.440939852269644827e-01
6.439921559784488325e-01
6.440805630563725126e-01
6.437876643315558756e-01
6.438089813462085642e-01
6.437335999075909365e-01
6.436295538960551399e-01
6.435998287820049457e-01
6.434737919416112506e-01
6.436009093252400559e-01
6.433834514814354977e-01
6.431353028916430015e-01
6.434196054013495703e-01
6.432552380046411278e-01
6.431812280513333757e-01
6.427305686407832619e-01
6.428062094303882423e-01
6.431554249716818772e-01
6.426433915165993271e-01
6.427444208059177599e-01
6.425103648280552360e-01
6.426457565560879104e-01
6.424267369222949053e-01
6.424206024621794686e-01
6.422083765755420837e-01
6.417503097584574823e-01
6.414193923630095995e-01
6.415226752493675688e-01
6.413502692862772525e-01
6.416444267522012357e-01
6.412485288349328849e-01
6.412163676314975858e-01
6.409757813157168638e-01
6.414782360916428949e-01
6.410189207548343537e-01
6.409153032539557371e-01
6.406909544601977480e-01
6.410041491453385420e-01
6.406067283025577153e-01
6.408453695978472142e-01
6.403650237838306447e-01
6.405724162481791772e-01
6.400058023074316482e-01
6.407379033667205404e-01
6.404295214537710779e-01
6.405896534064324799e-01
6.400964267122303264e-01
6.399808390901869926e-01
6.400651843563655019e-01
6.400714331716569339e-01
6.398864866559359488e-01
6.397163767278818414e-01
6.395618866252558155e-01
6.393286733568938063e-01
6.397700359544704618e-01
6.397132730327441674e-01
6.390449190401048529e-01
6.395567306323221013e-01
6.392216970122771569e-01
6.389776955725703367e-01
6.391158660867154451e-01
6.392521717862329478e-01
6.385620216658061121e-01
6.388987699762798123e-01
6.385085638597224333e-01
6.386915336492414719e-01
6.384382977021260119e-01
6.382640918830843058e-01
6.385458335538015673e-01
6.382203141065266871e-01
6.381199735800062722e-01
6.381128990411072399e-01
6.379367623223028971e-01
6.382671032189487503e-01
6.376565419830103609e-01
6.378674521162296385e-01
6.376074968840645951e-01
6.375285415620955964e-01
6.375391221814563636e-01
6.377544888189202732e-01
6.375209781486597116e-01
6.376029440519791480e-01
6.377694426562949825e-01
6.375934009096573263e-01
6.371563947039831088e-01
6.373818995085295258e-01
6.375183773491642780e-01
6.370922930179480081e-01
6.367370372773110132e-01
6.373187589198862080e-01
6.366988972417021442e-01
6.370755813506346898e-01
6.368853324049049691e-01
6.366896854804321437e-01
6.366721530430535791e-01
6.366830184881684396e-01
6.363001665831281572e-01
6.366012305448726094e-01
6.364632593145344019e-01
6.365648900845365388e-01
6.361232940403054315e-01
6.361231907700551913e-01
6.359978236256916828e-01
6.361787363224399305e-01
6.363253858638755478e-01
6.360606548457938825e-01
6.358097227002551532e-01
6.359453420591588690e-01
6.357099366797878126e-01
6.359110643633786308e-01
6.355762712901321665e-01
