3.183471940403180724e+02
7.223633969443920932e+01
5.044801416428808238e+01
3.999550872254950207e+01
3.252128904990775737e+01
2.797055979419175387e+01
2.514543551422703160e+01
2.302777192086688274e+01
2.120450211227671033e+01
1.954652763071281285e+01
1.799527909608545073e+01
1.649526164221512659e+01
1.499584605532313297e+01
1.344433347059642792e+01
1.176679491020206392e+01
9.960386828746328192e+00
8.153253687894649104e+00
6.578733039373461544e+00
5.379813998278343945e+00
4.579225857215008411e+00
4.071691679770619743e+00
3.744336336281312683e+00
3.512567645677707073e+00
3.336580323336797438e+00
3.199128107552683620e+00
3.084119155243643107e+00
2.987940341604090388e+00
2.905635433093816999e+00
2.828271351330300831e+00
2.740225763266076253e+00
2.647186532985055241e+00
2.562165014343347202e+00
2.488546299568334952e+00
2.423996245100613844e+00
2.365987524220361848e+00
2.314052763495825893e+00
2.266773309368331990e+00
2.224546702891295080e+00
2.185122613156524451e+00
2.148049030698641726e+00
2.112649340329042058e+00
2.079469574866819048e+00
2.048379158930337507e+00
2.018477319208046072e+00
1.990759094217490643e+00
1.964765602490627261e+00
1.939545978646550095e+00
1.915797993611168204e+00
1.893398476721551260e+00
1.872323748838857327e+00
1.852752266321793684e+00
1.834222969971039063e+00
1.815846248118240025e+00
1.798240443032295133e+00
1.781465670526003464e+00
1.764592930175208352e+00
1.748256752211050369e+00
1.732043991841567321e+00
1.715587277067655902e+00
1.700142363407238122e+00
1.684495266271093250e+00
1.668980277516970423e+00
1.654005499448719441e+00
1.639222954762803219e+00
1.624753663910254220e+00
1.610610775685670015e+00
1.596647070764186216e+00
1.583074829138928719e+00
1.569473762122241878e+00
1.556139873758501047e+00
1.543410367135314543e+00
1.531456946841341926e+00
1.519460368173220610e+00
1.508260459004132192e+00
1.497360876544531427e+00
1.486884099585611851e+00
1.476616988310588630e+00
1.465972922758475017e+00
1.455473988678186226e+00
1.445209586198179963e+00
1.435320635460563876e+00
1.425548626080803016e+00
1.415979100903076882e+00
1.406913592541934710e+00
1.398470360591462125e+00
1.389343528410327044e+00
1.380391825296177544e+00
1.371586087368375173e+00
1.363586163380236860e+00
1.355468403702762226e+00
1.347406542271265772e+00
1.339442270463130358e+00
1.331172002772985641e+00
1.323535493478310343e+00
1.316162496594807108e+00
1.308790243713273460e+00
1.301139297085820878e+00
1.293968886167127907e+00
1.287159746376448810e+00
1.280728671253893447e+00
1.273991910934875849e+00
1.267561175296910703e+00
1.260953280988495573e+00
1.254684916056908017e+00
1.248993698604133673e+00
1.242824103556385618e+00
1.237018275889314678e+00
1.231272608647028255e+00
1.225313663177543422e+00
1.219421064763064777e+00
1.214014606919200601e+00
1.208229318499129956e+00
1.202506843163540173e+00
1.197295593015314852e+00
1.191923331209373549e+00
1.186862715650401245e+00
1.181663487657197198e+00
1.177038184685961886e+00
1.172423735004723744e+00
1.167569094761287118e+00
1.162984101322566355e+00
1.158784117234507915e+00
1.154584648137390923e+00
1.150231356693629303e+00
1.146222931557334457e+00
1.142511814576203211e+00
1.138341028521256737e+00
1.134166808237453195e+00
1.130296335555348142e+00
1.126478731051770321e+00
1.122257162068217573e+00
1.119015521623272003e+00
1.115188533347630573e+00
1.111607817348811533e+00
1.108445691592318871e+00
1.104604850137354433e+00
1.101449088516799568e+00
1.098143171865401113e+00
1.094645509945098238e+00
1.090977796711427583e+00
1.087376879298830534e+00
1.084093286529368427e+00
1.081006794454253184e+00
1.077744010510324202e+00
1.074571499686396869e+00
1.071302267323835489e+00
1.068422369407890038e+00
1.065508248947356851e+00
1.062607170871089357e+00
1.059566176549265215e+00
1.056613132293093615e+00
1.053578878727670753e+00
1.050563191778816519e+00
1.047792834895506342e+00
1.045462099142165924e+00
1.042782835813793385e+00
1.039818468555528064e+00
1.037102080586556729e+00
1.034283465354312925e+00
1.031770870407523244e+00
1.029097172047568565e+00
1.026257605319795152e+00
1.023623856915026220e+00
1.020793541899308154e+00
1.018157179309129079e+00
1.015814443961626345e+00
1.013454209871526013e+00
1.011113899937423177e+00
1.009251016132096224e+00
1.006883248428220634e+00
1.004766156293309676e+00
1.002752448826976117e+00
1.000800367059469620e+00
9.989546819649359755e-01
9.971985333462981549e-01
9.954722513885535529e-01
9.936737787314774417e-01
9.921280603593146674e-01
9.902947295262461980e-01
9.885228583332573704e-01
9.867651410832007919e-01
9.850964460400355449e-01
9.836739618370461402e-01
9.819250904521332757e-01
9.804244577777465608e-01
9.788498234569488199e-01
9.773972183382695356e-01
9.760617207409834073e-01
9.745352902029744691e-01
9.732605946487943305e-01
9.720971118705272751e-01
9.706088217282408115e-01
9.693305658149657944e-01
9.678368731287090299e-01
9.667996576239364925e-01
9.652682078358890694e-01
9.641808410052367107e-01
9.629771650566962826e-01
9.618069205860194648e-01
9.605688913474886848e-01
9.594666283305044452e-01
9.581217494764729947e-01
9.570055088668033560e-01
9.555700933718421775e-01
9.545321764853481605e-01
9.533573202778149458e-01
9.520536906225544049e-01
9.507321692857125806e-01
9.494910075218427892e-01
9.485729949193282273e-01
9.473001101201966589e-01
9.460916591867304382e-01
9.450087160240824291e-01
9.439424070734464545e-01
9.427947288866089792e-01
9.419739299104546992e-01
9.407262526909260236e-01
9.398141132806179243e-01
9.386002599469747132e-01
9.375708601293991640e-01
9.365636819646994127e-01
9.354571341057735800e-01
9.345928757756616356e-01
9.335986616879204947e-01
9.325799426610381637e-01
9.316407723094236593e-01
9.306754884917975978e-01
9.299130167073466069e-01
9.289043829149852272e-01
9.279281350850189236e-01
9.269306132494669059e-01
9.262470640415386702e-01
9.254183734237253489e-01
9.242712277977331858e-01
9.235756873874391149e-01
9.226316187055240148e-01
9.216956002871575793e-01
9.209739923610342771e-01
9.202282759368648479e-01
9.194796829748163036e-01
9.186737667618989356e-01
9.175544381427448437e-01
9.170877552795831944e-01
9.163195684142159125e-01
9.154024372386683206e-01
9.146418087310950185e-01
9.140413750049688479e-01
9.134363855202619620e-01
9.127468882348662715e-01
9.119846305068134429e-01
9.112878299539621807e-01
9.106060055973307366e-01
9.099548763007078156e-01
9.093553044186259982e-01
9.086131280007703204e-01
9.080461472800428480e-01
9.074126070252116483e-01
9.067592225272234074e-01
9.062410435168204437e-01
9.057601520122506855e-01
9.051300380281621649e-01
9.045180569517090596e-01
9.037822247870265224e-01
9.033749164127553577e-01
9.025760196897492094e-01
9.021529135762853535e-01
9.012776938881220667e-01
9.008035682454070825e-01
9.003902164168818834e-01
8.995204725952884450e-01
8.991397149999210692e-01
8.985201589457171290e-01
8.981087773027530696e-01
8.975918166028945544e-01
8.971482032234264770e-01
8.964912939607420084e-01
8.960742644141652669e-01
8.955241166067016145e-01
8.950203236602379819e-01
8.946761022493960880e-01
8.940404818234616302e-01
8.934291873668586126e-01
8.930243369764955252e-01
8.925153766541069622e-01
8.919457236421727275e-01
8.915528834613467568e-01
8.909386588739973689e-01
8.904776844751970399e-01
8.898792058099336266e-01
8.893294808370866278e-01
8.888397758928786585e-01
8.882482160076139444e-01
8.878822468824941749e-01
8.870835235054624901e-01
8.868189760406268718e-01
8.862964245879473291e-01
8.858685985213280434e-01
8.851261849242136881e-01
8.850006563322847519e-01
8.849737287842304179e-01
8.847391399773699705e-01
8.838716129698136470e-01
8.831260045474239595e-01
8.826678587046781210e-01
8.820429395445917864e-01
8.815555810854703855e-01
8.810620355434299888e-01
8.806976935704922127e-01
8.804764684276218389e-01
8.799679710873012928e-01
8.795158518695030958e-01
8.790758364182714724e-01
8.787019257397044036e-01
8.782560233847050979e-01
8.778099945990565089e-01
8.773357013003572069e-01
8.769465340941141607e-01
8.764249439157235644e-01
8.760033178426556155e-01
8.756508106109349709e-01
8.752688926839088390e-01
8.747269297584022718e-01
8.744625087814723585e-01
8.740499007421548283e-01
8.735329467861464581e-01
8.731542362324234974e-01
8.727965961749838408e-01
8.722743316684432591e-01
8.719274163574013414e-01
8.714273872717021030e-01
8.711601463225400188e-01
8.706594482011155156e-01
8.703719695948811674e-01
8.697337554582439401e-01
8.694943973561101158e-01
8.690666898534905593e-01
8.685276242858240847e-01
8.682817532189801568e-01
8.676950008136596892e-01
8.672687709608942752e-01
8.668848486472257031e-01
8.665795653300879531e-01
8.661718869015659905e-01
8.655901968470570695e-01
8.651682030671569157e-01
8.647133587018123180e-01
8.644678697269432277e-01
8.640944704205647531e-01
8.635875262833098143e-01
8.632730992400049486e-01
8.627178469166919550e-01
8.624520799664004977e-01
8.620672214790413568e-01
8.616372800379962227e-01
8.613679782875384161e-01
8.610411966898645630e-01
8.605394051397906585e-01
8.602460515623365778e-01
8.597225914734306640e-01
8.595080667550182296e-01
8.591834546457813859e-01
8.588016220367519216e-01
8.585593524585504177e-01
8.581865523495473269e-01
8.578273572298328320e-01
8.572787147812198638e-01
8.570210514257606826e-01
8.563394618488723298e-01
8.561058468908374630e-01
8.557103134509950193e-01
8.555234391384544113e-01
8.551868992397354541e-01
8.547972798038964148e-01
8.545125143213839758e-01
8.542311480708250082e-01
8.537929267324407823e-01
8.534704858165769181e-01
8.532364882991099186e-01
8.528395084766513534e-01
8.525322928087198937e-01
8.520290352067733108e-01
8.518596366271796727e-01
8.513986574666393414e-01
8.510526520469071654e-01
8.508358139659829567e-01
8.505040810667061635e-01
8.501446708349519321e-01
8.499074596725542108e-01
8.495396892080674389e-01
8.490178689387041233e-01
8.487129710460369347e-01
8.482211525847246358e-01
8.481112732343339955e-01
8.477380794593978308e-01
8.475174328639990540e-01
8.472093493375805195e-01
8.468741257310874460e-01
8.465505299208252454e-01
8.461149203413635966e-01
8.458283379615689768e-01
8.453304492485168575e-01
8.450798042922972320e-01
8.446844751992923506e-01
8.444525464742588250e-01
8.442890263530036243e-01
8.438851973803426221e-01
8.438725761527314795e-01
8.434274153712100208e-01
8.432275297079597776e-01
8.426974860399832901e-01
8.425591981189070045e-01
8.423908746348226506e-01
8.420001859867977112e-01
8.415627901660706067e-01
8.412924278732282213e-01
8.409323058115226734e-01
8.407101137549900516e-01
8.405965911150364844e-01
8.402619988395062522e-01
8.399464481733013299e-01
8.396670148717585436e-01
8.393107160476572792e-01
8.391241299291976041e-01
8.388919669259933265e-01
8.384967923876591733e-01
8.381865787512645660e-01
8.378711263315273827e-01
8.374661656900483919e-01
8.370588821658891954e-01
8.366680861277849823e-01
8.366491699856490882e-01
8.361946642422878329e-01
8.362090682137979236e-01
8.359847153945040299e-01
8.355035939412368551e-01
8.351709096461438220e-01
8.349994416707046119e-01
8.347874615140308263e-01
8.344465215020854254e-01
8.340616834660793399e-01
8.336343619088114609e-01
8.337763639755237932e-01
8.332754627198569741e-01
8.331079238358412020e-01
8.327408849626461995e-01
8.325019850734182159e-01
8.321216974914523723e-01
8.318445699897679679e-01
8.315854026660992604e-01
8.313050910100958646e-01
8.310484597094096593e-01
8.306300875259101657e-01
8.303032180351986868e-01
8.300616614319911157e-01
8.299006111483838710e-01
8.295089880763893975e-01
8.292910129846643441e-01
8.291863936769536814e-01
8.288134396664101899e-01
8.286009785830711349e-01
8.283381097261431902e-01
8.281204892565271480e-01
8.277665493002994701e-01
8.275733614284028761e-01
8.273438851861194543e-01
8.271487763641003355e-01
8.267613704788835394e-01
8.267388987598374150e-01
8.264163370782818818e-01
8.262483777818263597e-01
8.259466298361020087e-01
8.255821070867365163e-01
8.254082837188499999e-01
8.252000394221613577e-01
8.249496336328090429e-01
8.247314710140970506e-01
8.243941099137072070e-01
8.243420422619095467e-01
8.239020772320991837e-01
8.236632267625364490e-01
8.236170949229122407e-01
8.234846540013994742e-01
8.230447195115231374e-01
8.227932928756912512e-01
8.225939743553448702e-01
8.225672929513397902e-01
8.222101224025656352e-01
8.219911256966795365e-01
8.216722575129070671e-01
8.214624039257086840e-01
8.212865857580377016e-01
8.210338247203649020e-01
8.208788389821845000e-01
8.207270596525678696e-01
8.204780420613942971e-01
8.202258838822626963e-01
8.200113386571136198e-01
8.197567859692829195e-01
8.196486631368028464e-01
8.192170566428251810e-01
8.190707729715334118e-01
8.189109991976240011e-01
8.187067620386861977e-01
8.184230142313985157e-01
8.182932401637336151e-01
8.181187219546443012e-01
8.179052562028409357e-01
8.178182414868099270e-01
8.175258129657135830e-01
8.172384310428760790e-01
8.170654394877613358e-01
8.169254656512249246e-01
8.166344500727724665e-01
8.165701017487521085e-01
8.164565054332443284e-01
8.161790727929544298e-01
8.160326259897366930e-01
8.157160450538639695e-01
8.156113012494140557e-01
8.152673898630423688e-01
8.151499215828681422e-01
8.148523239119969119e-01
8.146415015070417320e-01
8.144573303262774289e-01
8.143332336293150897e-01
8.141652633115651350e-01
8.139026860217269954e-01
8.137460161809629833e-01
8.135195228116810506e-01
8.133456702848027575e-01
8.131281385279773843e-01
8.129192233552114955e-01
8.127179579813207377e-01
8.124305153646665945e-01
8.123339614073398218e-01
8.122047499468929566e-01
8.119302086080014691e-01
8.117496542255628889e-01
8.117349703099078218e-01
8.114888597163406603e-01
8.113236383551681863e-01
8.110274481151563686e-01
8.108791271219963903e-01
8.106887101122347561e-01
8.104634380470477906e-01
8.103791629859541379e-01
8.100151612949026969e-01
8.098600889995687391e-01
8.097078160384012513e-01
8.095782901515327090e-01
8.093528552457409653e-01
8.090228212067938074e-01
8.088959153965227244e-01
8.087593437572507815e-01
8.084423123095003660e-01
8.082519809733889060e-01
8.079832594504009480e-01
8.075228871739406067e-01
8.073988351837589894e-01
8.071692662005250929e-01
8.069342345557856122e-01
8.067329193839875012e-01
8.065663913125628026e-01
8.063982985398966408e-01
8.061313248640379348e-01
8.060092857209676387e-01
8.058452338679091831e-01
8.054901701864366492e-01
8.053362502962353453e-01
8.051355988738412295e-01
8.046280304611190815e-01
8.045361334300297207e-01
8.043369895565165573e-01
8.039230289586751788e-01
8.038291907058566776e-01
8.034866683937497145e-01
8.033520679055522473e-01
8.031835598532458542e-01
8.031105059947319935e-01
8.028193779046183254e-01
8.027243747981707145e-01
8.024330531544531242e-01
8.023422226421593750e-01
8.020477401895703684e-01
8.018072260955423358e-01
8.015827277167485443e-01
8.014177611803590118e-01
8.010499397369699182e-01
8.009599801301431343e-01
8.007775345419395618e-01
8.004983901402393798e-01
8.003791383635623369e-01
8.001161078782098590e-01
8.000412738796236489e-01
7.997302517264843758e-01
7.995960095953523750e-01
7.994157200498205329e-01
7.991816526922913555e-01
7.989860295807872381e-01
7.987738767391446837e-01
7.984778508213481452e-01
7.984229790660916093e-01
7.981575336208951432e-01
7.979392356516797902e-01
7.978310089186196885e-01
7.975991807946717360e-01
7.974771850813223706e-01
7.971542019667845480e-01
7.971719305366651298e-01
7.968743403379296986e-01
7.968055928034679658e-01
7.965870145879233588e-01
7.963912489508814252e-01
7.962676151859985341e-01
7.959998808201126375e-01
7.958451024108059713e-01
7.956336277590780881e-01
7.952893939676585200e-01
7.952958026827698923e-01
7.949059697661030599e-01
7.948958261704587303e-01
7.945919958679278361e-01
7.945192935939932033e-01
7.942308257633775570e-01
7.941394954472099643e-01
7.938612954491405249e-01
7.937746792775260962e-01
7.935464218876288056e-01
7.934563174011843856e-01
7.931877082661277223e-01
7.932159771851597929e-01
7.929189496630045797e-01
7.928276795378317310e-01
7.925779530393209926e-01
7.922557485441724667e-01
7.920755610625574983e-01
7.917848250961347922e-01
7.917280162126966170e-01
7.915666940034523646e-01
7.911639217203808583e-01
7.911505198515632609e-01
7.909470130784362896e-01
7.907401427911816549e-01
7.904630720456107262e-01
7.902370238397620206e-01
7.900621082835219688e-01
7.898723290296074673e-01
7.897459693375976642e-01
7.895949794897667573e-01
7.895395085429135484e-01
7.892666446722959028e-01
7.891924739271644063e-01
7.888943546986051381e-01
7.888767149020191605e-01
7.887195978922169060e-01
7.884227200639712940e-01
7.882759182692220534e-01
7.880354457038153404e-01
7.878122679696529795e-01
7.875116136867644778e-01
7.872032859307362962e-01
7.868353601139003173e-01
7.864931064161244656e-01
7.861645299869982617e-01
7.858715732386390984e-01
7.856906632636864174e-01
7.854242799616383275e-01
7.853198464851690597e-01
7.850204558680503597e-01
7.848070928305393990e-01
7.845514224237767342e-01
7.843405234172403651e-01
7.843683453186987009e-01
7.842136090101915480e-01
7.838985160935775243e-01
7.836847296333718793e-01
7.833381233039212743e-01
7.831646168849565326e-01
7.828961975350421376e-01
7.827065038382516882e-01
7.825008742062383726e-01
7.822472711587181715e-01
7.819355393919203978e-01
7.817920300238979658e-01
7.815700829767542324e-01
7.814508641701646274e-01
7.812555651432605552e-01
7.810946684549504582e-01
7.808820366547445380e-01
7.807222143915470980e-01
7.805221240551069029e-01
7.803630007858634032e-01
7.802898614533070321e-01
7.800755166196925439e-01
7.798775454973007060e-01
7.796917771249952667e-01
7.795073211245148181e-01
7.793616557291142000e-01
7.791832790789349206e-01
7.790067819382889835e-01
7.788431886100117829e-01
7.786800149334606180e-01
7.785903642158241711e-01
7.784502686371204128e-01
7.781886384125105138e-01
7.781480012450067152e-01
7.778825639196974562e-01
7.778810286992271505e-01
7.776598076886339639e-01
7.775693515357082752e-01
7.773261906629485019e-01
7.772072158922124219e-01
7.771440197573470376e-01
7.769550976847287016e-01
7.768164047900283364e-01
7.765550845266183666e-01
7.764537791053663929e-01
7.762212043300705799e-01
7.761610043771091094e-01
7.758859697286238921e-01
7.758593653327622297e-01
7.755419284109544842e-01
7.755335539873206008e-01
7.753387746099953404e-01
7.752270168307676679e-01
7.750170751652626366e-01
7.748807592258235566e-01
7.746437144036545375e-01
7.745243973465917309e-01
7.742359589004089715e-01
7.741581937110250111e-01
7.739335653176033780e-01
7.738879245469524326e-01
7.736934917501344655e-01
7.736753439567554125e-01
7.735270541291678903e-01
7.734286465762685303e-01
7.731513752610830181e-01
7.731877160989046871e-01
7.729812318809803351e-01
7.727017204974396813e-01
7.728024787900625858e-01
7.723993320761580739e-01
7.723217644207919230e-01
7.719688416486943927e-01
7.719389957934579272e-01
7.716813608019981174e-01
7.716741802552031793e-01
7.713925870456098677e-01
7.713976284141187412e-01
7.710916169385165775e-01
7.709165784622086237e-01
7.709421034871416500e-01
7.705971284400018328e-01
7.705196569210458479e-01
7.702637194249500885e-01
7.701057783457855299e-01
7.700601004890623713e-01
7.697675135464127072e-01
7.697249822103234829e-01
7.695618589225799999e-01
7.693227339215352734e-01
7.692655133971916248e-01
7.690457668458873242e-01
7.688144092127523477e-01
7.687469521038631237e-01
7.685244059569008579e-01
7.683726323958600668e-01
7.681642322221935437e-01
7.680590122916616247e-01
7.678219181681712469e-01
7.677123947470209098e-01
7.676394793759838686e-01
7.675526268274269759e-01
7.674333067242385953e-01
7.671914064767259012e-01
7.670974310434065524e-01
7.668932543657468459e-01
7.668343846865873781e-01
7.667003786301278545e-01
7.665090844825308558e-01
7.664537076462391019e-01
7.662063869738737765e-01
7.660896886199651812e-01
7.659684553860763856e-01
7.658392621974886572e-01
7.657610747610936741e-01
7.656301279032615703e-01
7.655412856103923636e-01
7.653516385178128489e-01
7.653823652097027086e-01
7.651562713384176817e-01
7.650448367468033473e-01
7.650165484799372750e-01
7.649355850583776650e-01
7.648180350049372800e-01
7.647721719082126723e-01
7.645555420119417578e-01
7.645908137552958062e-01
7.645893840527263619e-01
7.643418255058728183e-01
7.642076240436678214e-01
7.640512344092930119e-01
7.639463197415053974e-01
7.638393106271892385e-01
7.637452576016539041e-01
7.635855553579850019e-01
7.636157388901542165e-01
7.634355559468493091e-01
7.633838551899710945e-01
7.631599710784868762e-01
7.632103933777170113e-01
7.629754216214273965e-01
7.628033069384964060e-01
7.626489076763287578e-01
7.625148604388973794e-01
7.624486178869984698e-01
7.624277441967629576e-01
7.623118078457619129e-01
7.621865132326552938e-01
7.620598745817755981e-01
7.620113294598874765e-01
7.617369792385951799e-01
7.616332008221430305e-01
7.614918560329605457e-01
7.614675450727831363e-01
7.613518104335154080e-01
7.612041733911252273e-01
7.610820608147029764e-01
7.610074081860717099e-01
7.608746538643758051e-01
7.608463648975946070e-01
7.607248303668582290e-01
7.604654745857581943e-01
7.604489407848854521e-01
7.603168040776546732e-01
7.602939931621541803e-01
7.600280855796014423e-01
7.601709550485852285e-01
7.599108968586737456e-01
7.596391900574203104e-01
7.596677486552900760e-01
7.595097381104186640e-01
7.592941736640391737e-01
7.593673576394062152e-01
7.591341632512192961e-01
7.590225798880299024e-01
7.589991579668143862e-01
7.590967413234269712e-01
7.588609752772192962e-01
7.586662344887264986e-01
7.586232567754086498e-01
7.585481325799202645e-01
7.585454914909405266e-01
7.583267015218915219e-01
7.584051401526402669e-01
7.581906869628273204e-01
7.582630367073291966e-01
7.581215374310614763e-01
7.579115727065435237e-01
7.579491423309837606e-01
7.580429030686204328e-01
7.579148742754923118e-01
7.580468076948925216e-01
7.579230391960879443e-01
7.576818532689003627e-01
7.577288709488408935e-01
7.576188884804128110e-01
7.575314372728237933e-01
7.575641152541764400e-01
7.573444556191910593e-01
7.572599151234316039e-01
7.571559121615355492e-01
7.571943470152581179e-01
7.570081056275169695e-01
7.570144987033059492e-01
7.568314151590013195e-01
7.568304096017631766e-01
7.568911654953406343e-01
7.566490736759236002e-01
7.566464793178231396e-01
7.564601778366193408e-01
7.565887878178877424e-01
7.563042317061419162e-01
7.564397828439320959e-01
7.561646748603005896e-01
7.563138507208285732e-01
7.560888899020214993e-01
7.560661719286437821e-01
7.560003163658325365e-01
7.558294066448406623e-01
7.557411843740690083e-01
7.556100292090598414e-01
7.557535400131206726e-01
7.554703023864237643e-01
7.555991019623148341e-01
7.553278328207837511e-01
7.553998170599465212e-01
7.552170886058496846e-01
7.550571298659360941e-01
7.549776991023614547e-01
7.550458388922886011e-01
7.548438191074268167e-01
7.547139035184894373e-01
7.546593745460312697e-01
7.545989365282975703e-01
7.544225575230411041e-01
7.544325871897791247e-01
7.543059571770212024e-01
7.543617710650001307e-01
7.541069617128600688e-01
7.542288414386518758e-01
7.539472123497268363e-01
7.540921082505279704e-01
7.537718675054400075e-01
7.537823196891992872e-01
7.538137234892948735e-01
7.536694424588327168e-01
7.536211233764582573e-01
7.535900154894767944e-01
7.534156600156839412e-01
7.534019524911322874e-01
7.534371384291526086e-01
7.533613971211824412e-01
7.533013168233672063e-01
7.531971485721236093e-01
7.531919289494624081e-01
7.531112728379500965e-01
7.529787844126767382e-01
7.529178320972622629e-01
7.529762201154520662e-01
7.528034241373807722e-01
7.527624651165649716e-01
7.527145738791712892e-01
7.526134701256427251e-01
7.525247085565865968e-01
7.523932628892806562e-01
7.523903078066558336e-01
7.524536263878389697e-01
7.522236685143055546e-01
7.522363171984572938e-01
7.521166656736900658e-01
7.521354592900305613e-01
7.520519724107868065e-01
7.519419504659724529e-01
7.518742164736275102e-01
7.518093884816474670e-01
7.516613103065341583e-01
7.516154980867847391e-01
7.516761687335472564e-01
7.514645374002374423e-01
7.514583018661912250e-01
7.512473030416182418e-01
7.513627543872036796e-01
7.511769541601124311e-01
7.512294353480387654e-01
7.509969902022822774e-01
7.510205844315057666e-01
7.508251860285507506e-01
7.508789578499753814e-01
7.508916517526320611e-01
7.507789043657324690e-01
7.506307528618223479e-01
7.505711128976254587e-01
7.505668988444741396e-01
7.503886660979636192e-01
7.504172880683569469e-01
7.501506301268568988e-01
7.501255157059053547e-01
7.501731404864134811e-01
7.499358440547942983e-01
7.500013770496897214e-01
7.499076943095809300e-01
7.497646689203278925e-01
7.497467037912226573e-01
7.497209280521798247e-01
7.495087038392426182e-01
7.494514351065927338e-01
7.493117347557713970e-01
7.492806807863595653e-01
7.493076529856709245e-01
7.492969911777378478e-01
7.490987388225510690e-01
7.491542503343148196e-01
7.490430650321203698e-01
7.489934061506509089e-01
7.487904563511126321e-01
7.487619757121080077e-01
7.485908066074925538e-01
7.486725207424943518e-01
7.485452540715806791e-01
7.485215327759022763e-01
7.482127036692932665e-01
7.482615900396517583e-01
7.481518690310764441e-01
7.481139034443429203e-01
7.479512125965048774e-01
7.480471987570312953e-01
7.477497797178019878e-01
7.478992973550347978e-01
7.476616963949195283e-01
7.477092066867983000e-01
7.474023217404122121e-01
7.476196923212579115e-01
7.473942926510264151e-01
7.474352708251711386e-01
7.474109906710196816e-01
7.473062903149366720e-01
7.471976159765491010e-01
7.473451378411182233e-01
7.470585520554515746e-01
7.470832758151367825e-01
7.468314777864963894e-01
7.468745689086523365e-01
7.468369220367732098e-01
7.466969379392356387e-01
7.465738588195769410e-01
7.465906961118449203e-01
7.464337545274215557e-01
7.464637559002889056e-01
7.462358226426494268e-01
7.462488324499471082e-01
7.461288750403837211e-01
7.462026700663965117e-01
7.459231389802455370e-01
7.460701632895155866e-01
7.459176058931116238e-01
7.458830637920241813e-01
7.456959952578916528e-01
7.457230145630288076e-01
7.457779277649883021e-01
7.454207739540653632e-01
7.456910588293053088e-01
7.454022032980254231e-01
7.453999673426580097e-01
7.452770303962780174e-01
7.452396148464769388e-01
7.452888540340943946e-01
7.452515966308349560e-01
7.451409529875490101e-01
7.450108870850128406e-01
7.449323311749048715e-01
7.450030957422631994e-01
7.447935896133935918e-01
7.449156740361941864e-01
7.447396634146703498e-01
7.446182011962210190e-01
7.447899339565672294e-01
7.443876785298811916e-01
7.446347944824802667e-01
7.443329662968696248e-01
7.443421669386044437e-01
7.442948279842949155e-01
7.443755331730935731e-01
7.442023430988363719e-01
7.443996435123980682e-01
7.442282598064747789e-01
7.441028658207367030e-01
7.440267242836452466e-01
7.439355647666178184e-01
7.440552514909728465e-01
7.437731864041543517e-01
7.436993329257841623e-01
7.438209611095060181e-01
7.436455927543806910e-01
7.435599439273085087e-01
7.435960532661907152e-01
7.435537243575270905e-01
7.435625036888983130e-01
7.433128054472302182e-01
7.433279024009332714e-01
7.433261125719661244e-01
7.433140144467831334e-01
7.433200892890203804e-01
7.432219129090129606e-01
7.431185449691820599e-01
7.429856907614215134e-01
7.429976940779132732e-01
7.428902600509381671e-01
7.428352579857991911e-01
7.427324898015307264e-01
7.427006258149476681e-01
7.427084041016022153e-01
7.424364989919097768e-01
7.422589070681707701e-01
7.421586851646709837e-01
7.421277369248077127e-01
7.420615535954849795e-01
7.418777589363833025e-01
7.418455201877338645e-01
7.417335998351163306e-01
7.416444931813984676e-01
7.416206289405433694e-01
7.415894877806640251e-01
7.413884865418737258e-01
7.413806718678807028e-01
7.414276067477686416e-01
7.415970672020549825e-01
7.413097406436683912e-01
7.412838907875731742e-01
7.412071311495184167e-01
7.411294462764638213e-01
7.412605853106776221e-01
7.412313931175248394e-01
7.411230404993384147e-01
7.409716867410133245e-01
7.409690038736259643e-01
7.407857924677494488e-01
7.408081099969039407e-01
7.408482918904556458e-01
7.407660445418439155e-01
7.405202124167770128e-01
7.404186880524906700e-01
7.405788271906188491e-01
7.401719461621637519e-01
7.402530452202862321e-01
7.402336741818147381e-01
7.401392073609535105e-01
7.398581958620339405e-01
7.399811996358320876e-01
7.399629340036365521e-01
7.395486118019237720e-01
7.397501094143983380e-01
7.394613998174318636e-01
7.396855184931173666e-01
7.394134188180047085e-01
7.394172633840447872e-01
7.393064764218014728e-01
7.391656923338129070e-01
7.389274559286364008e-01
7.390965063717193084e-01
7.389919002972953344e-01
7.390347868564806078e-01
7.387117804472387306e-01
7.388528654711431498e-01
7.385415944265880661e-01
7.384682585009406663e-01
7.387436846816015645e-01
7.385275336362800980e-01
7.384237423594606220e-01
7.385662775214588693e-01
7.385222667767314952e-01
7.383549855296468456e-01
7.379494156335796307e-01
7.382499468702915513e-01
7.380280958556509896e-01
7.383323503365510909e-01
7.380944513709918331e-01
7.379581151553334939e-01
7.379939659925799367e-01
7.377817220108356944e-01
7.377217803945428365e-01
7.377216972918813065e-01
7.376250460886466520e-01
7.374895483429281251e-01
7.375052268351466322e-01
7.375101121040548158e-01
7.372884125961660651e-01
7.375894607063063768e-01
7.374541207655450625e-01
7.371529745798529598e-01
7.370659719542796973e-01
7.372411569754709904e-01
7.370033837745914029e-01
7.368633933437275241e-01
7.369483207782102641e-01
7.367715566163869356e-01
7.367821516311662267e-01
7.366730514208815750e-01
7.365310162169831365e-01
7.363405626271237736e-01
7.365228921456825617e-01
7.363317203030366187e-01
7.360853412067988044e-01
7.359822152881223545e-01
7.361879283497539950e-01
7.360221034136378293e-01
7.359008974095092581e-01
7.358895420509036223e-01
7.360156288186162632e-01
7.357516345023324966e-01
7.357153858117664313e-01
7.356620174319558059e-01
7.356722992422718432e-01
7.355853618502243840e-01
7.355241527947523617e-01
7.352843633183182570e-01
7.353942066432029856e-01
7.352311412891426867e-01
7.352560091966960920e-01
7.351326842654944960e-01
7.350464054939543912e-01
7.349930514899981615e-01
7.349290718455944171e-01
7.347705272191936698e-01
7.348043333660676524e-01
7.345092059613936852e-01
7.347293370493281905e-01
7.345796274425673289e-01
7.346452929502422791e-01
7.345117020674251096e-01
7.343392157206226623e-01
7.343297151309124970e-01
7.339799116032404980e-01
7.342404706025758010e-01
7.341154225937204236e-01
7.339596767879830175e-01
7.341573450092648834e-01
7.339398726996660960e-01
7.335361750442794815e-01
7.336446934855502811e-01
7.336076099071334733e-01
7.334637997155013522e-01
7.334653762247472786e-01
7.333679542594659928e-01
7.332898705168671150e-01
7.331533179265313782e-01
7.330754935425520813e-01
7.329035286079030875e-01
7.329596064155877722e-01
7.328916403473483276e-01
7.328547931151301320e-01
7.330241530889022306e-01
7.327733666383133837e-01
7.327118340870715230e-01
7.327970783325574722e-01
7.325375309909363253e-01
7.326716844216215607e-01
7.324020305652053642e-01
7.325448402484392441e-01
7.323440214170856555e-01
7.322074801203520833e-01
7.323218463593429428e-01
7.321237023777906749e-01
7.320354351365460088e-01
7.319516243845268777e-01
7.319934092134395831e-01
7.318182184308797966e-01
7.318408171233029558e-01
7.319371375506239508e-01
7.315855397253986370e-01
7.316678490510647448e-01
7.315133601879458825e-01
7.313393688191451858e-01
7.314739545914045182e-01
7.313315764907769578e-01
7.313010974940795661e-01
7.311699622221373707e-01
7.313089415946106842e-01
7.311856973009517313e-01
7.311909880489949609e-01
7.311710534276252282e-01
7.311124250772351729e-01
7.309713223516203229e-01
7.310876955658148768e-01
7.313150435850476194e-01
7.310645854763340168e-01
7.309527327534944829e-01
7.309454353803414017e-01
7.308385025329634521e-01
7.308840349885726839e-01
7.308345658381414367e-01
7.308792447972981554e-01
7.305356166199813428e-01
7.305264334582243224e-01
7.306259971293620481e-01
7.304446701746561965e-01
7.303386546541178470e-01
7.304495884195638666e-01
7.302076791471504569e-01
7.302638196541959559e-01
7.300462576048998287e-01
7.301875514753938257e-01
7.299174251371938205e-01
7.300489930999555233e-01
7.299778395222591421e-01
7.298264199513478934e-01
7.296725044386639381e-01
7.296576175675948406e-01
7.297217479262986251e-01
7.295574492011870360e-01
7.295791487264313702e-01
7.293791310375262738e-01
7.296382562660399529e-01
7.293060128802778541e-01
7.291905299738338231e-01
7.292910521329639684e-01
7.297489095245709434e-01
7.291804428451690301e-01
7.290233190969560573e-01
7.287320841250735093e-01
7.288441587161463842e-01
7.288640033934611351e-01
7.285698232828748955e-01
7.283030911587472511e-01
7.282846956224284796e-01
7.281769794201040646e-01
7.282046081023758610e-01
7.280850474755000690e-01
7.278204237430054846e-01
7.279629118823623957e-01
7.276223548805909047e-01
7.276003562484100184e-01
7.275560780517461579e-01
7.273676922020791968e-01
7.273341383941921423e-01
7.271444211135339453e-01
7.271049877750318524e-01
7.268334597226485672e-01
7.269256344415682136e-01
7.266755178334954879e-01
7.267621904053336301e-01
7.266603492891300364e-01
7.265196485605089904e-01
7.266274815091334771e-01
7.263280962624033554e-01
7.263681985564730548e-01
7.262155562792552699e-01
7.262727289918927687e-01
7.261644455270187537e-01
7.259707079387754947e-01
7.260226296754722641e-01
7.256698665953611460e-01
7.256965089941965763e-01
7.256929907484636066e-01
7.256611196036127920e-01
7.255651959306352872e-01
7.255142801846448108e-01
7.253948109090916363e-01
7.253650402293924104e-01
7.252978676398371682e-01
7.250817795767994234e-01
7.251844860263730874e-01
7.250197035775874932e-01
7.249480558902895444e-01
7.250226174041850546e-01
7.249239632072752570e-01
7.247827405626677821e-01
7.248289795636853050e-01
7.247748315858791868e-01
7.247943750947346553e-01
7.246888585661244164e-01
7.245809388780165561e-01
7.245880548344835193e-01
7.244973409249780838e-01
7.243405661965498510e-01
7.243866899854501940e-01
7.241357401662247284e-01
7.240646055220060218e-01
7.240168334946387452e-01
7.239114372873038938e-01
7.238816791395440431e-01
7.238509217642259408e-01
7.236807866756150842e-01
7.238326011015652206e-01
7.236241762647311893e-01
7.236356567379548244e-01
7.234965097136730749e-01
7.236066622239157864e-01
7.234082837776476538e-01
7.234257089973170629e-01
7.232532357818306501e-01
7.232959510443573992e-01
7.231998402777848334e-01
7.233135886048859264e-01
7.230919081737243737e-01
7.230975005411944823e-01
7.229831654725589196e-01
7.230638574069034874e-01
7.230247251404554598e-01
7.227305509196058075e-01
7.228040964961525150e-01
7.228292262794705492e-01
7.226435020104572393e-01
7.227650279541762979e-01
7.226410934647803375e-01
7.225105976831733834e-01
7.225999387951594910e-01
7.225474022055285994e-01
7.224678117578684500e-01
7.224269015123209181e-01
7.222983266935036895e-01
7.221563633177573438e-01
7.221939624987770978e-01
7.218334369728783839e-01
7.219182910692345523e-01
7.217787161050804867e-01
7.215606125093650958e-01
7.215894914213082378e-01
7.214382562730877746e-01
7.212998716732456073e-01
7.212571052407349415e-01
7.211016280212366736e-01
7.211504514591334791e-01
7.210927676243260587e-01
7.207386347232804802e-01
7.206376429064428324e-01
7.205313915139739400e-01
7.204604885410308412e-01
7.203352391768488294e-01
7.201785441474989335e-01
7.200471931065027809e-01
7.200095432724388234e-01
7.198285089582818763e-01
7.198896907746511475e-01
7.198312814958262029e-01
7.196932584950846978e-01
7.195906982156484721e-01
7.195378450503082668e-01
7.195038792830400487e-01
7.195354374739766357e-01
7.195828771048158323e-01
7.194027907691653567e-01
7.192978397481445407e-01
7.191879636120294128e-01
7.190990942124496632e-01
7.191099634368000038e-01
7.190625559134762312e-01
7.189618698870848812e-01
7.188533644545853640e-01
7.188167636527827975e-01
7.187244565891637293e-01
7.187494528482479828e-01
7.184563522679509040e-01
7.185387502643498792e-01
7.184153569261533256e-01
7.184665807559663664e-01
7.180950479408548803e-01
7.182497444852464774e-01
7.180664532983214166e-01
7.179590159705915298e-01
7.180749747643314640e-01
7.179139169876398441e-01
7.178251216494865306e-01
7.178389028247632586e-01
7.176460594408081706e-01
7.176395477001319412e-01
7.174157141022045048e-01
7.175119810084766847e-01
7.173331101463146231e-01
7.174692547849539359e-01
7.172873787839516568e-01
7.171439854779504408e-01
7.170332761827310497e-01
7.171659916588523087e-01
7.169052520862959632e-01
7.170238680368260509e-01
7.168275531691571389e-01
7.165274750429744266e-01
7.167439751247540736e-01
7.164765861122237567e-01
7.166051955879342295e-01
7.166639499742440966e-01
7.166005921552124347e-01
7.163798286720653996e-01
7.163721041252033572e-01
7.162379058309107371e-01
7.161230532757509870e-01
7.162948607490730035e-01
7.162224607514168229e-01
7.161838268097368010e-01
7.161621452237222352e-01
7.160736787842313378e-01
7.159736256713263858e-01
7.159309799086291948e-01
7.159432276458925770e-01
7.158880727323286841e-01
7.158057424824093573e-01
7.156623089792394365e-01
7.158467502383900616e-01
7.157569905280655176e-01
7.155535938270860541e-01
7.155385714081784476e-01
7.154579751397408538e-01
7.154200602250665453e-01
7.155511739138099570e-01
7.152695854169820455e-01
7.154094333852526466e-01
7.154060559149276743e-01
7.152755710979085135e-01
7.150943636057972563e-01
7.151388470033173128e-01
7.151745641095234030e-01
7.151304484812744944e-01
7.150016256239402068e-01
7.149463050060477221e-01
7.146907256580800061e-01
7.149122395864709878e-01
7.149082714212221523e-01
7.148277919407450831e-01
7.145537109320616587e-01
7.147733168404415416e-01
7.146708674885952073e-01
7.144525536286691070e-01
7.143852982975388288e-01
7.144988698433838437e-01
7.143974088212309281e-01
7.143026813094998095e-01
7.141543848306569631e-01
7.140973222577983170e-01
7.142169363955653827e-01
7.140769558374236992e-01
7.139285015099510190e-01
7.140286152750580095e-01
7.138453354656214556e-01
7.138883834962164165e-01
7.138529790036948208e-01
7.139009237956028819e-01
7.137973458265930438e-01
7.136577405723395495e-01
7.136297144525033387e-01
7.136731352015592833e-01
7.134837536983923423e-01
7.135246463108527726e-01
7.136393353900002401e-01
7.136415699546182489e-01
7.135196577812257246e-01
7.135215332242884623e-01
7.134769473598941980e-01
7.133216367177895867e-01
7.133278184503325514e-01
7.132036329564566124e-01
7.133066019875027308e-01
7.131280530022306996e-01
7.131209443054539188e-01
7.130675610275685194e-01
7.129976087835473431e-01
7.129609026458610943e-01
7.128269197183874084e-01
7.128788672308040697e-01
7.127038618055833163e-01
7.126868539629773736e-01
7.127830063991668075e-01
7.126471375769375394e-01
7.124726259353901803e-01
7.126192895104420666e-01
7.124844617472493313e-01
7.124404249232502151e-01
7.123445768467987493e-01
7.124179460593281776e-01
7.122200121099478975e-01
7.122561755011318496e-01
7.121697313547059593e-01
7.122828196593777861e-01
7.120444766704578932e-01
7.120958503329162248e-01
7.120940112937707012e-01
7.120100524891000981e-01
7.119697066694085086e-01
7.119731658725378942e-01
7.118699428768838766e-01
7.117410492311114778e-01
7.118267186779810851e-01
7.116969359884106616e-01
7.116102975094850125e-01
7.116285613908225338e-01
7.115711267914351934e-01
7.115580805778409790e-01
7.114260139256217697e-01
7.113668231154138821e-01
7.112730253347123721e-01
7.113875526682157391e-01
7.112791885276159576e-01
7.112250254995703402e-01
7.112331297712738420e-01
7.111576609176761821e-01
7.111990966492774957e-01
7.111486726516186296e-01
7.110295121378356065e-01
7.110677620324769022e-01
7.109616192718198890e-01
7.109148084467648010e-01
7.108167485471311720e-01
7.107003536460699822e-01
7.107056492484313814e-01
7.107427545672315716e-01
7.107608022686009441e-01
7.106976328738249249e-01
7.105748792024790816e-01
7.105191810863020763e-01
7.104669554220466310e-01
7.103986886470680107e-01
7.104331688276928070e-01
7.102368130577044747e-01
7.104124177712735078e-01
7.103363321781032136e-01
7.101998665680548939e-01
7.100758755222703611e-01
7.100574164034441083e-01
7.100309881321891226e-01
7.099701140443310798e-01
7.099662896514936650e-01
7.098925290285809098e-01
7.098420196211360222e-01
7.097724547358352787e-01
7.098459164371174746e-01
7.097394646702724907e-01
7.096787624577943765e-01
7.096487434632802183e-01
7.095958093647060094e-01
7.095849444780465420e-01
7.094727570502437075e-01
7.094908730445710354e-01
7.094983025799396215e-01
7.094497536818914485e-01
7.094067759808549978e-01
7.093913794953835561e-01
7.094391896052529844e-01
7.093337001311654788e-01
7.092856334760454518e-01
7.092876744430595126e-01
7.091888271272740463e-01
7.091527430126601805e-01
7.091606815709962097e-01
7.090290478105768512e-01
7.090739001301605837e-01
7.089874825156833316e-01
7.090799478978085935e-01
7.091075431112242589e-01
7.089365588468351520e-01
7.088933854078307562e-01
7.089080403340805026e-01
7.088816147169504367e-01
7.087038734684759644e-01
7.086975270323904175e-01
7.085418747556868624e-01
7.085230596760977440e-01
7.086099194204117380e-01
7.084416793138964552e-01
7.084653519679564582e-01
7.084206874843513857e-01
7.084573990772419227e-01
7.083245126474263520e-01
7.082787284327856092e-01
7.082297400807426868e-01
7.082014572885394488e-01
7.082094845984081566e-01
7.082063857381415417e-01
7.081684540430189800e-01
7.081157086209656226e-01
7.080218778942352076e-01
7.080362894156078113e-01
7.079891583260345955e-01
7.078985775561120741e-01
7.079584820492336172e-01
7.076706905862207853e-01
7.079335159027357882e-01
7.077794010618490006e-01
7.077478799160635825e-01
7.077480528518420577e-01
7.076623497266590901e-01
7.075486395552755825e-01
7.075587833399311632e-01
7.075514895480660149e-01
7.075230269188536036e-01
7.074900404371921026e-01
7.074303554379790526e-01
7.074308722733816390e-01
7.072762663756830825e-01
7.074507753247973874e-01
7.073531371415643365e-01
7.072603187765841293e-01
7.071723976623999208e-01
7.071189322009804323e-01
7.070323046540013534e-01
7.070241778967392143e-01
7.070771386598070363e-01
7.068969058141595374e-01
7.068896575350244182e-01
7.066520372552901330e-01
7.067136524829319422e-01
7.065602798268875162e-01
7.067213046426820133e-01
7.066208948485215302e-01
7.064920616537309073e-01
7.065361809197789889e-01
7.065038837201423894e-01
7.064970816159649170e-01
7.064110814703572494e-01
7.062461355835641941e-01
7.063697945479955331e-01
7.063969782531187569e-01
7.063863475798822789e-01
7.062421460516246086e-01
7.061990212341924256e-01
7.062873086452627902e-01
7.062381103357718848e-01
7.061907485076553970e-01
7.061333354045481459e-01
7.062981004271199348e-01
7.062767246976170421e-01
7.061760905999251436e-01
7.061094346509363406e-01
7.060474791462633126e-01
7.058742644680188194e-01
7.061116224466735813e-01
7.058462850487886575e-01
7.058452929415636179e-01
7.057410477055413578e-01
7.058070346072448098e-01
7.058961886880981140e-01
7.058022534110288682e-01
7.056713856380812944e-01
7.055359698235014188e-01
7.056988107055862658e-01
7.056546290950750366e-01
7.055147886737148655e-01
7.055369889312342879e-01
7.054607758405455620e-01
7.057753650475705465e-01
7.052415418424987648e-01
7.054773933403719610e-01
7.052110829022693039e-01
7.055478741214159522e-01
7.051686475956318034e-01
7.051888691099214013e-01
7.051921553229382189e-01
7.051966488042418213e-01
7.047871674782477669e-01
7.050829521438092273e-01
7.051606297554949832e-01
7.050189900049464997e-01
7.048967608419757225e-01
7.049305787350016450e-01
7.049081486277195552e-01
7.048324826904915907e-01
7.048159858421096935e-01
7.047611524320763765e-01
7.048250649092061559e-01
7.047349357576812023e-01
7.046487760332498240e-01
7.047061986236856646e-01
7.044597371233759509e-01
7.045772276299903103e-01
7.045202732504193266e-01
7.044430834843137257e-01
7.043999530160990341e-01
7.046027314691837296e-01
7.042173914435703175e-01
7.043315625762157639e-01
7.042737332823185703e-01
7.043546613738143058e-01
7.040511100509244669e-01
7.042605983144863968e-01
7.040987404659725390e-01
7.041682020572325174e-01
7.040750689756355429e-01
7.039787490656594926e-01
7.040659715221008197e-01
7.040316277275926460e-01
7.039701487368441590e-01
7.040606721620091824e-01
7.039694226288606416e-01
7.038400107805466988e-01
7.041168591500390761e-01
7.038656652502912614e-01
7.039970495116336657e-01
7.041307457978766005e-01
7.039083632451544892e-01
7.039443106626933622e-01
7.037421715131398914e-01
7.035707337595592525e-01
7.039783403310408971e-01
7.039089098842841175e-01
7.036997999113462354e-01
7.038213882455841564e-01
7.036227916587730613e-01
7.036268926983112459e-01
7.038348981775310875e-01
7.035690784929325980e-01
7.036416838596676326e-01
7.035189490643850574e-01
7.033504569383453031e-01
7.035178870118601324e-01
7.035654347743290904e-01
7.035095630873809958e-01
7.033630504188392862e-01
7.034456513834852487e-01
7.033443271179836698e-01
7.034316022628651632e-01
7.033946980452888686e-01
7.033469595250245732e-01
7.032539852991304130e-01
7.031680036316779736e-01
7.032895477307866683e-01
7.031338034167752271e-01
7.032196203558830350e-01
7.029529973117841779e-01
7.031261557730977829e-01
7.030034046617402721e-01
7.028434789328863452e-01
7.029649039562083646e-01
7.029008780371844844e-01
7.029051872226889097e-01
7.028183067465088030e-01
7.026219122244751203e-01
7.026981609809039853e-01
7.026146143850894310e-01
7.027064711683629339e-01
7.027462702355574686e-01
7.022100009127242304e-01
7.024704289185943473e-01
7.026489925403720527e-01
7.024128453709973519e-01
7.023873434388634429e-01
7.024494020730921440e-01
7.024040503828401505e-01
7.023719422606791163e-01
7.022996284573981285e-01
7.021461613810259239e-01
7.022943341769239955e-01
7.022120683961663445e-01
7.020499182358439505e-01
7.018559175261610550e-01
7.019954858735886205e-01
7.021066457543780892e-01
7.020471521387130487e-01
7.019545508152346125e-01
7.020386343571570764e-01
7.017730893779091650e-01
7.015458932862407293e-01
7.016989236185330325e-01
7.016175316736186218e-01
7.016779616954399446e-01
7.017264684965175414e-01
7.014418474281288729e-01
7.015506004912025473e-01
7.014523803251609957e-01
7.015886322358600991e-01
7.013306435227861790e-01
7.014357335852684505e-01
7.014169410152223394e-01
7.012020494844364293e-01
7.012655415199962050e-01
7.011993744930178352e-01
7.012966177136857882e-01
7.010076203911818071e-01
7.009689405503017889e-01
7.011045996550056003e-01
7.010447427972071877e-01
7.010300848381199046e-01
7.009138851861873576e-01
7.009085773700433064e-01
7.009963958680001106e-01
7.008421949849191757e-01
7.006703470339897821e-01
7.007050967720006573e-01
7.006052378649209045e-01
7.006602057168559439e-01
7.007549583501170298e-01
7.005350400236139974e-01
7.006543403497326183e-01
7.004564231092368365e-01
7.006370187788196757e-01
7.004394786940871809e-01
7.003790825231263062e-01
7.005691290596890441e-01
7.003733872026768337e-01
7.004216773656289918e-01
7.002074255959600535e-01
7.001890301864107657e-01
7.002125165301494869e-01
7.002499477223017577e-01
7.001710216503927997e-01
7.000517575099128864e-01
7.000452464408585262e-01
7.001712364887028306e-01
6.999747083984512175e-01
6.999290988161349647e-01
6.999930177818792787e-01
7.001529842014843075e-01
6.998726220039365176e-01
6.998848039694078871e-01
6.998270893340242660e-01
6.998415741150347813e-01
6.998263144098624267e-01
6.996567194023763925e-01
6.996907979489934704e-01
6.997160095527020784e-01
6.995685739653400015e-01
6.997316257167031095e-01
6.995511465070292090e-01
6.994276378157988638e-01
6.994511508308430825e-01
6.995051272271007869e-01
6.993793178812618416e-01
6.992926962205506802e-01
6.992774838067087328e-01
6.992687414311383742e-01
6.992664904863139519e-01
6.991791002871158289e-01
6.992238500979053306e-01
6.991145117133946707e-01
6.991234605806986302e-01
6.991430001095624291e-01
6.989681996634774519e-01
6.990701249285481422e-01
6.990617816310282784e-01
6.989287536163993897e-01
6.990484306756177268e-01
6.989270100015124720e-01
6.989097271721654847e-01
6.988452891889173069e-01
6.988102021312180279e-01
6.988026715746754602e-01
6.987133822238925651e-01
6.988301112350411293e-01
6.986893851712524528e-01
6.987832520563341809e-01
6.986036908896829933e-01
6.986608537808023378e-01
6.984651915981380244e-01
6.985714511690166439e-01
6.984997399964036902e-01
6.984236196220496851e-01
6.984174315560429669e-01
6.984421854088332937e-01
6.984735511420473442e-01
6.983502760196502734e-01
6.983624827516913269e-01
6.983028843504724970e-01
6.982333064879987505e-01
6.982088707027845897e-01
6.981831225885648529e-01
6.983370098337764453e-01
6.981941395189403821e-01
6.981668239723536340e-01
6.980890648379226571e-01
6.982341698941599839e-01
6.981109128444851208e-01
6.981663421118807777e-01
6.980705258671080493e-01
6.980796347491194931e-01
6.981689260991029711e-01
6.981785346901493439e-01
6.980533931469592446e-01
6.981677245918800345e-01
6.980850515459232630e-01
6.980399034879335440e-01
6.980237770489329252e-01
6.981645319297514751e-01
6.981608838968363928e-01
6.980567818596408181e-01
6.980446187357087773e-01
6.980619193906921760e-01
6.981404835743049153e-01
6.981267833752706764e-01
6.981842336361631096e-01
6.980941738685576547e-01
6.980686797021813383e-01
6.980582787105591436e-01
6.981430372504281445e-01
6.980792472832302309e-01
6.981877673652419070e-01
6.980783688391317687e-01
6.981180919268088481e-01
6.981238576643437055e-01
6.980784854693277142e-01
6.980027272107595104e-01
6.980676367099860613e-01
6.980439639985090983e-01
6.979849429485316392e-01
6.978840599548905566e-01
6.978876722219240492e-01
6.979813093220115228e-01
6.979001014619160559e-01
6.977753784653057956e-01
6.977303870391750040e-01
6.977498632365911613e-01
6.976938110735689813e-01
6.976380334448030185e-01
6.976529518679188691e-01
6.975743285845622532e-01
6.975281474025752937e-01
6.973989481292931503e-01
6.974145601490806534e-01
6.974106575850523848e-01
6.974625566399770271e-01
6.973023189255331822e-01
6.973547592246082116e-01
6.972253549652019933e-01
6.972869023623821105e-01
6.971399904603668984e-01
6.971332805998753379e-01
6.970556656851728539e-01
6.970828435366852593e-01
6.970674511297140219e-01
6.969820253865628423e-01
6.970087134699237685e-01
6.969286765054927280e-01
6.968866329381646629e-01
6.967932438393774630e-01
6.967959539783680212e-01
6.966838908511511219e-01
6.967925214889545416e-01
6.966538537403654807e-01
6.965963675659977428e-01
6.966385869456592772e-01
6.964848864449204591e-01
6.964960644784675692e-01
6.965195285254162094e-01
6.962931521887377739e-01
6.964059489275054027e-01
6.963152419115833380e-01
6.962056145072792468e-01
6.961814490164898173e-01
6.961702834601449785e-01
6.961317710192278518e-01
6.960013530321166320e-01
6.960788787834121250e-01
6.959540619855711929e-01
6.958150395513241770e-01
6.958521733642131224e-01
6.957601686360117554e-01
6.956786301359586533e-01
6.957941369611821969e-01
6.956405368429042779e-01
6.956176519213806975e-01
6.954707817679756099e-01
6.954752060202665787e-01
6.953231340888333945e-01
6.953137306687887653e-01
6.952770341143210686e-01
6.952023628171239977e-01
6.952346209307186387e-01
6.951761466359349662e-01
6.952045837699789566e-01
6.950967238538322546e-01
6.949918455429995312e-01
6.950206592811496442e-01
6.949290286738887268e-01
6.948421508037588845e-01
6.949655145184173710e-01
6.948037983618305935e-01
6.947098559974946852e-01
6.945609614743762927e-01
6.946962144672187423e-01
6.945772341873673872e-01
6.945903977032932275e-01
6.944577779133710438e-01
6.944182161574136147e-01
6.944072408076032987e-01
6.944151034969201497e-01
6.943648794967858251e-01
6.943187418620285767e-01
6.942923184082040455e-01
6.942958497750407743e-01
6.940814729003302874e-01
