3.060459596888099441e+02
6.248390885849934762e+01
4.408686613497970797e+01
3.505981073523760472e+01
2.981308152116521271e+01
2.657805611184668848e+01
2.433331352215128618e+01
2.246033961361308684e+01
2.060427380147861598e+01
1.884038556751453797e+01
1.721913173707309852e+01
1.566811466683287790e+01
1.412088941032287970e+01
1.257177653917624305e+01
1.104040771430598689e+01
9.519015052007597788e+00
7.996200795634503145e+00
6.596447330263103481e+00
5.506568275379041921e+00
4.747033380106919331e+00
4.229029995780986262e+00
3.856409204360305765e+00
3.571106227658562560e+00
3.348278104580153514e+00
3.172068807486588593e+00
3.026013397599767174e+00
2.905198996762532015e+00
2.804969756099892297e+00
2.717592835390460149e+00
2.639624201513586232e+00
2.569697737395766790e+00
2.506039826184315533e+00
2.448873157139377366e+00
2.396358361978808471e+00
2.347727998998906163e+00
2.302738253904925703e+00
2.260767067602711844e+00
2.221518414282896536e+00
2.185466783931440116e+00
2.150634942858683285e+00
2.118524533959893930e+00
2.088945729172633659e+00
2.061070176692212375e+00
2.034536321880239473e+00
2.009156857627783399e+00
1.984861375773101733e+00
1.962253112142019917e+00
1.940703471443493422e+00
1.919489926990652462e+00
1.899218555318024748e+00
1.880760178865860333e+00
1.862419023408056651e+00
1.844401207077835947e+00
1.826809088793895031e+00
1.809266734221181894e+00
1.792751952897788215e+00
1.776023552604836242e+00
1.759211539207857555e+00
1.743100762077173904e+00
1.727250699119596611e+00
1.711433416241468608e+00
1.696335981913704272e+00
1.681395594112707670e+00
1.666825765529594605e+00
1.652579632543718313e+00
1.638491997702757663e+00
1.625009575610254053e+00
1.612020408964731644e+00
1.599285181077177542e+00
1.586602153436872165e+00
1.574858224237559279e+00
1.563224716257648694e+00
1.551628987331349130e+00
1.540812795535910995e+00
1.530502753595130772e+00
1.520201117546055469e+00
1.510477568904130541e+00
1.500991079381455373e+00
1.491948256863773858e+00
1.482945518941487073e+00
1.474563040131654512e+00
1.466417748373021412e+00
1.458198090648264333e+00
1.450528083634244458e+00
1.442964138480737901e+00
1.435897633872804668e+00
1.428999574366573766e+00
1.422438462544962645e+00
1.416022296854818618e+00
1.409724959429501157e+00
1.403651897895552780e+00
1.397904375548244316e+00
1.392426520966581149e+00
1.386837653048483610e+00
1.381260258026875576e+00
1.376349589192017220e+00
1.371185844861186887e+00
1.366256937913562730e+00
1.361898019794624437e+00
1.357080388052760211e+00
1.352760704400299607e+00
1.348211862346476941e+00
1.343844001780025943e+00
1.339380303748543888e+00
1.335345926481630308e+00
1.331315359557947886e+00
1.327236735823206670e+00
1.323215255308598293e+00
1.319048269150019159e+00
1.315167863173706264e+00
1.311332622912343648e+00
1.307622059154116334e+00
1.303784741892834997e+00
1.300052445020809744e+00
1.296432170927396932e+00
1.292868258803703929e+00
1.289285409943150107e+00
1.285417331462138435e+00
1.281275008027132900e+00
1.277440748443064544e+00
1.273593928947859721e+00
1.269867082295746075e+00
1.266008350894770373e+00
1.262080718617857311e+00
1.257919323178411597e+00
1.253529848361259136e+00
1.249501952157913598e+00
1.245678347748886194e+00
1.241862811981794046e+00
1.237982294213964218e+00
1.234042942870777315e+00
1.230176127734942337e+00
1.226231392542664667e+00
1.222462722704069416e+00
1.218900968511889005e+00
1.215626817274425564e+00
1.212326116411100552e+00
1.209447935114822847e+00
1.206619609329692588e+00
1.203416794393222133e+00
1.200345643459247436e+00
1.197356290523878597e+00
1.194191494697661282e+00
1.191280526538783358e+00
1.188465930138381088e+00
1.185165323606693910e+00
1.181977844789803278e+00
1.178853686032994563e+00
1.175761633668853667e+00
1.172683005611861562e+00
1.169687332017563808e+00
1.166649397749323969e+00
1.163632105188360466e+00
1.160808631738488916e+00
1.157829995028780479e+00
1.154902850053030949e+00
1.152291638097847626e+00
1.149580032679557773e+00
1.146887902503924472e+00
1.144308114314645186e+00
1.141810269216017693e+00
1.139273866903303567e+00
1.136869873226024064e+00
1.134363914600947432e+00
1.132081209321870396e+00
1.129714269350416522e+00
1.127341569572533064e+00
1.125043987607629026e+00
1.122882427583988818e+00
1.120666284746018038e+00
1.118439760070234490e+00
1.116293508841684767e+00
1.114000811707546390e+00
1.111949727041072089e+00
1.110111956641118169e+00
1.108049076856551407e+00
1.105998959091943901e+00
1.104137484322865292e+00
1.102353859311159257e+00
1.100575466720209894e+00
1.098922056263060165e+00
1.097270135686903236e+00
1.095578003818847401e+00
1.093745382226301688e+00
1.091963526178313604e+00
1.090122233931779538e+00
1.088670325105443037e+00
1.086963015580658665e+00
1.085604479861145721e+00
1.084220447786857777e+00
1.082787094138871309e+00
1.081123382767061658e+00
1.079678944509769423e+00
1.077872086431988174e+00
1.076425824852549562e+00
1.074831535759395607e+00
1.073447677871824935e+00
1.071974030124126287e+00
1.070350001830886244e+00
1.068878562185938241e+00
1.067237869241280501e+00
1.065754602072390034e+00
1.064314131427688270e+00
1.063058841869463755e+00
1.061501194133608106e+00
1.059932725945831100e+00
1.058626662851187783e+00
1.057329705592068514e+00
1.055701262424602715e+00
1.054243479165232644e+00
1.052669995504082134e+00
1.051469438281665614e+00
1.050007570085226272e+00
1.048654697384026724e+00
1.047397243449179616e+00
1.045934219755140226e+00
1.044602247431425601e+00
1.043281683711566821e+00
1.041967955730129569e+00
1.040794789967673273e+00
1.039534766640191732e+00
1.038264896236012813e+00
1.037025871963589418e+00
1.035833000028421713e+00
1.034570992893203423e+00
1.033363535348459816e+00
1.032109474609329558e+00
1.030823862938142543e+00
1.029930002589865001e+00
1.028617934062575179e+00
1.027315548509130982e+00
1.026023108933299843e+00
1.024905320632306882e+00
1.023673595675984815e+00
1.022536078058210007e+00
1.021112765799662148e+00
1.020115688903240780e+00
1.019027901892023857e+00
1.017917604630593553e+00
1.016719149991977433e+00
1.015883352239581372e+00
1.014669781949116834e+00
1.013516724156837912e+00
1.012524258978015679e+00
1.011316550108807499e+00
1.010104994373538290e+00
1.009085291431224496e+00
1.008019181223009042e+00
1.007022908601640454e+00
1.005793389192404241e+00
1.004619753912362468e+00
1.003584327141351595e+00
1.002521894835157967e+00
1.001323935507452356e+00
1.000313834694666282e+00
9.992704066388418127e-01
9.980438846229020555e-01
9.970992309133523968e-01
9.959700365837572678e-01
9.946551191504723333e-01
9.936567739092442286e-01
9.925751279645981251e-01
9.915353804493690637e-01
9.905802855663701223e-01
9.895276113643043381e-01
9.886051482543553037e-01
9.877293823841446496e-01
9.865413759418705242e-01
9.857134075797175932e-01
9.847287275028010489e-01
9.836942073130368058e-01
9.829979237395977121e-01
9.821480296245724828e-01
9.811790759447447385e-01
9.803473681113429317e-01
9.794921073440306936e-01
9.785811714033926245e-01
9.775907539414464553e-01
9.766823533011604885e-01
9.756719972250883499e-01
9.747573708022171379e-01
9.737925284215426247e-01
9.728863177191368061e-01
9.722630278435229201e-01
9.716402531398050657e-01
9.708221541299560942e-01
9.701081759528613624e-01
9.693923345639433586e-01
9.686409236136929168e-01
9.678606625968680932e-01
9.671006313094007156e-01
9.661611650159880327e-01
9.653216736781627949e-01
9.645449683301214883e-01
9.637617976404442288e-01
9.632368397211178435e-01
9.625365707046730224e-01
9.619246184756312656e-01
9.613633293202692442e-01
9.606690977080815097e-01
9.598732281679226430e-01
9.592573404562362294e-01
9.585617407780486765e-01
9.578832504389040992e-01
9.572217196332100109e-01
9.564432725235613164e-01
9.558418053255803848e-01
9.550981793833387412e-01
9.545190684751353460e-01
9.535797739803886230e-01
9.530551675207660223e-01
9.523716981270281545e-01
9.517241632044067812e-01
9.512111393984635788e-01
9.504780528942010642e-01
9.500480708770387972e-01
9.494198377698679359e-01
9.488977521830462836e-01
9.482439752027554958e-01
9.477043030276267599e-01
9.470558551902028555e-01
9.464764254262139076e-01
9.459028235938125029e-01
9.451970488997054609e-01
9.445884458536650818e-01
9.439131246943924802e-01
9.432544464294866371e-01
9.429461535148323525e-01
9.424399223505650625e-01
9.418564358398856529e-01
9.412098488621746251e-01
9.407530881319668969e-01
9.401107397339951710e-01
9.395707205588411659e-01
9.391801746033096032e-01
9.385580509741034971e-01
9.381279251385175044e-01
9.374087486732317620e-01
9.366987483881267229e-01
9.362182321798847573e-01
9.352829325148124262e-01
9.346081495819379414e-01
9.341689330399095548e-01
9.335724923547058518e-01
9.327653528135413374e-01
9.325160479162716287e-01
9.320097560807824033e-01
9.313054688680756366e-01
9.307876827147767429e-01
9.300931802064948961e-01
9.296003139989009734e-01
9.289712779172480950e-01
9.283640229008173206e-01
9.278779320646136641e-01
9.273238902943976569e-01
9.268857964866429322e-01
9.265027058325475684e-01
9.259080592952561028e-01
9.253974649568084132e-01
9.249260200171308677e-01
9.243495582170221381e-01
9.238862857189832356e-01
9.232512909796213307e-01
9.226343212871129795e-01
9.220782953550067385e-01
9.216080482641463290e-01
9.214249144711094130e-01
9.211623308944686395e-01
9.204832646482122849e-01
9.198303832018018822e-01
9.191643859958196217e-01
9.186885253460627121e-01
9.181649014823799471e-01
9.176840757460739129e-01
9.171018992781400092e-01
9.165243872459534202e-01
9.159478241560446987e-01
9.154625826206613803e-01
9.148730697743386875e-01
9.144691677708708388e-01
9.140109529294617730e-01
9.133713362143277559e-01
9.127863550617539845e-01
9.122916095832162009e-01
9.117810882101619052e-01
9.111607335613639558e-01
9.108117314898277472e-01
9.100818754463171345e-01
9.097658139378484998e-01
9.092665546788309960e-01
9.087183851580372673e-01
9.082980637096179644e-01
9.077893829789428493e-01
9.072431589103148175e-01
9.066840135649232302e-01
9.061538108336554265e-01
9.057139849368397444e-01
9.051790029926896075e-01
9.045750627743847083e-01
9.042591565753825833e-01
9.038203493750954776e-01
9.032752985273998503e-01
9.027941725413226592e-01
9.024265931802294416e-01
9.018470012115682444e-01
9.014447934702544130e-01
9.009839551669677205e-01
9.005569405543526473e-01
9.001132772061342102e-01
8.996581341843329360e-01
8.992459091094485713e-01
8.988901682975650731e-01
8.985567941440203432e-01
8.980171148930531366e-01
8.975779550271920648e-01
8.970510427120695907e-01
8.968831207326944943e-01
8.965171858004375993e-01
8.963165658562989302e-01
8.957574974574211701e-01
8.953614300960465178e-01
8.949942115781038821e-01
8.948231000790959344e-01
8.943126922317867766e-01
8.939384621063943825e-01
8.934534172550202547e-01
8.932077847201108645e-01
8.927540705338262716e-01
8.925542532544215035e-01
8.921671266850860205e-01
8.913711492969648154e-01
8.910555370257888796e-01
8.907494143950670518e-01
8.896461241384159280e-01
8.892565259847002856e-01
8.890928659088180863e-01
8.885256969439523367e-01
8.881023853374881982e-01
8.873738705748172029e-01
8.872091745135479712e-01
8.870923411233433420e-01
8.866918156377181504e-01
8.861604312021764684e-01
8.856211933560077521e-01
8.852517352973218179e-01
8.847747191487331797e-01
8.841515730756577263e-01
8.837960790649107556e-01
8.834039196080251122e-01
8.831497895707330903e-01
8.824390635093649626e-01
8.821662730444788103e-01
8.816665931614919849e-01
8.813855334689453258e-01
8.809626951488236379e-01
8.805117703646861971e-01
8.801447112042560805e-01
8.797488809623703609e-01
8.795526122741265107e-01
8.789933927082813625e-01
8.787692535181195197e-01
8.782852131813564389e-01
8.780547921942393197e-01
8.774957355537161829e-01
8.770835332708944998e-01
8.767845527864214228e-01
8.759946616175177114e-01
8.756537156005056444e-01
8.752232021160918363e-01
8.748025749973966647e-01
8.742973148899944036e-01
8.739536403777273810e-01
8.739086590988791592e-01
8.732162921339642336e-01
8.727244896088121040e-01
8.726889842968409416e-01
8.721505813108348937e-01
8.718354418919878057e-01
8.714107458273625539e-01
8.711769264186535189e-01
8.705872360775915864e-01
8.699578196134899466e-01
8.694808264953368671e-01
8.693965493974732395e-01
8.689789021687884807e-01
8.685961397242268900e-01
8.683439113923506758e-01
8.679506687688558486e-01
8.675073268336633836e-01
8.671657037384310485e-01
8.665955190474998737e-01
8.664644291980176938e-01
8.662487074277568366e-01
8.659243332260695425e-01
8.651348957479511048e-01
8.645848776006800351e-01
8.642853801076201270e-01
8.636560964485223701e-01
8.631085101263820114e-01
8.626233585466994702e-01
8.623970718538124247e-01
8.618798984085415116e-01
8.615643346362785726e-01
8.610875835480052976e-01
8.608297811537758415e-01
8.601404665997085530e-01
8.595749064278384033e-01
8.588703836947811920e-01
8.582983798580835488e-01
8.576167165731178876e-01
8.569004222751822608e-01
8.562520792047868534e-01
8.554938459525588401e-01
8.549083626208867637e-01
8.541076447087454504e-01
8.533069462677591588e-01
8.525251407166331008e-01
8.519449218607088037e-01
8.512326561848904127e-01
8.504465036900783481e-01
8.497419473255992672e-01
8.492506002171346102e-01
8.486622578769328351e-01
8.479486374992492026e-01
8.474909515040899288e-01
8.464777665443908861e-01
8.459681017649511858e-01
8.451560041579285754e-01
8.443975617714842841e-01
8.434389636238034393e-01
8.428773634313193597e-01
8.423625161484121771e-01
8.417158641123106966e-01
8.411585325482801023e-01
8.403148992740397949e-01
8.397904658112715914e-01
8.390729897512159141e-01
8.383069669365266208e-01
8.376027804931337473e-01
8.368117787934742369e-01
8.361968729638517006e-01
8.356129558116633937e-01
8.349085826212663264e-01
8.345002138416622861e-01
8.339036874605801897e-01
8.331216458158511307e-01
8.324520145403623284e-01
8.317283604955957310e-01
8.312017412986540954e-01
8.305248578968997819e-01
8.300038557622611002e-01
8.293651484124637818e-01
8.288333622099357534e-01
8.283844759917613487e-01
8.279683685811298766e-01
8.274389588500996595e-01
8.268916613814675243e-01
8.264474629251808979e-01
8.258327501460743791e-01
8.253834110376626620e-01
8.250707764632355667e-01
8.245114729390640163e-01
8.241049346876937465e-01
8.237388090519800476e-01
8.232189353412987520e-01
8.229229922551469789e-01
8.226189195936569609e-01
8.221152176260511091e-01
8.218213245373996445e-01
8.214967589987792751e-01
8.212543650408569151e-01
8.209452628829098098e-01
8.205626146588764769e-01
8.201137559960858248e-01
8.198307566218275833e-01
8.193422563576312490e-01
8.190118770706392715e-01
8.184910350145022662e-01
8.180637748847066071e-01
8.177259700463014314e-01
8.174133541432682115e-01
8.172268629062923173e-01
8.168162797364599825e-01
8.165521318670250217e-01
8.164339825733605283e-01
8.159038263296697346e-01
8.154965195717801540e-01
8.150425905318484654e-01
8.148714474575248223e-01
8.143680509314722427e-01
8.141344655595693647e-01
8.138571760779308439e-01
8.134803978304961936e-01
8.130331380177217016e-01
8.130233620543553252e-01
8.126613802121109842e-01
8.124835652484331261e-01
8.122746694993252525e-01
8.119746212741475455e-01
8.118286214008064716e-01
8.112717211133309014e-01
8.109530722860284202e-01
8.105164963254605226e-01
8.102870321222593875e-01
8.100999594503356382e-01
8.097120902613745841e-01
8.094650719075483503e-01
8.092199534361963487e-01
8.089103005130904300e-01
8.087298281691853719e-01
8.083718720971235783e-01
8.082337331038759176e-01
8.079581556278889742e-01
8.077029273309698221e-01
8.076013773977708254e-01
8.073299191885646708e-01
8.071358097831659029e-01
8.068696399210010251e-01
8.064395392182346356e-01
8.062584150105472913e-01
8.059502023875756427e-01
8.057063686487483389e-01
8.055011086095449357e-01
8.052149683843127237e-01
8.050938114661129186e-01
8.048839884748595352e-01
8.048308783208802941e-01
8.045266675230285935e-01
8.043320792485015858e-01
8.040785735232263143e-01
8.039086121220394565e-01
8.036408172039930520e-01
8.034324471979688020e-01
8.031504550296345579e-01
8.030495580270496925e-01
8.026952405326244211e-01
8.024649778944019651e-01
8.020684244231027771e-01
8.021178041434210426e-01
8.017349212752966636e-01
8.014789225037614040e-01
8.013991303320592285e-01
8.011841356842094308e-01
8.009796071816700502e-01
8.007674729722501494e-01
8.006198343297753484e-01
8.003974606174457662e-01
8.001537693038551780e-01
8.000518868559010066e-01
7.998886057698227914e-01
7.995511787534637094e-01
7.991754717778745132e-01
7.990144086613160113e-01
7.989346786868743999e-01
7.987263833756922393e-01
7.986979325652417971e-01
7.983232652031264642e-01
7.982388287922826953e-01
7.979274526896666941e-01
7.979003101265114140e-01
7.976316775612669607e-01
7.973752617925863317e-01
7.973484824000852678e-01
7.971847482946251562e-01
7.970480829315675919e-01
7.969603062970690432e-01
7.966199338327489832e-01
7.963728279910032848e-01
7.958271974309246710e-01
7.958713370034177226e-01
7.956482472331347644e-01
7.955494224975114825e-01
7.951939337268466579e-01
7.949955115395611616e-01
7.948096571711734670e-01
7.947586874164417337e-01
7.942839648956123710e-01
7.941262574624708970e-01
7.939691057000722862e-01
7.940586827317260843e-01
7.935745062566921249e-01
7.934889242250943164e-01
7.934542555110822848e-01
7.929555848535861928e-01
7.929286834336638501e-01
7.927872287636347215e-01
7.925438781370487407e-01
7.927030303284435808e-01
7.922339630175317948e-01
7.920924761245752288e-01
7.920782139542877909e-01
7.917391513927150015e-01
7.916905637548029562e-01
7.917396945547173770e-01
7.913090353949340239e-01
7.912590854691328168e-01
7.910760428595741134e-01
7.910023965835342175e-01
7.908807556504734437e-01
7.906113730418343755e-01
7.905227089743621649e-01
7.903482402417885133e-01
7.902318577135606370e-01
7.900314437357330855e-01
7.898078070708267617e-01
7.899798793954166953e-01
7.896736049320373096e-01
7.896608620516517574e-01
7.893863504692641975e-01
7.892334091285757580e-01
7.891356198728254334e-01
7.891419662328260642e-01
7.886667545400891655e-01
7.888763156976592583e-01
7.885656014975569450e-01
7.883473164715643078e-01
7.882523445586735455e-01
7.882506177353615362e-01
7.879576084860185903e-01
7.878567991514487945e-01
7.876976470542546016e-01
7.875674046249416804e-01
7.871913723477534930e-01
7.871053562357377409e-01
7.869642494470743266e-01
7.869605503659422574e-01
7.866162131512547395e-01
7.864433170286023733e-01
7.866859870713799330e-01
7.861944618747926938e-01
7.861192363208940881e-01
7.860249562771227660e-01
7.858020261936574657e-01
7.858619615794198987e-01
7.854681214948339152e-01
7.855552158621010861e-01
7.851411440947244635e-01
7.850447575442581760e-01
7.850436340372657362e-01
7.850566244409420413e-01
7.847995221803510946e-01
7.844048744336368229e-01
7.844349437931744662e-01
7.842654876057578717e-01
7.839394542406105115e-01
7.839278981896184995e-01
7.837239283725008221e-01
7.837445531671477505e-01
7.836183650223147446e-01
7.833266376602447956e-01
7.832271613106778219e-01
7.830429395508361479e-01
7.831881252412747907e-01
7.828899282238559465e-01
7.827112187055310644e-01
7.826133846883182033e-01
7.825812225704894542e-01
7.823926229348393546e-01
7.822838636227044118e-01
7.822422851014135814e-01
7.821406286554203335e-01
7.820448884305627457e-01
7.820151704212037203e-01
7.818064588268390791e-01
7.815435993673228721e-01
7.816399183294264752e-01
7.814130216625745362e-01
7.811957526591289946e-01
7.811154998584100007e-01
7.809756747837242052e-01
7.809867046675691427e-01
7.807228166618642717e-01
7.807008562581515543e-01
7.804512590375421999e-01
7.804923596999816526e-01
7.802701253474902954e-01
7.801960921955721773e-01
7.799083694503662345e-01
7.798324221795458477e-01
7.798699274754655741e-01
7.796175824033596546e-01
7.795068882211330097e-01
7.794021515377217435e-01
7.794331620504699742e-01
7.792717625299724338e-01
7.791998351168761827e-01
7.792202886963263131e-01
7.789417131428382213e-01
7.789694819140894344e-01
7.787597109376108717e-01
7.785528908868563081e-01
7.785306260565535430e-01
7.781413521637450259e-01
7.778054007884493970e-01
7.775898194102720540e-01
7.775521405309198109e-01
7.773056697626250511e-01
7.771557044069771214e-01
7.771636612732587546e-01
7.768647463869787773e-01
7.770102325369521168e-01
7.768669167314484758e-01
7.763952335204397093e-01
7.762121435401350134e-01
7.761242121367869506e-01
7.759651280674360052e-01
7.756720315572279700e-01
7.755196614857750026e-01
7.753820947841146838e-01
7.752973112702040703e-01
7.752022686127048035e-01
7.747818681232141458e-01
7.745997189960535101e-01
7.746192666054628750e-01
7.742589634313304936e-01
7.742140323470159124e-01
7.739420885297914054e-01
7.740300688366387183e-01
7.738970138926507536e-01
7.736912302089035132e-01
7.734098703171813360e-01
7.733640546870873544e-01
7.731942195287681008e-01
7.728452297731002174e-01
7.727771346044943757e-01
7.726252226823319136e-01
7.725078967848356681e-01
7.724380678451546745e-01
7.722874766896032916e-01
7.721395757663773729e-01
7.721523441151690870e-01
7.721355225098358588e-01
7.719048481845067755e-01
7.718321015850483358e-01
7.718684930617261131e-01
7.716188638796626087e-01
7.716067361328434737e-01
7.714674326599261223e-01
7.713757790711567308e-01
7.712294850127435764e-01
7.709586045053932191e-01
7.709852570822288698e-01
7.708898412358293761e-01
7.707395768979035111e-01
7.707257442381303392e-01
7.705665016224969577e-01
7.703567517391891606e-01
7.703586873457223261e-01
7.701111147553979519e-01
7.701413039114272108e-01
7.701236395719130989e-01
7.699861145401128981e-01
7.696415141298941220e-01
7.697692541645304587e-01
7.693688627060842888e-01
7.695302491667499467e-01
7.692010763707939347e-01
7.692385719854706316e-01
7.689813984199336261e-01
7.690252458075136355e-01
7.687561197114821665e-01
7.687516830978037286e-01
7.685976398386532571e-01
7.687732498119944635e-01
7.683239832043854411e-01
7.685092872491273708e-01
7.680491327718690364e-01
7.682867944237665725e-01
7.679390260109725252e-01
7.679859291265472843e-01
7.678105532642504061e-01
7.678427216732884864e-01
7.677047394034649530e-01
7.676274703564742730e-01
7.673994524086915625e-01
7.674718304848947570e-01
7.673263401593343191e-01
7.672331933136585791e-01
7.671382985134568289e-01
7.670176291415137237e-01
7.668922824319430731e-01
7.667327685034520668e-01
7.666870545042350216e-01
7.663488010290785413e-01
7.663246328363539916e-01
7.662679892460939612e-01
7.661610947155059748e-01
7.659486475922482329e-01
7.659444334805227683e-01
7.657567639393622061e-01
7.656473800687250142e-01
7.653458543756226362e-01
7.652148176624226084e-01
7.649623016121566144e-01
7.649043076524010276e-01
7.649193623438798051e-01
7.648160215806457662e-01
7.645015094429755687e-01
7.643731361293215620e-01
7.643472276933134246e-01
7.643734459903260836e-01
7.640742510355874595e-01
7.640050608432037427e-01
7.640667502125317867e-01
7.636538220763825491e-01
7.637721649903793653e-01
7.635814427419603811e-01
7.635901911628827365e-01
7.634843440391360092e-01
7.632045498616212287e-01
7.631890403633151410e-01
7.631336784350156721e-01
7.629648600986006501e-01
7.628215151588627618e-01
7.626271838408635872e-01
7.624332304484450207e-01
7.625001033693394881e-01
7.622349942782414844e-01
7.622343598768942519e-01
7.620461645356323421e-01
7.620972031323066664e-01
7.620025496197865289e-01
7.618576767801649163e-01
7.616803309592502513e-01
7.616273835925871927e-01
7.615198671192566771e-01
7.614286543643357108e-01
7.612863538756856618e-01
7.614108486057835634e-01
7.612586846185013245e-01
7.610772102438110309e-01
7.608814098967702222e-01
7.607089853685952141e-01
7.605601321340714760e-01
7.602616085769159371e-01
7.601495180283134312e-01
7.596629280301564480e-01
7.597150407537359706e-01
7.595047436883817227e-01
7.592956565161177451e-01
7.590121150206670109e-01
7.587858458406517848e-01
7.586599207889976881e-01
7.586221036966103171e-01
7.584818637253235574e-01
7.582917310501441355e-01
7.584125642872817652e-01
7.581052002935518841e-01
7.579913448290397371e-01
7.579500919184335439e-01
7.576482205247326851e-01
7.576472008357507670e-01
7.574167223181769160e-01
7.572771573402024003e-01
7.573486354033492907e-01
7.568880218576046204e-01
7.566735089853516838e-01
7.568067054338140087e-01
7.564841402875351895e-01
7.564393069080241894e-01
7.560739230964363955e-01
7.561353599803810610e-01
7.558062495841665340e-01
7.558300262270510883e-01
7.555661602449169623e-01
7.553881788760996585e-01
7.553199329030063636e-01
7.553683562768281901e-01
7.549865976990594030e-01
7.549587138580173828e-01
7.549063302395094821e-01
7.546354586477121984e-01
7.544377429422670644e-01
7.546209867853357345e-01
7.543235169574128429e-01
7.543210174944573465e-01
7.543634363045469415e-01
7.540994963297579234e-01
7.538306733976330998e-01
7.538611231267012824e-01
7.536656969773587456e-01
7.535331753216286677e-01
7.533961301518491416e-01
7.532242781199345316e-01
7.529911206563340009e-01
7.529926035029941289e-01
7.527561579027234329e-01
7.525509185509462462e-01
7.525300380113105758e-01
7.522083716884222504e-01
7.523241451077824493e-01
7.521092068760178995e-01
7.518653781383837220e-01
7.516572314373877184e-01
7.513745481262067427e-01
7.511049153659982158e-01
7.508236159532720722e-01
7.502233638723844189e-01
7.498165491174512143e-01
7.496925943373992096e-01
7.493409232872845216e-01
7.492624712231568118e-01
7.490242351394050813e-01
7.489304289910519996e-01
7.486597929478846503e-01
7.487925664279869720e-01
7.484622189389785740e-01
7.485196391508956992e-01
7.481401139186933946e-01
7.480631772459510609e-01
7.480384606451538909e-01
7.477019641070747902e-01
7.475547171033286586e-01
7.474162477057674225e-01
7.473456067498731592e-01
7.473051912055126422e-01
7.469273172874113520e-01
7.468534321840437640e-01
7.466660987005117045e-01
7.464798261265173096e-01
7.462503366631748625e-01
7.461615224661802825e-01
7.459387596682830468e-01
7.457272042542283375e-01
7.453585083935946320e-01
7.453773211053799086e-01
7.451997148854959674e-01
7.449982345565416830e-01
7.450859095292940992e-01
7.446821595899465462e-01
7.444621350841923446e-01
7.442823206792524848e-01
7.442152065891679547e-01
7.438135429331275139e-01
7.437283614021991118e-01
7.435702594010993316e-01
7.432184021308790856e-01
7.433646530975689393e-01
7.430751389493502890e-01
7.430943396714395632e-01
7.428380272254034855e-01
7.427510773212094852e-01
7.424985657743660150e-01
7.424175182270050799e-01
7.421328533379752956e-01
7.419882140182986197e-01
7.415967092646349457e-01
7.413793518940110516e-01
7.412548024856389084e-01
7.412512275359230962e-01
7.410210996138678619e-01
7.408322078073693584e-01
7.406381299795438133e-01
7.404616734974078796e-01
7.401288402463358507e-01
7.400147015040957621e-01
7.400367753978797092e-01
7.397523455297828621e-01
7.397795068483840053e-01
7.395028924009231508e-01
7.393151607647117096e-01
7.392128665837881529e-01
7.391836114975208760e-01
7.390175434851555814e-01
7.388475371109266554e-01
7.386282702245735576e-01
7.385320766909412304e-01
7.384019514817873331e-01
7.382459216353534082e-01
7.382299924763676691e-01
7.379509413644781413e-01
7.377692141759658595e-01
7.375704997512584349e-01
7.374630719214582131e-01
7.373173252969212887e-01
7.373028189518517905e-01
7.371180305998855653e-01
7.369230154857596693e-01
7.368637445700683131e-01
7.368291773280648549e-01
7.366237491535002624e-01
7.364027551796948901e-01
7.362540329711042553e-01
7.362806374473630511e-01
7.360447961122854599e-01
7.358998130150996575e-01
7.357577975718520014e-01
7.358817834574161720e-01
7.356404661280180335e-01
7.355456227316014006e-01
7.353455002876536639e-01
7.353794305371064155e-01
7.352543313623781662e-01
7.349930676446808642e-01
7.351484797406420135e-01
7.350830063767199718e-01
7.349410211500139178e-01
7.348623443635294850e-01
7.349492773097697773e-01
7.348064933546810673e-01
7.344897216826001829e-01
7.345636870940926988e-01
7.344439450926678603e-01
7.343970719693881932e-01
7.343009293022206840e-01
7.341537116487019121e-01
7.339322605281677347e-01
7.339975971093229967e-01
7.336960712999314183e-01
7.335891344776702683e-01
7.333820833927490179e-01
7.332678614347404311e-01
7.332444834881896023e-01
7.330160920303905314e-01
7.330320710776958570e-01
7.327384462890340622e-01
7.326595065666502427e-01
7.324280739126485251e-01
7.323918657072917560e-01
7.323619935486487265e-01
7.319240975992515885e-01
7.319066546807947438e-01
7.317615262037061585e-01
7.317216085480494625e-01
7.317990291666714997e-01
7.318100030165134440e-01
7.316499433783340001e-01
7.317573427032546540e-01
7.313542313444743037e-01
7.312527715062863143e-01
7.312388250877980278e-01
7.310424767849404981e-01
7.306400234447729680e-01
7.307433229941578956e-01
7.299701150492428070e-01
7.299959475962424227e-01
7.299632391159146527e-01
7.297604933599323163e-01
7.298333308210263048e-01
7.295249192374194669e-01
7.295555299420315443e-01
7.292645734845827343e-01
7.293361324752485331e-01
7.292080826289413231e-01
7.293511718062336557e-01
7.289964150275757282e-01
7.291340557211928308e-01
7.286591287200453460e-01
7.286756265402997146e-01
7.284360336274922076e-01
7.284634260858159349e-01
7.285141295602074463e-01
7.283275686647124880e-01
7.281421279053722495e-01
7.282589078408849836e-01
7.278552566359216547e-01
7.281294648155215432e-01
7.275925878909593747e-01
7.278233320085215619e-01
7.278072248794223986e-01
7.278218769201224569e-01
7.276065107883638028e-01
7.274491032174754679e-01
7.274660175082044988e-01
7.273596960142701962e-01
7.270770742117830254e-01
7.271939928502505479e-01
7.271855427446921594e-01
7.269599257101247991e-01
7.269556089414281885e-01
7.270266579383893868e-01
7.266258563710578100e-01
7.265679542724100548e-01
7.267823099730464920e-01
7.262904654290198714e-01
7.263917811222455612e-01
7.261369054736053208e-01
7.261386390879800423e-01
7.260593388618192812e-01
7.259752378776390680e-01
7.257596308300010568e-01
7.257410460592496060e-01
7.256489828475749526e-01
7.255821475500795481e-01
7.256260144685023894e-01
7.257327628024379251e-01
7.253451035291886839e-01
7.255693691825525482e-01
7.252569455840308654e-01
7.251659963966576861e-01
7.254258162954867473e-01
7.250655266818961664e-01
7.251792839460279305e-01
7.250401106502325499e-01
7.248035345205446900e-01
7.248342368565504623e-01
7.247531335750262427e-01
7.248967719143643018e-01
7.247376014042433701e-01
7.245853973338692855e-01
7.243527079138609714e-01
7.244218106121714795e-01
7.244974140856869083e-01
7.243977327506825326e-01
7.243249719555824306e-01
7.242963315059944840e-01
7.240933453428950450e-01
7.241614387193849867e-01
7.240295202296037624e-01
7.240274288730422780e-01
7.239237659995092500e-01
7.238052683863204217e-01
7.238778055634217390e-01
7.238857451210659599e-01
7.236627251780420877e-01
7.236933618698739856e-01
7.237108938894073473e-01
7.234951352284638704e-01
7.234531375616796156e-01
7.233656964092677333e-01
7.233700047063655880e-01
7.232939665646274108e-01
7.231165279098017429e-01
7.230675186267695453e-01
7.231792683032391977e-01
7.229910640306399516e-01
7.228669007201106167e-01
7.227602738791524262e-01
7.228245211235307943e-01
7.228891340390849463e-01
7.226156598211601612e-01
7.226217842904064659e-01
7.224943263190050091e-01
7.225470459435737736e-01
7.224360268706834232e-01
7.223616625003420610e-01
7.223236344370893569e-01
7.222246756090945352e-01
7.223230992946256812e-01
7.221511976304696434e-01
7.219983089902974882e-01
7.219391791304304862e-01
7.218458070332598453e-01
7.218330459281272482e-01
7.217287457411570850e-01
7.216930081653377682e-01
7.216089271378632874e-01
7.215590624518948282e-01
7.214890345181100839e-01
7.218197306579928751e-01
7.215143025340817751e-01
7.216986069546802440e-01
7.214641956372344067e-01
7.214336957053103516e-01
7.213979533384007325e-01
7.214338276789044047e-01
7.211429471769963406e-01
7.214065258382208468e-01
7.211859129554322179e-01
7.210007323942093649e-01
7.212267708521192811e-01
7.210625672432945388e-01
7.211106542501360961e-01
7.207351093426669353e-01
7.209472875817654058e-01
7.208533427087310264e-01
7.208287178790331318e-01
7.206894978330393720e-01
7.204856602402075483e-01
7.207396038691930018e-01
7.204582157096771633e-01
7.204766191758587013e-01
7.207280631443729879e-01
7.205471128924535451e-01
7.203504315237552191e-01
7.203919930237964175e-01
7.201339256406069644e-01
7.201634232700923066e-01
7.205192778805161735e-01
7.201046079025221758e-01
7.199685823594900169e-01
7.202264935251744271e-01
7.202121308867974747e-01
7.199327972469627968e-01
7.200039659144149562e-01
7.198729611340720647e-01
7.197323384930524037e-01
7.195684139046765182e-01
7.197053232918619869e-01
7.199230265793197248e-01
7.195719089308241223e-01
7.195339537109304295e-01
7.194529278379460102e-01
7.194615258151454418e-01
7.194156240066194030e-01
7.193043793263288466e-01
7.191770791374136884e-01
7.194229625676441531e-01
7.192702591575521609e-01
7.191802497621825330e-01
7.188781252826821344e-01
7.189906697913651668e-01
7.187854140182766693e-01
7.187552021376512057e-01
7.188331856266957365e-01
7.187586158073311360e-01
7.185931878687238372e-01
7.186081551278254986e-01
7.185403337606824925e-01
7.187217406478666470e-01
7.185644137599630499e-01
7.184405915935888620e-01
7.184699829807650318e-01
7.183451883628318990e-01
7.183054129596962989e-01
7.183828938227544425e-01
7.182674994230713317e-01
7.183785076802483571e-01
7.181437600356818107e-01
7.182375053979798141e-01
7.180133551838782102e-01
7.179141807123238239e-01
7.179273169069632088e-01
7.179363136847515259e-01
7.176452770935979331e-01
7.178664422054229499e-01
7.178074117250989872e-01
7.175440964828507795e-01
7.176292679420138709e-01
7.175699431715246712e-01
7.176723733820843387e-01
7.174420695346719334e-01
7.175610679987154406e-01
7.173577191879205728e-01
7.173443340588505635e-01
7.172651601640316343e-01
7.172051498140491477e-01
7.168553564638129316e-01
7.171293214795677606e-01
7.168061065407803634e-01
7.169924661276415589e-01
7.168329642079296349e-01
7.168854030809320710e-01
7.168084207460916346e-01
7.166640963746492288e-01
7.166867095218464323e-01
7.165205625662022237e-01
7.167828592584704062e-01
7.166452912443360690e-01
7.165556094988739799e-01
7.166624690026245359e-01
7.165922306752584570e-01
7.165785830923779853e-01
7.165421178840784000e-01
7.166755624256041513e-01
7.164493647096255025e-01
7.165192718795029281e-01
7.163801945551518946e-01
7.163793135825318181e-01
7.162050280905708499e-01
7.164723562417721903e-01
7.161407187102200034e-01
7.161829857279955469e-01
7.159713445132411813e-01
7.161948687257249091e-01
7.160105973636166077e-01
7.161090149183587661e-01
7.158761734751224459e-01
7.159351001286480276e-01
7.158935298329732744e-01
7.156735883251931218e-01
7.157467624771496340e-01
7.155655185025407983e-01
7.154235647856403979e-01
7.155165427173141302e-01
7.153555130003184104e-01
7.154646874367410758e-01
7.152885881886468233e-01
7.154334922509898442e-01
7.149309755615695927e-01
7.153652162226812328e-01
7.151153154334969342e-01
7.150148433761693845e-01
7.150760877445817565e-01
7.148440868164064321e-01
7.150269700604455769e-01
7.146427011329824497e-01
7.148983827166194294e-01
7.146364765075721159e-01
7.149969758350627203e-01
7.146955161920877098e-01
7.142572451141523393e-01
7.146633540513498417e-01
7.145850452536341990e-01
7.145856636666616524e-01
7.144948485661660742e-01
7.143686029479155986e-01
7.145283538930673473e-01
7.140344277989929545e-01
7.143429712931922415e-01
7.141329619427455588e-01
7.141298410293418497e-01
7.140808871206748565e-01
7.139627261434308148e-01
7.138871992277023848e-01
7.138157817327379639e-01
7.138447546528707832e-01
7.134915102331763626e-01
7.137062233004635159e-01
7.136236732462141186e-01
7.137757803247731792e-01
7.135578695242132952e-01
7.138048580973942459e-01
7.132052736678550220e-01
7.134445739450949731e-01
7.132954982102347463e-01
7.134193224185864102e-01
7.133233081368830497e-01
7.133897048790368567e-01
7.131560086516534058e-01
7.133984793602708985e-01
7.129699780428330191e-01
7.130923103320783163e-01
7.130323584374197443e-01
7.131283434981089409e-01
7.128011549730636220e-01
7.129622382026884475e-01
7.127423487590998086e-01
7.131007177253075868e-01
7.127047062810958344e-01
7.126877993813897083e-01
7.125860531588541491e-01
7.126906683325698877e-01
7.123565445677466634e-01
7.125867900661678744e-01
7.122609177100410749e-01
7.126164330439884731e-01
7.124653087123901107e-01
7.127038965509981949e-01
7.121641087561804140e-01
7.123441276929463051e-01
7.121591678657489544e-01
7.123018910226223133e-01
7.119147585503102782e-01
7.123571525695044926e-01
7.120722742409357764e-01
7.121502592121432551e-01
7.118294000080949147e-01
7.120440076701211041e-01
7.119269150044723604e-01
7.119811060533397518e-01
7.118365154024588470e-01
7.119458514751095812e-01
7.115258389717756815e-01
7.118070099905868808e-01
7.117264614032247083e-01
7.116992377699286054e-01
7.115092916272601764e-01
7.116805255815906728e-01
7.113790108901758558e-01
7.114125111523216249e-01
7.115830835031767831e-01
7.114004679905215900e-01
7.115067102139587263e-01
7.110468516923450499e-01
7.114841707749262056e-01
7.108462319367597759e-01
7.112753265465771024e-01
7.114453840946639573e-01
7.110378834244728274e-01
7.113221657715876889e-01
7.109244217021825074e-01
7.112696073905940830e-01
7.110102038735558461e-01
7.112099601469702437e-01
7.109582056489189839e-01
7.110688912453683175e-01
7.106459024401226010e-01
7.109815817658783343e-01
7.107975345932655564e-01
7.110803540778062315e-01
7.107766010603100426e-01
7.110121394387540761e-01
7.109713119912782764e-01
7.107847681357583047e-01
7.109254721034407032e-01
7.106735451296725126e-01
7.106613713454436043e-01
7.103705316379150814e-01
7.107460688558032702e-01
7.106058671031706409e-01
7.107253458366845633e-01
7.104791153599084863e-01
7.107250692624837995e-01
7.106109888996922086e-01
7.104618319828031048e-01
7.107641840985744475e-01
7.103003672318751738e-01
7.103404713384772196e-01
7.103269210702131131e-01
7.106029231201218543e-01
7.103473347153023143e-01
7.102469731062167613e-01
7.102528702516281989e-01
7.101272566999332625e-01
7.104645077048675761e-01
7.100355105710294268e-01
7.101107508707568128e-01
7.100151036984371222e-01
7.102150670704920898e-01
7.099479171335080219e-01
7.102044224211104817e-01
7.097996831970713183e-01
7.102601968318733583e-01
7.096810208822320609e-01
7.098943271302057267e-01
7.098635691664814118e-01
7.098480096415009655e-01
7.100560523450413219e-01
7.096477628527071424e-01
7.097804615060973044e-01
7.098666991955643324e-01
7.095079299408214579e-01
7.096304867539960926e-01
7.097359210272418117e-01
7.094906402741596452e-01
7.094978939364980919e-01
7.093688622140410516e-01
7.094903063620362493e-01
7.093091390229894211e-01
7.095098574472565867e-01
7.095493622080814022e-01
7.092999614656094742e-01
7.096310828610206123e-01
7.091377869904670339e-01
7.092680900219643370e-01
7.093011077033888334e-01
7.090159656822484502e-01
7.092502233254166510e-01
7.090851561468375364e-01
7.090312605528441559e-01
7.090500860210845469e-01
7.092654293804906418e-01
7.088905931834790231e-01
7.091855424133076680e-01
7.090947340369421203e-01
7.090878566788205717e-01
7.088152798924457487e-01
7.089528810845059370e-01
7.088035800344614223e-01
7.090092872359736731e-01
7.088198122755100528e-01
7.089106314974956691e-01
7.087490127735388556e-01
7.088893407350558284e-01
7.083902060186040295e-01
7.088834818301279483e-01
7.084435886448491315e-01
7.088291507565386285e-01
7.084595109684218572e-01
7.087675006360977248e-01
7.084047100199627467e-01
7.087346097781787035e-01
7.084896496220514095e-01
7.086266155291806035e-01
7.083751548336644221e-01
7.086204170120855572e-01
7.085657807111852557e-01
7.084993537507729977e-01
7.084713687633167334e-01
7.083021035617448335e-01
7.082499546963716419e-01
7.083051775904930514e-01
7.082236306324666275e-01
7.082016401266880701e-01
7.080439497031406626e-01
7.080782524959222668e-01
7.081040918735023171e-01
7.079927271450855431e-01
7.081103621472605303e-01
7.079126181388030181e-01
7.082038041512586091e-01
7.079883555800648987e-01
7.081012659325861547e-01
7.079214397860029706e-01
7.078143649010204541e-01
7.079427204797030804e-01
7.078860467669226830e-01
7.079681725945006221e-01
7.076743975664713249e-01
7.080733415391565755e-01
7.077717582767441007e-01
7.080650396623666687e-01
7.077319716339610656e-01
7.077280900498293947e-01
7.076954137621496166e-01
7.079293327596695162e-01
7.077108249046952793e-01
7.075734209758989257e-01
7.076292515577295994e-01
7.076431737227625307e-01
7.077789157421138233e-01
7.076651030346025051e-01
7.076818453720185031e-01
7.076235115443275658e-01
7.074032342890600455e-01
7.075104779876735250e-01
7.074981989950592798e-01
7.074480129176584642e-01
7.075406974056840381e-01
7.075306557123024476e-01
7.073102504699934068e-01
7.074701952730647614e-01
7.073520365720215031e-01
7.076125059650073545e-01
7.072661852296069362e-01
7.072673652614821505e-01
7.071577438252067971e-01
7.070599687739306249e-01
7.072938002937801949e-01
7.073690214237183804e-01
7.071998165145151338e-01
7.073356697589546771e-01
7.069695593915931164e-01
7.073360011501018674e-01
7.069844996345483468e-01
7.070626299031502748e-01
7.070872173920424997e-01
7.069285897663749596e-01
7.071433135871115772e-01
7.068308599978196938e-01
7.069465806362783544e-01
7.068292704401355486e-01
7.066449354464388044e-01
7.068936988798723009e-01
7.067387509949879520e-01
7.068817973691533529e-01
7.064712418785000780e-01
7.069487117684666311e-01
7.067119353081463551e-01
7.067048282949643934e-01
7.065485216711770988e-01
7.063855065684299106e-01
7.065863562523397867e-01
7.065646992286082062e-01
7.064422412512073590e-01
7.066125502856887008e-01
7.063755633348204332e-01
7.064916776791053676e-01
7.064828150960265063e-01
7.061500785951225767e-01
7.064133945760455724e-01
7.064340367254909880e-01
7.063089683832561860e-01
7.064000649307446977e-01
7.063683576655138685e-01
7.061756775289635968e-01
7.062521596245434630e-01
7.063622581119121113e-01
7.061079452987432115e-01
7.062688876612287503e-01
7.060319442995083294e-01
7.062861342432847911e-01
7.058695786811579609e-01
7.060816530888039955e-01
7.059636560114813664e-01
7.058923572798557755e-01
7.060348258890284390e-01
7.058621597573214723e-01
7.059211420610488341e-01
7.059294573600011224e-01
7.055316964579109174e-01
7.057817034341119511e-01
7.056295583021990891e-01
7.057016246694337580e-01
7.057171790419384250e-01
7.055117860149470177e-01
7.056001001441609688e-01
7.053679950087340389e-01
7.055222282332503925e-01
7.055349377806180433e-01
7.053546306316498260e-01
7.055326299643449595e-01
7.052932832807575769e-01
7.054571077212682395e-01
7.053659516178062416e-01
7.053165027916472596e-01
7.055267342168735079e-01
7.051275514425840996e-01
7.052470508686837780e-01
7.053601171472135833e-01
7.050571468948566567e-01
7.052651835846411865e-01
7.050119021757018656e-01
7.051589137671655516e-01
7.052543793104582015e-01
7.050916588181098676e-01
7.050492398535258554e-01
7.050804772046787017e-01
7.050522175364943855e-01
7.050960727593577060e-01
7.049630342376809189e-01
7.050026207845787596e-01
7.046764741901183626e-01
7.048544341109304057e-01
7.048741713969892686e-01
7.050982957805461693e-01
7.053158782424761020e-01
7.052988832024101873e-01
7.051116140162112522e-01
7.052423699434986482e-01
7.049980826209800711e-01
7.050954634863196846e-01
7.049255535860945443e-01
7.049838556456058392e-01
7.050442875123984487e-01
7.049150984456770130e-01
7.049608762742027857e-01
7.047472868616267982e-01
7.046390190152983513e-01
7.046427574841281904e-01
7.044209498115850954e-01
7.045898533268228903e-01
7.045661457755048040e-01
7.042660101555414665e-01
7.045953263461157690e-01
7.045742925967193315e-01
7.042735816000624816e-01
7.042064110677882516e-01
7.042501887884303757e-01
7.043855555958944414e-01
7.043066114936212818e-01
7.041385045710444324e-01
7.042649739967544731e-01
7.040089364271265859e-01
7.042327080732282418e-01
7.039742913597510920e-01
7.041660791081768567e-01
7.039685848866296114e-01
7.038890469534866412e-01
7.040731487061636651e-01
7.039173886861213036e-01
7.040087649199389119e-01
7.040033615666504430e-01
7.038589231484241315e-01
7.039844828105775720e-01
7.038413746141292116e-01
7.039180756970492281e-01
7.037238123698656977e-01
7.038491222803061609e-01
7.038616095067572465e-01
7.035053638685583310e-01
7.037832272370042608e-01
7.037410793612738358e-01
7.035509182768538983e-01
7.035899290623236491e-01
7.034842021910013843e-01
7.035398917601051183e-01
7.038363586296566554e-01
7.032385106089638072e-01
7.034775207099589478e-01
7.035779221256971416e-01
7.033914767147124714e-01
7.033380787034149151e-01
7.035307091199417551e-01
7.031765128813599608e-01
7.033098324213673536e-01
7.034066702195032050e-01
7.029669654800022593e-01
7.031674434685748487e-01
7.031381157232169388e-01
7.031842436774661254e-01
7.031867080523208635e-01
7.028822888008345871e-01
7.029722200526284936e-01
7.031125254621849452e-01
7.028047722234754824e-01
7.028129214898282129e-01
7.030546596341079590e-01
7.028075100047650459e-01
7.030592662959297412e-01
7.028480400775688475e-01
7.028785322245996170e-01
7.029972724136829276e-01
7.025556388048627143e-01
7.027003221792150756e-01
7.028206000144830989e-01
7.025731404268138469e-01
7.027687909155616586e-01
7.026647668893933885e-01
7.025726654382046243e-01
7.027088909400389660e-01
7.025135061570803030e-01
7.025069909580111682e-01
7.028613283160319858e-01
7.025669454898185728e-01
7.024545196744876874e-01
7.027903653476906820e-01
7.026564817105351857e-01
7.022446907214688894e-01
7.024708743600226457e-01
7.027725316525472721e-01
7.022020433877315115e-01
7.024377272678572481e-01
7.023763679991111841e-01
7.021537738254483019e-01
7.022604660155470357e-01
7.021868460555804603e-01
7.022940643136540428e-01
7.021451778783899256e-01
7.021569268673673037e-01
7.022012748399043547e-01
7.022287056801209681e-01
7.023877384857716288e-01
7.020584942915032434e-01
7.022371939071243574e-01
7.022853237642006086e-01
7.020912723891138407e-01
7.022000286703561356e-01
7.020979541676849456e-01
7.021518129482147152e-01
7.019859534549913738e-01
7.022065104552681625e-01
7.023012680479991943e-01
7.017669490545523914e-01
7.021712898375179757e-01
7.019464570625126854e-01
7.019900999520546359e-01
7.019786173532837070e-01
7.018987675300417672e-01
7.022372485699882594e-01
7.016950867964099059e-01
7.018621097258449515e-01
7.018350688775067958e-01
7.019460388265409412e-01
7.019288194758273036e-01
7.017939813625456713e-01
7.016606609071615042e-01
7.017255271333354694e-01
7.016603904832384719e-01
7.016870482036056123e-01
7.015445824700728972e-01
7.019322767588208611e-01
7.014162548809141917e-01
7.017327503868884264e-01
7.016929614510606372e-01
7.014206103500244538e-01
7.016861226915113159e-01
7.014532143288740862e-01
7.016398547739847169e-01
7.012275823151371545e-01
7.018546171693679225e-01
7.013237473225143459e-01
7.011576852479132205e-01
7.013663025536288620e-01
7.012474607555087003e-01
7.015531714632099458e-01
7.014382530333631571e-01
7.013630431731719961e-01
7.014990867314802037e-01
7.014477459795479541e-01
7.011804852415907119e-01
7.010841878748257372e-01
7.011273509898862111e-01
7.012939758435504656e-01
7.010284688201339209e-01
7.012343836056459390e-01
7.011752801934484358e-01
7.013241338834084182e-01
7.009715821178179596e-01
7.008173019585689500e-01
7.010445737607310379e-01
7.009411518880624969e-01
7.012970781429742617e-01
7.007849716102977355e-01
7.007530196669741196e-01
7.005712385015999688e-01
7.011640172203664756e-01
7.004787864472995507e-01
7.006951093982709544e-01
7.009608703843247524e-01
7.005530522254592718e-01
7.004823550874069715e-01
7.006379272652809576e-01
7.006594292890682141e-01
7.007313454098031968e-01
7.006102555999609294e-01
7.005419074302259297e-01
7.003940440743113838e-01
7.004560601804770137e-01
7.004762505667080363e-01
7.005603630390070391e-01
7.004006877869207726e-01
7.004346406856426510e-01
7.005380175403682630e-01
7.001079655093801479e-01
7.001465457147023619e-01
7.003239788344649552e-01
7.003826924770139017e-01
7.003180139007065819e-01
7.003470821961648163e-01
7.002638702387170566e-01
7.002467640480035671e-01
7.001660974206478372e-01
7.000870031071775301e-01
7.000724537763419741e-01
7.000762662748143406e-01
6.999993467325480445e-01
7.002199641013248099e-01
6.998543909006821329e-01
7.001658157473825694e-01
6.998444689972468380e-01
7.000758263512105728e-01
6.998708511721357661e-01
6.997486729225794733e-01
6.999298357678948035e-01
6.998597945481512816e-01
7.000099470714715721e-01
6.998229183205973980e-01
6.999026182440611921e-01
6.998178304183265697e-01
7.001594706682383595e-01
6.997415912004778527e-01
6.998617020559989577e-01
6.998500308808198733e-01
6.998222484905501917e-01
6.997042392478077799e-01
7.002500405296907537e-01
6.995722996500847168e-01
6.996852889510650764e-01
6.993729220814909331e-01
6.997030391217190504e-01
6.996578136842583895e-01
6.997375512606615056e-01
6.996745299966510290e-01
6.997111093587228270e-01
6.993447205735234817e-01
6.996341214712479273e-01
6.996257991691575695e-01
6.993632556629459929e-01
6.996135209471110450e-01
6.994872189016985153e-01
6.996937103589259133e-01
6.993693786848910188e-01
6.993326021280775739e-01
6.993450081550410813e-01
6.995744624423556601e-01
6.991226082799748553e-01
6.992945939377025466e-01
6.994611695756350889e-01
6.992285103819102510e-01
6.991707216647835565e-01
6.992051119625549704e-01
6.993180478827675239e-01
6.991120176573263345e-01
6.990889745294134316e-01
6.995566648416405853e-01
6.988176953062112950e-01
6.989751530410081015e-01
6.992095231854151827e-01
6.990378336206357623e-01
6.992802097056829425e-01
6.991373633557828038e-01
6.990120548092030317e-01
6.990705441242829332e-01
6.988228073720664790e-01
6.989947606589089757e-01
6.991712982062963100e-01
6.988226101630640175e-01
6.989669119868104907e-01
6.989751697432448063e-01
6.986824918324406886e-01
6.991032272324607666e-01
6.987075209805596598e-01
6.989495072917554230e-01
6.987489829252685469e-01
6.989497117152824179e-01
6.986148149804281005e-01
6.988131467693019516e-01
6.987049431191051374e-01
6.984978190977106927e-01
6.987718432456483386e-01
6.986108903689477456e-01
6.986072292842558928e-01
6.988480272690154038e-01
6.986602622173306854e-01
6.985563946780911637e-01
6.985174579702703168e-01
6.986693631220229905e-01
6.983989801259645747e-01
6.985686485562833115e-01
6.987350291716302175e-01
6.985275866280579171e-01
6.984853057918986030e-01
6.986439460521093325e-01
6.984383446628422698e-01
6.984965566031520190e-01
6.985418310661293262e-01
6.986547645741580936e-01
6.984380463188277766e-01
6.985114175372856282e-01
6.983173318394304552e-01
6.983833373558638868e-01
6.984427135041620938e-01
6.980593782851184370e-01
6.981901797512567454e-01
6.983375856113048785e-01
6.985996370228869656e-01
6.982831302537645390e-01
6.983844466432862497e-01
6.983676337349861152e-01
6.982732648173578527e-01
6.982949502468239755e-01
6.983103309436341499e-01
6.982345360696785574e-01
6.982986142172847854e-01
6.981551031431662002e-01
6.979337914711022384e-01
6.983078592761756687e-01
6.980692509001018564e-01
6.978346290915382610e-01
6.981860433658407805e-01
6.982892230017901936e-01
6.981109809944477940e-01
6.982121695508372028e-01
6.980807766646712764e-01
6.980686817233401342e-01
6.980131926016069910e-01
6.980753355434573537e-01
6.980692401987917961e-01
6.975898537007293454e-01
6.980863791431551890e-01
6.978940349606180815e-01
6.980642909854154476e-01
6.979095259932518447e-01
6.978573936745608997e-01
6.979546364281793425e-01
6.978699716552480004e-01
6.975738489339979864e-01
6.976556690173704167e-01
6.978434338642959256e-01
6.977251357542043619e-01
6.976642555655107047e-01
6.976925103201331302e-01
6.978073557267240323e-01
6.976460074687419466e-01
6.974078243047294734e-01
6.977815624350864887e-01
