3.133086549518338302e+02
6.517307239150990483e+01
4.193672256010774646e+01
3.155102969727553486e+01
2.644516158041484744e+01
2.376183401600433953e+01
2.188384794945632450e+01
2.031602624564008508e+01
1.886890444215101326e+01
1.745646330924711975e+01
1.603046280486243447e+01
1.457819475173230472e+01
1.305649446465608499e+01
1.138104602450970049e+01
9.533769433784383907e+00
7.806550377407215358e+00
6.373239333240711346e+00
5.309474389254563498e+00
4.549746882986535290e+00
4.000804678505973655e+00
3.596468682195838706e+00
3.293028124610850593e+00
3.064403952316590463e+00
2.889249244816677109e+00
2.748242261197588743e+00
2.634271138790866384e+00
2.537324540196026490e+00
2.450756385400195025e+00
2.372757680760245069e+00
2.302335645097428607e+00
2.238374037244363901e+00
2.180148157007048670e+00
2.126861060579623430e+00
2.078046221933479654e+00
2.032645428501256735e+00
1.990660913617846584e+00
1.952121001676648815e+00
1.914616374651837871e+00
1.877791523376657112e+00
1.841775650948646037e+00
1.807268333856034026e+00
1.774169314562458188e+00
1.743191813619960229e+00
1.713578416922212133e+00
1.685569973164247282e+00
1.658385089095741449e+00
1.632070884886091200e+00
1.607487611475250988e+00
1.583001435598415441e+00
1.560114391824835911e+00
1.537743212212666633e+00
1.515835168643072217e+00
1.494528263607399543e+00
1.474341949318705991e+00
1.455686601290590465e+00
1.437349886318295411e+00
1.420557522462475797e+00
1.404636509513170539e+00
1.389422226951391393e+00
1.375261076054131726e+00
1.361606595947314036e+00
1.348637085590703499e+00
1.335908389748640568e+00
1.323180517880764961e+00
1.310306835747609755e+00
1.298101975876916336e+00
1.287138398839014597e+00
1.276177282104623556e+00
1.265877109389778266e+00
1.256120747915955294e+00
1.247020985243559865e+00
1.237964613477550824e+00
1.229298059719430958e+00
1.221126657890481138e+00
1.213160831489356717e+00
1.205388178306585845e+00
1.197792944106355950e+00
1.189963268295712195e+00
1.182275078681975566e+00
1.174417737215909696e+00
1.166301148386424513e+00
1.159076075689646101e+00
1.152117893717132135e+00
1.145283045901269725e+00
1.138470519120525992e+00
1.132066311260836455e+00
1.125378788530340124e+00
1.118935142079547029e+00
1.112763672497956602e+00
1.106545374024405115e+00
1.100228206485354798e+00
1.094432357448913207e+00
1.088639522550698180e+00
1.082831732760520804e+00
1.077473431436201112e+00
1.072090251748906153e+00
1.067261964292975485e+00
1.062448288350770431e+00
1.057722592612294621e+00
1.053141059236936794e+00
1.048537372532083456e+00
1.043591372849813181e+00
1.038966576969267086e+00
1.034855662575502766e+00
1.030641377478453968e+00
1.026276380820161593e+00
1.022225360360203839e+00
1.018284091658531620e+00
1.014531425379923801e+00
1.010811246752350678e+00
1.007339801657875400e+00
1.003923388066478628e+00
1.000571110740355207e+00
9.971878356195889026e-01
9.940210577764170274e-01
9.909498726746086561e-01
9.877521514311317086e-01
9.847279767999754796e-01
9.818550353911826845e-01
9.787053883051920478e-01
9.761650182770394979e-01
9.734038439917780394e-01
9.708420296237944003e-01
9.681753836704806160e-01
9.657727654886293367e-01
9.632363941554730191e-01
9.611586114925771973e-01
9.588235833510436734e-01
9.565540351080712433e-01
9.541169183636958318e-01
9.520455753058341131e-01
9.500302862292131501e-01
9.478059860277251447e-01
9.454922380889220213e-01
9.433958351385336449e-01
9.412109407914619474e-01
9.391223976448012101e-01
9.372376088496546798e-01
9.352382773156189266e-01
9.333304195860402386e-01
9.316241631053290284e-01
9.300312038094774580e-01
9.285721057937080802e-01
9.271452122812080532e-01
9.256134389088042091e-01
9.241139623922572932e-01
9.223064784971038987e-01
9.209537166034375000e-01
9.196581679382088703e-01
9.185714757618422821e-01
9.175742032649218949e-01
9.163291998895463086e-01
9.153965739603874274e-01
9.142232285592917229e-01
9.129875936752401833e-01
9.117138506366387896e-01
9.105691126566951565e-01
9.089479076230103649e-01
9.076917691574509783e-01
9.063479549315109907e-01
9.048555199497783086e-01
9.036213179696658271e-01
9.024216158422605494e-01
9.011285133810407189e-01
8.999211433075590127e-01
8.986603636503285308e-01
8.975899187109258603e-01
8.967760389150755129e-01
8.957930412837632472e-01
8.944578914777063794e-01
8.934235943637475197e-01
8.923370122581415487e-01
8.911920735059651877e-01
8.901248454082026917e-01
8.891602081911136324e-01
8.880241938274172631e-01
8.871351789400642174e-01
8.861844092379391746e-01
8.851918670851651738e-01
8.842154171341056745e-01
8.833413185929769318e-01
8.823418075371646241e-01
8.813535910411619545e-01
8.803151594042043504e-01
8.796496201744034016e-01
8.784091159182688680e-01
8.777122850575219681e-01
8.767825789763067368e-01
8.758382756548299675e-01
8.745253680431845922e-01
8.739298254124450160e-01
8.729327357087147687e-01
8.720230621432077944e-01
8.713086637512806876e-01
8.704309050408068904e-01
8.695354348414440215e-01
8.688802777236488417e-01
8.679076994834029612e-01
8.672549696916043160e-01
8.665772889080006758e-01
8.655034796138522113e-01
8.649012313081926306e-01
8.638989091728376257e-01
8.631722927803515688e-01
8.623348065666885942e-01
8.616815510959874302e-01
8.607252467893271586e-01
8.600467318297347896e-01
8.592756366854307215e-01
8.585204784882273232e-01
8.578505694004746607e-01
8.571011340216454499e-01
8.563461284446574062e-01
8.555243067682970493e-01
8.549428635253253361e-01
8.543507577615333526e-01
8.536686350920906774e-01
8.529669801983960076e-01
8.524332427257083067e-01
8.516792189584974082e-01
8.508048910534050657e-01
8.501729584601663836e-01
8.494325035997426498e-01
8.491101348022898065e-01
8.481764533851606780e-01
8.475711094381005450e-01
8.469537661908108639e-01
8.460675366848443568e-01
8.454708356418182413e-01
8.449131312159581242e-01
8.441246297511920682e-01
8.436969243542035146e-01
8.430907276237693537e-01
8.425262801442817695e-01
8.418751630762368876e-01
8.412614640814836120e-01
8.406912941177270282e-01
8.400853085977679768e-01
8.397587183309589420e-01
8.389055605369629687e-01
8.383480838957030334e-01
8.379631261035730416e-01
8.374035573702475199e-01
8.369202812225311483e-01
8.363056120391384463e-01
8.357047369049562802e-01
8.351093413583825509e-01
8.343211800128194078e-01
8.339183626660909843e-01
8.333560096129954964e-01
8.326970069258918805e-01
8.320457109356834691e-01
8.317292523726096398e-01
8.312420823193954478e-01
8.305765776371901721e-01
8.301056255923163762e-01
8.294241910013347985e-01
8.289074817443399246e-01
8.283559854932911470e-01
8.273971654145183541e-01
8.266863070751702125e-01
8.261720549772215705e-01
8.253114936292976767e-01
8.247743231607741476e-01
8.237838192434905338e-01
8.227875833969499064e-01
8.222665421492788562e-01
8.214342132673627672e-01
8.209978445382355439e-01
8.201399342881546817e-01
8.193921024335119041e-01
8.186749315187475950e-01
8.179579052658877414e-01
8.175166423942580307e-01
8.169107827387293019e-01
8.162540070933460568e-01
8.155372587459948086e-01
8.150177534879844421e-01
8.144861183603023802e-01
8.139150505662867685e-01
8.131957232135467173e-01
8.127927812164029708e-01
8.123030581120941340e-01
8.119042135091851797e-01
8.112121090970876303e-01
8.107891034264375074e-01
8.102929919187591423e-01
8.097377755348772466e-01
8.093436574602979050e-01
8.087276369531203324e-01
8.084194508005849711e-01
8.079058163889923927e-01
8.074709358124581016e-01
8.070427030078438646e-01
8.066175058782412144e-01
8.059083226706188485e-01
8.055678359205812322e-01
8.050616195718628409e-01
8.047601207434557091e-01
8.041056263411050509e-01
8.035146875533434319e-01
8.032154366282447944e-01
8.028269529615745803e-01
8.023996759956414371e-01
8.019435221329488384e-01
8.014490897370268874e-01
8.009055899743673379e-01
8.006046323687833199e-01
8.001035942094988362e-01
7.997272941600545026e-01
7.994895992197782464e-01
7.989156794213164714e-01
7.982156127029584880e-01
7.976874836002950664e-01
7.972806615341972991e-01
7.968072103749341828e-01
7.965479822329682991e-01
7.962491309635502112e-01
7.959050341181937993e-01
7.955793437719519412e-01
7.952614928674691663e-01
7.945828816058631006e-01
7.943784320823330525e-01
7.939083593188041021e-01
7.935927788817630502e-01
7.930624299444170022e-01
7.926492039641512832e-01
7.919948943000334474e-01
7.915454036266340587e-01
7.912622966122181412e-01
7.907777767229277055e-01
7.904605152372364829e-01
7.899847222937181890e-01
7.895705123648530943e-01
7.891878137168214513e-01
7.887855853820924246e-01
7.882416346494238724e-01
7.877703718841434499e-01
7.873841921224516982e-01
7.867960280694147324e-01
7.866234039896159436e-01
7.863672857232554270e-01
7.856358869842278159e-01
7.855699517025095391e-01
7.849752654870737478e-01
7.846143382486417961e-01
7.840666231529964669e-01
7.837093792177690643e-01
7.830751639813479104e-01
7.826378615459897992e-01
7.820399620923242923e-01
7.818164274086277787e-01
7.813021501500534427e-01
7.807665392462590503e-01
7.800581031199498305e-01
7.795396352589457623e-01
7.789929432865189129e-01
7.782688400570667575e-01
7.776811131832941371e-01
7.771126762451031622e-01
7.765531921528819881e-01
7.760257311396817625e-01
7.750985982005511588e-01
7.750050320312383834e-01
7.741180516551203761e-01
7.730848635563417615e-01
7.723981967975185325e-01
7.712478686143565687e-01
7.706786897642742273e-01
7.695441543594362388e-01
7.689050021426461212e-01
7.683567220867232317e-01
7.675243364596946449e-01
7.670136147561635864e-01
7.663610099148353560e-01
7.659324654376300501e-01
7.655151808639558686e-01
7.649461819028685605e-01
7.644248304139157346e-01
7.637005164883016173e-01
7.630609549816864678e-01
7.623770590575817963e-01
7.614329501230998609e-01
7.609548597732233022e-01
7.603731303606114933e-01
7.600344436498190914e-01
7.595456189361745603e-01
7.593476434674517606e-01
7.585807189399421668e-01
7.584944791775263262e-01
7.578610550543128932e-01
7.574156528721224246e-01
7.568986335571615820e-01
7.566356529174355083e-01
7.562003876248765133e-01
7.555936094073225640e-01
7.552662888183009349e-01
7.547451215756861842e-01
7.542907657417856626e-01
7.538344097974872815e-01
7.535200119450623513e-01
7.530037568618533905e-01
7.525947588551090695e-01
7.522510976410102801e-01
7.515593168872337637e-01
7.512520934008367623e-01
7.510998093802964126e-01
7.507567145108958728e-01
7.503518939433987400e-01
7.503577176080119537e-01
7.499606423968526725e-01
7.495282772323855758e-01
7.492483824810887150e-01
7.490747693861844470e-01
7.485552625663509652e-01
7.483049211966831260e-01
7.481090498334278527e-01
7.475592590528398196e-01
7.473963887860294308e-01
7.470646810180902042e-01
7.466700690885684777e-01
7.466712242920917619e-01
7.466766771673616354e-01
7.457962798050986608e-01
7.458639393060281231e-01
7.453714595700562384e-01
7.452396053737581072e-01
7.448943760093911237e-01
7.445169866811225390e-01
7.444584973193179023e-01
7.441329817709441130e-01
7.438046752401978878e-01
7.436647410856090934e-01
7.431852161824087366e-01
7.430520487222381787e-01
7.428497415072872201e-01
7.425031874234125917e-01
7.422912905847031118e-01
7.420480678608699643e-01
7.417824182800442090e-01
7.416269242493731539e-01
7.413358819563256041e-01
7.412215417928492700e-01
7.406516386983587052e-01
7.405473561253171910e-01
7.403324524583321242e-01
7.400464802619787230e-01
7.399760396099736015e-01
7.397854046280439855e-01
7.394115801399130383e-01
7.391722328807378561e-01
7.389980564683171771e-01
7.386322043567729034e-01
7.386354934805274830e-01
7.385104567238712781e-01
7.382977730149065110e-01
7.379392077014332862e-01
7.379644652186491127e-01
7.374936385443350284e-01
7.374818591574010540e-01
7.372560223271021895e-01
7.368204022881462700e-01
7.365798447046391084e-01
7.364269504444048708e-01
7.363338932796735792e-01
7.359774959930639460e-01
7.356829551205351647e-01
7.355911286095514479e-01
7.353531921737078703e-01
7.350827222334102018e-01
7.349085295073171098e-01
7.346714126438155246e-01
7.345954764152460292e-01
7.341253656179160814e-01
7.340633786343618850e-01
7.338275146028863105e-01
7.337320072696503770e-01
7.335160358099277467e-01
7.330868962067905725e-01
7.331069330213392243e-01
7.328464539214767370e-01
7.326627608418512239e-01
7.324730782267324658e-01
7.322408771328379196e-01
7.321259002826159268e-01
7.321103462343522272e-01
7.316854782765473963e-01
7.314604444744873257e-01
7.312649809023769043e-01
7.313479721400164557e-01
7.310845292918722871e-01
7.307979762528034051e-01
7.306036645701220467e-01
7.304473299322071789e-01
7.302711921777312876e-01
7.300807311038629566e-01
7.299257506505604232e-01
7.295939775487522150e-01
7.293635945052904246e-01
7.291527250177284314e-01
7.289421707885482826e-01
7.287366075519693398e-01
7.284552256561566130e-01
7.283363742769998206e-01
7.281102713717193531e-01
7.278933046859626943e-01
7.275216583923960201e-01
7.273381282283177818e-01
7.272705828698904362e-01
7.269805635384640752e-01
7.268787100846557658e-01
7.267568305475222701e-01
7.263548826150976190e-01
7.263459354884741481e-01
7.260728395337591179e-01
7.258233279339615374e-01
7.253665872747244725e-01
7.256177832056528443e-01
7.252264200741493916e-01
7.252038589288339887e-01
7.248299103150447342e-01
7.246787188928593970e-01
7.243254076364199490e-01
7.242839933966512822e-01
7.238781424463601732e-01
7.238622262955413111e-01
7.236492262768606798e-01
7.235133374695155162e-01
7.232640823603224689e-01
7.232283887810612155e-01
7.231346300389733806e-01
7.227419986452005007e-01
7.227943752715328962e-01
7.224633774042014123e-01
7.223994638646885624e-01
7.221071007099797434e-01
7.220414186840811155e-01
7.217991102013620042e-01
7.216765042128189256e-01
7.214884942538809520e-01
7.212606025751204797e-01
7.210016617493345548e-01
7.207520633506777630e-01
7.207266758897454828e-01
7.204808819034002054e-01
7.203591122724276596e-01
7.198390788646498173e-01
7.199357217248535390e-01
7.198075656950945200e-01
7.196881263107858251e-01
7.195602679217459885e-01
7.192939078419495758e-01
7.190103770810449824e-01
7.189260549613187834e-01
7.187243714442753673e-01
7.186592672218123923e-01
7.186118677901728313e-01
7.182668419768298840e-01
7.181700237926998964e-01
7.181832082582814136e-01
7.176362658964700048e-01
7.176678389091620813e-01
7.175129468158378820e-01
7.174630553200019856e-01
7.167637360872349817e-01
7.170318918198946845e-01
7.167277215483474073e-01
7.164588406446376068e-01
7.163907568392492431e-01
7.162107901049433734e-01
7.160656221150714096e-01
7.158509239127770485e-01
7.157369214893017917e-01
7.157679350937761198e-01
7.155745759585220300e-01
7.151535654673835118e-01
7.152380004681494485e-01
7.150792859600666462e-01
7.148945295376271103e-01
7.147170855669835454e-01
7.146650664939757647e-01
7.144269505121290109e-01
7.142327979689012674e-01
7.140544206832196705e-01
7.138636566993965538e-01
7.137795989878324976e-01
7.139410135328551066e-01
7.136174812343286655e-01
7.133199313122550178e-01
7.134136560940359528e-01
7.134171957896726646e-01
7.131027958134258382e-01
7.129868016045017853e-01
7.129241396577318257e-01
7.127188039434547706e-01
7.127815492194639058e-01
7.126390974370857556e-01
7.123739779448556853e-01
7.123476539120706663e-01
7.118976566615700108e-01
7.118609575322699667e-01
7.118795297329855165e-01
7.113408648309104132e-01
7.113397237985571442e-01
7.114291315678012984e-01
7.111024912658615582e-01
7.108899581489808162e-01
7.108193934217871268e-01
7.105054424434942284e-01
7.106654708318279612e-01
7.103090038141428586e-01
7.102046407896588365e-01
7.099935176383259661e-01
7.098178810424574658e-01
7.095908100134825647e-01
7.097020229635502275e-01
7.093549560047209823e-01
7.095026397760449965e-01
7.092068009701417708e-01
7.089685855083249777e-01
7.087932871728123141e-01
7.087679074396567858e-01
7.083512519295025456e-01
7.085136868922479181e-01
7.082588240981452232e-01
7.080926740695074884e-01
7.079653051412462261e-01
7.079011782188727731e-01
7.077485941595393903e-01
7.076619047514792760e-01
7.074889262085690689e-01
7.072147585713729478e-01
7.067980395559324558e-01
7.065647808680289854e-01
7.063549359002765371e-01
7.065334327525151226e-01
7.060550818757320712e-01
7.062244197288283232e-01
7.058932051580226741e-01
7.059242835288754847e-01
7.057295803587065874e-01
7.055920379580539192e-01
7.053406878993958573e-01
7.053841405476554138e-01
7.051446509940748619e-01
7.049638065345069649e-01
7.045865766903159910e-01
7.046417033020192511e-01
7.043656168776988302e-01
7.041970484053156065e-01
7.040641863790355615e-01
7.040845674948029709e-01
7.034660837017300272e-01
7.035800842718832326e-01
7.035351249125830764e-01
7.035366205012758556e-01
7.029212589665285726e-01
7.031711650102142608e-01
7.028669947184099653e-01
7.028598803629938496e-01
7.029045613233879664e-01
7.021510452195336427e-01
7.023654635669379642e-01
7.019911488496365370e-01
7.019289968602020480e-01
7.018344486712480013e-01
7.013249524805127422e-01
7.017448651786551972e-01
7.012622323235960797e-01
7.012578194873588799e-01
7.010490965154480003e-01
7.008418613964554345e-01
7.008882156795128715e-01
7.007489608747627940e-01
7.005866259534117013e-01
7.002482445015988377e-01
7.000969548974694812e-01
6.999537026073768820e-01
6.997613875322317156e-01
6.999458677119184680e-01
6.996295787113453457e-01
6.993497875509034900e-01
6.993803937476484878e-01
6.991978600022572543e-01
6.987289964626041128e-01
6.989816828116123260e-01
6.987016093633999780e-01
6.987322571758792789e-01
6.986999205986585970e-01
6.982631494833763108e-01
6.982179113254997072e-01
6.980948795586758848e-01
6.981433977320002926e-01
6.977585995043337208e-01
6.977634469874369749e-01
6.975511454790761512e-01
6.976558127806457010e-01
6.972623900123299245e-01
6.972067267808856883e-01
6.971531750315445031e-01
6.968416743504438626e-01
6.966515301371248858e-01
6.965179035203807878e-01
6.963730522106726939e-01
6.963345864740629887e-01
6.960369457537467497e-01
6.961400039019793873e-01
6.959482234446400239e-01
6.958281874067764328e-01
6.957939243695413500e-01
6.956718823779417527e-01
6.953430779374299986e-01
6.952750099214899393e-01
6.950874017483800182e-01
6.950818021165887650e-01
6.950767077718288389e-01
6.948403652998220714e-01
6.946040331185286965e-01
6.944209834308989748e-01
6.943229564133233112e-01
6.943397803045917582e-01
6.940915034364305569e-01
6.941612296654279257e-01
6.939759180657597559e-01
6.938629092144686927e-01
6.935590553878983044e-01
6.937617428754881965e-01
6.933772191300840992e-01
6.935959800004348752e-01
6.933016627007585475e-01
6.932174119855503136e-01
6.932660921704910661e-01
6.927120503647378191e-01
6.930594469243321898e-01
6.927148535926495043e-01
6.928965831663708164e-01
6.925875455459933328e-01
6.926255636139972971e-01
6.925282543174580141e-01
6.923229157875581130e-01
6.923621850463846927e-01
6.921066406428327822e-01
6.917447657056080557e-01
6.918360757496530011e-01
6.913912437558775714e-01
6.915468454982215407e-01
6.911732667328581714e-01
6.911394123921387189e-01
6.911337153566389224e-01
6.910987433293578341e-01
6.907648229723500899e-01
6.907552271047956438e-01
6.904453537141653774e-01
6.905920373256857481e-01
6.902799933971651702e-01
6.902502154814738056e-01
6.899079266776571018e-01
6.899125527321022799e-01
6.894893527583284554e-01
6.893637907782140806e-01
6.895152424623122167e-01
6.892614806909991287e-01
6.893665184015683733e-01
6.890031810224104269e-01
6.889938364594802023e-01
6.889924725700765640e-01
6.887338831549532081e-01
6.886125526042174982e-01
6.887129765974447926e-01
6.881302645204393498e-01
6.881864947424397583e-01
6.879777203671021413e-01
6.880418106929639954e-01
6.880292863018105942e-01
6.881476665835858375e-01
6.880106447731355601e-01
6.877234601519194301e-01
6.878781703695513450e-01
6.873644488452863577e-01
6.873719058154099670e-01
6.875100505547098173e-01
6.873262407722587897e-01
6.871565501148008126e-01
6.871397833928626353e-01
6.868361309802210046e-01
6.867732314963742590e-01
6.867580334505825057e-01
6.863610372337768384e-01
6.864599079337075915e-01
6.862716558254460253e-01
6.861924783240122006e-01
6.860515972744298807e-01
6.858912400271993670e-01
6.857893891707823597e-01
6.859515768075515885e-01
6.855580720110400206e-01
6.856925514924800957e-01
6.855599915854758697e-01
6.856025847459464861e-01
6.851829746438563573e-01
6.855960779617390477e-01
6.854481246529201544e-01
6.854034116509525321e-01
6.855202405872420357e-01
6.851507035418299418e-01
6.852179824045179224e-01
6.851479283503015827e-01
6.850441197062248078e-01
6.847848911109194470e-01
6.849731054220545845e-01
6.848040091709918231e-01
6.845105922039930180e-01
6.845052539509205447e-01
6.844916413633291841e-01
6.843746582352111529e-01
6.844122037390429902e-01
6.843972185884396042e-01
6.841224737900067909e-01
6.838785329755786568e-01
6.837624457110748066e-01
6.837139338542219669e-01
6.834407767921711896e-01
6.831155772522111702e-01
6.829645149633959411e-01
6.828518122538288493e-01
6.827653239115800687e-01
6.827129643684348714e-01
6.824254851484101714e-01
6.824122842576998416e-01
6.821030337397218091e-01
6.822414088690522682e-01
6.821991041955502988e-01
6.819070207764301728e-01
6.819966195149582688e-01
6.818368177513852713e-01
6.816777049382823916e-01
6.814702655956278443e-01
6.815654671198109193e-01
6.813911811330980450e-01
6.812196326366254384e-01
6.812127850953931807e-01
6.810391199252969763e-01
6.808334928375745498e-01
6.808053009861195770e-01
6.806314558660918612e-01
6.803683225776046006e-01
6.805419109135256717e-01
6.803482791339044988e-01
6.801998841680898522e-01
6.802024954978803661e-01
6.799714125205585935e-01
6.797850779287782919e-01
6.797146378511557119e-01
6.798865215390376138e-01
6.795314733172169719e-01
6.795766400222902348e-01
6.794159862672474182e-01
6.793602558314089102e-01
6.790158125163611169e-01
6.791435960729774735e-01
6.789235932803577844e-01
6.789148073621754653e-01
6.786557603679699291e-01
6.787908059133466177e-01
6.785901890582005658e-01
6.785853024517102261e-01
6.785177119654745015e-01
6.783724170665808018e-01
6.782668949811155867e-01
6.784273543465985101e-01
6.781638137363213970e-01
6.782289937291583470e-01
6.780759270626445234e-01
6.782702386772498926e-01
6.780832760939060622e-01
6.779836411018637099e-01
6.779069775298700584e-01
6.776092139579726892e-01
6.776847826781069450e-01
6.776414271299323611e-01
6.776149843209862134e-01
6.774857449074853655e-01
6.774447229557707395e-01
6.772508793852626274e-01
6.769879388844662893e-01
6.770698931814930210e-01
6.768669570438557992e-01
6.768325337907442618e-01
6.767163076902896757e-01
6.768294898332974929e-01
6.766652151692023054e-01
6.768024084202028945e-01
6.765797319055669723e-01
6.764753478466661862e-01
6.763123676042545052e-01
6.764985117320868602e-01
6.762120109269927903e-01
6.762695736953241443e-01
6.761597628085848077e-01
6.760899711693735270e-01
6.759610017195668563e-01
6.758223934032178137e-01
6.759637911422068379e-01
6.756742129422885768e-01
6.755497475038884092e-01
6.755387143657453075e-01
6.755480920294624214e-01
6.754266670708471976e-01
6.753710973385712579e-01
6.751115646778798052e-01
6.752634017518458487e-01
6.751169481175581799e-01
6.750914685379897362e-01
6.749254664830607320e-01
6.750727416336350650e-01
6.747472723772863779e-01
6.748958230123922597e-01
6.743829936505337797e-01
6.746680465189233145e-01
6.741693611281126541e-01
6.738894102412099629e-01
6.738021988838562848e-01
6.738287130354754240e-01
6.736596899272188077e-01
6.735343240770895745e-01
6.736767790140261170e-01
6.734363795330452485e-01
6.734205530618350144e-01
6.732328556357863869e-01
6.733081145321418992e-01
6.733512650766736440e-01
6.730416792894181599e-01
6.730231757533124970e-01
6.729929073728581068e-01
6.728605943111131138e-01
6.725967484050481282e-01
6.726916592308375131e-01
6.724080588237630884e-01
6.725735412402166213e-01
6.724604950203142417e-01
6.721833065539791763e-01
6.720854809750304026e-01
6.720805781128196266e-01
6.718107480935429088e-01
6.718177256550158516e-01
6.716990226887725735e-01
6.716706643785768094e-01
6.715082684660003132e-01
6.714763285472574728e-01
6.713775641236875424e-01
6.712485763616630186e-01
6.712646224739257095e-01
6.711602506593007389e-01
6.710488568390552411e-01
6.710180356454459316e-01
6.710365535331952458e-01
6.708262448858156590e-01
6.709253942144227656e-01
6.709811045688853781e-01
6.709072131403878148e-01
6.709238254485683228e-01
6.709087702524129115e-01
6.708031295418477313e-01
6.706934889870915795e-01
6.704759503727079073e-01
6.705401931012845429e-01
6.705544505223092200e-01
6.703102113002131768e-01
6.703601129900143007e-01
6.702486433498647811e-01
6.702872748259159907e-01
6.701094512480180176e-01
6.702502013508805367e-01
6.700338462457100519e-01
6.700473025684559047e-01
6.698684961434805407e-01
6.699850987801044822e-01
6.697722935530857624e-01
6.696947815381446567e-01
6.696988365356263406e-01
6.696345471171718522e-01
6.695422195871895132e-01
6.695443331040715762e-01
6.692470214221842850e-01
6.692920962253960937e-01
6.692729027048662793e-01
6.692509636810651807e-01
6.692327736863806775e-01
6.688331162925099660e-01
6.691257252085742735e-01
6.688151092340536286e-01
6.688727274485452012e-01
6.687632220247281545e-01
6.687839809745335096e-01
6.686463561747303386e-01
6.687317171653300862e-01
6.684519070918212291e-01
6.685655275535954400e-01
6.682619996433319942e-01
6.683135959890442734e-01
6.681776805678083520e-01
6.681072371849374747e-01
6.680440445356398138e-01
6.680396119185104675e-01
6.678847208947150671e-01
6.681216697007483774e-01
6.679243638118168569e-01
6.677315000723765825e-01
6.676279570289617160e-01
6.675140478284458112e-01
6.675620106882527161e-01
6.674675443136348640e-01
6.675004980913454844e-01
6.673411996487575992e-01
6.673911134990291316e-01
6.673083490332859524e-01
6.672160999723337760e-01
6.672508888395044524e-01
6.669744173138281162e-01
6.668659360145891002e-01
6.668570888572163957e-01
6.668498850685330437e-01
6.668349254183110197e-01
6.666017234679589842e-01
6.666863859457651253e-01
6.665034600539491150e-01
6.663887716871034206e-01
6.664136287617361543e-01
6.662930257882062612e-01
6.661157661198894298e-01
6.661192123125502240e-01
6.660056554115251215e-01
6.658629636840877053e-01
6.659724861327697143e-01
6.658054462376638005e-01
6.657079144203786880e-01
6.656932964221983218e-01
6.656802585506228498e-01
6.656352887480009306e-01
6.655398982668894181e-01
6.654697964249679520e-01
6.653481838043119323e-01
6.653714364840784823e-01
6.654372095618988903e-01
6.651111415647887881e-01
6.652876312736379916e-01
6.651605193832516028e-01
6.649627821359941349e-01
6.650009053660927982e-01
6.650317964029327511e-01
6.648292617191807752e-01
6.649429431159056270e-01
6.646904492830706390e-01
6.647028729173984907e-01
6.645751602159123417e-01
6.644453652690606171e-01
6.646387919375994491e-01
6.645168615623491259e-01
6.645586775783657307e-01
6.646094335291505839e-01
6.644690491446202385e-01
6.644464461067740579e-01
6.643606839152351728e-01
6.643461652016092733e-01
6.641255602523269408e-01
6.642336751748677548e-01
6.641486646863099530e-01
6.640037798119891033e-01
6.639757422742281756e-01
6.637817708671941430e-01
6.637775928545704973e-01
6.637712453053631334e-01
6.637417180168920794e-01
6.634739167827362616e-01
6.632628410027195942e-01
6.631334940019334434e-01
6.632509863367826997e-01
6.631513970187249418e-01
6.630423025087396338e-01
6.627862246294317083e-01
6.625279224637955489e-01
6.625847492360283919e-01
6.625210800754807172e-01
6.624685068159680279e-01
6.623845932223735300e-01
6.622927741371331667e-01
6.620388900252257569e-01
6.621212024576442756e-01
6.620388732801024689e-01
6.619259752298989330e-01
6.617825023270784701e-01
6.617363291268258951e-01
6.618686356717087271e-01
6.615335708159385542e-01
6.614831402939566063e-01
6.614927540644227610e-01
6.612830183294186037e-01
6.611719109364454505e-01
6.610274919830453344e-01
6.610425215988403602e-01
6.611260062775663471e-01
6.607247189868755699e-01
6.609722294012830845e-01
6.606380042498452010e-01
6.607987111692382731e-01
6.604597441353000642e-01
6.607064527847165136e-01
6.604321449511918463e-01
6.605134965716951134e-01
6.601561160905571324e-01
6.601928371347290936e-01
6.599614175310811737e-01
6.600243218467577444e-01
6.597563447550013338e-01
6.598338936885538297e-01
6.596695194549007102e-01
6.596793397312753493e-01
6.593423520901920964e-01
6.596653674019091751e-01
6.594998514382247601e-01
6.594926617637156818e-01
6.592204277253818079e-01
6.591325980928625095e-01
6.591580703108513850e-01
6.591138279112812581e-01
6.591129534462621953e-01
6.587894609977139604e-01
6.589155671757831456e-01
6.587555149197081850e-01
6.589694256141825912e-01
6.586982368289703293e-01
6.586724445321849863e-01
6.585786383507640229e-01
6.586507233222801405e-01
6.583093536376675159e-01
6.584746580557274687e-01
6.582096244805856200e-01
6.581442464170671469e-01
6.579947931967631281e-01
6.579934551626855921e-01
6.581203801511176232e-01
6.577098239352322517e-01
6.579092668471892003e-01
6.573472799409304512e-01
6.576212004266287492e-01
6.575283519561118117e-01
6.576362784837590514e-01
6.575350270486161053e-01
6.572972248091660807e-01
6.572391714679105545e-01
6.571902111057897899e-01
6.571878784606974833e-01
6.570776603109069747e-01
6.569960522745235121e-01
6.568392967055435294e-01
6.568187457047999223e-01
6.568349888014531901e-01
6.568154175808883499e-01
6.566133397275800698e-01
6.566503766902507255e-01
6.567469947857139667e-01
6.564447673955002838e-01
6.563226347716540898e-01
6.560913781899033737e-01
6.561680482853884389e-01
6.561866743776615385e-01
6.560755080010020057e-01
6.559791813960169637e-01
6.558938981483882769e-01
6.556451665228263392e-01
6.555706106662644306e-01
6.555526628665605537e-01
6.557051598853526064e-01
6.554034154081317398e-01
6.553120803469256739e-01
6.553561332457719102e-01
6.552972435665656015e-01
6.550686021207418053e-01
6.550062214681884321e-01
6.549741913855574582e-01
6.549263884025379179e-01
6.547372677424954102e-01
6.547085734784624522e-01
6.545953287396484299e-01
6.545925295181918013e-01
6.543070038033657054e-01
6.543365167505632574e-01
6.543298373057704342e-01
6.542322968678225825e-01
6.542310403595226198e-01
6.541232854725989032e-01
6.540743155787727137e-01
6.539563828921283184e-01
6.538457720442957255e-01
6.538627417540876507e-01
6.539368311201497752e-01
6.538663972038083472e-01
6.537160945195873429e-01
6.533706821386103814e-01
6.535333247274804913e-01
6.533153692507759347e-01
6.533103376434351572e-01
6.534640445236407080e-01
6.530220076880848268e-01
6.532346587669025650e-01
6.532032124926783201e-01
6.529505835134462588e-01
6.529918364187493607e-01
6.528945471839894266e-01
6.529424961404449723e-01
6.526552394606057739e-01
6.527523359741602693e-01
6.526442789019973878e-01
6.525571964667153946e-01
6.523357161789398173e-01
6.523574248585314317e-01
6.522423808035814341e-01
6.522189418539199313e-01
6.520723503195912096e-01
6.518896506459919138e-01
6.519797862122304055e-01
6.518583450839835480e-01
6.518105322066424234e-01
6.516622639593688815e-01
6.518035394971400942e-01
6.516289462453485060e-01
6.514690098631606974e-01
6.516354386626654893e-01
6.513124358214240628e-01
6.513696678092443237e-01
6.513752968672180677e-01
6.511893629390980154e-01
6.510847287707680620e-01
6.511041246600297594e-01
6.509582923494544593e-01
6.509981189610545282e-01
6.508416154129855746e-01
6.509273231648381453e-01
6.509409722022966305e-01
6.505738851769982123e-01
6.506499998091710424e-01
6.506258082073385074e-01
6.503150501804674244e-01
6.504438761060020724e-01
6.503293788668914610e-01
6.502022997103964475e-01
6.502075325673078998e-01
6.500060396431606158e-01
6.501276149068720978e-01
6.500996084505169526e-01
6.499469301361234796e-01
6.499462596933375247e-01
6.498019169716360288e-01
6.497082692203702825e-01
6.498866145864500288e-01
6.496497816635325995e-01
6.497661161009585795e-01
6.494948527338556543e-01
6.494953469606530305e-01
6.493610047614262193e-01
6.495193893632068560e-01
6.491398732513944392e-01
6.492405202033565415e-01
6.491613776731984808e-01
6.492351774068376713e-01
6.492350424165439504e-01
6.491129943316286122e-01
6.489148393072893262e-01
6.489163597204373746e-01
6.488967850298185125e-01
6.487328573574907553e-01
6.486328484748145051e-01
6.486013927832273707e-01
6.487112247594105652e-01
6.485588130232428083e-01
6.486676911596785944e-01
6.483917082428242162e-01
6.483825376745476765e-01
6.483239655250560007e-01
6.483975337164624708e-01
6.482699380742732442e-01
6.483377121989972736e-01
6.482271238441232875e-01
6.482923015290099622e-01
6.481296615679339457e-01
6.481490233002201728e-01
6.480833323305372762e-01
6.478033293868943332e-01
6.478907215046116885e-01
6.477348515414548258e-01
6.478363976583777495e-01
6.474862870435110773e-01
6.476136746676172118e-01
6.471892504957785786e-01
6.473292304417049836e-01
6.473709107731143719e-01
6.473409860220883383e-01
6.470366120068185012e-01
6.469470555116830779e-01
6.468317900828043365e-01
6.469336912472830603e-01
6.466463634097172619e-01
6.467005150097779875e-01
6.464099678819387185e-01
6.466583720775537225e-01
6.461353436071167744e-01
6.462937374849176964e-01
6.462836409725267739e-01
6.462358255428959364e-01
6.460914630054362950e-01
6.460713917643312598e-01
6.460620825627014785e-01
6.460491426908288037e-01
6.457569665405967774e-01
6.458345388762789518e-01
6.455647868522315092e-01
6.455814406341362499e-01
6.454694340389538487e-01
6.455060494536963844e-01
6.455908296976270444e-01
6.452812551902956661e-01
6.452606703236202224e-01
6.452034077008772517e-01
6.449125368411657844e-01
6.450147123777950631e-01
6.448345441670974010e-01
6.447111159965750460e-01
6.447147449564546440e-01
6.446603365594570922e-01
6.445642839813365832e-01
6.445063088067667367e-01
6.447439469298015258e-01
6.444152270816289052e-01
6.445320996686497717e-01
6.442671394200557566e-01
6.443489654279517254e-01
6.441582734719620840e-01
6.441394652136772647e-01
6.440964099621843131e-01
6.440131423628928653e-01
6.439399116174987503e-01
6.437316924941869356e-01
6.437338913719536926e-01
6.436226722396567457e-01
6.433869338082404132e-01
6.434624842111461573e-01
6.431199197009025426e-01
6.431830216736782457e-01
6.431386050407640331e-01
6.429089735164554842e-01
6.427097321463054458e-01
6.426397735505263720e-01
6.426629441102764684e-01
6.422404285570501026e-01
6.423784495148167073e-01
6.420808266744524317e-01
6.419171103825210833e-01
6.420022349634052494e-01
6.416855828882109813e-01
6.416837713516728714e-01
6.415361126337230102e-01
6.413609276948377680e-01
6.413845454109815547e-01
6.410998736789234043e-01
6.410645180493005357e-01
6.410488261168559854e-01
6.407387131167954220e-01
6.404054540229114911e-01
6.403815762905146203e-01
6.400515968911212328e-01
6.401175358163240237e-01
6.401490414385316852e-01
6.399178491890226139e-01
6.395184645957535663e-01
6.394521038767031484e-01
6.393893006695198222e-01
6.391872721828569803e-01
6.389696179477838411e-01
6.387953604240323990e-01
6.389702001344540472e-01
6.386742863281779092e-01
6.386620948490143723e-01
6.383629523503204783e-01
6.383385911733913121e-01
6.383349420022664811e-01
6.382875144306859871e-01
6.380651312666776320e-01
6.380506233980014485e-01
6.380107114311763805e-01
6.378579701495246113e-01
6.377120289537633324e-01
6.376540383780523458e-01
6.374838734296218723e-01
6.375313607468046095e-01
6.374368735660150831e-01
6.373678162916395218e-01
6.372453092753447290e-01
6.371365482346360576e-01
6.371757642809555700e-01
6.369866534598453978e-01
6.369125551224739112e-01
6.368047175807063365e-01
6.370157150199541318e-01
6.367382099894284275e-01
6.364955504095565209e-01
6.366660682990553655e-01
6.366066847783838911e-01
6.365301662727456122e-01
6.362869689130553619e-01
6.360154572932495975e-01
6.359152871539447416e-01
6.359735067882533732e-01
6.361552194469071164e-01
6.359284855298344974e-01
6.356719426112962257e-01
6.357193592382338609e-01
6.358527545458335650e-01
6.356441226307267822e-01
6.355483244035162738e-01
6.354468373019820371e-01
6.354967420221419028e-01
6.353098727016606162e-01
6.354641122414703691e-01
6.351254454653205705e-01
6.351887377765517151e-01
6.349856019794427597e-01
6.347560153906303126e-01
6.348624164964162819e-01
6.348175898978509757e-01
6.348510454932613234e-01
6.346250667663165812e-01
6.344106576381582929e-01
6.345779074165556199e-01
6.342722199515414827e-01
6.343148947371385349e-01
6.344552040849772423e-01
6.340340657042538020e-01
6.341703156487293880e-01
6.342686934713795965e-01
6.340381912832792066e-01
6.340510361474345213e-01
6.338927719134729299e-01
6.338677597601862779e-01
6.339855602476284213e-01
6.336357725387543605e-01
6.334749544075249927e-01
6.337804710763939031e-01
6.336425345120709762e-01
6.333820661165674437e-01
6.335221097230696596e-01
6.331507336481477788e-01
6.335558589182679334e-01
6.329856996826136450e-01
6.332106445238175896e-01
6.330146029239964722e-01
6.330889117894237250e-01
6.328165785685999634e-01
6.328773475434720241e-01
6.327204838945930110e-01
6.330261918753917749e-01
6.325000810505373439e-01
6.327481620002775031e-01
6.326599038593183622e-01
6.325445042740663881e-01
6.323796726732301421e-01
6.327345881515399340e-01
6.322957117597622911e-01
6.326841748095254347e-01
6.320801396187150090e-01
6.323729595003441117e-01
6.324023809390734163e-01
6.322373328719785857e-01
6.324237577935251098e-01
6.319502126223246474e-01
6.320752277190915258e-01
6.321342483714814664e-01
6.318214355468222410e-01
6.322318351773170697e-01
6.318114362985610688e-01
6.318274258455636172e-01
6.319948799899299807e-01
6.316285933095223681e-01
6.317478594121285207e-01
6.317290803925518228e-01
6.315251973750134473e-01
6.315825508453596360e-01
6.316142184457537168e-01
6.315203951448170594e-01
6.315420443529797812e-01
6.315700091575430219e-01
6.312102413796500944e-01
6.313314670468117562e-01
6.313507493703089946e-01
6.313854225270657539e-01
6.312943161133880432e-01
6.311673234662268372e-01
6.313914370324759107e-01
6.312368338948661783e-01
6.310304678341794871e-01
6.310141496823604701e-01
6.310455797553173873e-01
6.309633620219777805e-01
6.309897203444468916e-01
6.308656966553115586e-01
6.308908186039771104e-01
6.308179850862386528e-01
6.307745472406655063e-01
6.306468984977362524e-01
6.306843643254474996e-01
6.305321303841721070e-01
6.305536725380080920e-01
6.306458083885502219e-01
6.303259783638094360e-01
6.304119532157572703e-01
6.303355014338134499e-01
6.303014807994068436e-01
6.302850737281735505e-01
6.300921570409080408e-01
6.301747668847620387e-01
6.301006530567108133e-01
6.300072371908220781e-01
6.300619725880276523e-01
6.298834295790413096e-01
6.298940857946048189e-01
6.300555755461705321e-01
6.297427125888709343e-01
6.298944430255813964e-01
6.296686233331091342e-01
6.297113064572764651e-01
6.296699137844681271e-01
6.295430784533531110e-01
6.295420647061317210e-01
6.294800646655870358e-01
6.293999029016710267e-01
6.296265298052333703e-01
6.293866937884146084e-01
6.293460889289590465e-01
6.293215462575637575e-01
6.292481147279940235e-01
6.292904428348792267e-01
6.291222493737255173e-01
6.291384445559287109e-01
6.290079266935371116e-01
6.289577224478547501e-01
6.288738011281543860e-01
6.289052069542224732e-01
6.289293263710956650e-01
6.287319933746657874e-01
6.285613529654107134e-01
6.288510424806658117e-01
6.286284044247906211e-01
6.287746477795063127e-01
6.287442805133151014e-01
6.284305830236682766e-01
6.286120291497282464e-01
6.285034185663536110e-01
6.284477614056950268e-01
6.285160460459323639e-01
6.283976189857987116e-01
6.284244301314820813e-01
6.282030523226879160e-01
6.282628593560958263e-01
6.282115457972431427e-01
6.283288097353186830e-01
6.282820029149208674e-01
6.279478288372906114e-01
6.279722935016854857e-01
6.279593296641053923e-01
6.278412852234286357e-01
6.279333759114742453e-01
6.276612775574084147e-01
6.278472051223676909e-01
6.277423253845056950e-01
6.276152817934456118e-01
6.277840468067775737e-01
6.275037743571307836e-01
6.275143011303302432e-01
6.274914152915646026e-01
6.273941674921404976e-01
6.273628066390887215e-01
6.273157562343348870e-01
6.272343049103837886e-01
6.271671354488551620e-01
6.272227615057350825e-01
6.270995863448595165e-01
6.269447904433048668e-01
6.271079049423458063e-01
6.267343066906027049e-01
6.269970555234594123e-01
6.266286360700467073e-01
6.266678320061785934e-01
6.266480307474762146e-01
6.265997964943588183e-01
6.265340166185872084e-01
6.266204614878034818e-01
6.262968914930896469e-01
6.262109579763910361e-01
6.263452801517886970e-01
6.263264394770504673e-01
6.261087172223037678e-01
6.260229237727582552e-01
6.261161025390228341e-01
6.261142289969167107e-01
6.259647167241524368e-01
6.258476170248841175e-01
6.259367989391874110e-01
6.259006333816490297e-01
6.257130120862999245e-01
6.256053469476067219e-01
6.255269468624610196e-01
6.255276365089282864e-01
6.253767150799071084e-01
6.254033970299409662e-01
6.252760212035528564e-01
6.253437465836771958e-01
6.253771058893698997e-01
6.253255049131519749e-01
6.250382421188117599e-01
6.251424260568404501e-01
6.252924846001336467e-01
6.250088991732875021e-01
6.249763388792649588e-01
6.248324102902637067e-01
6.247540196119149014e-01
6.246716917257316704e-01
6.247397196437315392e-01
6.247830681583305124e-01
6.248230200270373791e-01
6.246595620106711877e-01
6.247925829194415082e-01
6.246049760989865751e-01
6.244351822975412469e-01
6.243238073786355757e-01
6.244077955569572458e-01
6.243520779734340609e-01
6.241867346923491988e-01
6.242149731698495296e-01
6.240415324301543665e-01
6.241003288579022312e-01
6.241194131753609042e-01
6.240260706934849244e-01
6.242827871007692320e-01
6.238040388801453506e-01
6.243199689572801470e-01
6.237906165484392584e-01
6.236882532408070112e-01
6.237564173607869078e-01
6.238991940442357720e-01
6.235713571690565393e-01
6.238043559864746568e-01
6.234411615572160725e-01
6.235796218553756320e-01
6.235109630807188497e-01
6.237243589932166543e-01
6.233684750451856660e-01
6.233625996978979789e-01
6.233449656966888464e-01
6.233339189403872549e-01
6.231840205211020001e-01
6.232682951157552109e-01
6.231966993687423351e-01
6.232891083523744991e-01
6.229913419206730696e-01
6.230659902982010889e-01
6.228469349258185517e-01
6.229143199356678151e-01
6.229020745385956959e-01
6.226273923505626362e-01
6.227145667057554235e-01
6.225139256063569881e-01
6.227187837408673099e-01
6.223938428957914715e-01
6.225047214790289107e-01
6.224353523577846881e-01
6.221771876161359405e-01
6.226261295966477594e-01
6.221351325437148860e-01
6.222064935330214874e-01
6.221105597491952688e-01
6.220082819136537600e-01
6.219927186691679433e-01
6.220482739365388314e-01
6.220630426958827508e-01
6.218203114889527816e-01
6.220275546646248932e-01
6.217758448357658674e-01
6.217605608626830538e-01
6.216474125364220837e-01
6.217873218869792717e-01
6.213730448680350182e-01
6.215525660372910322e-01
6.213473610904013400e-01
6.213622854470383094e-01
6.212145682762132415e-01
6.210462155063698475e-01
6.211257913475450865e-01
6.211627783839842598e-01
6.209023011520832247e-01
6.210377041991869129e-01
6.208161468903438118e-01
6.209150457983487748e-01
6.210693255296152460e-01
6.205995888326691912e-01
6.207323023258369821e-01
6.206230976922606501e-01
6.207574003813643992e-01
6.206943985851023360e-01
6.206106968594301554e-01
6.203824347491009306e-01
6.203718957965087544e-01
6.204195337908658958e-01
6.203990618124369805e-01
6.201430831154579604e-01
6.204453594791047299e-01
6.201292952963084470e-01
6.199776278800046558e-01
6.198414921042497694e-01
6.197683980778520008e-01
6.196568602621700395e-01
6.198549282607684896e-01
6.198905584712698369e-01
6.198587501298397084e-01
6.196456566063889282e-01
6.195641035558877574e-01
6.193676645915360268e-01
6.195010774215018445e-01
6.194060637453983054e-01
6.193727416861301016e-01
6.192663470265066250e-01
6.192706135663020861e-01
6.192013813615443452e-01
6.190015757142250941e-01
6.189784654038484879e-01
6.188271817989829948e-01
6.189670177091385339e-01
6.186695190352650142e-01
6.188576058345710562e-01
6.184473684420205286e-01
6.183596100081961700e-01
6.184997874321035427e-01
6.183225650050302447e-01
6.182498317022756540e-01
6.182758347243474395e-01
6.180564768765702821e-01
6.180804072624209722e-01
6.181260177051922655e-01
6.179704726145166527e-01
6.181342868863820561e-01
6.177634600226188377e-01
6.178269059202693425e-01
6.175250949462659511e-01
6.178097777301143623e-01
6.174518212591381117e-01
6.176262187698549067e-01
6.173819594143039602e-01
6.173066936523258219e-01
6.174332733765141024e-01
6.173796424712563180e-01
6.172272279405298656e-01
6.173448685089563126e-01
6.170184796279979400e-01
6.170864241056090993e-01
6.171787737424155873e-01
6.170502309930707696e-01
6.169057471907951617e-01
6.169039288063955517e-01
6.166508762477980188e-01
6.167220792186645095e-01
6.166357801822713869e-01
6.165549038260731418e-01
6.164846867483192439e-01
6.163297200975629275e-01
6.162830654899894567e-01
6.161423448408687165e-01
6.162207297654639371e-01
6.159949009818324051e-01
6.159678205620836566e-01
6.157158333284004081e-01
6.157200854183636496e-01
6.156807081373957269e-01
6.153867050002475025e-01
6.155228742751656101e-01
6.154589885293043627e-01
6.154494520820273928e-01
6.152136341947102016e-01
6.152793776831869677e-01
6.152319015981878580e-01
6.152437524950632453e-01
6.151707062812735716e-01
6.149346549967168452e-01
6.150440130032438502e-01
6.149465544367721526e-01
6.148517811633525953e-01
6.144863706254128921e-01
6.148140574252253243e-01
6.146692832285094443e-01
6.145594180183228117e-01
6.146057771906289213e-01
6.147336374469191123e-01
6.143522509608486670e-01
6.144150989923520267e-01
6.143675612253138851e-01
6.141942286453256905e-01
6.142423424620889749e-01
6.140849610754605115e-01
6.139832818895650801e-01
6.139940314650583764e-01
6.139419654363434953e-01
6.138332665611269112e-01
6.137840199285345966e-01
6.137388483990390275e-01
6.134813815028965500e-01
6.136795403901461610e-01
6.134986957401208363e-01
6.132266157563663889e-01
6.132722231777614219e-01
6.133019466270102082e-01
6.131294005213983045e-01
6.130737838143653917e-01
6.128867360469021364e-01
6.128631192603860578e-01
6.128492377672347668e-01
6.128336672488252646e-01
6.127576419805708108e-01
6.127137643816139567e-01
6.127079358664352382e-01
6.126891339198338171e-01
6.124206226501091033e-01
6.125826996917645983e-01
6.120145496108694294e-01
6.123298400524957996e-01
6.123576121623215407e-01
6.120690014928895639e-01
6.119630790906930295e-01
6.119935041071099535e-01
6.118162784536698151e-01
6.119698660772674437e-01
6.116496926667399636e-01
6.118980709241368388e-01
6.115261486770739996e-01
6.115111181606783797e-01
6.113371198917953997e-01
6.108061474911361532e-01
6.106852466837947579e-01
6.103252036568248551e-01
6.103557213868816556e-01
6.100082175816649022e-01
6.097022930656964546e-01
6.096278883935940529e-01
6.092777205956501074e-01
6.093188183234826694e-01
6.090042777842318289e-01
6.089779374784007882e-01
6.085759925740601428e-01
6.083880599487281327e-01
6.081551756409355747e-01
6.079592893319939462e-01
6.077975482724298217e-01
6.075345611760474274e-01
6.075064889852839212e-01
6.072552544044792500e-01
6.071634344112506465e-01
6.067330855978174675e-01
6.068287851952564038e-01
6.066847618783314244e-01
6.059883302995724419e-01
6.061444020293308421e-01
6.062172718680132188e-01
6.060037734529609699e-01
6.060113362964820727e-01
6.055141851003903453e-01
6.053954651882976767e-01
6.055059470620193229e-01
6.051077331855120311e-01
6.050616951311885705e-01
6.050596571579874849e-01
6.047638383787791172e-01
6.046467758401995463e-01
6.049372211577236369e-01
6.042814469321490245e-01
6.044220230511093694e-01
6.039247080939713630e-01
6.041104328421795788e-01
6.038736361248911999e-01
6.035549979350317562e-01
6.034123694875809241e-01
6.033591916903368046e-01
6.031248000846211044e-01
6.033195521237652015e-01
6.030376211187338242e-01
6.026131485990672276e-01
6.025278479658340292e-01
6.024045113227969317e-01
6.023324501148251686e-01
6.022080191835376128e-01
6.020018899763994735e-01
6.017808198921269502e-01
6.019158957736099325e-01
6.019957429251167058e-01
6.017645820021829683e-01
6.017216103164066965e-01
6.015250508627336679e-01
6.015392542308022339e-01
6.012477777916234167e-01
6.013635181613871117e-01
6.013060519217890976e-01
6.013232026501034166e-01
6.007978573953348667e-01
6.010181306080926156e-01
6.009604512400354981e-01
6.007224623007881847e-01
6.008183515215029802e-01
6.005059150221327968e-01
6.006032318545494464e-01
6.003837288337959821e-01
6.003216560631456922e-01
6.003900402733616248e-01
6.004937139353497821e-01
6.001875184560307996e-01
6.003601726292003837e-01
6.002012250079684641e-01
6.002970815861226050e-01
6.002593486546649038e-01
6.001377080040098955e-01
5.998726030543969356e-01
5.998737378514668039e-01
5.999316095798942206e-01
5.998551953022205341e-01
5.996293981547904384e-01
5.994898347373669445e-01
5.995612611150916704e-01
5.995287669470291680e-01
5.992333006135622808e-01
5.993711447001298653e-01
5.991032039131133358e-01
5.991641057122281122e-01
5.993491561719607175e-01
5.989026764931787428e-01
5.990678605671878598e-01
5.989440421870063647e-01
5.987325530109520733e-01
5.985692030515877837e-01
5.985811605215545228e-01
5.986101078910717188e-01
5.984053552671027010e-01
5.983057027313841703e-01
5.984146394449693096e-01
5.983152664694509903e-01
5.981473934709239382e-01
5.979844040348304413e-01
5.978926840647453833e-01
5.981592759038971696e-01
5.977859929815614315e-01
5.978351185039797455e-01
5.977365088665262949e-01
5.978106970128712616e-01
5.976800957443089146e-01
5.978158207756797404e-01
5.975697737111814734e-01
5.975462328304036452e-01
5.976466135305101846e-01
5.974905816090160249e-01
5.976085636050575411e-01
5.973902513534854464e-01
5.971689058911049397e-01
5.973930105442700755e-01
5.972254013036034648e-01
5.973039323790521049e-01
5.969275791731522007e-01
5.968241946297303535e-01
5.971131419252549977e-01
5.966179528750176209e-01
5.967576593677892394e-01
5.964891899030100308e-01
5.965989580787695035e-01
5.965447233805662997e-01
5.962023811125004569e-01
5.966043346013857329e-01
5.965536109135933795e-01
5.961518051220930925e-01
5.964431817507759304e-01
5.961367468183972340e-01
5.963693101964980814e-01
5.959848865667453088e-01
5.959753807981436058e-01
5.959608876033229974e-01
5.959121302668742848e-01
5.956575247776134674e-01
5.953176567681500719e-01
5.956077515074418294e-01
5.953214913735105362e-01
5.949438333941358126e-01
5.950623243804900042e-01
5.952373776430172070e-01
5.947971122325872440e-01
5.952500352499537906e-01
5.947975799819293918e-01
5.950745711915416125e-01
5.948045971473576721e-01
5.946851349581997459e-01
5.947935523461379548e-01
5.944771554134938851e-01
5.945941131909625588e-01
5.946680617041870676e-01
5.945751469256846944e-01
5.942352909289941865e-01
5.944116787815528768e-01
5.944127970755133106e-01
5.941179139566666878e-01
5.941341369167353337e-01
5.940562613620274934e-01
5.937382012047113244e-01
5.942001002308183732e-01
5.941121470482050304e-01
5.935126564074860722e-01
5.936730002822658836e-01
5.935049922149833179e-01
5.935092504225109034e-01
5.937855129318033720e-01
5.933963695145580974e-01
5.933902795668474228e-01
5.933721579352224662e-01
5.932483609858832940e-01
5.933610757800579227e-01
5.929026648622727214e-01
5.932104046639277151e-01
5.927169421878916156e-01
5.929827509656975248e-01
5.928658899112528857e-01
5.928285814446742075e-01
5.928271371415807511e-01
5.925002440313144048e-01
5.928325244931169635e-01
5.924743883133757327e-01
5.924300432312806786e-01
5.923631968196291231e-01
5.926575987948085045e-01
5.922621510187786598e-01
5.923958537379525602e-01
5.923531972294188153e-01
5.920781271742580065e-01
5.923237864037841360e-01
5.918969629357748730e-01
5.919964833186318609e-01
5.920582116140437057e-01
5.917490948361606717e-01
5.919974657559650133e-01
5.917366422967300643e-01
