DATE: 2024-5-5
TIME: 14-24-57
NUM_CABLES: 4
NUM_AURORAS: 1
NUM_MEASUREMENTS: 256
---
0,-4.682588025141548,2.7204285243868833,-9.817988523119636,0.20136444071977896,-17.938331874349632,-8.79927623237331,56.52714013274007,0.29925664566050614,-0.6100689288185842,3.212092489331954e-17
1,-4.001150300600246,-6.311821111906886,4.636740720876994,3.6692329334468425,26.994310742303323,31.1918353410675,38.91334477857513,-1.2318437533273883,1.0660729867185406,5.746361747874542e-16
2,0.8322609381399466,3.001740137504024,-0.07010928765888506,2.367564041564574,-3.7586030684485716,-2.6415058387201076,65.30796048624076,0.08076080840285815,-0.11491468912309813,4.934142536641618e-16
3,4.35909494250703,-3.1201330939124032,-1.282107034588901,7.154164918783346,-19.594606058320554,35.68757560923187,43.78144536417698,-1.313266524072731,-0.7210615949526243,-7.579260375638264e-17
4,2.3636168978065113,-1.8901864928695356,3.737983445114041,1.57582520711408,5.612683041372576,14.15461190306777,63.01262420590381,-0.4408122643831658,0.17479387903219096,-1.481646652831893e-16
5,-9.044755011787883,-11.823545313385038,-0.33925683227912495,9.73058426308064,15.990273013677687,39.59065976386431,8.187895558413587,-2.561620228307227,1.0346128872896014,1.8758947604517663e-16
6,-7.421214091747994,-1.5499098507375388,-3.4716478093284002,7.8511155069419205,13.302812303816317,31.664255478708544,47.81639624224481,-1.1485258936089762,0.48251961581811575,-1.5429077960344492e-16
7,0.19423802470602858,-5.35684061342649,-12.496350092844011,-5.018354469150527,-35.23508553782342,0.9397979145220012,40.18359067433626,-0.0383972500498566,-1.4395971400000556,1.4162806012525386e-16
8,3.7119672896304747,-4.809227648840962,-5.1784090849059785,-3.1496386913997423,-29.75348899090392,5.554158754862484,50.277157054974296,-0.1988793283541787,-1.0653915683493884,1.1333373681110234e-16
9,-1.2333759179641925,-4.823872685820254,-3.418622464194745,0.240633532873972,-7.795118620907629,18.06589137465736,57.30291380179273,-0.6073774567663116,-0.26207283244269985,1.2695538801981419e-16
10,5.084755881696978,3.710492956422735,4.746418611151308,2.5624329033175193,-1.5171740889059773,-5.148138017044048,67.71737682776363,0.15173059565356506,-0.044715531607296646,-3.0344404000648697e-16
11,-10.34565515358423,6.914141484319001,7.376879219755938,-2.419966418102957,41.020630052868114,-21.60475353427927,15.243760291686144,1.167918239407474,2.217509306677183,-7.188641256295963e-17
12,2.896850564444225,0.8197813493733787,7.963532775284019,-12.158036217784895,15.556758039185715,-39.84713454833205,36.46608277438048,1.6112803407602168,0.6290615041365033,-6.575443132131187e-18
13,0.3111248630254876,-3.0917837181290424,-11.925923021464103,-5.719000779843183,-34.688010566610046,-7.447297261378705,40.722022449545406,0.3008829543869963,-1.4014521959818729,2.055175659361723e-16
14,-1.1583272888569613,7.946728077477628,-0.21344158148704295,4.974924015009144,4.0499086063991925,-12.737556251776438,65.0536551078482,0.38622674034745796,0.12280087081354608,-1.794034670459766e-16
15,-3.3965723786711703,1.6748153464307245,-12.326618730454369,4.769926349232819,-29.643647437126507,10.274345253259817,49.311732146710284,-0.3711267254488596,-1.070778675673829,-1.4020829395640805e-16
16,-6.573815266975594,-7.57541210236854,-4.106148294161118,6.269753325580111,7.042185226658341,39.51109307352654,36.413607950397065,-1.6420411614516088,0.2926661124565876,1.0908636062390053e-16
17,0.2298454091370086,6.238411265428784,3.037620333178591,4.828874231352454,12.278718949033099,-6.164065695395925,65.6609964941795,0.18508393784882057,0.36868420408358527,-1.7623548471764568e-16
18,3.699076512614534,-2.8304497213710067,-1.6140686236585287,0.9172210088624994,-20.04574245717509,14.139429724905208,57.27725570248558,-0.46647317153523116,-0.6613280197083475,-3.622079832164919e-16
19,2.689386641207039,-1.8413484058185572,-3.744292306875222,2.4994181011775134,-23.61331899384043,15.931771702414514,54.45602111389983,-0.5391041896240457,-0.7990347488207568,-2.671058520005393e-18
20,8.612146947762515,1.484767012535737,-1.6670148254746942,7.34202216758236,-37.44217451968085,21.33523866630316,43.488147735781,-0.7731706385219205,-1.3568720947449782,2.965894950618064e-16
21,1.6976226877959875,-1.1533848779487974,3.3408980750519457,-0.416530225361738,6.689387119686223,2.9995617656806064,64.30593314260697,-0.09288932051029344,0.20715446879186772,2.5359458321089626e-17
22,-3.2461481029897183,5.688735185848058,-2.2976229584188923,2.465828262629833,3.795544540987947,-12.896534001814487,62.74566332513235,0.4049510426306645,0.11918006179086149,-4.140746464253888e-17
23,2.0533628079880977,1.7834078253848726,-7.833254493125774,-2.1987249668574558,-32.536635499800575,-13.105109586713317,46.43475187876831,0.4834152026463996,-1.200196315757234,2.4163223731047546e-16
24,10.816900095099086,14.175756343499186,-10.888446751715325,0.7500480145134903,-33.89173607101853,-20.963524170508386,-4.321910850028743,-1.5389624169614349,2.4880410199469263,-2.022082125760455e-15
25,-1.672843312816831,-0.04704911746043479,3.330852613797166,-0.3064466619589629,19.46959773305252,-1.0093270890953931,60.199445489232815,0.032429119741522405,0.6255473800572491,-3.722392133214678e-17
26,3.1703594965112813,-5.182317449637197,11.561306136461338,2.3177873150311012,30.465493661487514,27.231062712354234,45.459152383328195,-0.9758904225139884,1.0918040105690738,-1.1080951517077798e-15
27,2.5692746012469914,9.78013879132858,-1.2588361480439798,-9.464361315016522,-9.076079415001328,-45.626843815723184,16.60063013531348,2.408880061856663,-0.479173769523156,4.3756311020245897e-16
28,-3.9450554364650188,-5.628248805362826,-3.022098407892071,5.347843355600839,2.9866005618747624,35.5175831596498,45.38139869729065,-1.3268773618335725,0.11157438997406506,1.9128010086093538e-16
29,4.067895812370394,9.42616522541606,7.703606844289261,1.1889870032134415,15.08638132085488,-34.180167394218046,53.6109825103759,1.1136330106210748,0.4915333519567019,4.330550981216426e-17
30,1.5930437512492135,-4.605157213923677,-3.618581221497812,-12.831624646430726,-15.951564270090072,-25.17929142093883,47.552240875469494,0.9459650494931229,-0.5992870105828363,2.421056881541592e-16
31,0.8790993190925409,4.8670147606484395,-5.014241065729397,0.2403629302800282,-21.961021763746377,-17.240816736409982,55.27307911218058,0.5776681794433136,-0.7358226501060745,7.543496014647496e-17
32,6.444527271852525,-5.116858872206974,0.5649922819463209,9.668693719378401,-17.6479527824337,44.38016517402373,28.42042619275404,-1.921667452643164,-0.7641588609416938,3.2094025893298333e-16
33,-4.550907843277161,-2.32456517786917,-4.348318973963901,6.227866482846006,0.7075574177659145,29.87003423232487,51.97402198483406,-1.043183623211542,0.024710795607206792,7.841434627487794e-17
34,-3.0674382482344917,-8.629814588338352,7.892534465098807,-3.002407232220732,34.2266057120119,17.57367995308974,41.63269336206265,-0.6814824489846544,1.3272593528114847,2.743618004783569e-16
35,-3.779993006682385,9.92096150696229,3.872472896958898,4.591834165225151,29.960906714376335,-20.864580014508547,51.92229890049518,0.7004548113875588,1.005831952861048,-2.885897371543859e-16
36,-10.830590872792506,0.11666796607624161,2.311438781598886,-2.965010303455476,38.377789408647736,-8.999218748055135,38.094743107431505,0.3664077627591882,1.5625711909608677,4.899697090961634e-16
37,-9.577274362491195,-10.159780440100533,-1.1946568330103386,3.499176133045054,21.558908567728665,35.12890751073773,30.785236152809393,-1.5840353671070526,0.97213594351236,2.8915071131447177e-16
38,-2.763081891902088,7.474897020404143,1.0712035854286437,4.8895408060733985,16.063510701356044,-10.831195919358647,62.73571531214483,0.33490740810333824,0.4966938807206015,1.3856669495334884e-16
39,-2.0895421498701245,-3.885008490406792,-3.716603748353429,-3.2881855773632704,-5.819851316271848,2.1347812641484794,60.35205898046197,-0.0704970458194045,-0.19218939747861863,9.97731940755312e-17
40,1.988249428299266,-0.29306518610232174,-1.7843998627132882,5.354619291288248,-14.691966495492455,21.993984788515746,57.51397179664752,-0.716857543033347,-0.478860338658883,-1.1808292261621955e-16
41,-3.2407652503673234,0.9731926183526541,-0.37221534996301536,-3.0154302093628855,10.600864691162483,-14.740148287026443,58.93414783520126,0.48524297320800663,0.34897851779706696,-4.5635109133317425e-16
42,-3.178726007421744,4.270743493794951,0.661477253370194,0.6904816413080106,15.020829507009429,-14.004077186676454,60.027784284555324,0.44956352825481016,0.4822036482996388,3.298283163703373e-16
43,1.8407063460451092,4.133894955744975,5.742626721063805,6.402659963012095,17.263721737372325,10.037961826107159,64.45250536296406,-0.30205397241145393,0.5194855110742684,-3.751686342994788e-16
44,5.970572121331454,2.4726095096229255,-3.412147887654041,-0.7560166566226423,-33.79128378887163,-11.62769675822152,49.284745467363926,0.40826391903941406,-1.1864569773255624,1.804926355530636e-16
45,-5.28055998781117,-9.619482971921423,-6.2653269032227925,1.8392226411654633,-2.8920473077193636,33.651738497354124,43.37370053174634,-1.318394886811387,-0.11330351872351654,1.4793101989997863e-16
46,3.977508866259474,6.614772558783572,-3.6196158870303954,3.4868310382387495,-29.772869960342895,-12.258294968028698,54.73664949258095,0.40487221076398605,-0.9833510870044897,2.2598990752582994e-16
47,3.1218054935511965,11.067004218461978,-5.364109728278208,5.400608398702074,-32.31398291745855,-21.577380039369366,49.07931064055817,0.7437454883461954,-1.113822853446774,1.9909992506040845e-17
48,-0.4158811186055642,-3.0281908412713063,0.7621130322459511,-1.8808594649524404,4.509059739252289,4.391690495916973,62.44437952311794,-0.14018576953265421,0.1439322761937509,-3.607960182579477e-16
49,0.5312038210329078,7.648117224898305,6.210330600147309,2.5856679474153195,23.57724099381636,-21.01706675630899,57.22357967958964,0.6711959098773219,0.7529570089266184,-1.9128976273520575e-16
50,8.711310191801626,2.843303996731148,0.8463203867515974,4.491141173180473,-32.30989607590916,6.769423640817933,56.014539014385676,-0.21840935662831445,-1.0424496957342688,1.4028087569024624e-16
51,8.59126524116173,1.7477053673169272,7.605306379111455,6.280146027922893,-4.543331604101727,20.88563903591761,65.46006751878676,-0.6167892339677805,-0.13417248162416084,1.20870460390266e-17
52,7.66590121909969,-1.4619339561555564,-5.274147730222662,-1.3661299089785839,-41.19478523406599,0.3049932162905306,39.73501324828387,-0.011896617151370442,-1.6068507835130492,-7.947414645294712e-17
53,-2.511695713257298,-0.3832532432310558,5.095650366636204,3.9882313588293217,28.582214334782034,16.42448083011873,52.72196418232477,-0.5568194172917807,0.968988432292935,-3.9377066877719373e-16
54,4.5901841346353685,-0.4408991900917506,-3.8684222177271135,2.218567002570731,-30.921102009587308,9.721888217601906,52.06845518992678,-0.3340129813578975,-1.0623501564639004,6.406541396810388e-17
55,-1.3954103195486767,-0.8171033510347236,1.5341962258336073,-1.2019153113819734,11.36447893248617,-1.49275588670023,62.13269949529166,0.04751635287004499,0.3617460804886727,5.643606501953669e-17
56,-0.3727399810650603,-5.328432082987526,-2.1390284309179983,-2.0724945217144963,-6.394283078352648,11.787081806459655,59.54414456333562,-0.3894139672927782,-0.21125017900272627,-4.113059535025123e-17
57,4.702156227187378,1.0974203956694808,-3.1317459078052376,2.877474878177815,-29.809672357604,6.773487846527408,54.600714825571345,-0.22618191521582692,-0.9954116606639843,2.9123905224203893e-16
58,0.3097879713526738,2.047844343302276,0.8970576216226247,5.21543583618029,2.458397603105801,13.260006421463002,64.2328690178609,-0.4069619008667402,0.07545050355532112,1.1170164426063945e-16
59,-3.95191725389937,0.5600560933877337,5.4902897473911585,0.5705263375601066,34.070356481376265,0.037779827465244546,50.52044678074531,-0.0013158567752748194,1.186657335936624,8.276658897217746e-18
60,5.712282844787585,4.967586357737951,-0.7559285944310045,6.218981093242121,-27.282093178263064,5.278223833223414,59.73447132961758,-0.16541103119103073,-0.8549768460482912,1.2318413216399185e-16
61,-5.092419566242033,-0.600904425065178,0.14373945084253925,0.19500784684884118,19.301082134370464,2.933823835724317,58.412646624352426,-0.09694364796451227,0.6377742552175407,-2.3529363248537335e-16
62,4.763835167713167,12.33477693887324,-3.5398560264366354,-4.837554650928862,-20.80922480463094,-43.034224192202274,17.141737712143115,2.208327275025975,-1.0678379724698344,8.689752948762174e-16
63,5.161506135904137,9.27428392564497,-1.7457678158085526,-1.1619315904270726,-23.95100770868398,-36.18763060830262,41.04902059456338,1.3562196854315491,-0.8976224083868972,5.069300929495546e-16
64,-0.39107568365234524,0.13748299633084293,-2.6049842460704227,1.6280677126310836,-8.649132026493946,5.8233046417569625,62.541794196154655,-0.18452411288053483,-0.27406661896601214,1.341928899131117e-16
65,-0.8512045482852575,2.4755878991427354,3.131293733182188,2.061110261378954,16.34127816386388,-1.7007149514459192,62.8690808203079,0.05291988253785315,0.5084794016862373,8.856651230087026e-17
66,-8.297819151049408,2.5962237935047323,-4.314143869407397,0.12252020551051018,14.281769746728976,-8.868409839576536,58.36594235073533,0.2958811239462382,0.47648971586154487,-1.5706412823682754e-16
67,2.828975054260772,-1.5389215571947754,8.145977002410818,5.078058137328077,21.266696215385238,26.466286527458102,54.435171930696825,-0.8694374258103574,0.6986269718576659,3.5635425601547706e-16
68,2.874844011360051,0.5186540504936544,-4.999900906356826,9.929283860459675,-27.039221143579894,32.312932442999,41.930269074946835,-1.2083782272997308,-1.0111618984343709,-3.380120226341067e-16
69,1.886597435990214,-7.44994973847642,-6.685626317323816,-0.5824108511496972,-26.715828396884575,21.40307995948234,45.11373876314557,-0.8116879854588244,-1.0131680567648245,6.276510456502776e-16
70,-4.482386359055288,-3.390667261018981,7.27098421445135,0.8160304649086224,38.15678854443387,13.65685482259769,41.210397243222154,-0.5236940092607028,1.4631832755725622,1.5189686793857507e-16
71,-0.38751895382909957,-0.0867509626067346,6.972930027740752,-14.525137518789045,19.797769585257416,-38.835654039301254,29.456974189706713,1.7399971159001617,0.8870215484138053,2.196862824261748e-16
72,1.7365711914752295,-1.7194333236297121,-6.479760669214358,1.2529950633551887,-28.53822204960234,10.324293464845127,51.50936032959811,-0.36225552660523774,-1.0013400618800579,1.327278326270569e-16
73,-1.768124723558178,-4.075561559188344,-1.2545330507920296,-3.4279903636614355,1.8791318984636063,2.369336877069818,61.285634030608456,-0.07725845620462699,0.061274034471498165,-3.347117361823724e-16
74,2.0641980445261727,1.1938415978314778,-8.059649170680741,-7.4257787772102555,-29.599262294329144,-25.2013289942949,38.696404730484126,1.0212836414898918,-1.1995098507785138,-6.124333661977371e-16
75,10.681376864566596,4.264140802659951,-3.7442034030787763,2.2009770562756708,-46.48052756945593,-6.647700655009374,33.33232209040482,0.26998170571992813,-1.8877041502324043,2.1619543264785563e-16
76,7.93622163215869,-8.406875896475846,-7.506724825095725,2.594936047304865,-36.97762395415705,26.343474413872205,20.067136032941956,-1.3398938656729906,-1.8807728519381333,1.2532165999306346e-15
77,-0.9470384112810264,-2.8860669098150775,2.768305698238161,1.0352770710285597,14.237284073674598,15.026680318203502,59.28592805465308,-0.4877091837879628,0.46208836868097736,6.564255038721601e-16
78,-7.030034566858778,-2.394320293969602,3.931612260600113,-1.787828232067202,35.498572333412625,1.964084655158889,45.480622836274534,-0.07330791991333441,1.3249563814982308,1.3211272319197717e-16
79,-5.932270183981374,-1.8945606952392908,2.343825022739993,-1.8131857434347596,28.59398952791375,0.2811512508753562,52.32269005287806,-0.009835340974197956,1.0002859170786826,2.5859390575749936e-16
80,-4.742093154347372,-5.135212891096317,-9.430570710659566,2.7430011879325327,-14.846662236317576,24.947369812887487,49.150853581185174,-0.9169404137677666,-0.5456889730718932,4.863344058824276e-17
81,-6.0895358957930625,3.176758310147416,-8.390122153485533,-7.944683993112839,-6.78546587166241,-32.802146383386926,43.73891941246307,1.2800125173959396,-0.26478393061771455,1.8598327182324712e-16
82,-5.63409907283868,-3.9849056520393855,3.722501717606418,6.346248215850475,28.8740387375069,31.88146461150947,36.40668014653497,-1.2873068818225821,1.1658733130907,2.2489765279857887e-17
83,1.5891739068142752,2.6520731139390192,0.9006886046746193,7.873860107934121,-2.9068285462578594,22.046715375694824,62.04985283010026,-0.6823387446521982,-0.0899654078792792,-4.857177744023314e-18
84,6.523801599734449,3.39569628116306,-10.576055596868304,-3.727340096671024,-42.04326381029039,-17.513344943200636,21.348287714349873,0.8709378542733726,-2.0908096133742764,-1.6180079830086938e-16
85,-2.936340238137449,0.057723526998497525,6.64257062725094,-8.215360348077706,30.038226401773663,-25.943321738000634,40.63988105165104,1.011285182414686,1.170906855063055,4.469494507194156e-16
86,3.030660520093364,-5.50944426591559,-0.408325055255378,1.561922466423834,-12.512233444392457,25.728107718791478,54.08819703143714,-0.8750632106164378,-0.42556550561374656,-4.29728897019546e-16
87,3.013978863721376,-0.3656631114227182,-0.5238869833768117,4.965812506097763,-14.057496422863926,21.184296596026424,58.672472745666646,-0.6814187115995134,-0.45217650052064795,-2.3425116948564124e-17
88,-1.5828331399855353,4.523644524184323,4.891508540263577,-2.3735496438176957,23.792173705101632,-25.346089197535946,50.725567347416664,0.8761010639462135,0.8223891478555624,-1.9138020965021612e-16
89,2.4380375020032106,-2.6731010354420937,6.729443786936827,1.0780660263968675,17.311109219267216,15.131837536612474,60.18652152811279,-0.48031198051218493,0.549486018062971,3.459510481151653e-16
90,-3.154077895653413,6.451782606129557,2.595488779014393,1.6411915296707917,22.438934293587035,-18.774377824605846,56.21465443397567,0.6158757728698632,0.7360880946119508,-3.7881053305757777e-16
91,7.984076955830331,2.5374027419916043,5.123018845900513,4.1123220344491065,-12.992634923769872,7.152022299122211,66.73182642432629,-0.21092295538680977,-0.38317063926377387,4.1674365921433553e-16
92,4.790989175041036,-4.246075874527384,-1.7466556405281803,-11.007122983551408,-21.269464486545065,-21.996277778012605,49.108555516210004,0.8011336582640082,-0.7746621526327082,-6.75054052155514e-17
93,-0.7300245196824323,6.013437356592033,-3.103948773878271,-8.386286794760041,-6.878529730179895,-41.723711490120074,34.54722870228478,1.7479889278710652,-0.2881717224804777,2.1888510785748505e-16
94,1.6043900859665892,-4.250501024147019,-4.88200093248653,-6.495837016702291,-21.857166632715657,-7.566099977028249,54.1533568125232,0.264087851603647,-0.7629045605664813,3.7122720635009706e-16
95,0.6143141259951838,0.7723948273588,9.471515357330757,3.032571133632776,34.691968802381794,8.852679741286337,52.42774999352291,-0.29629548036715314,1.1611256547828535,-1.9375669648482863e-17
96,4.077941263446094,6.505922911740024,-10.33128902671946,-8.229232312833867,-31.2713440866531,-31.978676162347828,15.255517991743696,1.7761157083869819,-1.7368300417662177,8.534044330078781e-17
97,-0.23808812857279593,-3.4550893356932093,-1.265146429198976,-1.1184590253423647,-3.8664000296791685,8.7963336606908,61.494333593149,-0.2837913011418369,-0.12473954916704669,2.5966590131110486e-16
98,1.110216582741309,4.671665947559082,1.8021417749091804,-7.14904232747687,2.2971750797515003,-39.24446859543867,43.25503646086626,1.472827607206106,0.08621196813548238,1.2274333710982522e-16
99,2.826356599313751,2.5820148646628702,0.679844439755868,1.32508799598267,-8.96664919911864,-5.2505746357958465,64.7353862844636,0.160844542891261,-0.2746816666248417,-5.840065613777794e-17
100,-1.4323473261711952,-4.720705992293059,0.266905812990367,0.05587489638001443,6.259055589700776,17.594132752733152,58.66574604036861,-0.5806996912925031,0.20658202935050823,2.307636667642156e-18
101,1.2958108168300129,-1.245093898191467,2.796394035789418,-6.658349806038808,5.572132413854571,-20.101103575929994,58.18986030177397,0.6633787051080656,0.18389209186603106,1.780510065903999e-16
102,8.078089856543224,0.24203866269071964,-3.626330079617243,-2.643891960257868,-38.980903299736724,-9.61142740575751,42.60615067057124,0.36182919532399044,-1.4674645376291442,1.1217566308354136e-16
103,-3.324656154886089,-0.8992028773901711,3.621091352983592,-1.6866754816024119,25.517946558018345,-2.8930916085595584,55.866503666218286,0.09708106588187716,0.8562844825375672,8.712096328272348e-19
104,-1.5353082445791828,-9.128438667249778,-3.939476084210166,6.335088555692346,-6.607763740882621,42.500915620596956,31.27778079073418,-1.8617345115912969,-0.28945027704017234,1.0889203106131843e-16
105,-0.45656778928802244,1.4339292354124584,1.3992862340081935,-4.957945078778381,6.8434267109656854,-23.56991598788432,56.499638894381235,0.7871012823955704,0.2285315714722957,-1.6701302548617878e-17
106,2.6731643252574107,0.8853914555843909,8.945280802058253,2.87373604648605,26.320960326448006,8.34409553553532,59.6319773256732,-0.26208730552711174,0.8267390445694609,3.348230355923995e-16
107,5.302662885160555,-4.989930480517615,6.585095533773108,4.241302946732632,4.9105612717084774,35.34730452082548,51.64075841606317,-1.1978947960328887,0.16641539921423282,-1.9101777130871514e-17
108,-7.554479290101034,-1.3916996947700704,0.04387512767818901,-4.6886996947578945,25.050871972157317,-10.869817377647063,51.44840871857831,0.3884697458081212,0.8952777704718232,1.380349173718823e-16
109,4.1268331639421385,-1.366347488050168,-2.335282280570671,0.8652965257083662,-24.436721708246264,8.439042010986984,56.77145758372775,-0.2789784858492309,-0.8078309851295855,-6.477199611084475e-17
110,-6.0186927368781005,-0.6202689237258879,-6.773442402164774,-4.177942650428187,-2.56957868596958,-12.112257878639028,57.88020806494525,0.41231395543224547,-0.08747115215198464,-1.3607955104064644e-17
111,-3.8332009496449766,-2.4586141307195217,-9.84238970532148,7.289816510017488,-19.002333319341172,30.826611695426475,44.07594986181253,-1.17095202100586,-0.7218055887540421,-4.05941600912827e-17
112,-3.2172091694978686,-3.7553198144371374,-5.161757714062974,-0.040577524639867225,-6.882417288119658,13.147733764562842,58.49707340398875,-0.44023023932615335,-0.2304464224897632,-2.125954223876119e-16
113,0.8909729496864505,1.803982775141527,-3.2894094809776724,11.484739431364513,-15.4304811521673,35.73326976662135,47.7850093931996,-1.2550642453676852,-0.5419667808008788,4.0710455169339147e-16
114,-0.5904646940944995,-15.641442481948326,1.9967263564561755,2.6467390076724815,6.179731405189575,43.682916061092875,22.618058261418604,-2.1724913846840934,0.3073378438989724,1.0251593499272957e-16
115,6.928512349295292,-3.0583161407880373,-6.8041876465278275,-1.5562098932650972,-41.36851110168976,4.524958602130063,36.98749061685438,-0.18358631958533528,-1.6784004822296494,-3.238982435379848e-17
116,-0.8733225399722422,-9.283433433962788,-0.4310112912340541,5.040425039148494,1.2993135612431008,42.077120164891625,35.36527633207016,-1.743340420182999,0.05383319583018933,7.414488113603932e-17
117,-1.8518282489160267,-6.955053462314021,4.11765931886662,-1.036003264691706,20.805323784144733,20.6295355267625,52.23090418830666,-0.7198924636688472,0.7260268064186763,3.977850422187208e-16
118,2.8692146805812953,2.7100603933011946,-5.7825485622951325,-4.07737979921871,-28.574617724026105,-22.41722333139875,45.60303967709145,0.8302426545190135,-1.0582874658625796,3.694393771856616e-16
119,-11.536956129338318,-2.278400825417754,1.4160267735201326,-4.997266556995764,36.68928723694298,-7.701179452845102,38.85040531080314,0.3153552653011649,1.5023880408399441,2.788512260052352e-18
120,5.321159882324695,-1.7303981338891559,-1.0562421259017971,1.687636688493851,-24.44501096426607,13.101557436965196,56.34880555972947,-0.43212765068163705,-0.806267896751825,8.19234977936891e-17
121,-2.541593462444335,9.061667841667399,-2.9196383365867944,-2.352194507310312,-1.2783058456733944,-38.594378499392896,44.5915942263298,1.42661746815775,-0.047251789509047744,7.088467013140774e-17
122,-2.3963327406872765,-2.662891567056728,3.3505978548358017,-6.700726808925214,20.16189580929394,-14.165894661241662,54.799742102530196,0.4858606843363099,0.6915110361665155,8.841263897487536e-17
123,-5.023363588633934,3.9678336883808347,-1.3126881664201049,-0.8261611229638126,13.752316264844684,-17.767259411307712,57.52383024800959,0.588917870494586,0.4558375955216768,-3.0620438244672494e-16
124,6.103661657663468,2.684585705028896,-6.566578482435816,1.338705845571998,-41.600482618573665,-4.418957421558959,40.35539437841009,0.1697238473379667,-1.5977963323868458,2.8991379996707025e-16
125,-3.123264304269988,2.7921879482630634,6.8484474793513765,3.181005507520101,37.1448819440158,1.448355372653758,49.51138846874227,-0.05018459928419251,1.2870467089879767,-5.265695467304156e-17
126,-2.097736522876633,-4.237772026126123,-3.928365174369704,-5.072645480909487,-6.415196961751804,-2.925704045004006,59.63586852103777,0.09766554182384274,-0.21415142390976272,4.2708108282184187e-16
127,-1.2045074053755855,6.251531810327473,3.1723029926174213,-7.429751159676968,13.311089094823977,-41.608559655391,34.94497861747677,1.7069923806021343,0.5460878206447776,-1.0039889241426064e-17
128,-0.21395593789825385,-2.7552577736036405,5.498661992760864,4.023457375573167,21.468578410113135,25.47507630763856,52.51067721345906,-0.8646325160723698,0.7286506522324807,-5.980423419464006e-16
129,-2.51394534574541,0.9295634795145697,-6.184885380497523,-4.5796553214017255,-12.579910714246452,-18.879491346814074,54.8792694194732,0.6524287934866053,-0.4347307784248141,-4.761186448097465e-16
130,2.3638567735921563,5.787868600351902,2.1593087284078782,12.088208686635152,-0.9050801522132407,27.87762043460089,61.44359545170224,-0.8518186595887816,-0.027655307377734237,4.650516480020366e-17
131,3.815294028881585,0.11883207393200096,-1.6431419922677606,-4.556625464208647,-19.98552270308265,-17.118724560251138,55.45514467739963,0.5764527044648864,-0.6729887248193076,-7.492155796937785e-16
132,7.857118434424769,-10.37791746228184,7.077221636028293,-0.5270004099060779,-2.8073000389645504,35.45915290565544,49.38516792051547,-1.2444929917321002,-0.09852647166941836,9.980189387113311e-17
133,-1.4869802622437522,-7.399584735807236,1.1791589567237741,2.997569260135367,8.844886835622777,34.492441299546286,46.3236808138321,-1.2696299472893622,0.32557084346012455,1.8650714402659812e-16
134,-2.7662066835689063,0.532816885798239,-9.599789412456248,-6.343621559438811,-21.138478580667506,-21.271045153439047,47.789902081451885,0.794992655041002,-0.7900380582688599,-3.920916271956605e-17
135,-7.949544297547812,-11.1366723368944,0.913655667634571,-4.376819204756912,25.65865518345305,19.56953936384897,44.0194828591756,-0.7672429208828642,1.0059726589807072,-4.3582976249515644e-17
136,2.3517995310009723,0.07344017192822797,-1.2475604889250262,-2.0921160710322813,-13.906883793491376,-8.367081606840967,60.93045750782156,0.2684114118063674,-0.4461252427353146,-1.6521837797865703e-16
137,-5.114068279863675,8.24377350827649,6.978329510676265,1.6142096974300109,39.93881308053543,-21.896146193108343,36.389313030857494,0.8621545482137489,1.572579441330185,4.075890554075557e-17
138,-4.014399122424515,-10.932513219727145,2.796959319943379,-2.354818177012155,20.99675948025057,26.441685785693878,45.079000080915186,-1.0068844444481801,0.7995447293274527,3.133372344885946e-16
139,-7.543404543261927,0.12295762715283629,-3.345231903673005,-0.9216759573728904,14.896643697560858,-3.706739965012494,58.44462959401681,0.12404432286149261,0.498509228544341,3.491335460468303e-17
140,-1.9543206853315052,-7.9194451892129365,12.89711358996264,1.6489084765306041,39.62004359931383,25.526059125552678,22.889194534503144,-1.2117657517481795,1.8808313371161116,-1.3299183241001556e-16
141,-1.943773143506355,9.799565119890106,-2.9252598348597934,0.731281290554232,-3.6431598434397556,-33.66037235858283,51.704891780654414,1.152767991429956,-0.12476742712293448,6.133118473373138e-17
142,-2.36043430356863,1.0385209556910664,-0.9210812441319487,-2.13926684995458,5.452507971949743,-12.037986948267463,61.020886698919185,0.3885524977894045,0.17599168372770338,1.2867690983419208e-16
143,4.424893506136566,-3.7882966659729584,2.3464366030682897,-10.165883416645782,-7.398857969091655,-22.702832319559082,55.614881485666494,0.7711726900399245,-0.25132534667632844,7.65029534218548e-17
144,-12.639599443833614,-0.24191633907854038,-0.8770567613629353,6.252355600452805,35.25944444058527,19.46725523684629,38.24219878068817,-0.7842682327952418,1.4204807942529252,5.313801812850427e-16
145,5.314850511134055,-8.153494366225056,9.326228449602292,6.823820632764566,12.37716555414892,46.212725438162465,29.771161669408958,-1.9592458853985995,0.5247453045657846,-1.1953834757269244e-16
146,-1.4805146507042641,-3.590587761290802,-10.951241899374553,-2.8348988580236605,-29.270223636751993,2.335531645845462,48.147315051141796,-0.08711776287165712,-1.0918098269072454,9.596140241084049e-17
147,2.8708174827126554,-5.741455577038948,1.8238397705947607,-4.5596350000707595,-3.975723389871886,4.4877666984716145,62.2228175925294,-0.14380431201450158,-0.12739658838218987,-2.6713671867257497e-16
148,14.684770850711386,-1.0383012023328035,-1.3620380900863562,-2.6166814642088925,-47.26272927242685,-4.648809572121691,27.847300406665923,0.2036978634540393,-2.070920915223933,3.3558887467111575e-17
149,-1.52388619695231,1.0385961446434793,3.914158756911428,2.259715144211349,21.681606334442453,4.868628645176562,60.07518799465209,-0.1552454742721258,0.6913592109159477,-9.692938868978754e-17
150,3.823600102753085,6.849817641705639,0.7253487662105195,2.478826776132478,-13.142814646951077,-18.54178907055721,62.03778316588872,0.5729826748258902,-0.40614231250795996,-7.912999887341989e-17
151,12.102475692836434,-3.5706317217955257,7.114325230083579,-0.0099306734422006,-21.147163213840944,15.095520230893108,60.725090768018276,-0.46978715317954406,-0.6581201212080219,-3.905422790817881e-16
152,1.3799888877180604,-9.749177237047878,-0.16477862736797602,3.418857390739242,-4.727806775377911,40.30116035175467,38.76707209882921,-1.6054144647924797,-0.18833426426654054,1.7186097899983177e-16
153,-8.061105054875744,-8.231817857505654,4.5840681985907965,4.3438085967460145,31.737557464078666,31.563005048522115,24.067767656850286,-1.519528443809746,1.5279318692746569,5.332192951831019e-16
154,3.113219731910756,-2.171376066905541,-3.5300824444213057,1.6583378875573063,-24.33497967997276,14.028567237839814,54.593825994207116,-0.4746480313728946,-0.8233592214208951,1.5660366266158494e-16
155,-2.9294223901574017,-13.567388008104935,-0.7188997209122429,-6.077869947512654,6.818204012620534,23.100899531042177,50.93012233823604,-0.8473687555115503,0.2500999167255143,4.056482627550499e-16
156,-0.4527110566700368,-3.0399187866387845,-13.86310406530659,2.223327758737516,-37.09101201246857,14.557301990583712,35.47556016332766,-0.6162261653186147,-1.5701022150268438,-1.0257487017204401e-16
157,0.25684936491861754,-3.4697654580358,3.703252665959397,2.1156271420007817,13.221555435967442,21.42743360033499,57.5657432805609,-0.7017790594579834,0.4330248274940288,-8.397468753601292e-17
158,8.966028697548973,2.115571123148828,5.041643017488944,-3.1213523890744432,-16.212032941774687,-21.634259070178423,59.33140737166317,0.6842814968518756,-0.5127790201838427,-2.618372483050465e-16
159,3.2632732167040763,-1.2006440184710874,7.467432660103061,-7.425940517046485,15.787488384361861,-23.377276119910306,55.39434612956189,0.7806716754765407,0.5272147595540095,-2.259774059840775e-16
160,4.419763825193451,-2.0648842164478025,-3.303036407806681,-5.740877215719467,-26.64604849705642,-12.68331237093009,51.765275767317405,0.4453745788770679,-0.9356761294718605,1.7686746765844448e-17
161,11.329796043658861,4.303521072906599,-9.711065364465789,-3.5240741008238774,-41.84942895902434,-15.568772674703608,7.2778474429306055,0.9827162786227563,-2.6415772102525574,-6.411971405722034e-16
162,0.7508890723776487,0.9805385651358423,1.9337988809219215,-0.9060038444288577,4.778510506969429,-7.620921443742471,63.84387544169624,0.2371750311684218,0.14871474359044812,6.84010184953068e-17
163,0.8484798397012449,6.720298673834197,0.6606509205068867,4.451092052236855,-0.8170025922048072,-9.870406005875347,66.16615589110138,0.2961533031700316,-0.024513481637523975,1.385768765821612e-17
164,8.441379396440682,10.852316535892069,2.2220333363893543,-2.470105126563479,-20.475455266171718,-43.86034257505745,32.3244074757212,1.7796466547231453,-0.8307977851750323,-3.8319796062994366e-16
165,-1.2005965998841082,8.30221038956903,-12.97803698549444,2.7176283085566584,-36.7601135088111,-17.430771413465607,39.45565049064208,0.6861334415937806,-1.4470009729858462,2.0252089981016114e-16
166,2.0785059513297583,-3.9095567123081123,-2.6319173593524203,10.853133920647744,-14.0655269276443,44.082030197037795,30.523877990535137,-1.881837339951773,-0.6004495178699107,1.4731176619462943e-16
167,-2.352298612564167,-4.007310279729942,-8.75512283226034,-6.181106963596377,-20.403475657517543,-6.927100635876336,53.05567800476444,0.24804144824264784,-0.730595369881474,-5.228706093182687e-17
168,2.4353386862174857,6.7675011054732535,6.570056716143534,-7.688172298635658,12.70911836325174,-44.433226881160955,32.04995675630745,1.8545282199263786,0.530445801698638,1.317581218470369e-16
169,9.737956049204298,2.117558543996721,13.821415328274862,-2.4529181613990807,18.229737509716244,-20.40392347260074,62.010546932193215,0.6197576794241313,0.5537180057896338,4.0081284316145916e-16
170,0.3430895397962513,-4.386221733022487,0.5491223087466576,1.0100397468803788,0.7751238028501641,20.301482821321805,58.810350353905726,-0.6647541806374238,0.025380746470157423,3.530475355001831e-17
171,-1.5315455421120137,-4.511129465638287,-1.115894476859459,3.4514239677413947,1.4832127365248717,28.41364224694685,53.50248998920901,-0.9761878574206584,0.050957714283279804,5.592133502660569e-17
172,6.165472082986684,-1.0538484633471576,-5.068466387910401,-7.891881470041426,-33.927905054695664,-20.65171847015393,39.1183814700866,0.8246510753261365,-1.3547871779945533,4.2329361510341716e-16
173,-2.009135030786907,-3.9318508236166325,-3.365802249962764,6.634100771309919,-4.57290194226501,35.614526456730644,46.68278526984412,-1.3006347771452762,-0.16700138652162327,1.6778032924388482e-17
174,1.6447649395899089,-0.887412759371998,6.489190791872415,-5.589999488155066,18.396103510756618,-17.857487113822355,57.01194821713473,0.5887028761170467,0.6064592950341041,4.1076704373653484e-16
175,-1.426207224507266,1.075616074010438,0.6942924823596314,2.073852376609119,8.53769501794614,4.019164482706822,63.67229402222695,-0.12533302269590607,0.26623820151155203,9.428921467647978e-17
176,6.873534749483908,-1.4204628665359413,4.22676319036627,2.633322583680999,-11.187607747061806,17.134898307163702,62.6968049873563,-0.5283389935749514,-0.3449597022191124,3.435784237159203e-16
177,0.28862973321328794,0.19508684504434226,2.036109602104051,-5.965777255949933,6.42941871128052,-22.667371243442236,56.841598087658284,0.7560824859383803,0.21445675504917994,-3.010221222884709e-16
178,8.383016876262788,1.628048976017421,-0.7888267108557256,-1.6463571548499552,-33.92580006811218,-12.111725050961795,50.08679421984341,0.419271347528953,-1.1744087527338398,-8.418335722740838e-17
179,-0.9519980060017288,-6.394093278695722,-1.661933491608876,0.5085025866181856,-2.4925561511079177,24.23474827150918,54.94906885879186,-0.8302682881761168,-0.08539351453450623,4.316548188496529e-17
180,-5.697744829198332,-3.9405251820257976,-0.154210394438367,-0.6306235018692513,19.330409097377615,11.541689566918668,55.5105636223765,-0.395052462585232,0.66164712474915,8.194399419305816e-17
181,-7.616556520357957,-6.159385076020662,-1.3923727206892953,0.6282317693346394,19.991587534145644,21.80129004535266,49.2975693728007,-0.7966421227628313,0.7305136850833138,7.492261581727447e-16
182,-4.874377606300749,-2.4334525637861373,5.8315195456101385,-4.864099486248906,34.89155776662578,-7.921714201246773,45.53659973902517,0.29490053912979347,1.298903107970852,9.927342289286471e-17
183,-3.3943595545987977,-0.37270260215182793,2.0156789364594623,-4.123912394654847,19.488972301420702,-13.513253900825532,56.076498302039994,0.45596147514925395,0.6575929546588245,2.730958479498401e-16
184,5.519944634951778,1.9701614723398453,5.615464006861779,12.111323725368734,0.3895509656827151,41.35809804671763,49.8602783573103,-1.384901755669477,0.013044357496501222,9.475003747753829e-17
185,-1.2393851838146228,-14.57332337655702,1.8663854081329263,1.6349939486486942,8.064782299452009,42.08828269774137,28.90787296279659,-1.9197628699807927,0.36785700486176265,2.5220625752027973e-16
186,-0.7623730302714771,1.3756339130554878,-1.2145841615118425,12.443279699107366,-1.6511619475969423,40.41137935124281,46.060314114057796,-1.4399532714509078,-0.05883481549768849,1.0572493760273464e-16
187,7.517862948508604,-0.08936553204687447,-2.341324464776016,-10.293718515612005,-29.172507377282656,-30.193823305593764,35.807184103244175,1.2436391798555948,-1.2015726786840462,7.605391187106049e-18
188,6.591022355655624,4.8766575161048555,0.7096113764479846,-6.005920676808552,-19.869810677274774,-36.7657980607504,41.59327017205124,1.386080018626437,-0.7490969598471078,-2.2693857076722793e-16
189,0.18277099933827454,2.3421024598338396,0.14381252628800686,2.7734750457442745,-0.16164983975751634,1.7898881534244342,65.3189896790552,-0.05479070370516712,-0.004948302751318063,-5.085961508418333e-17
190,-9.401855663019992,7.831142420399226,-1.4023437878444027,1.2296625210784389,27.342197681252937,-22.563747790184777,47.545123747608145,0.8155829744713219,0.988303499969078,-2.5949944404878657e-16
191,0.3183859109705691,-6.769756841714565,0.38984879362081604,1.6973102106699636,0.2511975788811968,29.762397833752214,52.26191993495568,-1.035353753841627,0.008738487997618014,6.658718895726167e-17
192,-1.165351672660198,-0.043099877984769795,-1.829952945178037,4.5724263161231535,-2.6018772803072574,18.069530164479037,60.78959753554262,-0.5775309907748893,-0.08316014583071195,1.4037112307562928e-16
193,1.6185118218413699,-2.7260343493036716,-2.4487791222726303,-11.240816728091772,-12.974593868446117,-27.16202129647342,48.74957017678198,0.9982976327440146,-0.4768609155890198,3.1603695236532957e-16
194,-1.9323429172723463,5.461355664915942,2.780845578421831,-11.313631018174268,12.192645241490723,-43.39556157036866,25.104213618312844,2.046066957112953,0.574873734678178,1.0016177443857011e-16
195,0.46975754024877414,3.9671971762216374,-1.4595915430471598,-5.547545915501052,-6.672175782741583,-32.9043815788637,49.31003546045718,1.171705275787744,-0.23759217436997357,1.3690112138723168e-16
196,-3.510874521855087,7.94464728882859,0.45615835223221596,3.1476454299308676,15.917680013165185,-19.2479223228171,59.204529070684956,0.6153014486730533,0.5088430536736064,-3.307340276189506e-16
197,3.940015717952285,7.34498384246903,7.3007916130646535,1.7788767457177945,14.611865490496072,-24.20012840538016,60.62088635770754,0.7470811138611346,0.45108226548921904,1.7115985807558263e-16
198,5.3131142726609575,-7.779444077560036,3.7099730257599193,4.6414038856735775,-5.377781297567609,41.66607527922474,41.07281394900287,-1.5802875483098209,-0.2039654746727959,4.859664553056297e-17
199,-1.011303984642135,4.452517300981847,-1.3907078454747381,4.291896817639676,-1.5850834973548558,-0.6710445089414337,65.54545803285207,0.020470993278456848,-0.048354815795051825,6.715822553809005e-17
200,3.043361409339647,2.8522955596152784,3.2639877187329756,5.727134438058558,0.970872831189331,12.650816526835262,66.08597888947764,-0.37825648953569313,0.029028873206109564,-2.1578898943610873e-17
201,-4.9417330855744455,6.460488574626563,-0.5769424929317214,5.036735249554099,17.67758623331713,-5.7662610942586765,61.82173842281248,0.18120646817738048,0.5555233998040634,2.969274188602978e-18
202,-5.481477871440783,-9.096397817463785,0.6595763328555391,-1.8011604738741729,19.41408015507311,23.062868007197544,48.41877331859662,-0.8520659093771339,0.7172601368091095,7.167875819249614e-16
203,-7.958098999528741,1.257460816354397,9.203776288446235,-4.572032708311916,43.478120825157596,-14.768515652395376,22.327990081337674,0.719291400185116,2.1175749236974157,-1.4784738562336036e-16
204,4.0326155170568425,-1.3920352539103618,7.070633782472813,-6.890070913863752,11.729406114177893,-21.22722362138089,58.17935846601919,0.6913742655477975,0.3820287420599587,-2.0933244230286804e-16
205,-2.4561216373836396,2.737898991816603,0.1898251174818421,1.3831900956072523,10.561184476945263,-5.407263218398972,62.98103623750037,0.16972165692034547,0.3314914876659748,3.548668178313832e-16
206,-7.221079601662709,2.4109142860371113,-1.8627920434387826,-1.380739203912968,18.99343689794545,-13.440213970918968,55.73372530877432,0.45688946276087283,0.6456668918412676,5.55709607807837e-17
207,-2.2299328505351284,7.268909589172859,-3.509247023778741,-3.8948028277221374,-4.249492307377186,-37.082454825842895,45.000070875709916,1.3758752771066467,-0.15766948098324163,2.268028301750106e-16
208,0.5551700774515193,10.025738099361128,9.047683610420695,2.3019723441364826,32.45081998891422,-29.513350928003458,44.810691403340215,1.0425208853741217,1.1462831742992359,-4.060144952843401e-16
209,-4.282864785189191,-6.570779022715028,-7.2183972839178265,6.249771924518858,-8.64509760827071,37.75632338550062,39.11831729890552,-1.521532706085964,-0.34838664305277167,-1.3962949515252826e-16
210,-7.008626361363853,3.729040618509072,-3.1867888450932047,-1.781035528515265,13.496278720153548,-19.458054700890848,55.4360903671415,0.6634418751358566,0.46016914841157724,-1.6457994853061496e-16
211,-0.698143809554891,5.9541052078363235,-2.64977191116283,6.557992787385945,-8.282765419952202,2.5629161402782725,65.5142886567914,-0.0777878864791053,-0.25139285913207826,-8.44233556110829e-17
212,-4.625931316141573,4.770223321929325,-5.762304006909216,8.339326711653838,-4.534563661741537,14.24209387248631,62.31279090056819,-0.44864030961994394,-0.14284332510440875,-9.312527092866758e-17
213,-9.02544206188485,-5.340187791543947,7.673282982731679,8.955527096660003,34.27119626291041,29.339440546701947,8.753024125155333,-1.793825278351473,2.0953548203448555,5.553614862903514e-16
214,-6.230127135697399,1.108974062127501,13.346839229100294,0.5949197358628826,47.6055209419458,-1.250031467505151,15.31309018266819,0.06613102331787725,2.518498051696868,8.216608886000911e-18
215,-9.426613487099788,-0.036612470087309376,-5.156033463537961,7.745299706403976,14.612117491738978,26.626410090881603,50.97524390970582,-0.9421431783279965,0.5170320283049941,-2.181635209194368e-16
216,6.493515297563289,2.2419205319436077,0.5747766430051748,-4.869824270938758,-21.717769380164224,-26.09529538876245,51.2178884337983,0.8998570832954136,-0.7489046710899803,-3.263808785851358e-16
217,4.160908502287762,-3.7485657813678523,9.852827085046844,6.735175480968996,20.805271568812646,38.320485588245795,43.12859633399657,-1.3900950212265262,0.75472176250145,-5.333773584836918e-16
218,12.996673872215627,-3.2634241384032423,0.033254138951664645,-6.451854792392739,-41.57608984737135,-10.225888081230854,38.30400488952477,0.40170271930926493,-1.633230113342402,7.583655281780237e-17
219,-2.967609482547948,-2.393947333259384,6.3736898090390905,-7.260588026492263,30.83419690286976,-16.064034852818157,46.77518161207837,0.5906658573832584,1.1337567128822976,1.6033824793018037e-16
220,0.5407904558331631,17.601073033598723,2.117681064684969,1.2375074853891335,4.8063008597729135,-49.87550735721624,25.01641382747747,2.205259102543348,0.21251189776704282,7.890300423163015e-17
221,2.0408557509190413,-4.780261900877148,7.091063955404062,-3.0982985113840176,19.560079804395393,6.514451839300621,59.670612821890444,-0.21023258521211222,0.6312374771773186,-5.4237372876842256e-17
222,1.8718739338899062,3.0544214065817594,-10.010908837540914,0.593984085474173,-37.88360771686694,-7.84414257819153,42.23752113487511,0.30071232925175523,-1.4523025051420295,3.950309813754397e-16
223,2.726646834196218,-5.131039781812104,-1.59808723005506,-7.945936073087783,-15.171738697885473,-9.875028234892117,57.29159356412596,0.3338981898356048,-0.5129925674524508,-8.44001778844688e-17
224,-1.9789600889119285,-2.6815085160494725,7.5099308727150085,-1.3821969768915954,33.844495000684766,4.634318496144109,50.034162350320315,-0.16253821500152393,1.187018934847985,-4.284888446239324e-17
225,11.831614493293385,4.787679450479324,3.9797328112126387,0.9179893683665319,-32.628848014644426,-16.08067144480631,54.34161893511744,0.5215415684105531,-1.0582456477265707,-1.5896847912438133e-16
226,1.052008202720929,-1.8147330933954222,7.070037859586699,1.569892127866982,23.823242584482703,13.39852946914325,57.67629306728587,-0.4338767625759105,0.7714541652067488,3.5558415833968947e-16
227,5.811418301911436,-6.4427448079160765,3.935437956860552,1.1608246663415143,-7.1160363478068005,28.84213413783096,54.96273746658422,-0.9621783322700455,-0.2373921413993078,2.3553837800370975e-16
228,-5.419457336181929,-0.1579528628599276,-7.751665069464385,2.7466705365037902,-8.396616997701047,10.45747763330284,59.37165877132292,-0.34645717286235167,-0.27818067498105503,-6.395764947495722e-16
229,3.394227701324257,7.010673602901343,0.6697423274290575,4.4955511904695005,-11.953781763643606,-11.0351939177691,65.19435141564831,0.331756756070132,-0.35937273873284387,-6.052670693169232e-16
230,0.08589894356641621,-2.699700362833883,2.63294647881614,0.7456195713356905,9.957997545428876,13.469904653473362,61.17660694927302,-0.42982593207416186,0.3177606439443119,-2.6851048585025554e-16
231,4.082378394792482,0.5076989237940132,-4.24320592220407,1.2088422165652488,-30.594305832093845,2.576514934498044,53.28053144066021,-0.08773991445031828,-1.0418498804074472,2.5115854986286716e-17
232,-0.07604519252874835,-0.4019051271408969,6.647883594064282,0.061749634392220955,26.391304685148388,1.8198369537672245,57.78554867570248,-0.05906776147038145,0.8566016240122518,1.9126773526688674e-16
233,-5.742551366197305,-5.038730125752696,4.526489309362845,-0.05762237261100107,33.063737164042074,16.037918510500642,44.303952518627746,-0.6044049427526259,1.2460398869551879,-1.993366689990843e-16
234,2.767476183499994,9.232910565029714,5.841232126952925,2.8271571028242897,13.224713871635817,-27.560501948877718,59.10118114505438,0.860718732788313,0.41300985686677283,5.842585400768376e-17
235,-3.639646752647697,-6.40776220743119,-6.669441600961214,6.170512925431449,-9.058135568113057,37.60509442740521,39.75333261252356,-1.50052838602431,-0.3614401120744092,-6.195788782665049e-17
236,1.2490864563118955,-6.609539383453291,0.1604024915554375,-2.3527179248297077,-3.9881624772892565,15.593961299504102,59.25039519278175,-0.5139711622133722,-0.13144835133156996,-1.425480598199951e-16
237,-5.785831077990816,4.551939465982207,5.37795841638122,-3.093297936750024,35.10270230978474,-24.039193212218358,37.756843794207825,0.9548485030716485,1.3942964914992086,1.198150901959792e-16
238,-6.523856296927445,-2.0790685163860902,-11.210528726547404,-9.313143577055728,-13.60202250756249,-20.99529106722867,48.58760608067679,0.7980944884843985,-0.5170539984783028,7.722300395407653e-16
239,-0.5218035371527481,-5.953691032625164,-4.520031403969595,3.1076498904226564,-13.259883757702266,30.05139560096749,48.309979089439416,-1.0926056146222332,-0.4821015181883008,2.7812979774072276e-16
240,-0.9755218593991216,-6.043351130834591,11.705507048057926,-9.560924223462612,38.99933095619084,-10.817970545064968,39.07371494044125,0.42926287500043225,1.5475143752341673,-1.8403940287323981e-16
241,3.518298425084489,-8.87497903876021,5.100139236085264,-1.893234603004371,5.79969677611938,25.59802504407818,55.53392654150487,-0.8611930570339281,0.19511890420825748,2.7478355148079684e-16
242,7.588680545015162,-4.337920402785524,10.108265257839111,0.5843660525293433,10.664177206041725,20.83364562072814,61.70640274930621,-0.645407061469409,0.33036634100623097,3.156599616307089e-17
243,-1.7572988216897754,-3.665434373904853,-4.829936755511825,-0.6113464964067693,-10.973646461646062,10.907396625405395,58.615244526447995,-0.3638697142003243,-0.36607980243738,6.873839282333115e-16
244,-1.326721021940783,11.963828830561123,7.76426789162767,4.889884775440157,34.95455631037219,-27.199084517868346,44.665779300233304,0.9594581045468832,1.2330353369355014,1.7146991464173534e-17
245,4.105504667296914,6.934185002542134,-6.345842508902767,0.25108018812904,-35.00876060589778,-22.386321361968957,41.47551726862598,0.8472487959647159,-1.3249666969381453,-4.609956509006772e-16
246,4.867843540764515,-3.642184466683664,-2.734238402268278,7.308995541439015,-24.747844329767048,35.650509965452564,38.29544118486938,-1.3928562174596633,-0.9668918867315934,2.957943484725391e-16
247,-2.8023354371560183,-8.62484898373513,-2.754650128323521,1.0417543908694813,0.1531767035243805,31.051459567976504,48.387216257464,-1.1410742168878771,0.005628913727450258,7.01715423415962e-17
248,-3.3454255508620516,-4.5366475236902515,3.952427455784049,-10.90024530422642,23.146521732217575,-20.183354500033037,48.17344143342519,0.7459858563099828,0.8555058493858243,-1.567591908700621e-16
249,-3.4543259075615653,0.06992580522051516,3.6530210613304384,2.051702049198079,26.80153507843299,7.4732028354667746,55.73434373721115,-0.24872781740345096,0.8920254768789881,4.769398087148641e-17
250,-7.783931947016597,8.493617326209728,0.5886075238346101,1.6629595510263573,29.157992704536316,-23.78827478441684,46.55807150330512,0.8594126722383689,1.0534075570594905,-4.071614129897875e-16
251,1.0945943214322442,8.130897027630343,-4.492871830459501,-3.2640806989445186,-18.149325994945134,-37.01340819661648,40.536084206937694,1.4254690946646345,-0.698971117638195,-5.040889891506137e-17
252,3.137383619018224,7.482402356744856,-7.359795919584852,0.48277627205164986,-34.65456732396265,-23.10801796830545,40.771164684605836,0.8833129232212726,-1.3246842376478631,-1.4818868437035774e-18
253,-1.4852407528765639,0.3439298809838612,-0.0697507984562735,-3.075027518056756,5.355910353736399,-12.936601404567872,60.80824505651032,0.418199391923755,0.17313963560319856,5.734860182975947e-17
254,-4.853818020476141,8.356802154693558,-0.7363032105209588,-5.5906593844475605,12.18679500210633,-41.28093338397162,34.54093967685,1.7158690028146895,0.5065521070773671,-3.0910230568960925e-17
255,-7.015819475235883,-1.1449152056224237,6.571763558990304,-10.065603481226246,35.77215630396584,-23.485579041543495,29.63031816121917,1.0594224057060488,1.6136635942338518,1.3021118278155684e-16
