DATE: 2024-5-5
TIME: 14-24-57
NUM_CABLES: 4
NUM_AURORAS: 1
NUM_MEASUREMENTS: 256
---
0,-4.682588025141548,2.7204285243868833,-9.817988523119636,0.20136444071977896,-17.425362476346304,-8.69052761255077,56.04757229942956,0.39176400229249464,-0.5498610941822016,0.0027699071494668506
1,-4.001150300600246,-6.311821111906886,4.636740720876994,3.6692329334468425,26.49891344201408,30.30768794915539,38.708300573497425,-1.3025999193181472,1.067751700466039,-0.07059409987738596
2,0.8322609381399466,3.001740137504024,-0.07010928765888506,2.367564041564574,-2.8824424092450958,-2.8156249796562927,65.03907253721682,0.033307315950637406,-0.15034264780814613,0.0005086307972370006
3,4.35909494250703,-3.1201330939124032,-1.282107034588901,7.154164918783346,-20.017626082414274,35.27267908178575,43.26434589679053,-1.2567872063772245,-0.7783173267525062,0.0008281430737737806
4,2.3636168978065113,-1.8901864928695356,3.737983445114041,1.57582520711408,6.073452095065158,14.130066388864119,62.93508867254648,-0.3935600537093453,0.18409196217325052,0.044363588491079575
5,-9.044755011787883,-11.823545313385038,-0.33925683227912495,9.73058426308064,14.962586594132288,39.58763087624389,7.800301123700893,-2.5759539478017577,1.070806726695236,0.024872576090315526
6,-7.421214091747994,-1.5499098507375388,-3.4716478093284002,7.8511155069419205,12.564230454047173,31.379441172926306,47.95092805012294,-1.1303619322854705,0.418773855934856,-0.03470706443930586
7,0.19423802470602858,-5.35684061342649,-12.496350092844011,-5.018354469150527,-35.00765691308016,0.4009840128158695,40.770199770581954,-0.09880484300950568,-1.436288474340491,-0.0036970392354209645
8,3.7119672896304747,-4.809227648840962,-5.1784090849059785,-3.1496386913997423,-29.825256430726743,5.536864495085273,50.90276363264553,-0.2579964790181873,-1.0152154493408094,0.012042069572195651
9,-1.2333759179641925,-4.823872685820254,-3.418622464194745,0.240633532873972,-7.045394118939409,17.79272033853138,57.07752777578761,-0.6804658541375437,-0.284269709874175,0.06001894886038524
10,5.084755881696978,3.710492956422735,4.746418611151308,2.5624329033175193,-0.24392555726764664,-5.213181044592679,67.68391761313248,0.1568550571321285,-0.043532750847572535,-0.00039870232919850284
11,-10.34565515358423,6.914141484319001,7.376879219755938,-2.419966418102957,41.76939643669768,-21.931180746215055,15.992736553037053,1.2491368544798946,2.1846842357650793,-0.07889453007973575
12,2.896850564444225,0.8197813493733787,7.963532775284019,-12.158036217784895,15.443530372120787,-41.008573117181015,37.449244663209114,1.694208613327289,0.5877599992175615,0.03464452876865007
13,0.3111248630254876,-3.0917837181290424,-11.925923021464103,-5.719000779843183,-34.21635552096914,-7.288947329176606,40.305575356786726,0.3989281283803151,-1.4047759944898248,-0.02278924389320655
14,-1.1583272888569613,7.946728077477628,-0.21344158148704295,4.974924015009144,2.8461338238603107,-12.818631048329252,65.43453796067776,0.38494234171386377,0.16859557755453095,-0.0715145566916788
15,-3.3965723786711703,1.6748153464307245,-12.326618730454369,4.769926349232819,-30.18798480969001,10.484847398524725,48.966822361050525,-0.34054451173170597,-1.1056578328083577,0.03171543491406411
16,-6.573815266975594,-7.57541210236854,-4.106148294161118,6.269753325580111,7.203635380742641,39.22574074185037,35.75881475027708,-1.6735284007645497,0.3335823982132427,0.06774856029071645
17,0.2298454091370086,6.238411265428784,3.037620333178591,4.828874231352454,11.663098623905533,-6.179241724915206,65.78774240276375,0.17559351908243695,0.4188533093927316,0.02926380805826698
18,3.699076512614534,-2.8304497213710067,-1.6140686236585287,0.9172210088624994,-21.381030261566146,14.208174381188032,57.51066583024491,-0.4558884375255255,-0.6327455835083874,0.025182170862024147
19,2.689386641207039,-1.8413484058185572,-3.744292306875222,2.4994181011775134,-22.599217864654875,16.163313487014396,55.14901748950096,-0.4751397056551926,-0.7879069360629993,-0.07030963683446274
20,8.612146947762515,1.484767012535737,-1.6670148254746942,7.34202216758236,-37.22625539982233,21.808097500098757,43.32229260474705,-0.7098256504845257,-1.4328534382821192,-0.02213797001577279
21,1.6976226877959875,-1.1533848779487974,3.3408980750519457,-0.416530225361738,6.922934079559223,2.8721164892788265,63.80453385451841,-0.11435856844140091,0.24738227481141256,0.06787537674433586
22,-3.2461481029897183,5.688735185848058,-2.2976229584188923,2.465828262629833,4.178766241781193,-12.948221297010296,62.12469706296625,0.39138189930946987,0.14877396801608234,0.01875704944151336
23,2.0533628079880977,1.7834078253848726,-7.833254493125774,-2.1987249668574558,-32.527742295301664,-12.833824660794692,47.21497647829434,0.5273847823555,-1.1236733550663467,0.00893229576243016
24,10.816900095099086,14.175756343499186,-10.888446751715325,0.7500480145134903,-33.79236596650506,-20.350338450158485,-4.128950578115435,-1.555774210746961,2.5189661546644526,-0.014532634376631739
25,-1.672843312816831,-0.04704911746043479,3.330852613797166,-0.3064466619589629,19.510675805934117,-1.0147431203024964,59.89130390173888,0.08157802883864196,0.7219156666283586,0.027518630677080328
26,3.1703594965112813,-5.182317449637197,11.561306136461338,2.3177873150311012,30.295978460536084,27.568749735630554,46.065422239937,-0.9439949897456199,1.1205691090639325,0.03502399665384012
27,2.5692746012469914,9.78013879132858,-1.2588361480439798,-9.464361315016522,-9.449127095542117,-45.3144204165983,16.937475866033825,2.447570095612898,-0.45032384014220417,-0.015294729999668296
28,-3.9450554364650188,-5.628248805362826,-3.022098407892071,5.347843355600839,3.172688167649988,35.30071426143106,45.46436678916461,-1.3118506918570667,0.09916786910201594,-0.03744639848094639
29,4.067895812370394,9.42616522541606,7.703606844289261,1.1889870032134415,15.057897953810153,-34.7945931944033,52.909824192899414,1.1164584686787493,0.4606532890098991,-0.03923562086476967
30,1.5930437512492135,-4.605157213923677,-3.618581221497812,-12.831624646430726,-14.474141010488626,-25.57509373842469,47.52901281545503,0.9348735681893964,-0.605103625155274,-0.04341562681324464
31,0.8790993190925409,4.8670147606484395,-5.014241065729397,0.2403629302800282,-22.064471002346536,-17.634045823698404,55.21291128889836,0.5519567297458633,-0.7613581891853963,-0.02023288612458788
32,6.444527271852525,-5.116858872206974,0.5649922819463209,9.668693719378401,-18.178998497259258,43.57808893018771,29.16575660777908,-1.977591678338582,-0.8240706628093064,-0.0006053446812970138
33,-4.550907843277161,-2.32456517786917,-4.348318973963901,6.227866482846006,1.0113466484350204,30.025275750396432,52.05788731956663,-1.0574349450932519,0.02593397404749673,0.04893539548779639
34,-3.0674382482344917,-8.629814588338352,7.892534465098807,-3.002407232220732,34.33731344103152,17.075836259467394,41.549525088994585,-0.6373133356943664,1.2998695234429627,0.12898776814350613
35,-3.779993006682385,9.92096150696229,3.872472896958898,4.591834165225151,29.785599403970174,-20.628193152394317,51.52142208742583,0.6675227960265543,1.1379684977584554,0.12189358186087063
36,-10.830590872792506,0.11666796607624161,2.311438781598886,-2.965010303455476,37.750086128383536,-9.553021328266981,37.89622323076219,0.34185889461192415,1.5102143656626086,0.0409639883606685
37,-9.577274362491195,-10.159780440100533,-1.1946568330103386,3.499176133045054,21.356077651677698,35.297152845740676,31.10475754930505,-1.6566633074424022,0.9357186680820059,-0.008031248929033744
38,-2.763081891902088,7.474897020404143,1.0712035854286437,4.8895408060733985,14.584455113409037,-11.301291202895909,62.72693449242918,0.3084950945075978,0.3937469631748885,0.041467603624115654
39,-2.0895421498701245,-3.885008490406792,-3.716603748353429,-3.2881855773632704,-4.792852816351361,2.282408795185321,60.45879056163748,-0.0479520468345265,-0.13108044261052737,0.047236428688290255
40,1.988249428299266,-0.29306518610232174,-1.7843998627132882,5.354619291288248,-14.57853835410427,21.41287926610484,55.78552729796087,-0.7530416862714517,-0.47281902269319104,-0.005152279376214558
41,-3.2407652503673234,0.9731926183526541,-0.37221534996301536,-3.0154302093628855,11.758034805884595,-15.080634528759429,58.68240598039962,0.523289951348868,0.3307941546290082,-0.0379530002572418
42,-3.178726007421744,4.270743493794951,0.661477253370194,0.6904816413080106,14.245549783582238,-13.784071963332034,59.866624236997346,0.4055538317867145,0.495032751808342,0.00912344943721106
43,1.8407063460451092,4.133894955744975,5.742626721063805,6.402659963012095,17.00461940690085,9.950563789869337,64.54382556561048,-0.21138815725782584,0.5838937503369714,-0.09308228327095137
44,5.970572121331454,2.4726095096229255,-3.412147887654041,-0.7560166566226423,-34.80753456055853,-11.63207138227535,48.18593453034634,0.44652924400308597,-1.2302843413789486,-0.05956055333259341
45,-5.28055998781117,-9.619482971921423,-6.2653269032227925,1.8392226411654633,-2.5783675958077805,34.188241639679056,42.707045907316,-1.3427250642062647,-0.12956527753510297,-0.08793708751913308
46,3.977508866259474,6.614772558783572,-3.6196158870303954,3.4868310382387495,-30.425209774906076,-12.546316624846288,55.13787403053499,0.41623767221815944,-1.0381175442845623,-0.044844947314160145
47,3.1218054935511965,11.067004218461978,-5.364109728278208,5.400608398702074,-32.17616221100469,-21.384410312684306,49.56223996583854,0.7002064004905612,-1.0889538301375956,0.07648433182755404
48,-0.4158811186055642,-3.0281908412713063,0.7621130322459511,-1.8808594649524404,4.612647561961263,5.432574446421889,62.67129145397311,-0.13578659594416642,0.271051391275272,0.07214309329824581
49,0.5312038210329078,7.648117224898305,6.210330600147309,2.5856679474153195,22.95012350297709,-20.453834181869617,57.127691741818985,0.6580828674339225,0.7828420393376992,0.01095275355173016
50,8.711310191801626,2.843303996731148,0.8463203867515974,4.491141173180473,-31.589484412002566,6.805337899238221,55.790246822341736,-0.16708798731250762,-1.0097197080424,0.005425422841501845
51,8.59126524116173,1.7477053673169272,7.605306379111455,6.280146027922893,-4.724533171075948,21.881197140647565,65.49619939897556,-0.5280945350973747,-0.1066046905175519,0.0169393312671035
52,7.66590121909969,-1.4619339561555564,-5.274147730222662,-1.3661299089785839,-42.20019127819279,0.24059951056193613,39.34226160767844,0.06227247651161143,-1.6182208432224714,0.02408534798303837
53,-2.511695713257298,-0.3832532432310558,5.095650366636204,3.9882313588293217,29.33956420402018,16.548387127511173,53.087618280675045,-0.664704861597483,0.9554916096981398,-0.04153731096484297
54,4.5901841346353685,-0.4408991900917506,-3.8684222177271135,2.218567002570731,-31.027964282755082,10.355622188025944,52.83013600138861,-0.32173176355787286,-1.0689166368539438,0.03315206439553432
55,-1.3954103195486767,-0.8171033510347236,1.5341962258336073,-1.2019153113819734,11.391546186358369,-1.514377161638136,62.3172453754087,0.07448086559979178,0.38897315963062334,0.032563711134284926
56,-0.3727399810650603,-5.328432082987526,-2.1390284309179983,-2.0724945217144963,-6.11760078905857,11.40147059274978,59.90132801671081,-0.4475005906728141,-0.22099690038737793,-0.010141041568388597
57,4.702156227187378,1.0974203956694808,-3.1317459078052376,2.877474878177815,-29.451940968778477,6.707552213325087,54.44971026028645,-0.2382273013155074,-0.9554276424948636,-0.04102142663293222
58,0.3097879713526738,2.047844343302276,0.8970576216226247,5.21543583618029,2.985167296728978,13.100760930821364,64.88100332813379,-0.4099500786626151,0.12003270191570321,0.0005609964054955845
59,-3.95191725389937,0.5600560933877337,5.4902897473911585,0.5705263375601066,34.20614497637671,-0.29008088382093833,50.0228718424957,0.09100181712303561,1.2150878295182184,-0.026894526075664543
60,5.712282844787585,4.967586357737951,-0.7559285944310045,6.218981093242121,-27.186313400684092,5.51984700812971,59.733362543449424,-0.09353238910038915,-0.9178829399238958,-0.13916899559283966
61,-5.092419566242033,-0.600904425065178,0.14373945084253925,0.19500784684884118,19.405562360352913,3.0057504971285893,58.66251343896026,-0.040845169890750155,0.6451052707371066,0.0016831417666301662
62,4.763835167713167,12.33477693887324,-3.5398560264366354,-4.837554650928862,-20.82390335741868,-42.431058770857824,16.49913115436109,2.160921396928191,-1.1264854121447596,0.02677029912550533
63,5.161506135904137,9.27428392564497,-1.7457678158085526,-1.1619315904270726,-23.764666080570994,-36.240522562886774,40.266769234427095,1.4035077366023088,-0.9202468226917077,-0.1196536550038162
64,-0.39107568365234524,0.13748299633084293,-2.6049842460704227,1.6280677126310836,-8.520295424250683,6.617243228727347,62.80461850644792,-0.21010277235622046,-0.29133557518458203,0.015129602099029686
65,-0.8512045482852575,2.4755878991427354,3.131293733182188,2.061110261378954,16.915516479477542,-1.489276900292629,62.7861712599555,0.006138437042034622,0.5106286623966532,-0.023371508565099407
66,-8.297819151049408,2.5962237935047323,-4.314143869407397,0.12252020551051018,14.041740976249507,-9.318399543544386,57.99863854365699,0.244169182015549,0.46403575131731783,-0.04910528600864547
67,2.828975054260772,-1.5389215571947754,8.145977002410818,5.078058137328077,21.201676458929455,26.414229841203095,54.60722682397182,-0.9142812032490708,0.7014468396305353,0.040196883509335556
68,2.874844011360051,0.5186540504936544,-4.999900906356826,9.929283860459675,-26.911550545941378,33.1763409852336,41.70064990599452,-1.202450843186934,-1.0587399645566729,0.014979058964958887
69,1.886597435990214,-7.44994973847642,-6.685626317323816,-0.5824108511496972,-26.70628458150687,21.744260187215744,44.84326551778119,-0.8058395761025894,-0.9573649792458037,0.007460231006703134
70,-4.482386359055288,-3.390667261018981,7.27098421445135,0.8160304649086224,38.47799451701857,12.992811444261191,41.171091661606155,-0.5507744587214096,1.4475345013588985,0.08069029792189229
71,-0.38751895382909957,-0.0867509626067346,6.972930027740752,-14.525137518789045,19.65542538013221,-39.06403464854686,29.62899982031897,1.741397642169364,0.9410170719298284,0.008096305733081273
72,1.7365711914752295,-1.7194333236297121,-6.479760669214358,1.2529950633551887,-28.831375856671297,10.48510594498588,51.815180851725025,-0.3678413262743858,-1.0190027031180935,0.04274474332254861
73,-1.768124723558178,-4.075561559188344,-1.2545330507920296,-3.4279903636614355,2.2976375222180434,1.8282396692536749,61.11876370224975,-0.11959123915607181,0.026214378966866736,0.07852847218137152
74,2.0641980445261727,1.1938415978314778,-8.059649170680741,-7.4257787772102555,-30.318823160355738,-24.693662452741133,39.3780792786597,0.9483834458340252,-1.2112013100653642,0.022298830851082457
75,10.681376864566596,4.264140802659951,-3.7442034030787763,2.2009770562756708,-45.34882548209535,-6.798282399020638,33.077191424613815,0.26201932723209176,-1.8788818663408275,0.06156593042840662
76,7.93622163215869,-8.406875896475846,-7.506724825095725,2.594936047304865,-36.51430702267559,25.88143286643594,19.756040593459623,-1.3225670183800389,-1.903948546645183,0.00620938951989103
77,-0.9470384112810264,-2.8860669098150775,2.768305698238161,1.0352770710285597,13.7657937238785,15.32722234921154,59.60459147004548,-0.5307342400941195,0.5057530281631653,0.0031275313746120673
78,-7.030034566858778,-2.394320293969602,3.931612260600113,-1.787828232067202,36.87936041681143,2.0568863325930504,44.70573291296036,-0.041261017323288345,1.354907291181318,0.02571025914633495
79,-5.932270183981374,-1.8945606952392908,2.343825022739993,-1.8131857434347596,28.71455156980067,0.4324585040470271,53.21220725547494,-0.03929476799323356,1.0533504533389029,0.013354575077860191
80,-4.742093154347372,-5.135212891096317,-9.430570710659566,2.7430011879325327,-14.640112314469901,24.499315399767774,48.88860626276671,-0.9888530795165653,-0.4827796265321497,-0.09266253447166845
81,-6.0895358957930625,3.176758310147416,-8.390122153485533,-7.944683993112839,-6.621688906764497,-32.263651268094215,44.024340524623064,1.252672778389206,-0.27413497553469096,-0.024405132147890383
82,-5.63409907283868,-3.9849056520393855,3.722501717606418,6.346248215850475,28.682559982574507,32.34041974330702,36.488261590887774,-1.2403425679678766,1.1699253527446738,-0.032244870877484615
83,1.5891739068142752,2.6520731139390192,0.9006886046746193,7.873860107934121,-3.6566032764761722,22.239575608464364,62.36894141136195,-0.6528854951339521,-0.07200636890275063,0.0847506183105373
84,6.523801599734449,3.39569628116306,-10.576055596868304,-3.727340096671024,-41.54298750194455,-17.11946823789948,21.263970778974397,0.9126094530914091,-2.0166608919820748,0.07161693157686827
85,-2.936340238137449,0.057723526998497525,6.64257062725094,-8.215360348077706,29.421521587742546,-26.841558484433534,40.84048295642337,1.1363393518360259,1.2186505307131976,-0.014627177786086928
86,3.030660520093364,-5.50944426591559,-0.408325055255378,1.561922466423834,-12.304402377585761,25.756791132821448,54.183963886110504,-0.8177671306035865,-0.460073416112673,-0.018013913755948265
87,3.013978863721376,-0.3656631114227182,-0.5238869833768117,4.965812506097763,-13.794448586112276,22.003890209715784,58.449403466157555,-0.710264114809965,-0.47744159814608245,0.009552406995064414
88,-1.5828331399855353,4.523644524184323,4.891508540263577,-2.3735496438176957,24.765894997854687,-26.02528957472235,50.975123897037705,0.9203333463054579,0.7857243122810924,0.08062297524676958
89,2.4380375020032106,-2.6731010354420937,6.729443786936827,1.0780660263968675,18.58680003310089,15.572183718208603,60.6081243479212,-0.46077055546731815,0.5556326725640329,0.07089805045233094
90,-3.154077895653413,6.451782606129557,2.595488779014393,1.6411915296707917,22.9956650469098,-18.650896180681794,56.693251387965,0.6355656120906865,0.7680979991764988,-0.0246050955550185
91,7.984076955830331,2.5374027419916043,5.123018845900513,4.1123220344491065,-13.541647513397981,7.316699680376158,66.35388765682976,-0.23495210662381935,-0.46505257943714445,-0.06987169944152728
92,4.790989175041036,-4.246075874527384,-1.7466556405281803,-11.007122983551408,-21.19863015732477,-22.01012978949893,48.821623681605466,0.830100881267767,-0.7905577851546378,-0.004608363457105532
93,-0.7300245196824323,6.013437356592033,-3.103948773878271,-8.386286794760041,-6.393410361373822,-41.44157994334818,34.06159642622164,1.7086971790221477,-0.3022962752973574,0.03345484549742241
94,1.6043900859665892,-4.250501024147019,-4.88200093248653,-6.495837016702291,-22.24973077231433,-7.268544336241407,54.08213031231014,0.17405981787740143,-0.8428734658787433,0.024947425477789387
95,0.6143141259951838,0.7723948273588,9.471515357330757,3.032571133632776,34.79542356122695,8.300178713022186,52.5321368842364,-0.28817742250445033,1.204954683179734,-0.026904307221748698
96,4.077941263446094,6.505922911740024,-10.33128902671946,-8.229232312833867,-30.84248248887562,-32.102456819886115,15.431722028252466,1.7838051102156964,-1.7883686668063554,0.012286373412237992
97,-0.23808812857279593,-3.4550893356932093,-1.265146429198976,-1.1184590253423647,-4.292286158952723,9.150548824150743,62.02850110318529,-0.24943585853768904,-0.1931855039539087,0.0010324884550020194
98,1.110216582741309,4.671665947559082,1.8021417749091804,-7.14904232747687,1.4582358528422898,-38.79623038125545,43.022079970664414,1.5258521051499179,0.06868104229824304,-0.018674054386202874
99,2.826356599313751,2.5820148646628702,0.679844439755868,1.32508799598267,-8.608302289398132,-5.7322011311236425,64.1311299184766,0.19544409919032313,-0.3090694371322656,0.02820177482273222
100,-1.4323473261711952,-4.720705992293059,0.266905812990367,0.05587489638001443,5.176437712030826,18.069220478594293,58.48943851084458,-0.6055996570427963,0.16366339872980518,0.0886726143443993
101,1.2958108168300129,-1.245093898191467,2.796394035789418,-6.658349806038808,5.800424719832206,-21.196300809178815,58.10164647187288,0.6624373668373925,0.17478549838962598,-0.034877246545029626
102,8.078089856543224,0.24203866269071964,-3.626330079617243,-2.643891960257868,-38.757809014055425,-9.758599662316591,42.57063629230298,0.42665324005247884,-1.4527809954153812,0.07365344281213994
103,-3.324656154886089,-0.8992028773901711,3.621091352983592,-1.6866754816024119,25.316494864555633,-2.9553192851193626,56.79258158349243,0.03130819592629522,0.9296446971827182,0.11738678124251314
104,-1.5353082445791828,-9.128438667249778,-3.939476084210166,6.335088555692346,-6.714532942784586,41.203666232692065,31.162941109095126,-1.8361396259955036,-0.31242522977883563,0.014725465051638957
105,-0.45656778928802244,1.4339292354124584,1.3992862340081935,-4.957945078778381,6.287217855645563,-24.56431682925843,55.77911498269873,0.8405935561753247,0.3086261969224754,-0.05910680503183026
106,2.6731643252574107,0.8853914555843909,8.945280802058253,2.87373604648605,25.92111966095136,7.806779574995961,59.36048775878056,-0.23092565004279503,0.7344294099281284,-0.01754730106197912
107,5.302662885160555,-4.989930480517615,6.585095533773108,4.241302946732632,5.023642562668499,35.66288734719539,51.21378685074891,-1.1875739554647542,0.18749180917798058,0.0017357587522133515
108,-7.554479290101034,-1.3916996947700704,0.04387512767818901,-4.6886996947578945,24.769357326396218,-11.40731378353308,51.61659482758654,0.34672094076138443,0.8510220545239185,-0.04935635775354286
109,4.1268331639421385,-1.366347488050168,-2.335282280570671,0.8652965257083662,-23.922007918432087,8.108206017296615,56.930922184208995,-0.1869294214920324,-0.792129326376801,0.0632888922452948
110,-6.0186927368781005,-0.6202689237258879,-6.773442402164774,-4.177942650428187,-2.870045216028719,-12.020670267901522,58.166841746397864,0.42219204488389617,-0.13305934995262306,0.02748481558197627
111,-3.8332009496449766,-2.4586141307195217,-9.84238970532148,7.289816510017488,-18.532729187711844,30.46869549417646,43.97242452171211,-1.2002071061657282,-0.6542953968975406,-0.03634011542844193
112,-3.2172091694978686,-3.7553198144371374,-5.161757714062974,-0.040577524639867225,-6.8878818788144,12.848943211282501,58.00654527699499,-0.42689887542730987,-0.2995759318158482,0.015736994268750804
113,0.8909729496864505,1.803982775141527,-3.2894094809776724,11.484739431364513,-16.117093756912908,34.94665411014161,48.42294374870572,-1.1507085477080645,-0.4535338333542045,0.06914773179655324
114,-0.5904646940944995,-15.641442481948326,1.9967263564561755,2.6467390076724815,6.248396991506221,43.21552533364617,22.58695732745653,-2.193086930944396,0.25751877228159575,-0.016006251994211528
115,6.928512349295292,-3.0583161407880373,-6.8041876465278275,-1.5562098932650972,-40.600278066567455,4.820081443638598,36.54696661704859,-0.16331442268466917,-1.6488015139548533,0.03627930872108527
116,-0.8733225399722422,-9.283433433962788,-0.4310112912340541,5.040425039148494,1.568207597061919,41.81631695987392,34.60274571773827,-1.7958769008577105,0.015077371304082085,-0.008225065710632674
117,-1.8518282489160267,-6.955053462314021,4.11765931886662,-1.036003264691706,20.27932952259316,21.081677893120077,51.72912270535291,-0.6566939858983947,0.6842607720752023,0.030293529093015505
118,2.8692146805812953,2.7100603933011946,-5.7825485622951325,-4.07737979921871,-28.255999870854264,-22.494895049038423,45.12406663071004,0.8106572713069654,-1.0820510939344252,0.02850886297471369
119,-11.536956129338318,-2.278400825417754,1.4160267735201326,-4.997266556995764,36.09775745640238,-8.269942376722465,38.16840920786473,0.32888617188142627,1.466425073855628,0.10955337280652987
120,5.321159882324695,-1.7303981338891559,-1.0562421259017971,1.687636688493851,-23.894523934043196,13.08946590488833,56.57695378856038,-0.41037557641841976,-0.8885471144720013,0.0495937675381516
121,-2.541593462444335,9.061667841667399,-2.9196383365867944,-2.352194507310312,-1.782776922197263,-38.87450936009628,43.64511875526516,1.4773614180881731,-0.11962344308854336,0.00763236536858978
122,-2.3963327406872765,-2.662891567056728,3.3505978548358017,-6.700726808925214,20.277335489840297,-13.959301179859377,54.46135021125289,0.46069730480696564,0.6761115431667504,0.026451609665469753
123,-5.023363588633934,3.9678336883808347,-1.3126881664201049,-0.8261611229638126,12.92452183599592,-17.903142326772198,58.50821600201044,0.6293737706338318,0.40255527157793825,0.021433636050915587
124,6.103661657663468,2.684585705028896,-6.566578482435816,1.338705845571998,-41.85478789698345,-4.309369146258196,40.41514478283107,0.21631400595311226,-1.5981034077936993,-0.0012501685493481014
125,-3.123264304269988,2.7921879482630634,6.8484474793513765,3.181005507520101,36.97580681936347,0.6277271216827035,50.21098965805762,-0.05531665586114063,1.3513534507306946,-0.059253246160254236
126,-2.097736522876633,-4.237772026126123,-3.928365174369704,-5.072645480909487,-5.966817483487824,-3.0847339388176853,59.874890886365314,0.14648171006771377,-0.19685674527736627,0.14196712020210353
127,-1.2045074053755855,6.251531810327473,3.1723029926174213,-7.429751159676968,13.532163259429987,-41.84960070188558,35.599635861105014,1.755516356376641,0.5917598970191723,-0.05459850771156215
128,-0.21395593789825385,-2.7552577736036405,5.498661992760864,4.023457375573167,21.99295295107281,25.574737504810226,52.50975619484312,-0.8485799513416438,0.7414370536723399,0.022123719944055893
129,-2.51394534574541,0.9295634795145697,-6.184885380497523,-4.5796553214017255,-12.687915336069661,-17.837750064982774,55.88583589053747,0.6304723982778949,-0.4651760635219658,-0.002836711443459068
130,2.3638567735921563,5.787868600351902,2.1593087284078782,12.088208686635152,-0.7368161800818261,27.929552392761106,61.25576801497014,-0.8447889171279275,0.027924024593762316,-0.026628602347411313
131,3.815294028881585,0.11883207393200096,-1.6431419922677606,-4.556625464208647,-20.268218152633917,-17.346291691438296,55.17477821412383,0.5435926017417763,-0.6876266648189894,-0.0019464196457895026
132,7.857118434424769,-10.37791746228184,7.077221636028293,-0.5270004099060779,-2.0398631982033857,34.61269950073018,49.233265497799806,-1.2547127875134727,-0.025457828466874957,-0.015967779749439585
133,-1.4869802622437522,-7.399584735807236,1.1791589567237741,2.997569260135367,8.557664348907952,34.188649534519406,46.06595280161289,-1.3195401557179665,0.3129173051826357,0.04000208189109362
134,-2.7662066835689063,0.532816885798239,-9.599789412456248,-6.343621559438811,-20.454418142873312,-22.12800948140452,48.08661636755214,0.8263898090141818,-0.8115291823975891,0.03917706596604584
135,-7.949544297547812,-11.1366723368944,0.913655667634571,-4.376819204756912,25.70892875007659,19.702328680755457,44.20001651910262,-0.8202633299246866,0.9442059590169112,0.015049147173733393
136,2.3517995310009723,0.07344017192822797,-1.2475604889250262,-2.0921160710322813,-14.510261668554337,-8.062866467832468,61.32228519468147,0.2564276406480961,-0.4318003040659356,0.05096245062886238
137,-5.114068279863675,8.24377350827649,6.978329510676265,1.6142096974300109,39.56516626233224,-22.534626383041015,36.36246037322329,0.8678487793190663,1.5972686248787373,-0.0797137720001254
138,-4.014399122424515,-10.932513219727145,2.796959319943379,-2.354818177012155,20.430536693518814,26.80163425680369,46.404355189671286,-1.141017119591864,0.7469889419573061,-0.021278893166327518
139,-7.543404543261927,0.12295762715283629,-3.345231903673005,-0.9216759573728904,15.247984345807001,-3.8132516351114725,58.154384154841274,0.05967459553271717,0.4478701074385276,0.06576712179220509
140,-1.9543206853315052,-7.9194451892129365,12.89711358996264,1.6489084765306041,39.920792725356094,25.596965944876256,23.277405201764765,-1.208732403709698,1.8496764430914028,0.04281203105037404
141,-1.943773143506355,9.799565119890106,-2.9252598348597934,0.731281290554232,-3.1637637267144028,-33.794041325574106,52.65106665958941,1.1075120496404216,-0.21780223046885394,0.04590510881101306
142,-2.36043430356863,1.0385209556910664,-0.9210812441319487,-2.13926684995458,5.847448123356347,-12.460734969658164,61.180647238806586,0.3826254583604864,0.21243312577179407,-0.039286228850985906
143,4.424893506136566,-3.7882966659729584,2.3464366030682897,-10.165883416645782,-7.948996578613928,-22.577592748733004,54.65752990859834,0.6993477513062091,-0.18609726603289606,-0.006072486646557768
144,-12.639599443833614,-0.24191633907854038,-0.8770567613629353,6.252355600452805,36.07327208954511,19.207647266092867,38.1173542977393,-0.7515526392652803,1.4247527746029547,-0.06053839458333615
145,5.314850511134055,-8.153494366225056,9.326228449602292,6.823820632764566,13.483631989148858,46.44272842831006,29.419915611667,-1.9120125953941816,0.48946642359893444,-0.007021441033169181
146,-1.4805146507042641,-3.590587761290802,-10.951241899374553,-2.8348988580236605,-29.01419881302607,1.8969354668229537,47.135287143835264,-0.10932776228091493,-1.1049625482449397,0.01788916377859822
147,2.8708174827126554,-5.741455577038948,1.8238397705947607,-4.5596350000707595,-3.785340792231606,4.880271690316527,61.60556971415948,-0.11747264113651557,-0.16841546019493173,-0.03761377745786436
148,14.684770850711386,-1.0383012023328035,-1.3620380900863562,-2.6166814642088925,-47.46603428607962,-3.524011412163097,27.49400414718011,0.18700894042601904,-2.1280065881663037,-0.03837241248317879
149,-1.52388619695231,1.0385961446434793,3.914158756911428,2.259715144211349,22.12776920280808,3.8603898080070778,59.78365205350209,-0.22153796339700418,0.7065276309601136,0.025153546018583883
150,3.823600102753085,6.849817641705639,0.7253487662105195,2.478826776132478,-13.499077117215752,-18.573540614832403,62.608063995733794,0.5636008567100443,-0.4326905196918309,0.04150712735664254
151,12.102475692836434,-3.5706317217955257,7.114325230083579,-0.0099306734422006,-21.386088760824457,15.37880636541396,59.9101348901863,-0.46390643303106005,-0.7207742010513423,0.006002419697389133
152,1.3799888877180604,-9.749177237047878,-0.16477862736797602,3.418857390739242,-4.897259267837467,40.00094034955093,38.42828125574376,-1.5436258202326842,-0.1892679388273485,-0.06831808901052093
153,-8.061105054875744,-8.231817857505654,4.5840681985907965,4.3438085967460145,31.81758789425324,31.006940969446365,24.472456770015103,-1.4886631628570135,1.56432940330679,-0.10936767912586078
154,3.113219731910756,-2.171376066905541,-3.5300824444213057,1.6583378875573063,-24.389508716587294,13.505697595252828,54.74546189773952,-0.4140875485138409,-0.8106130340905673,0.0029777723410883148
155,-2.9294223901574017,-13.567388008104935,-0.7188997209122429,-6.077869947512654,7.48902590519819,23.28702412438116,49.96537456521454,-0.8483811900165477,0.19667086153587468,0.13046084642417158
156,-0.4527110566700368,-3.0399187866387845,-13.86310406530659,2.223327758737516,-37.57019642646112,14.288817508580903,35.627241580432006,-0.7108552212246366,-1.6122742065740143,0.042669851208153226
157,0.25684936491861754,-3.4697654580358,3.703252665959397,2.1156271420007817,13.068560620503328,21.8196020226937,57.53069962545652,-0.7071877542934529,0.42678406882386605,-0.06212747634107185
158,8.966028697548973,2.115571123148828,5.041643017488944,-3.1213523890744432,-15.43352703626158,-21.240243224631847,59.218423168117724,0.6310480370173572,-0.502430177919968,-0.016809097532417078
159,3.2632732167040763,-1.2006440184710874,7.467432660103061,-7.425940517046485,15.35598506017754,-23.52567501965155,54.840184711373695,0.9004418718428976,0.6281187346238122,0.06951102271448185
160,4.419763825193451,-2.0648842164478025,-3.303036407806681,-5.740877215719467,-27.25858371807361,-12.60899027223349,51.17913497402676,0.5059294721419143,-1.0123262217250084,0.0851541334624213
161,11.329796043658861,4.303521072906599,-9.711065364465789,-3.5240741008238774,-41.7151123803247,-16.108837341565483,7.657519125581012,0.9718755404118454,-2.6322584221167293,-0.05721354199427829
162,0.7508890723776487,0.9805385651358423,1.9337988809219215,-0.9060038444288577,4.532641806801768,-8.562894633051371,63.8651015573138,0.2103951922505055,0.16451822374607294,-0.020680268108345674
163,0.8484798397012449,6.720298673834197,0.6606509205068867,4.451092052236855,-0.7438261772857815,-9.112981604797627,66.71586877615441,0.31702862833798995,0.0701928393071159,0.005590765018640221
164,8.441379396440682,10.852316535892069,2.2220333363893543,-2.470105126563479,-20.336070060364683,-43.477609091796964,32.62277701289284,1.8001356382289808,-0.8991412262491334,0.05363742600382042
165,-1.2005965998841082,8.30221038956903,-12.97803698549444,2.7176283085566584,-37.11943675999099,-17.67879997338962,39.84028634462682,0.8158593115025854,-1.5091660059062462,0.08129949774349096
166,2.0785059513297583,-3.9095567123081123,-2.6319173593524203,10.853133920647744,-13.840392322752459,43.773559449970115,30.44738707629942,-1.9030680049516402,-0.5756619317192989,0.03406711923877739
167,-2.352298612564167,-4.007310279729942,-8.75512283226034,-6.181106963596377,-20.64153494076672,-6.040772695760783,52.457726709860076,0.26971355261600793,-0.6755922956215419,-0.013500639664100176
168,2.4353386862174857,6.7675011054732535,6.570056716143534,-7.688172298635658,12.100957903969185,-44.21512702105853,31.435844334338913,1.8711303167312168,0.486214167261217,-0.08429557071966177
169,9.737956049204298,2.117558543996721,13.821415328274862,-2.4529181613990807,17.940526070891465,-20.4714361820587,62.20321021674197,0.6573381895029657,0.5614311324483893,0.08438342515639415
170,0.3430895397962513,-4.386221733022487,0.5491223087466576,1.0100397468803788,1.4429609752610304,20.06731727794145,58.481575994421924,-0.6840591500282535,0.046718394885324394,0.11103942417827106
171,-1.5315455421120137,-4.511129465638287,-1.115894476859459,3.4514239677413947,1.2010263473570426,28.596728639479732,53.25240442991934,-0.8446723488538027,0.115074104957062,0.1119645772819622
172,6.165472082986684,-1.0538484633471576,-5.068466387910401,-7.891881470041426,-33.153690488973595,-21.374945088948632,38.55664687599027,0.8031031753326682,-1.340226288061569,-0.06271838467741954
173,-2.009135030786907,-3.9318508236166325,-3.365802249962764,6.634100771309919,-5.612362271117977,35.779319915290614,47.36559630833642,-1.318167954698504,-0.20066757408352712,-0.03065037256863253
174,1.6447649395899089,-0.887412759371998,6.489190791872415,-5.589999488155066,17.029267573289946,-18.36291278781066,56.80877295112586,0.5998222449273208,0.5936082048404419,0.05694841756624506
175,-1.426207224507266,1.075616074010438,0.6942924823596314,2.073852376609119,9.098299263180259,3.505810627663811,63.910782741978444,-0.07527341287245504,0.16860850026940727,-0.03745368261005275
176,6.873534749483908,-1.4204628665359413,4.22676319036627,2.633322583680999,-11.228859044119343,17.48643058349331,63.675694999435585,-0.4783270110902055,-0.3540618689318293,0.0009280874170074428
177,0.28862973321328794,0.19508684504434226,2.036109602104051,-5.965777255949933,6.423714360573902,-23.173087515176224,56.60238694075295,0.7915248351383186,0.1871037125671056,-0.052676916382338734
178,8.383016876262788,1.628048976017421,-0.7888267108557256,-1.6463571548499552,-34.13951529785821,-12.786391869844463,50.11196876974977,0.5030400306184023,-1.177540928583433,-0.02342957951986864
179,-0.9519980060017288,-6.394093278695722,-1.661933491608876,0.5085025866181856,-2.619046104322496,24.797857956686972,55.19489736973357,-0.7170424019817678,-0.0875603339263878,0.018567060443796773
180,-5.697744829198332,-3.9405251820257976,-0.154210394438367,-0.6306235018692513,19.923814822998665,10.613503203301716,56.00331763059264,-0.45765857362099494,0.6077523067639574,-0.023959492999073895
181,-7.616556520357957,-6.159385076020662,-1.3923727206892953,0.6282317693346394,19.019895600510928,20.856678095381376,49.73191509986517,-0.8491034475431004,0.8177947234595482,0.04355190078346781
182,-4.874377606300749,-2.4334525637861373,5.8315195456101385,-4.864099486248906,34.8222339253052,-7.458440301208963,45.691110025748124,0.35419850377618967,1.3395229145401681,0.06488355327178298
183,-3.3943595545987977,-0.37270260215182793,2.0156789364594623,-4.123912394654847,18.198969898032296,-12.968432800022068,56.297819422712145,0.36524079542989807,0.6640882561921261,0.01520415577643044
184,5.519944634951778,1.9701614723398453,5.615464006861779,12.111323725368734,-0.20853126998308302,41.070725299129016,49.39191788841927,-1.3928776947590136,0.052265185069808213,-0.04784998767106792
185,-1.2393851838146228,-14.57332337655702,1.8663854081329263,1.6349939486486942,8.364143237925296,42.123427268269836,28.894084930938206,-1.9317959266408038,0.3520345107223896,-0.06690446876146981
186,-0.7623730302714771,1.3756339130554878,-1.2145841615118425,12.443279699107366,-2.0121785497230658,40.24185059161998,46.739029368993194,-1.473856146071633,-0.12298810409152133,0.1179429043105281
187,7.517862948508604,-0.08936553204687447,-2.341324464776016,-10.293718515612005,-29.68313687191805,-29.897153556332405,36.205688837638675,1.268623787785069,-1.23107313040901,0.024988733109788223
188,6.591022355655624,4.8766575161048555,0.7096113764479846,-6.005920676808552,-19.999812229241673,-36.36174234248935,41.19206920574816,1.3527853138751154,-0.69939174967567,0.04742874604262985
189,0.18277099933827454,2.3421024598338396,0.14381252628800686,2.7734750457442745,-0.7662949152652128,2.069354572988636,64.80741661596377,0.002044756078973399,0.01467699077112782,-0.015270086667722452
190,-9.401855663019992,7.831142420399226,-1.4023437878444027,1.2296625210784389,28.266422282540983,-23.272018128512475,47.53047268725831,0.8270399313253117,1.044762658772619,-0.04037590810363156
191,0.3183859109705691,-6.769756841714565,0.38984879362081604,1.6973102106699636,-0.21806548397135866,29.570993759012747,53.084755433214745,-1.011355412136384,0.048550878252663666,0.030498237928204386
192,-1.165351672660198,-0.043099877984769795,-1.829952945178037,4.5724263161231535,-2.246892629534605,17.965689875625635,60.56230674428387,-0.5231045832822319,-0.0930519760425014,-0.015561272489780195
193,1.6185118218413699,-2.7260343493036716,-2.4487791222726303,-11.240816728091772,-13.425938979116513,-27.067243356226566,48.74877797982227,0.9309359261326635,-0.4712424712549553,-0.08343493723025158
194,-1.9323429172723463,5.461355664915942,2.780845578421831,-11.313631018174268,11.760312871423283,-43.588349117971624,26.101287074310154,2.067969742899531,0.582135474049301,-0.04336865709185883
195,0.46975754024877414,3.9671971762216374,-1.4595915430471598,-5.547545915501052,-6.729804187363778,-33.016810031086216,49.41416535042764,1.1585952973530613,-0.357254154231324,-0.0315137548193015
196,-3.510874521855087,7.94464728882859,0.45615835223221596,3.1476454299308676,15.48481683946776,-20.11653500698435,59.8102220595793,0.5736020663227073,0.5142749587310129,-0.06418474380958704
197,3.940015717952285,7.34498384246903,7.3007916130646535,1.7788767457177945,14.31251723269593,-24.17418887288412,60.49034561979109,0.7013355999957005,0.49837625592200624,0.09426780694393458
198,5.3131142726609575,-7.779444077560036,3.7099730257599193,4.6414038856735775,-4.885736737074272,41.67957802158666,41.32760233911735,-1.4889515907448916,-0.16586059558058228,0.030569828823502787
199,-1.011303984642135,4.452517300981847,-1.3907078454747381,4.291896817639676,-1.8889671648885573,-0.3560095400843874,66.07947450884934,-0.005478995040264504,-0.03397063227356954,0.025480944481813952
200,3.043361409339647,2.8522955596152784,3.2639877187329756,5.727134438058558,0.8445854591072156,12.554457632229726,66.91413503541558,-0.4420233085082622,-0.05975498960351822,0.043985172227720935
201,-4.9417330855744455,6.460488574626563,-0.5769424929317214,5.036735249554099,17.16963220296656,-5.716995781855687,61.326792597353354,0.10817596724282351,0.6629282268435316,0.010702028051966222
202,-5.481477871440783,-9.096397817463785,0.6595763328555391,-1.8011604738741729,20.05843138119195,22.75994883088453,49.75058727594945,-0.850988484618347,0.6778048927494985,0.05624944072301416
203,-7.958098999528741,1.257460816354397,9.203776288446235,-4.572032708311916,43.87248776318368,-14.166990598332486,22.56193195257689,0.7335221412786402,2.1012668314900886,-0.03403321608335888
204,4.0326155170568425,-1.3920352539103618,7.070633782472813,-6.890070913863752,12.074745060464318,-21.910152003085418,58.459445198847014,0.6840419263376875,0.38989100123417025,-0.014690817697303502
205,-2.4561216373836396,2.737898991816603,0.1898251174818421,1.3831900956072523,11.065115421153092,-5.476268547849696,63.21585141832874,0.17850892606970703,0.3346395320883847,0.03274658336806141
206,-7.221079601662709,2.4109142860371113,-1.8627920434387826,-1.380739203912968,19.030729610311273,-14.634467306784462,56.08812759285997,0.4250045810099208,0.668132717593198,0.014561855813931258
207,-2.2299328505351284,7.268909589172859,-3.509247023778741,-3.8948028277221374,-4.081982958041932,-36.64179274683823,45.11397747083071,1.375112785296705,-0.1542880325848088,0.03526488509283079
208,0.5551700774515193,10.025738099361128,9.047683610420695,2.3019723441364826,32.70865304133398,-29.4043390234047,45.02595156731287,0.9796101607355655,1.1485718284644084,0.025570589197760892
209,-4.282864785189191,-6.570779022715028,-7.2183972839178265,6.249771924518858,-9.09267658726521,37.525243352560146,38.127994284126935,-1.4893459485301557,-0.3457239880335813,-0.00014292210050163837
210,-7.008626361363853,3.729040618509072,-3.1867888450932047,-1.781035528515265,13.759759614455751,-19.508975653320352,56.026279498489544,0.6890559210032473,0.4093063508793531,-0.08686199256571348
211,-0.698143809554891,5.9541052078363235,-2.64977191116283,6.557992787385945,-8.861058208741609,1.767477501830097,65.53027500508288,-0.11310315912411595,-0.2225766326181482,0.03671122227982917
212,-4.625931316141573,4.770223321929325,-5.762304006909216,8.339326711653838,-3.9161444353432358,14.125720949444244,62.567573367863915,-0.39046149401344105,-0.14537482199519786,-0.07937881616755245
213,-9.02544206188485,-5.340187791543947,7.673282982731679,8.955527096660003,33.857661614253324,29.22391265258417,8.357095613946061,-1.787186661149452,2.086523418558256,0.013275169331587712
214,-6.230127135697399,1.108974062127501,13.346839229100294,0.5949197358628826,47.39133019638836,-1.1371330544116687,15.96509215523462,0.06809651456910196,2.558728301496532,0.08245154869586434
215,-9.426613487099788,-0.036612470087309376,-5.156033463537961,7.745299706403976,14.544866210456567,27.30094707574683,50.2034543300736,-0.9133130446465996,0.5255036330598004,-0.03179973967727183
216,6.493515297563289,2.2419205319436077,0.5747766430051748,-4.869824270938758,-21.86254617018043,-25.573096018528197,51.68053395869648,0.8802634539990979,-0.6522540693019631,0.062400729297476795
217,4.160908502287762,-3.7485657813678523,9.852827085046844,6.735175480968996,21.480278634453924,39.157658656753775,42.43345958852528,-1.4092771696267412,0.7962917876390797,-0.018763656277981704
218,12.996673872215627,-3.2634241384032423,0.033254138951664645,-6.451854792392739,-41.64593402184459,-10.381846216629505,38.49062761338862,0.42572770086148287,-1.6740673823813703,-0.07084976781471607
219,-2.967609482547948,-2.393947333259384,6.3736898090390905,-7.260588026492263,30.73813478029956,-16.581136115121065,46.62928211499366,0.5775340231631712,1.1347037112237905,0.0021381490681919167
220,0.5407904558331631,17.601073033598723,2.117681064684969,1.2375074853891335,5.177125169811608,-50.75481426943595,24.3827500941318,2.225582927978928,0.11094516674121802,0.03210236302209601
221,2.0408557509190413,-4.780261900877148,7.091063955404062,-3.0982985113840176,19.41735755902773,6.467538871641875,59.96728078964747,-0.24216627316342515,0.6460920784909142,0.052944707603238765
222,1.8718739338899062,3.0544214065817594,-10.010908837540914,0.593984085474173,-37.95026792005495,-7.751060511012182,42.1705249544897,0.3473349771861586,-1.3946334569080063,-0.022851837811604516
223,2.726646834196218,-5.131039781812104,-1.59808723005506,-7.945936073087783,-15.015418262143685,-9.37224234201723,57.740760743542,0.27934224361094295,-0.5426264519808289,-0.03747537321128972
224,-1.9789600889119285,-2.6815085160494725,7.5099308727150085,-1.3821969768915954,34.097168338427444,3.546318736841182,49.38215930835564,-0.1342009060846914,1.2192394914200524,0.03227346994060432
225,11.831614493293385,4.787679450479324,3.9797328112126387,0.9179893683665319,-32.390078879382344,-16.21346986099787,54.24475954209409,0.5490665394141451,-1.0792260127396833,-0.015520404420307143
226,1.052008202720929,-1.8147330933954222,7.070037859586699,1.569892127866982,22.96515971714383,14.210873331248552,57.70222897383792,-0.5038818457956414,0.7375093092617337,0.039293970060378824
227,5.811418301911436,-6.4427448079160765,3.935437956860552,1.1608246663415143,-7.398697724298454,28.85459461718554,55.136933765585034,-1.0141391880783974,-0.26608435346603326,0.017240574210856004
228,-5.419457336181929,-0.1579528628599276,-7.751665069464385,2.7466705365037902,-9.786683736947742,9.317827005815419,58.61604086921845,-0.33934942444437965,-0.2808206025948466,0.03242423357001453
229,3.394227701324257,7.010673602901343,0.6697423274290575,4.4955511904695005,-11.243380906679954,-11.494713224479531,65.54601878195096,0.3662770711633406,-0.2528803266822337,-0.0656332876439311
230,0.08589894356641621,-2.699700362833883,2.63294647881614,0.7456195713356905,9.85807001486296,13.238966587853453,60.81394554206916,-0.39889414985460886,0.27629761847813533,-0.02584549340724327
231,4.082378394792482,0.5076989237940132,-4.24320592220407,1.2088422165652488,-30.268686812577233,3.04085782377131,53.04316200293998,0.007163259272654238,-1.1186339247588077,0.07658046440002807
232,-0.07604519252874835,-0.4019051271408969,6.647883594064282,0.061749634392220955,26.057467280434714,1.5640943806430512,57.650940633894855,-0.059879151769583513,0.7942969958917029,-0.03615734536873265
233,-5.742551366197305,-5.038730125752696,4.526489309362845,-0.05762237261100107,33.58229929755234,15.68159875046413,44.29596186228285,-0.5319441166768446,1.3191818032072191,0.034648852652868746
234,2.767476183499994,9.232910565029714,5.841232126952925,2.8271571028242897,13.940835899876902,-27.40165708819473,59.42999927191324,0.9424000537312325,0.4691646668135216,-0.033997686456735975
235,-3.639646752647697,-6.40776220743119,-6.669441600961214,6.170512925431449,-8.986103095276395,37.79107288912702,39.89287485510308,-1.4744181126072162,-0.3568306897299906,-0.048221914648521054
236,1.2490864563118955,-6.609539383453291,0.1604024915554375,-2.3527179248297077,-3.9986921075943624,14.973860137139262,59.32447068394278,-0.5707997172785715,-0.2449487915822585,0.09474163848011109
237,-5.785831077990816,4.551939465982207,5.37795841638122,-3.093297936750024,35.34969203778944,-24.05336844573796,38.06081060431637,0.9536926788437706,1.392712408857036,-0.11816123851573555
238,-6.523856296927445,-2.0790685163860902,-11.210528726547404,-9.313143577055728,-13.465654008254818,-21.916390857775074,48.67591985751102,0.8670957861932648,-0.5206645265018143,0.09558558478219165
239,-0.5218035371527481,-5.953691032625164,-4.520031403969595,3.1076498904226564,-13.975817381987815,30.048769582292795,48.31374661489267,-1.1975798528010893,-0.40754429839629386,-0.04035008932589398
240,-0.9755218593991216,-6.043351130834591,11.705507048057926,-9.560924223462612,39.06306240859158,-12.11247848916172,39.28559281827674,0.38221055738557586,1.5670197121324458,0.05608197105957188
241,3.518298425084489,-8.87497903876021,5.100139236085264,-1.893234603004371,5.747251288194549,25.88263945860513,55.45679978293333,-0.863135119802858,0.2876968538426554,-0.0172331540414815
242,7.588680545015162,-4.337920402785524,10.108265257839111,0.5843660525293433,10.63180544546011,20.237798132371864,62.397896778108525,-0.6685135192022793,0.1971193913226229,0.0544602519319204
243,-1.7572988216897754,-3.665434373904853,-4.829936755511825,-0.6113464964067693,-10.16580471370412,10.787529504618934,58.20118744187505,-0.4339733970700004,-0.3672562764262625,0.06289223974133211
244,-1.326721021940783,11.963828830561123,7.76426789162767,4.889884775440157,34.49641941319485,-27.581863053471277,45.530886185185345,0.9048206824671514,1.2708571633545973,-0.10650877086774241
245,4.105504667296914,6.934185002542134,-6.345842508902767,0.25108018812904,-34.954344336968155,-22.35250038199431,41.12420839699072,0.8608543223001395,-1.3407846799437981,-0.03336537978476796
246,4.867843540764515,-3.642184466683664,-2.734238402268278,7.308995541439015,-23.585198261334575,35.427612926454565,39.298623922131064,-1.3268469976749557,-0.9627857635448254,0.014868479025909443
247,-2.8023354371560183,-8.62484898373513,-2.754650128323521,1.0417543908694813,0.21361399590822008,30.95128397151736,48.433056427331834,-1.206684815158224,0.05020901553200306,-0.11720734687816459
248,-3.3454255508620516,-4.5366475236902515,3.952427455784049,-10.90024530422642,23.987059385249143,-20.0467965419246,48.03992439219037,0.7298279664771479,0.8619106218511504,-0.015266304027330584
249,-3.4543259075615653,0.06992580522051516,3.6530210613304384,2.051702049198079,26.646204552741576,6.6916819733372055,55.53537981058177,-0.173816787961958,0.873900737547782,0.010780654352984679
250,-7.783931947016597,8.493617326209728,0.5886075238346101,1.6629595510263573,29.08864124256373,-23.40166786387918,47.101664235376596,0.8869765701294571,1.0576865105406155,-0.020050648434851027
251,1.0945943214322442,8.130897027630343,-4.492871830459501,-3.2640806989445186,-17.890026807442077,-36.77279486542709,40.826211402708864,1.425269921473667,-0.680124691275245,-0.0015762957489031861
252,3.137383619018224,7.482402356744856,-7.359795919584852,0.48277627205164986,-34.53891694377293,-23.03098501361071,39.8287310048996,0.8774424349619515,-1.3328836805125623,0.06366792313604167
253,-1.4852407528765639,0.3439298809838612,-0.0697507984562735,-3.075027518056756,4.874883678865321,-12.826397553397543,60.72209712261945,0.4918088640740321,0.21725036175231863,0.03578457439335884
254,-4.853818020476141,8.356802154693558,-0.7363032105209588,-5.5906593844475605,12.317646425855258,-41.274976208337776,34.46026551608194,1.807496401182882,0.4432390935073356,0.08624705036241957
255,-7.015819475235883,-1.1449152056224237,6.571763558990304,-10.065603481226246,34.75507950040705,-23.243354396071055,30.13697271202528,1.1609111858257728,1.662491436963148,-0.013260650620794246
