DATE: 2024-5-9
TIME: 15-52-33
NUM_CABLES: 8
NUM_AURORAS: 1
NUM_MEASUREMENTS: 256
---
0,9.679494966312186,-0.7589519815034453,-3.282421285933073,-9.52960446202755,0.936067576989112,-5.879784501197749,11.1107217755191,10.368752654026489,-33.0399301228585,-16.93157356659142,52.50535631179581,-1.733047799584072,2.019214479564786,-0.41113377606331136
1,5.736725931835587,-9.21580233980196,-0.8776514323757176,0.41545849888633324,4.995822861823376,3.1410638901950856,-3.2320647531959183,-3.58482220110845,-59.13068791209772,30.98655357332391,82.82656905531249,0.7754717888832544,-0.5551966773753086,0.7510653800098072
2,1.9151836348882618,-5.919668047554086,3.49760677042455,-7.975155118674545,10.385768885211117,-8.98424327430877,-8.617853645967845,1.2323862084748383,-29.307346168694263,11.461147030092143,75.66444386450725,-1.3478074899276957,-2.3994713779638324,-0.1930743161182195
3,-8.398013973687972,-1.8253925722591617,-1.3672837461317826,-8.523929739834516,7.215027224539189,-7.083223648216703,9.937148600377608,5.236867653698274,34.33884404424576,6.829319505007785,90.63060849083217,-1.619106732520589,-0.26127372444750047,0.6906938030742777
4,9.567301096883774,1.899723279098315,-2.3412899788837684,-11.409506629732789,10.28333180130245,-8.183212530927644,-9.672292884149616,-0.15078496379412165,-71.95802244084913,-21.975707902451283,34.75907804362681,-0.6915810920669981,-0.5845854737498178,-1.8986069417115223
5,11.3228328609964,-3.823341413568426,7.738372657772795,7.286983450285005,-0.6170097885326697,4.2932216471581075,8.037144194942439,4.5622722828902305,-1.5694914854409059,77.18077442248467,82.00162626305493,0.05693696698780109,0.5773665982395868,-0.5545709796063866
6,2.428945431391286,-5.3715118023575865,-0.09079679765005011,-8.958108029178954,-6.621352684385485,-11.444728972190646,10.08427791303465,3.1373666087363175,17.56027859494324,11.764763448038586,73.36391520086897,-1.9172151172689558,2.04151005340284,0.1657382691166
7,4.20685389599471,1.975382375877702,0.2741392886632852,1.2967206762627743,-11.65462812282632,-1.0655571973803113,-1.106150280564436,11.371895224856447,3.2545397315394538,25.10028012176467,98.2001082425512,-1.3355014325265058,1.314346863234414,-0.30970412475961234
8,-4.614543231954173,-9.521243844168783,0.9189631422762083,9.187683443592013,3.6348068686881723,-2.3303947503055706,-9.51532418725234,-1.6612744014993543,0.41065056988048854,73.72365124144272,42.0147997781359,0.4956430225490992,-0.5965948960126415,0.984799157282348
9,6.970063861938849,4.911124319806467,9.308572087066693,-6.38044800026738,2.2322669688218273,4.641100924084049,8.568145312175439,-10.268708332703792,30.2938043141273,-96.23534470222921,31.443314289970854,1.9946988004139388,0.6954479853064907,0.2558498783608249
10,-1.7515113916723983,-2.89207659541227,-7.057276813155541,4.835880767544979,1.0968212068116578,3.826764653580083,10.820232548007954,6.810118502970939,4.029478279375025,50.58596376885114,98.4756948253664,-0.11309340849866975,1.1639969579985505,-0.666705456027857
11,11.117250123955639,-9.310360335316464,11.422604244326012,-7.207595203089547,1.810334836555941,11.053378386886953,3.395330292415837,0.9816191853871894,7.428893447859976,-21.93860854085334,116.01707598996803,1.3405618828916968,0.1249774606600747,-0.07185049797553816
12,-9.399122978884563,-10.922081256876261,-0.6194742121382557,-5.2686175525336285,10.86788007761405,7.581273853975316,11.364510446753581,10.43304601561173,48.85756109807112,44.77803855838308,109.73012046353635,-0.14839576839440838,-0.3460580430055963,0.09941750250169175
13,5.482766892736718,-10.949978355473169,3.899066369682604,-9.499454343565969,-0.425414471879316,6.453272754801768,-7.134010444496138,-2.994405730887973,-31.875506846381356,-24.808349614229318,105.3385893204171,1.3568416640010863,-0.8197309488524187,0.10847163426841533
14,1.0851088236431945,-2.129273180010614,0.1737603866934858,7.450677352138232,5.765451074933347,-11.370627645823106,-3.564555131588574,8.055951949836079,-29.794970149005422,81.16698110510328,32.56255016063251,-2.3361386684643453,-1.068256796118834,0.6444090555560216
15,6.452504007551647,-5.705639098858802,-1.4673170860052656,-6.40888865162891,-0.21832961231277448,-2.3648051441300852,3.107468664047224,5.191864223098623,-36.35789902811638,21.49158274634313,106.14647963004163,-0.8142080156340172,0.6013518398511546,-0.49920306929081937
16,-1.1662533963013226,9.434195555888168,11.718860154448663,6.935673701865348,1.99776775775252,-10.312105248464801,0.9250016114075041,-1.297852371600288,83.90045457508452,2.433671655351766,65.29583778984217,-0.6326026827451315,0.13095317661367883,0.6471827767365232
17,7.737106341035672,-5.546084082211992,9.270219494304808,-1.0661279397631622,-4.400366409411511,5.174870057803647,6.84456566143343,2.465122204964981,47.414383431028426,19.168538757437116,104.15981649746301,0.36125487250150906,1.255112006975918,-0.4850843567376111
18,11.467568975468257,-7.486728471032351,1.7129108074061845,9.718415208637465,10.671394484289234,-8.160075253208488,-7.80200355841231,-10.297293883457261,-68.23001049878881,52.65752324127453,9.927594199574674,-0.21369764608843886,-0.7418622373279536,1.671920995043959
19,-2.3810401908826275,-7.134915831471106,0.24611357822755053,11.644296801286192,-8.374335543294222,10.5820985287417,-3.3129353279993614,-0.43790547222235165,16.37037789411237,61.99477129146933,47.19372785547508,1.328926776095148,-0.034741645344685226,-0.5461535508122268
20,-8.854259339792913,-8.356853448039601,-6.02414285692174,9.51005728452522,-8.860351339812183,-10.668861003851383,-4.095536372368076,3.3339375999493326,24.46994735923723,97.79595148176803,3.7000207355864343,-1.7174989137797427,0.4053126041442343,-0.35713316489286834
21,-3.9761459566305435,1.8059001068787301,10.088504267495274,5.772918048098886,8.473810881623322,-2.845950179897976,10.836091559367437,0.44656725793955854,94.21248406441211,36.16149009340439,55.21548272246596,-0.32165704303545833,0.44860070273070074,0.22724985759000396
22,-6.985351863969057,-4.455293727908794,4.7508167345711865,6.135693185442822,1.8698357157686019,4.158192341313879,-0.5404025325312825,-10.333732178710413,46.187456553307534,25.612094343218065,63.561597942698924,1.3164255501580016,-0.8705602070219445,-0.546706517079833
23,-10.547459364952122,4.393008114572318,-9.522491011738353,8.066675702968379,3.4508793024272952,-7.081114365347975,-9.982745173221467,10.108440484329506,-29.107319736360136,50.500928070067715,63.77908242913678,-1.9870963041660474,-1.7388935553884848,0.5557473541655087
24,10.1698155149596,-1.8097107191467607,5.853452868528722,4.771730905539338,6.961362171215548,-6.561720503882653,-7.421322099152016,-4.061939338468096,-65.49976895749698,46.82686640557064,73.62053225314303,-0.4544018804844502,-1.5129499877830943,0.6185292320018729
25,-7.4096247198130865,-8.644345914929726,11.255562447783614,4.1235635632681005,-3.2804788510143617,-6.4853038191886645,6.330434373606754,7.662906008148212,56.14987749346159,67.16477441193356,-33.776795873716765,-1.1693969012461936,1.4552225873686295,0.9204394644620982
26,3.7533291842224417,2.000930883750513,-11.383267609618803,-6.508503292162293,10.540285952436626,6.687597977901009,3.0842291503091213,3.153750009250972,-98.01902927137382,-51.59127576624053,36.876961704055695,0.3204667881096598,-0.7345458726532357,-0.1659628935083898
27,3.2842670301366086,-7.476736672859423,6.246915866847777,-4.7456644333507265,0.5743120543372644,-9.709125154444529,-7.510725174662497,11.829246917704133,-9.552027065452258,51.7985664214696,64.89172275806385,-2.448518597492374,-1.3090395541901374,0.5952305671794996
28,-7.518127473800737,-10.138975959133255,-6.280620069556254,1.6510348559490398,10.646044559181082,-4.51273738049263,8.669477687520914,-1.9973781170834997,-1.7986089816834467,75.71407245421314,93.80425649402659,-0.018524095331544872,-0.23841509043180498,0.1470671831397698
29,2.2681794730669953,-11.081485813728683,2.7521286402805325,-1.7767890372517083,9.333343370427869,4.681417331972758,2.720668562877144,-10.067387602550419,-10.018862057491042,11.063745338486582,85.06915528886718,2.0036841346247316,-0.588431699972786,0.3727382059082176
30,-4.421681914628388,-5.5483070320337005,4.760932659582674,-10.778230164931694,4.821878733580829,9.280682478687062,9.870555317369163,-3.1703483743053713,56.13364646436251,-76.03782284078332,64.20058931407313,1.4252480655302462,0.3738968229113562,-0.7201750802356597
31,-2.169699868906231,3.551230686381916,3.4693558359463594,0.3394753676112252,-2.0795167138163784,2.4413716637660876,-11.057140986928406,-9.960703487926239,11.489786652116235,-47.81406295073471,90.97400527368085,1.2227795627364424,-1.0213390960524842,-0.6853800527667748
32,6.802860239063313,4.081491917210802,7.7812000297520365,-9.450950138690537,4.134585026029493,9.220378197954414,8.884198839543446,7.572271257894261,23.63081133397204,-90.9434809938413,72.18095732938727,0.08094085873639296,0.33449251206280023,0.3945311119598292
33,5.994515447284509,-8.136418075897456,6.3880774223393475,0.6821321676895735,-2.8955087420325913,0.15972088999142375,-10.824657251823488,6.982979074634743,-24.771864325978555,75.72215968236046,80.694922981349,-0.8163719947355421,-0.8403113913469583,0.5688337956497612
34,-4.538271155637419,-1.2433321713424297,-4.6914704516974295,11.444646298121572,3.2317889844407803,0.8389317360898723,5.101715307874921,6.220593072423646,6.656012127462916,98.0341477936354,70.05756249070221,-0.6454414446053649,0.15358326821118215,-0.14885105583553593
35,11.03966610282617,-6.625026359985268,-11.758604733987493,10.140575903840858,10.615928628153974,4.805633347632566,-9.682760009116915,1.1828565258393322,-67.11256819890362,6.422949298040056,-32.829558690180896,-0.775524795469705,-0.589746500730663,1.6812763773924813
36,-6.451344858793055,4.4955168765593525,-7.1416377575086445,-8.489614632836982,-2.5383611507047075,-10.547065140712386,-2.0857080058972173,2.1697235941234405,-2.9017745424111605,-32.26811779241378,79.37407950084102,-1.7827755007869872,0.16946983432421964,0.06558672690063884
37,2.973830059654599,-3.2829634969237924,-0.6087255881565952,-2.886104520808016,10.689779813639493,5.540930912255921,-8.541573325156673,7.548792054817339,-70.42836994667594,6.860866477008822,66.02279333975825,-0.25282292222295955,-2.4949576304979697,0.06892663108957785
38,-2.2815695990984324,-8.659264706394366,3.7098289652254772,-0.22978362032565247,-0.49050019576501214,-4.050427004328777,6.113564580039458,6.458503205535566,55.37169953020309,83.52944677855345,59.42854993547153,-1.2743251412309224,0.8026930844793981,0.10595459043290084
39,11.353447848641993,11.032042510608468,6.132284475023864,-3.3542201356140264,-11.806868999980809,-7.17591858683229,10.24061849139104,-5.941962255575061,0.3930192349985261,-64.18086442503251,52.87479069732679,-0.7031862574523497,1.0493754038676948,1.360056443278588
40,-7.2974937393300685,3.055661947309372,-1.2045847181419242,10.241839199715951,0.08843883693834087,-10.857136965357439,-1.2789971619089595,2.044961156601313,29.287594101004206,80.17067097784913,70.49038788106047,-1.396298092252189,-0.0444704086363079,0.6294075349061152
41,-6.466905140863564,-8.006068641229511,1.038442854227375,-6.346955765832181,-5.630732225003399,-3.1288376916266243,0.3437141793336034,-11.740753458510603,59.95882435994688,-21.197956212509208,92.93201301813396,0.9525880230175309,0.5595008097348512,-0.35958277508258496
42,3.18537411438765,8.367250576941885,3.486094394452473,-1.6467002629101302,5.892894303555739,-9.241913157869748,3.4042654395982597,10.2313227636117,-1.8000642387694008,-21.165605672797554,81.04276995197895,-2.2427880749653224,-0.17617725053601951,-0.17727451339545142
43,-8.491768466603494,3.1715615844397815,-3.937453107325486,-10.73896037868986,-5.639773482744772,9.62663548784359,-4.293297321073463,6.645724056728637,29.557340406221375,-84.43020977859732,74.40774071024165,0.12259088179604631,0.07867014009658203,0.11174853876629749
44,-3.9683647133558173,-4.108458748986841,-7.405362690565161,6.650233981046506,-1.7547668432810948,3.246350632027764,9.01345761253246,6.319361946044294,17.758915448495838,62.41782924243726,85.35433835065895,0.20898869254102684,1.0662276313038215,-0.7964645001943728
45,9.231384103225471,-9.57410828236147,4.057440103854551,-4.432894082587701,7.684121823422263,-6.454439460804987,-3.5120559936927407,6.734903089807436,-59.03108090342603,65.38854722444272,56.694105647311446,-1.61364142371467,-1.3678959940380417,-0.07039812490509585
46,-3.5996297419122056,8.186482467503636,0.4172737525525765,10.289873671467685,-5.44070989102709,-8.696665134796145,-1.6999640216345817,-11.187376397427993,43.07386509493578,10.835458795369961,110.04869948804516,0.10408630461792097,0.5020783582464159,-0.16713518589997767
47,10.313691519253563,4.174826370083281,-7.877748033538772,1.9692127300209723,-3.199065790043286,0.12215504570022784,10.381577158801623,-8.895166663179625,-58.06713709731266,-16.46605207008775,47.05918657625596,0.05416630908352304,1.504854560522679,0.6166412027737433
48,-6.9341276575971,-2.1716177469494866,-6.92721900143374,9.09012186775806,8.724929455983485,6.556244249497931,-0.8290526588388847,-1.5926930299462043,-21.167589326248244,33.19989000298292,87.80415673799483,1.369309315845948,-0.7992603824735653,0.6473469006493031
49,-9.305565221769683,-2.1867529325320465,6.00834203800535,-2.30362460344584,-1.2883641385727929,5.551490153413444,-1.508760797724392,-4.138598655390615,73.95090792585732,-25.631816207520444,65.76007075752503,0.5705905019331642,-0.2823674738033917,-0.6900777800827793
50,4.5129398618199374,0.14381823780984782,-10.638866775525276,-8.047679938139158,-10.325494901671817,2.7482991443947844,3.873797599786232,-11.05587801460447,-30.530221848970424,-39.84565844010915,52.651718406936354,0.037579099387767184,1.7293732468902574,1.2852126409360234
51,-5.888641299915237,-2.5472210710488117,2.4718413307715874,0.24229625413333178,7.8816602011089065,6.26861222159632,-3.4707608035749544,-10.30664572733221,13.06826227875045,-13.291714008026492,76.24312763823039,1.5962381231395402,-1.8639097336288364,-0.5227158973737711
52,-4.863864002270746,10.858200506771748,3.529254524074682,-2.0513629896878482,-5.282080521361394,10.956320706051834,1.2662577825435024,5.64032173501642,66.70665012250593,-84.95821361910095,34.73262031935859,0.7495039246905671,0.7202419098857902,0.20192526917632408
53,8.340884743876815,0.008907010128258896,11.597146377734525,3.366677048004676,7.505403879507604,4.937669980153032,9.96917538644337,10.249323892290999,38.237244082411124,51.62359586138145,115.40313481326129,-0.7814970942984707,0.2083024889655254,0.1364846850333527
54,-3.580375807723975,8.315097211907268,-5.089946695942932,5.444879294971709,3.375420967941386,-3.721759099749402,10.326677623363807,-11.654502645173768,13.385414228084986,-46.20997041009539,107.49550621594354,0.9082184945711244,0.7720686655681657,0.19294663363741327
55,-11.688962320586871,3.20468897331187,-4.886064402112145,1.6436945617170329,-6.483724527956288,-4.811952889849811,-7.825524890989161,7.861537006134628,31.00605462192657,27.556715072801268,96.17765323649793,-1.3949397479722723,-0.4654444021192736,0.6089241769461785
56,4.700370216547548,8.191468015882538,-6.949610506118313,-3.071626325328432,6.318279914441828,-10.522189198380195,8.507335150825327,-8.322344708896797,-60.26994494093921,-58.172287945349645,60.27906567680022,-0.1503549563679842,0.170940628015722,-0.030413544522783366
57,-8.764475864507974,7.472083846141268,-7.440349614842115,10.675649613534773,6.516111291748392,-1.6456667076195268,-5.950325842717259,-9.721191708377026,-24.375170424664184,-1.9872723457349721,101.96702879011161,0.9706549951834574,-1.3585689023590335,0.24196414742582184
58,0.9245934495842043,11.19400616347281,-4.353524128284778,-6.535211373888671,-1.9632520440426964,6.21909498231713,-4.224206937565807,6.066055096324312,-32.29285342958092,-89.4540160898655,40.17373634351763,0.030315989588463377,-0.05262390401780727,-0.1372098200767913
59,-1.7952540986718137,1.3009565154999398,0.48488785357807096,-8.494314579286808,10.34827264543762,-1.8714883949407914,-3.8594571696998115,2.689826138681255,-21.33175417601669,-31.65140665876212,85.8653404343958,-1.0593754673592413,-1.439558562345592,-0.7477657820502782
60,4.211570666461127,-4.4957442049155425,7.6332709574123205,-5.6376390545572335,9.458206829394001,-4.41057641179191,-1.559684951550076,8.085394461995447,-11.646892350679705,25.23886723929975,94.36048495504815,-1.5657990954816114,-1.5654777941276785,0.226304283998332
61,11.20616745313978,10.298524735730531,8.515856620455686,-1.9615170475010846,11.945481896386168,3.1966614330634426,-5.179008401930835,-9.393080579321374,-52.8058956222636,-71.37036074622404,24.647214790353033,1.4704128941425578,-1.5801420672547553,-1.3870769496983169
62,6.486764118380359,-3.7892535993616354,-2.326171385582909,3.290457263853688,0.38417696457456785,-5.2947183038098276,9.20672719185901,-10.377888237050403,-33.38997850887372,31.693894739729217,90.5768553727119,0.6044317928850415,0.8942845007093545,0.016661630984804263
63,9.418557256143242,-11.559421242250618,-4.970884738182158,-8.898437077129282,-4.429843076030805,-5.824800554274403,-2.5994172876846386,-1.5034081514616693,-70.83119753817294,26.037836888263204,75.95917285664545,-0.3051110953617456,0.37143638926960765,-0.3822162392104756
64,6.5820999072591935,-10.795254942312678,-8.819310008339052,-0.7745827706176511,-3.43733311378476,-0.6214305084250871,9.64216868345817,-8.86544376061499,-36.304474869664276,23.337174025696545,49.19810947737423,1.130760244465851,1.893148001042495,0.02510698928230168
65,1.195644898365619,-1.471126728288036,-2.403218779059187,3.3068637761555975,6.11874714325345,6.205122700895127,-5.01062927272055,-5.4505377661778915,-46.44886570574938,-7.721795965069508,90.67864816521643,1.4714320054627716,-1.0896503091555156,0.698265266019722
66,-4.458783438059167,-4.632410675442374,3.2158299487086026,-11.038051319946174,-4.707462964258844,4.913909190791244,10.887707818830382,-3.5764572368093033,83.97883320900027,-50.00795319444174,39.63588274517307,1.0224088516935976,1.878421170019541,0.29930946342285
67,-4.6456000454003314,8.878760198366425,-6.037183943508723,-9.311658157757527,-5.514192758832805,1.7220506548164716,11.868877463374385,-6.387967817520108,34.80406031779965,-69.32213640704276,39.369966751262695,-0.17029362306511595,0.9071642433479608,1.6983490787664104
68,7.85948137821665,-1.4025165142561367,9.402487882219463,-0.8722262655714896,-2.7902102873379926,-8.140378968180698,2.550755007191637,-10.921867556886765,27.920060072994744,-4.665228963353981,117.04699682130165,0.2663896044160395,0.5243535066884535,-0.09443572985210441
69,1.158886045622686,-7.104428166200368,-8.51918890424827,2.4536842968432033,0.8603785485890123,-1.5645454530276286,3.436754015202137,4.923609030106269,-41.9977927116029,74.4058390379859,74.54774354335174,-0.342995190543913,0.2690784163399679,-0.6241597098411711
70,8.457804614670083,-3.47382228292442,-3.541985149544158,2.9062603882335534,9.2849408563469,7.566873788953042,-2.6994527835593205,-3.895133494989043,-82.42783647755815,-4.7738179037287765,55.93188274064825,0.99789654343574,-0.7223323397671855,1.462026910473882
71,-4.0968549949856685,2.90291943607345,8.29394271629004,-11.759958306887171,11.330922325250167,-3.6469689163825114,10.379937978209753,10.083340246488653,36.29554931903288,-33.97991461122601,45.799633342655945,-1.6438903778107958,-1.1240385532174733,0.4860495817454591
72,-9.906476853402673,-1.0500230518983837,-3.1462638849098514,-10.019002264516171,0.13280105245766904,4.64233692553549,-0.6356788930475954,0.1610608904381472,32.40553822804612,-67.92114717572366,94.08492197875802,0.24202902441335805,-0.20963318058648894,-0.17772601688967168
73,-6.17018113131055,9.256844159702815,3.3959153624668597,-9.467317390741584,8.844096720385522,-1.1616740260242597,-8.139688150670663,-1.0916988491610669,15.679570207711036,-57.561382559433085,36.322942957234005,-1.1643839558051585,-0.8725823203982906,-0.9711302674785106
74,8.889882464555132,2.499779059264788,4.120052175369643,9.58701811703504,-3.62994678069456,-2.7823494277976435,-4.455107603182717,-10.081271388062689,-39.66654810436311,41.991208722319136,98.36621969596436,0.48089049846340604,-0.11460761888648774,0.2632381972542668
75,7.22561775061026,6.560917056239757,0.6016933014602435,-7.128368270515606,-3.965206860581242,-4.237406348645059,-1.252816434683215,-10.757894208128876,-29.434898755297077,-92.22359369194861,42.774027490524006,0.808333300036864,-0.05946021841442575,0.5071622077269657
76,11.377927003359899,-6.490633167312279,7.63271747946069,1.0343340942596688,-6.182365866237731,-6.514182363272725,-7.186542384700752,7.609116792868883,-23.79505841467364,83.78741645399639,64.97043681684676,-1.631221531423391,-0.23783445723345664,-0.3328129857179847
77,4.31580700097111,8.050060309927904,-5.100497680645863,-2.8052324139605798,-9.758355914241704,-0.3536491036449272,-8.780195971714402,1.8095672349697676,-56.29662804468973,-61.126957059001974,67.28622438818483,-0.13907546626906353,0.0029278071619917197,-0.0749641977657447
78,8.1414477905334,2.3151137903168673,5.338509763889224,-4.735899769188944,4.2255613189958225,7.223255725468513,0.45805795073742495,6.683140693645913,-36.13552149441654,-57.88132484964598,108.43435475052765,0.107709772696884,-0.49595968352869496,-0.24078743803442088
79,7.521532493794468,9.795513786053874,5.765443395826272,8.392226423468399,-1.7004343793108294,9.792472384975163,-3.463763056881919,0.6047076291190399,-20.370930722643006,-39.696083557789954,114.21487819800389,0.9904013529094096,-0.2887314963357047,0.1110890345820592
80,5.803202843778192,4.571363621705278,-5.379206853256279,-6.280546686432359,-5.80281785095443,8.580409373394406,-10.189973587716949,10.85163711667227,-75.69212313912766,-53.22756393499926,58.45321009492787,-0.10358521943875418,-0.3007017620165202,-0.3326266116521617
81,-2.4390358490268316,-9.213043722676712,7.0251179292148445,-2.563043891020044,0.6316269677620499,7.388462168154458,4.067278936110019,6.191534131129152,72.47492553970949,36.49711915862382,90.61122729891248,0.12905314079497424,0.22142836223127618,-0.27483222514550393
82,0.4302941144419057,-8.019832952710825,3.4731304430748136,-4.275860485293237,11.846051080171431,-5.334492208423447,-11.379159874868503,11.618898011887175,-20.7071536488529,23.216395751550905,52.18342648000815,0.8387485617507573,2.2753936351393462,-0.7619196347598866
83,-11.863396590759208,-9.845615908291082,9.980811435989956,2.190256637541001,-10.610207195108817,-3.0526877601759326,10.707031488811364,-7.521867913790753,78.02899738511222,-1.2176123480966674,-21.251929737404232,-0.45317051731760577,1.1431564950609423,-1.7919963171779447
84,0.24729522083745437,-0.7601063026820611,7.134099179124098,3.0289227887939,-6.913909993706097,-9.04288793898519,-4.471010174191342,6.097922693053028,43.741053937364676,62.999266489181174,72.95553984082173,-1.5737484846177316,0.3629368587451805,0.7153405003288609
85,-9.819288999563152,2.6869558550878594,-10.253745551082638,-0.5702516600047511,-0.8464521917792318,-8.7087763858751,-2.523249187990304,-10.65147751764799,-8.742930028490276,-29.221434568021305,118.27619380506431,0.13842555792882244,-0.17410290988032026,-0.03927975236544973
86,5.675087253625772,-8.45083694158805,-1.8565198110733512,6.912655130161403,8.016127788407708,-11.737412569799687,-9.353585527092774,6.815587956630491,-55.14488078383324,55.472726821868655,-20.917445774703857,-2.1843845061308675,-1.7136743001249557,1.113937086290707
87,1.7552294278819591,2.3137237900065717,-9.984828098166961,0.4453852721521203,-1.5150336048390551,-11.852555990488348,-8.660276268239198,2.3582788327118385,-69.71977522657004,28.873638713726624,63.79357924028475,-1.1971380128461182,-0.5304611170380609,-1.0918669086914972
88,-7.259302641537584,0.3060851416285191,-9.359643225176125,-7.615617116990482,-5.3030451149971976,5.197183084383136,9.062496426124106,11.291842956195108,26.710461134007964,-8.920410417988235,82.14950086772816,-1.4853647601778608,1.8172664503490652,0.5720504130245779
89,-10.666051877012494,6.742216140348761,-0.15166885683296538,-10.795508213771097,1.0680027332872015,-11.16757122982191,-3.7133793243677164,-4.885814181832371,33.73390785963782,-57.033769709107524,45.84527375648875,-0.8703271077670176,-0.5158215135186619,-0.1640906616499755
90,6.6130775875859085,-9.159564699811884,-3.7346964305358608,-5.96525090694015,0.6634760634051959,-10.730142473107598,0.9775892813001512,-4.7002526416743216,-59.787604871059784,38.97932781498297,88.86777940772235,-0.6927798202261071,0.052006101767810925,-0.3626277288439914
91,5.475543870943847,7.616566341974462,-0.5408703834208479,-11.470095665108367,-7.342514695036081,10.560301857738626,-9.608795496404795,5.52320493824506,-32.97668009337903,-96.8115160033228,14.23953838441813,0.6753870626209126,-0.36861201051648274,-0.12960529932537765
92,-9.560135733837882,-8.79124385007594,6.247515264320537,6.723536143152103,-8.030039902947294,-8.196058271005704,-4.199903500580687,-11.406810588599246,68.83792007814768,54.39011075312191,14.420104886685499,-0.199072887259536,0.38209764403514535,-0.33157989242522934
93,-3.676508926402205,-7.248525315992027,7.062343321142979,5.833980854732972,-7.774806815898434,7.948550529329757,-7.892693205649074,1.022753155489542,54.32327066601099,53.09456096667567,58.071324367107714,0.5571009281446169,-0.07886783250123713,-0.37782298177686413
94,6.19161496148337,8.890017139729917,-11.059514020364524,3.0299272080537474,8.875749097128383,6.305796349552711,1.540633019007565,4.303651334545308,-103.61080597222139,-33.026235021959565,16.30098431700866,0.3017854952396192,-0.8978240983987084,-0.05606155447159754
95,-11.061767871577072,-8.19893252062305,-5.084453027709298,-3.2466774364936795,-6.6182536303416235,0.5217594483740573,0.7290197434562495,4.98062775079432,64.53009207503199,46.00684192057625,93.23174638748755,-0.46233349936255225,0.795761934469283,-0.018605712157418325
96,5.2719977641157305,-4.234371453537124,4.41787863118743,-6.896507985585689,-7.617877515958688,3.577794393318219,11.43741693389802,1.8695420669462743,43.02715002267201,-13.70657394141322,81.30836748864463,0.010895552597520855,2.3778288014608058,0.41351515204070105
97,-5.463504650497094,-10.726839878321071,6.36971280471718,1.9888701233638457,-7.786140805647118,1.4458817746611992,5.324381038909449,4.26270792871475,88.92268292886165,52.12208396104037,22.321336147342596,-0.38640885337427205,1.073571196918469,-0.9614785114150883
98,-10.336688363385143,2.20541192730143,3.263589275048604,-4.883178891967257,-4.602312968759164,7.924423879770634,-3.043348374837569,1.7721091936924047,75.87349187801195,-58.06209123641348,59.340859506916125,0.4396115484320187,0.1675756083438701,-0.47666259585109333
99,7.045007344835591,4.216700911960554,2.4955927445122317,7.997353925971658,10.82197588237738,3.389918825922785,10.61124305944119,-0.7522655455073775,-40.491686446277974,17.726054131773775,119.9826025421618,0.44908375563636355,-0.06047212603382772,0.0976361847138586
100,-9.258120769492166,-0.5126363115325923,-3.3677204513952494,-11.377674501510423,7.4181422592307005,8.190971809776935,-10.239206089717968,-2.71767153600919,-21.516941464394183,-44.21824899843001,61.624409001693614,-0.005156372921352452,-2.0990821796010963,-1.5304986184601241
101,4.676152652636776,-3.386742381166866,-4.029576206041976,-7.991273019478242,-4.3787133130499605,10.153329793292821,-11.342605796510394,4.208975786582251,-76.32105710037948,-49.4858755418174,76.58512085358034,0.7176925620361574,-0.7934245679996839,0.09596121052850137
102,-10.964630742284085,-9.501510428456282,-10.436757019482268,-8.113020631275406,-1.1122551265171632,6.212158323669189,-3.9155162789790285,7.572413670517102,-12.3874213522754,15.662601141937614,127.82002511419466,-0.1433268087125262,-0.4605998735670719,0.08008407004544099
103,6.079957945826392,8.935856489491108,-4.623032803639808,7.549185379677402,1.284954820648613,-9.000739018038164,3.51379818134191,7.126930888168979,-54.495591643635564,25.825345196660358,78.77097202583546,-1.1233590896303756,0.46865645683337476,-1.056254301196656
104,2.158418915681554,7.328881932472996,-9.3239048848518,-10.41593972007831,9.978998693729114,-6.51489157707099,-9.22141955209245,-6.8315327821288365,-74.47272187989374,-42.505140059001484,12.736643725862722,0.15887558667412094,-0.7235692530698816,-1.6822049599472548
105,0.8804417425166609,-9.486572733782612,10.432326364113344,-6.6973942483966455,-4.2416363101363554,4.173710323405546,-7.720262693749638,3.2701040825910974,51.726461421432575,15.503829013422537,101.57876259221482,0.06534174526185296,-0.3421176439013581,-0.03807294446708791
106,-7.353870667334524,-4.324606507434479,7.086204541916775,-5.789531336713844,-11.52227502250022,-11.832794019924464,-4.194117959892759,-5.69025104744099,91.77571885394775,11.147590276809469,50.117432521750345,-0.435662631278934,0.8498497583287719,0.5544238889466282
107,1.7470699188913867,-3.370961736087839,5.654924266080325,4.876104743666632,1.7616748664152757,-8.625391259296205,-6.022008015451548,-4.079737946059046,4.771426478788674,67.44161419252802,89.18476568294761,-0.6053407516750291,-0.7125529605268247,0.5138006928276163
108,-5.140654614405217,6.7057086970373065,1.0091536235236216,-4.039329502359335,-0.1267455997177871,3.7538543566869924,6.722579701124541,-0.8998470792444797,62.76551152227836,-79.56036029545078,63.56810230898212,0.5528505227545283,0.7715711531253544,0.3239748057568455
109,-9.929826001515526,2.367497586165795,-1.9508042500166782,-8.070868702067772,6.327570624612969,-1.5792972705376052,11.462646279785332,-4.842727634769701,65.11677689652353,-69.27454898184364,75.3883563051664,0.27408498645774215,0.4527152937195578,0.27223192659536843
110,5.185363073765373,-3.9240105992860563,2.540451206017514,-10.50823551075895,3.7773669453792005,-7.900793145956221,8.181347942567072,-10.42167465638213,-1.9372440054487825,-53.216161863813,107.45353694289516,0.24403770529311375,0.522181498440169,0.27175646393642144
111,-10.335772740136036,-2.040071647292205,-5.71711186686859,3.7153223048446504,2.2108446012982377,-4.6411554954091025,-5.690490812041252,-9.882083631646456,4.216322895730178,18.297522366175023,105.29206154711646,0.7687756685642779,-0.914045724081823,0.14940424890273668
112,3.5455640120717318,11.556986274932239,4.201618697496344,-10.921779293027736,-0.2812234606241564,7.35362325892938,7.422051609261921,1.5502009216261818,23.573376902347512,-91.3738534880015,-4.703194249369568,0.7521792267107545,0.12543519801107283,0.7228562638905025
113,-5.19193109604657,-1.9279899495859585,10.023606606034278,-3.8762307880790736,10.76193893364282,-5.97520167753154,-11.749525318575778,8.817570152181665,36.00696669887863,-1.404003402892814,42.34307119248929,0.6139069236936013,2.9441493977852367,-0.2747677340066105
114,8.591102077538544,-5.4310150230732415,11.912787953198357,7.4742901694166255,0.44735865393986174,-8.39815321889896,11.255159236685081,4.013769330534413,47.82060400540035,87.89241222488835,20.79489463685588,-1.577217972348377,0.9809682647143869,-0.8577263131833115
115,7.265392088587705,-1.0172004523715241,-2.7841197440161105,-7.167988730206642,11.766646488658603,5.085308860025175,-3.5922123776725483,11.339474936221494,-88.95789634603788,3.207181627069216,55.63753033848474,-0.7708867231665762,-1.4207177522750254,-1.2919965531839224
116,-8.404969546126438,5.669692414061608,0.5744355137252999,8.991806114922468,-10.67904718793728,8.608849821581208,-7.601037292213457,-8.643553495326879,51.01220459889015,-17.51369521096952,78.84507100926045,1.472618696143008,0.05713277355588108,-0.9634219926583842
117,4.841066304247989,0.13404978340201268,8.691973883739701,8.505287472198344,-6.2992587167062855,1.2186305445940944,-7.557571447094663,-4.712609823443636,27.621465442597945,52.119863768018355,97.38476214087535,0.41348527196135537,-0.023135071445145438,-0.1013944655441214
118,-8.198904107871442,1.9627391728854944,8.96841362780144,-11.99187989696191,-10.879594025286956,-6.568908210235821,-1.5585509255615726,-0.8507671575071862,79.23502401103542,-36.551694927534506,16.51480326134659,-0.020012608785768733,0.2872964715090512,0.8609154606470486
119,4.926238619762569,-3.9649719906472924,-0.4552314568520943,3.9992834534607464,2.645695142263307,-8.544387907040853,-3.4855591015273406,-4.404945561739166,-55.468146833131655,65.0991901762503,79.0456724936304,-0.653186904928404,-0.7520149664004383,0.19205072974368206
120,5.152110002311244,5.381076261667336,-2.004707610831373,-8.804294997811853,-9.696957236291915,-4.032123807972851,2.6849770043464867,1.5382758722105407,-14.95521976140644,-54.27140715403577,64.17597435044505,-1.023843862184575,0.8918420277148039,0.5771301556355486
121,7.685526852923621,1.0775413430267333,8.288107316015283,-2.9900544308178034,-4.426630918207297,-0.2892374809931919,-4.642838927192984,-5.662191445781652,3.26143504316546,-50.17946699236299,112.26325291625545,0.5961406537494274,0.03678647168425457,-0.03989377212567927
122,0.8828497221141127,5.352816347653156,-6.286898013212837,-10.915936711410865,-4.229364015644634,-1.4964823548357193,-10.730728203908349,0.9261070661956312,-49.68740059173834,-70.50603153939596,50.15235984869352,-0.2255831045050227,-0.21779108556390467,-0.5697260144133742
123,-0.7657061398525533,4.492549194604762,6.439267197868277,-11.721067101120262,0.423602232476469,-6.815163808510252,-8.627095380956728,1.1136620063052636,18.323574999559977,-59.1666617177989,54.27932199826469,-1.0158684026933686,-0.6844039690329009,-0.34118977449769133
124,11.98001253463732,-11.436513069970912,-0.7343209915819244,11.618662716473914,3.0670643725358024,6.98171278176216,11.408938261628855,4.288131834521371,-26.22684396483272,57.537846010937166,2.933047101382001,0.7983576492526528,0.3586904019612699,-0.26024824751236014
125,-2.0530882088222215,0.0268337782695518,-7.406045553623425,6.195119886904887,-5.117748362311781,-8.430704321724445,10.624352306065319,-2.908349310538177,9.997079699929463,39.98196721271752,86.34430540194457,-0.14080302700000746,1.8281849334040166,-0.8387446991199815
126,-11.174762195501863,-0.5381133083277492,-11.698656916020763,10.831015356907281,-2.0636800933792054,-9.362344394792128,-3.9089701578503178,10.295504998240318,-7.403410382834675,94.05384839413443,24.09954777592008,-2.436938779049305,-0.2848558936545638,0.06511372467235092
127,0.26697086032839223,0.6385308685703581,-2.60755194860101,9.12237753824201,1.0844406027234053,2.507127440705343,-8.972578903258272,-7.36390939173052,-38.27960470980475,27.678474121410726,90.20634971419179,0.9941110433724074,-0.8349419838637275,0.6544039314571515
128,8.170173855524645,7.031110602196529,-8.997179656759162,10.947688017350671,-10.272560472590023,5.731912700810214,-11.792531533821386,-2.180934538298877,-91.70146160584946,4.0133251205251295,32.32987842982668,0.316280824229118,-0.3970167480878247,0.6881769384997951
129,9.553184961249377,7.175531159278486,-9.334727305878694,2.9364497169357966,-2.2633308454713577,-2.266489986961542,-10.216833366203765,8.842511205052475,-92.42959073452066,9.35974837520842,16.560731242298804,-0.254315693069028,-0.5878174780704104,-1.2555504759827534
130,8.073743510323638,-5.762010822806672,10.124600713640467,-11.944943858687353,-8.278069161460667,9.607611177432686,-0.6791765400726177,1.333599237256891,41.41867070566299,-67.36532305898017,87.21975359283459,1.00388799873929,0.91162771061631,0.27707051917899456
131,3.8502121734465478,0.8956687838968742,11.53941042027354,7.867026834408214,8.812809094347084,-9.97470876658532,-6.073826443318427,10.992860074464499,5.252152338272562,57.6405144477678,59.42832962752377,-1.251407269042133,-1.687034320255209,1.7895310724826803
132,-11.706127955416761,-8.9643614612555,-11.022496921280975,4.496181034103788,5.959114935550776,5.652298185386586,-3.652596037420574,11.126492931333129,-36.26689354584848,73.57788697288387,73.94541523908093,-0.16176614802429842,-1.0787279803608965,0.9097795005705926
133,-4.2737020726608765,10.887734111037656,8.56285862345175,4.660245022898668,-4.7225416419873785,10.788403328684659,-4.457237177719753,8.769557219590041,85.91982939750561,-47.47379034336885,58.232434166040456,0.19656181475147297,0.33238744957290256,-0.19900212725964395
134,11.429269439538121,-8.628743736752572,9.147193974880818,3.0241260491136774,5.881185303392522,7.051892757859396,1.2231637660407042,-0.463144866576525,-25.853075336803705,57.47800011806051,87.73197286716417,0.8531307147921703,-0.36654396540333994,0.37742111097017295
135,3.4666943869927396,-4.835937003770224,-1.3294668908018883,-1.4290702517746974,-0.08275501675439578,-3.238586610871513,7.037505232523284,-5.0765565284447,-7.791601771609661,16.281132897168362,115.79873971433362,0.24133335945213294,0.9867172917197273,-0.08916220406151185
136,11.097373695811136,6.339076135314004,-0.35104741776482395,11.071421723408184,8.102218557578553,11.051172706726858,-9.064687627390587,-7.3949159335114905,-68.51839603349697,-15.48495333195251,45.89450516813273,1.4226189209100255,-0.8508761384129097,1.9838558317563242
137,-1.2589533772029409,-9.451441350679328,-3.0160809281083676,9.408785871706879,5.462705032027019,6.679691780872707,-0.20745380843624517,1.72737666681852,-17.903478410190818,72.23069802845609,51.158852952870106,0.8749542547216493,-0.1593591497031509,0.4899076783700174
138,-2.1976143520067275,1.4956498803973224,7.986715627591636,-2.6598403112151328,3.9929422346739507,10.620186996684954,-2.039986245378043,-1.9349167993761949,35.2584556645275,-53.712204076893656,80.65786016599971,0.941013071586236,-0.8463267264747496,-0.9710348435838543
139,-3.3354915067512847,8.808337772969354,-9.570834270878672,-7.125490204189315,-3.984430833262368,-4.266737889537463,-6.609275393243637,-4.770992018339951,-38.8952671920283,-81.16940226692624,51.90319656795813,0.05442493454612843,-0.17589936006736215,-0.16707742492808741
140,6.850716187511037,6.8389588343773715,-0.6227854215808382,0.8660129327478092,-2.2224522804833775,9.232684917226743,-8.403365500864307,-7.786004651902208,-48.688722725731324,-74.16772364697832,48.465728893668384,1.884181745468854,-0.7502182241329335,0.7408593050657224
141,-7.1892187251358095,5.931391025953484,-7.804114185306331,-2.8959771778836094,5.116773032962769,-3.0217431836781223,-3.762539199420626,-5.349833317395428,-34.477073899026,-57.281727976260754,92.45176198042236,0.138346911270263,-0.9511805404745468,-0.5393018890263213
142,7.672869995292527,-11.205896294364834,-7.683491835182829,-4.08445835328137,10.844977435156174,5.9261540406744055,11.792788113999013,-10.861165087622867,-42.235592741431375,2.745718697856807,57.40411568577527,1.4745346732442461,1.5359589952953376,0.9973617632084004
143,11.598374431377131,-6.799952866119974,1.6021094183185705,-9.905693247422597,-0.7621913593673133,2.933788641713055,-11.624924797125434,1.0954267922935523,-92.96233265343503,-23.505443862835687,63.16799376775272,0.20699994453691276,-1.3745383024242719,-0.028229899256700983
144,-5.848806817237951,-1.769926982957041,4.831819828409103,5.807013479563166,11.550127788829801,1.6765598647740418,10.434719518336955,2.1894901675528935,64.38184477187302,50.141659171294506,84.28104202527742,0.015050669331525449,-0.23820605818488114,0.050049175280791225
145,2.738197373649661,-10.738925420261348,4.0174121311736855,-2.2380479221900282,-4.37472770432068,7.862918586692847,9.867071065750846,-1.1795952458879606,36.56127377397248,12.791799246710214,83.55719472949808,1.383138587369831,1.1984413246528274,-0.8999286204153829
146,-6.189186758125814,6.88890364703548,8.401927398168391,-10.686952095589668,-3.9572889215426503,-3.6633343849866176,6.522103351589797,5.245259029304091,63.14139901220537,-44.158426388195416,22.04382478375328,-0.5453886665793051,-0.2541974441648419,1.0537950683654722
147,-9.687292829938581,3.183173192371428,-0.7984829001026839,0.7287031114053963,-9.1720707344438,-10.637305615990975,-7.824366934328886,10.830934287761856,32.389754026366866,27.19973246859131,72.1726948784623,-2.0785802835647824,-0.5530931005222912,1.10689854941224
148,-9.04429953438512,9.122488144718988,5.54514773384859,8.447018136159642,-9.447379439883338,9.909491020042392,-7.712606010120603,-2.0477492697467587,82.05956565159774,-32.27040638824364,50.58129031537544,0.6973999472299688,0.2211258376128919,-0.8523935218379931
149,-5.967670231433187,-2.685424452862275,-6.515828038562725,2.9528882903901,7.2971474661192035,9.931343623809301,10.572584969676887,-0.35956839155168296,8.21024690571368,-6.381171866497112,108.19301127526661,1.516531455253534,0.40744158706059674,-0.10496601472789399
150,-8.737797389490929,11.219474211863634,6.804344629388685,9.453876786412419,-8.906347829124773,7.530998812684123,-6.5242188739481,-6.972245468166489,80.33024834513661,-40.40459140143137,37.93148909186778,0.820003227550834,0.37058383911621284,-1.194723629534884
151,10.077071415778805,7.108395654923177,2.081594734189327,-8.41796235281787,-3.3325049717829387,3.685286140445376,5.433913321032136,4.457332927417355,-23.571704423107697,-76.79453631265527,50.814318979741614,-0.45080437909663307,0.5359440483343604,0.6003901139568739
152,3.3008208370885894,9.823526891743505,4.786332960427302,-6.661102811353495,-5.605062856229368,-2.025703447621696,-0.8634764100166628,-4.370826536100952,19.968392862236072,-96.25665674361773,37.279175191733664,0.5572750783884138,0.30837289767484544,0.3370419217971886
153,10.916642740184653,-6.8125522437379775,-5.087750381415834,9.925108446193748,10.765896629974595,11.048451011534763,3.2156152699727905,10.84414881339282,-76.43039003594112,58.4415518681458,-2.8250402761026634,-0.29850543915520855,-0.35694062967665213,0.5199448342146977
154,-6.218050799554544,8.855834328149857,-9.823818317378262,3.0726921053433136,-4.7781420381199045,8.952335340616465,-5.705772656222394,9.23428229286883,-30.273444262290536,-40.49663325789272,115.63423324594704,-0.04681546532869445,-0.07509174735551419,-0.03170547754006216
155,-6.907068166032605,-10.075892878593063,4.032833144110961,9.88286878077983,-8.289351699706199,-4.77733352075827,-2.930482182425851,-7.993966932562179,50.110246357342916,70.5274472931725,11.64328884268622,-0.06629429726946556,0.266015961842213,-0.49267677634899676
156,10.882810634602084,-10.76845081484988,10.278599583360197,-7.198529178456935,8.636854338428542,-10.432479578859416,-4.871086371273081,7.028130107743378,-34.38745702651911,53.2522107576441,63.24427955687131,-2.005712463789936,-1.708067678176115,0.2654096138457145
157,4.873917763543706,0.877610625232208,-5.0720452092317325,5.249770205428104,-7.219682576232704,0.23050539227264633,-9.761142692538913,-0.03231605886046651,-77.28802780800427,29.75196733315292,81.50565071316147,-0.005307227357824219,-0.449175252711511,0.1606761365042606
158,-7.575088112489034,1.509446752482262,-1.2928619860565371,-8.724101875755574,-6.969287742146476,-8.477229771166645,5.920137040791353,1.7081699666483834,51.35874387711608,-16.087396787639445,73.61725033206748,-1.3198721875942356,0.670407734128605,1.098525979120269
159,-1.968348785739071,10.997729156947386,6.669108253218626,-8.557367609442323,-7.859217733918862,11.266950592422678,8.291989275687312,5.140542259469379,68.89983189202555,-61.62221891738577,-7.489247714731,0.8355154185556873,0.7974022763258,1.5800499687296377
160,4.088733243063784,9.015155303495048,11.185558765163044,1.7675059226775955,-10.283170171909795,-11.957600767110913,6.450466332131418,-5.133959166506863,73.27310512059742,-24.430891214665028,62.703710495785664,-0.43158225036033215,1.488755305198868,1.1893859834138991
161,-9.026150279025973,-0.8400844615374581,-4.955421618075923,9.210029972490812,1.4290649779543116,3.983528054012809,4.477000385733145,-4.266543979866479,31.020373377770728,33.342268463438614,94.9470931806627,1.0883833504526903,0.013837603448038027,-0.4100055294416211
162,10.795604468695913,1.1885626135867025,7.823395420971348,8.851073004220499,1.9076287779202126,11.870060090785005,-6.308594242553661,3.855720016464379,-43.224975952934415,36.14347728972134,97.83168245590939,0.7979419513453531,-0.6279589315558363,0.5188820977584558
163,-2.1836898926520334,2.227063343936889,3.5941522202681995,-11.269473549082146,-11.686792356220625,4.013638347319725,1.0856110289332657,5.208947458480945,63.588371561699674,-55.35743886827329,58.30261459419801,-0.2210415835575583,0.8218286541205164,0.9586844843631065
164,-8.717159225998842,-1.97345388131267,5.979502424764937,-7.639788609120762,11.267759644506835,-0.5211019438567481,-11.588818216795385,-8.9263088881513,28.553417353903043,-17.69773452042846,47.394399453260334,-0.46811999813994704,-2.7965681218351706,-0.6599938385404405
165,-3.9787859619321893,-3.634721826166558,11.331860191318622,7.460922354310554,7.488549782841233,0.08204057987293023,-8.440567467322554,-7.03430970081975,45.417583846661124,35.99748772573406,41.836958846996936,0.9822204936997126,-1.4428108424317156,0.04732330980113569
166,5.394775266989795,-8.947968210061958,-0.8177299452875175,-5.043219012779358,-5.071293730570522,8.075707060815589,0.18116523618266722,-9.404342247972671,-13.800484306450725,-16.8065338676307,83.47104676738013,1.9539759369195295,1.0374237936963688,0.5373043154197594
167,6.039084640884762,3.6713333869026705,3.3149879795541093,7.215435413870138,-7.274752542432514,-6.208991099493172,-4.4123066873615,8.096341430794691,-9.625187606828687,61.41770523101663,91.6035319489031,-1.7344385178180521,0.2802041232899982,-0.4311843049991861
168,-5.8832749622893035,7.801867031362346,0.22005879562063058,3.8025092716661657,-3.891691566581536,-8.53851344581789,9.458451889353032,-3.76784727914806,75.26014540300677,-7.209729711350682,79.55025649600108,-0.511735363820498,1.5280480693302105,0.5751602695851833
169,-11.971697209680913,-9.054444962402505,7.660112855085742,-5.991158306526309,-1.8888341062871197,-1.134248931031732,9.097477593683148,-8.585418580936654,96.92751204100271,-16.214523361317518,20.383207375147247,0.335869201859027,0.7915812345316217,-0.9964500141076206
170,-2.9375337943244784,3.476908069929406,-10.262767258955325,4.341737502346694,3.087733137960327,9.458687663112745,-2.947719706266681,-2.5880242331625167,-56.06333105295735,-37.77910633805536,86.86245443127845,1.436176686977861,-0.4728257953222619,0.6882381937502148
171,-1.6846141277376674,-8.746347824141889,0.6076059194003536,-11.828752465279951,4.780111143917697,-9.523154369854122,0.6954078547123892,8.287974803146254,-2.9963871146101426,29.321992444341237,79.84507114543503,-2.440427137859933,-0.6852006343622626,0.1451240377511891
172,1.596907997336884,1.625886288785832,-1.5254972717332507,-1.603850891742205,-8.599802082099014,-8.917193424327234,10.875914078597374,3.586628770784449,16.187877276220735,6.747117180342799,76.6742527087842,-1.6086978455502647,2.409069232157199,0.25092259826997554
173,0.3275462257349284,1.8773598438584438,-8.965512486496936,-3.314360683110709,-2.8960099454251536,2.013936244956419,7.644010392016389,-0.14022299785140913,-19.86592743582011,-31.261754015139903,94.49354779623478,-0.022939124294670488,1.3811575303617962,0.47188420606780235
174,-0.27273488185307393,-9.893031845516473,3.1375250088561994,-10.153185984694225,11.680249705612706,0.4963135667103238,-6.834472110258155,7.3693796262598275,-28.1594401300478,13.32850083870814,73.9938890702206,-0.7256301143233392,-2.6441843903427666,0.07113216584767262
175,4.788376460129595,-2.1996078979251887,5.5013188589185065,-9.103230687411848,8.70011624199378,-6.077156448434672,6.794834220504668,8.268620610535091,-0.8265860126971385,-0.1332952942926075,96.61131343801381,-1.9349616947171213,-0.29820467583712756,0.011136789538111678
176,8.043000274896169,-8.579278298414438,6.221986071237597,0.999146411306314,-11.08061911151239,-9.227517696052722,7.250996528776254,-10.611682744961817,24.136030214046176,45.30168645483499,78.24573748171166,0.34907681994292816,1.5368568586733895,-0.9831766664290345
177,7.0630070509493565,10.54999339435145,11.06318167946457,10.326292963568886,-9.812804525901713,6.005985515715276,2.005833338137058,11.93875461440965,64.39499203126195,16.25058321024859,98.13288523471958,-0.6672455289104429,1.4778340969575976,0.3020869318096986
178,1.106806516591936,10.189713090640508,-9.375876772837618,-4.919163318934886,-0.11672381117991026,2.2210250483029563,3.6035021189870173,-10.024193494411804,-28.209739879837674,-93.0896594869392,23.33626198238136,0.7875483526635646,0.03997273214514184,1.049712113035413
179,-7.27257814784796,0.0004048764876962707,-3.0330368290555576,-1.1826824055022822,10.51503919545413,-5.972268173187449,-0.25069207722371534,8.470382842185689,-9.361342757744154,27.54378330284378,83.15025738918891,-1.7806825209955441,-1.679973159596946,0.31538535159621284
180,-4.887857762023107,-9.988238083207449,-9.809173179116128,-0.5166528487958386,-0.2411956539019453,4.455039404786533,6.679073063872607,7.131980225509212,3.6555234673403327,55.03957259803967,99.95068365045479,0.10374980254051741,0.9502383764556124,-0.5951708067297736
181,-7.448079417474221,-10.229589718614701,-8.441462830011915,10.811004794279754,11.47573563627003,-10.555002832148315,5.004780857580015,-1.6424051464321368,-26.10712780561781,98.79967608378759,10.795362634775675,-0.7007616251864944,-0.31079436175149355,0.7377890448839405
182,10.561857119213997,1.9028709546382645,-5.141458148649413,-6.389308581361611,-4.4458695060637305,-2.7548564068001378,-10.247186826378684,10.332571005526344,-75.46813249629955,-10.794513722378579,45.714387023943075,-0.6787930324034028,0.1574011196602847,-1.1484891786075015
183,-6.186574048351002,-2.014451618363058,0.42596169860270994,9.079739790953255,8.90390496859418,-6.183937010476345,10.61561618507881,-5.421973638762423,48.52310923422738,73.82364128279906,78.19302454056466,-0.18326062435411777,0.20241829526640046,-0.1644436520324017
184,-3.265260702070602,-0.018083914820103963,-9.227762534923935,2.200117860552494,8.161122226611234,11.111693002574384,9.26154433720577,5.38912958029127,-31.761461072190556,-12.103139069436704,120.91686255223932,0.786939453310839,0.4185980366439371,0.14432911098511506
185,9.63863747819574,11.741657242921345,-0.10106518596753133,2.6209690742527654,-9.424067763456765,4.036770619981185,9.204746983735976,-11.6833217795294,-17.734792865248714,-57.665369685174355,56.70982260133391,0.35908415309766273,1.5290623051480707,1.7054900760351852
186,-6.082564176324089,2.646831957070983,6.69387636553344,5.411837869844116,-8.495846114039335,8.895177334762458,-11.290244745434368,9.66770912593394,77.4788236204604,20.805372060620442,78.03649295777656,-0.06786956665183909,-0.2118003892291758,0.024106294651000698
187,8.640711820921485,-0.886608685013484,-9.191516703102344,0.5142185533764492,4.377834066604179,3.3258352086685568,5.277994258077742,9.881378087326391,-83.42927321414976,24.388894605840175,52.135647644644415,-0.2711269597613814,0.3017142604825512,-0.5883493975981532
188,1.9232909845793627,8.115609327295468,-3.8095442417577887,-0.3575775002965136,-10.000983073132467,-4.196770662820316,-7.726420241538991,11.818813275824851,-25.437285168571893,-17.429546794298957,86.39941151322135,-1.6072784185000402,0.47018080058311734,-0.39159977590796613
189,4.428892418059568,-1.038043551776588,6.161594921292557,2.640194089612331,-0.2880935322524447,-6.518921871845758,-6.27453724690962,-11.40770091388134,-2.332357554152822,16.43650281272656,115.12724110766132,0.47294506350668036,-0.5405852809332807,0.09222464188435187
190,-0.2746597539849285,7.499554720047916,-8.841698682624667,-0.8023347721082583,-3.5436580458549454,1.8341974706673385,8.772089088847341,-1.8311697483086729,-15.052902385991993,-49.0962071139316,82.7546400673544,-0.1867807753976647,1.4475682947487885,0.7946687864770843
191,-6.552141419768248,-11.684004054803472,7.595857006990924,-3.7403153951992065,4.44885384239635,-9.629798167977498,2.706720404201251,-7.855553639633903,67.73690433050938,45.96856667431648,66.50228740157098,0.025545442776340847,-0.31156747492757725,0.24821142208950187
192,-9.474167164104927,1.6282862317823499,-2.6993699541788887,-8.766359620856754,-4.252332561351266,9.641534716779983,1.7192354078001504,-4.302522331702238,46.40332419394028,-93.81865006850238,37.87049687316666,1.6095235116290527,0.7049512947316955,-0.223307896479034
193,4.340801433602201,2.100857203295064,-6.323697500165628,1.8007290024586888,8.522761572848664,2.9570465577717346,-9.0235729524021,-5.964407486338609,-85.18714651041496,-29.907816912802836,34.38762134614525,1.0290615531322367,-2.011540800134333,0.719964356981679
194,-1.8429653488460707,-2.181765283894669,7.141945939959265,9.502334367251093,-9.609066244669924,-10.565494403167946,0.04404207698874707,-10.694178133886915,70.42633931145257,61.33406285459745,39.555274748044404,-0.5100103599292503,1.0170080240661634,-0.6808415409195548
195,-11.744543943950621,-0.8336378132608973,1.8575961631945699,8.66759222890823,-9.161988125061356,-7.1114733868582,-11.243215227323677,-10.481803438350685,69.40711934648016,42.94754868488849,53.51629231586006,0.15113868881644346,-0.1146707934035005,-0.2258025217673726
196,-4.734487654157656,2.2235142300602178,11.750829365113917,3.607032468054838,-3.897732298352449,1.4976654065623505,0.3725355089047788,3.1389569177289953,103.58651853960191,12.606789252250568,33.562283265911525,-0.21610616493050888,0.7427839625425184,0.148361683905943
197,-6.046979752910418,0.6484171717182665,6.22337022087731,5.2585212968542105,-6.262991822611371,-4.717154151135149,7.274512167814232,0.7303974139872675,96.29786552101338,37.41417260555655,27.458764060743338,-0.6940355773910318,1.699328886040063,0.0412289359755818
198,11.083212224193476,4.554163462450175,2.999570378479212,3.019378534680733,0.2375442819288356,-3.370794414403483,-3.6553168115854016,-1.6907412839575935,-75.47618086031014,-7.455595237432145,92.79080876220817,-0.17061916913574982,-0.6739358800575035,-0.23783053896251072
199,11.330424049066567,-8.127503003053352,8.243645629972399,5.971187978863975,6.887050394171835,-2.386995450750857,-2.832771308009371,9.734370119442275,-46.06518006472152,93.41745441692686,15.9696343299669,-1.6028627846393213,-0.9315590897973002,0.7310193258797372
200,-0.15546307932614134,11.74574709882329,-8.889268918660221,8.035957800154046,-11.984416195546642,6.107077801542723,1.9874417784033058,-2.4574859358423806,-21.296743427061315,-35.51593679321635,87.26503516064409,0.5210540088985699,1.4567065720392236,0.684379878227835
201,6.933655112611332,1.347750018077937,0.3820837114642437,7.719432212324542,3.9430776668741307,-9.76361365582492,4.173365304568264,4.400212157400349,-35.43296156496316,79.95601795438101,67.81717637437427,-1.5613828769555094,-0.07947247233575264,-0.7150832564185116
202,-9.168187077032785,-6.871669110559211,-5.003115403511053,-9.632198275686898,5.422253335096703,7.698974485026014,-11.233846225408097,-0.48295240717143795,-28.8613609414238,-24.765757791123054,72.88625900794528,0.7958102951475983,-2.434640498536854,-0.47001562414523745
203,-9.372531362646466,-6.315787464094661,2.0394929606623524,6.720454957783583,7.880056241636916,-3.188807929485314,-8.052809570131487,-5.657524784865981,25.47893814337745,43.56326049087801,54.652103291722995,1.030241063183134,-1.3979936992572126,0.6618019603707873
204,8.290463382125807,4.1489060229427865,-5.295521936007445,-1.7758459385259888,1.545168053118215,-10.156357988913244,0.21839499825552,1.66702268486599,-73.66221022211283,-6.377356709144423,65.38352504611649,-0.7571125146333989,0.2733848870731236,-0.8867225030517342
205,10.624919720958536,-2.4894350808678816,9.46648086803745,-7.528452040669858,4.927596575060381,1.4536847307981882,10.213790339058281,-1.4997022215207547,12.598885615453051,-49.25716532826742,114.95113412909843,0.37151188643094196,0.6147476654545673,0.15851331830585913
206,7.649312516619573,-11.663328806496455,6.0030040813227235,10.562929276932618,-10.732762621667966,0.12063824651860688,4.524547230352643,-5.5185304077306165,9.30324605742255,70.39229678576423,19.9900831296863,0.673425624748519,0.17500947823519514,-0.9840118320887665
207,-0.5361011205203408,-5.285353781638862,-3.765312953913698,4.251090779749386,1.090666011295804,-2.6377360894878414,-7.651044130260303,-11.354541218347785,-37.365457078489314,32.05968829239713,88.78069429942742,1.0061169679156718,-0.6111551717622947,0.6848148053145987
208,-4.810630570430751,-7.732044034252717,-4.023905918420629,11.24127147064883,2.8030915156897533,-0.5625753263265469,4.5328981506592125,-1.051860123337975,8.003092776840399,89.44313067788796,44.46877297285852,0.1490921831633649,0.015667471118696187,-0.19759468646711076
209,5.187663190715635,-9.204020796205256,-11.34135520601433,-1.4113345213147985,-2.6811845966273697,-5.140496488658718,-11.888748235101914,1.9922129750674449,-89.73304494731482,52.32720820738471,15.67728746356706,-0.6110553205663162,-1.1053242667748826,-0.2778948390477411
210,-4.8714078943403525,-3.0959374033438776,9.259019491611738,-4.2746334122454765,0.21239320704097864,-3.4702793928828575,-6.811337756626254,2.5537502200178954,59.95405197310835,6.404765395343384,76.25822240560021,-0.3106971609045539,-0.8978288550800503,0.4130416025734034
211,-5.538773297718329,-5.637344480286335,9.008410110372226,-1.4843804507600202,-3.2436047028543724,-11.045178011428465,-9.844919448294842,10.082050157477784,38.449682665647416,43.502945811175785,54.472168057595454,-0.8945972696104775,-1.253358698890995,1.5597866957923752
212,-5.681741677239738,10.709009960860506,-5.527996456432074,8.7152793823619,10.199313872199419,6.390931040837277,11.697966867203844,10.70565444099558,8.082780936207554,3.6906416092840906,133.81713378243106,-0.5716930539337677,0.21709759829706407,0.08336590607361778
213,-0.23213047701696254,4.133555882572724,6.650215948136834,-4.091909103780949,-0.8341717678037286,2.124889048166401,1.0971488183008216,1.267134599649288,55.64616222978263,-60.9657783897974,88.02724347894014,0.12291389567913302,0.32644926282917835,0.13918207329784144
214,-11.34194285922548,-8.772618212556363,11.60995465057977,-5.171393619172538,-4.402294245327274,11.962198452506293,4.194517810217199,4.657684981999601,94.42012136231038,-10.930564308193357,10.567985583578267,0.09103225798694792,0.365122976759852,-0.9578340214718384
215,10.929496160729048,11.961448464578549,-3.4921025625731668,-11.713591268316708,-7.236251762247369,-1.2850523139897625,1.9767025338243478,-10.264325166025737,-20.49444468520579,-65.24646663091347,-21.371926796016854,0.21220880091622965,-0.39040901202384853,0.9014563776438899
216,-10.371009400677828,7.826477380184509,-10.754226613944606,-7.138137825981089,4.196118021684709,9.06095904820496,-1.2227548187671342,6.3489817409683695,-22.85096453280816,-82.90136820046885,75.06943017789487,-0.043197146833929174,-0.43810366264750117,-0.5078194141491161
217,8.60810048243681,3.1217610523636665,3.4927445780244595,-2.9718289817163566,5.3627626077722335,-8.792920846436486,10.764056260248186,-1.976447992969506,-21.97719925718599,-24.300673989566565,108.0983443034429,-0.7205812194202496,0.6044851226599651,-0.03772564871714124
218,-8.17046593063997,2.231192244105726,-1.0827785743745935,4.315896956587631,-11.541490357788518,-8.567227854904576,-3.2358807266961884,-2.7313895078404125,69.75829216502845,31.588815654074164,83.35480638551756,-0.6260796012785398,1.040824001387552,0.22603220970619337
219,-9.945269924825535,1.344295328628255,-5.105360826642137,-1.431351192499224,-1.9191495365898499,-7.705667572604766,4.705347966756569,4.282316677608771,42.667239486285006,26.009719376225302,93.0648751938049,-1.6133415823791668,0.5410789629878467,0.49800784262007847
220,-2.8775341498933766,-11.326440805408556,-9.133817181073852,-11.967017913873587,1.0840017802856021,7.122518197521087,11.72189466121151,-0.04339426617791542,15.420870146341736,-23.58320673407566,91.52338058174176,0.9221895086255905,1.895724923687596,0.2828520574767725
221,-8.89599629952648,-10.732024106165534,-0.9420045430234376,7.175653736091636,-0.9060649152443254,0.23572270126519967,4.8286398643095625,-0.3373914319492606,50.14095865920932,75.06038343559064,41.44698705227223,0.10519271771420416,0.23583820928072713,-0.5606746749914111
222,4.792681528837738,6.4404265517115835,-1.541300695079169,2.8287129463596266,11.486736429182354,-8.752336716510397,-0.4189779308415824,4.355629287072418,-60.698386262629256,17.0258787775631,78.20535204678964,-1.5670958430884168,-1.044017534828859,-0.962646976780069
223,-8.739224436854483,-10.93141561068288,7.1424570163977625,-3.6159451614170814,-0.8292429723964405,0.1037614422599491,3.702355287308725,-1.8980398054437213,89.21004353479084,27.659922561077856,52.80461702439451,0.121838709139375,0.24909959744104918,-0.35936619402701053
224,5.031224173072909,-2.2826065660718386,-3.398386005298809,9.164677854093851,-10.609651111262064,9.741476047821,11.017711058703616,-10.546002997381956,-21.022734474787647,30.331375732653722,43.838778627499124,-2.2158542853769747,-1.7736517791558328,0.08365767150606393
225,8.826900565729748,-2.323165260722681,-5.120653004495829,4.443057067130333,-11.708213857563296,-7.415430446229532,-8.415110863761388,-9.469384154617149,-74.69998136449131,35.397674037855495,56.64619753054037,0.029369235372188895,-0.018417694260136175,-0.05965809135470724
226,5.740559337214233,-8.943419747979146,5.12392509775885,-6.547416017245258,4.323729976023657,6.46891577894094,7.568938327752045,2.8197049937159653,9.430182730151243,0.9254577285168786,128.5740329576973,0.5485845722078421,0.4355742435143096,-0.03433963723776807
227,-0.8194589534343013,10.299254633914288,5.3875074126481755,0.6913529182098985,-9.50583330126549,3.4870723488077537,-7.114593926659549,-5.575240135993839,43.35946385570589,-84.71421311247006,55.81291344432233,1.1342764054473942,0.46794888457245476,-0.28110330152787744
228,-11.157828335437546,9.32436899811082,-1.0405324342775444,-7.042399885429737,3.9564809207854656,-7.405514830157898,1.0754172237207404,7.570394360196648,27.91493729059005,-38.31856121167808,45.038068160749134,-1.9145005613327168,-0.97961416776532,0.3520698744251623
229,-2.6039114790134548,6.070746574451865,0.7162344675017298,-9.9430395845579,-10.735191239469732,-4.300578854075337,8.921766427602506,-10.082639376857268,54.89902428221931,-59.18805370466939,34.927039109590574,0.21504441173278777,1.1518985399651085,1.6917414234675001
230,1.786457182997772,-4.640803833108666,10.87028518606554,3.171977548098374,-0.07482039021478837,-0.6243897424981899,-2.098621802419757,-11.91824341602425,51.962555557869955,25.939189415738113,82.4598773784023,0.8531839600228797,-0.30019005959851225,-0.4214445151665904
231,2.4037780257842307,0.4822154153453191,-1.1873037278339673,-1.7442212511416049,1.314457676515656,-9.121971332274533,11.504136257517263,10.927497787078437,4.685913838392987,23.286080210167135,73.84666491202786,-2.5242434170539485,1.5894901955820326,-0.3259297585488727
232,-10.55529272432031,9.15909405808964,1.2427181739776465,3.427001769129925,7.566478077258904,-8.28904662508408,-4.420505593960318,0.5154543759239347,38.73996059292848,-14.617811281497795,75.9310776587499,-0.8642795240485844,-1.397080123558923,0.12124413487384142
233,-3.3697216339630183,-2.2062993741444767,-2.7929299110810115,4.104741783704755,7.972510317457703,1.9509477931841266,7.261856383271026,9.544769172360017,-0.7415053765748943,77.39749287171128,103.08210483594814,-1.003878699508883,-0.10048007737325775,0.07646444339764374
234,-9.39176975878379,0.001464339264133585,-11.43832571137263,5.1794486874919565,-10.768553323001585,-4.430446638338218,7.333653900292613,-6.152993814213925,32.01441581734383,14.941672502972555,82.33277709294954,0.5540446683484894,2.1701254424288807,-0.6337327221882322
235,8.843359410432196,9.709633703902298,8.276757670744965,-8.080516759990138,8.705253416373086,2.5558034425641933,6.494643728217604,5.588715345335764,-7.592304725160388,-91.40316372909594,43.23458615561182,-0.2584516838711737,-0.09143660444265225,-0.1902697461007686
236,-9.971251160708238,7.395986517528014,10.900504597549858,-11.345253758971026,-7.1885308404449635,8.67406536973866,10.090564585585522,-11.858320850967594,5.837959331280892,-25.805041060743434,-67.16043284589495,-1.8922046605254352,-2.209129901536847,0.7298181896906418
237,7.245135730232994,-4.134675666781919,4.070289585834394,2.9511624543491664,6.55763032059529,1.8568363398822187,-9.594685673296187,-8.366407117252567,-47.67292190400238,13.057766776068886,81.11486906113124,1.2439678411389044,-1.2897043457000887,0.9327403418252772
238,-10.532196827384823,7.748553698217891,5.303534294701864,5.0435877672420455,-5.346365630809954,5.671434388258993,-9.103336526864373,2.346067656483368,81.72775945930483,-23.232048329515823,57.489337806781194,0.1961873197216712,-0.2944372983790073,-0.28076727844096133
239,-8.890864930990945,-1.1548421089701382,11.426025644547293,7.761797186456508,-7.116873315437505,1.8830135572509876,9.68623865267887,5.5929291874883065,79.21893465847971,20.92251925558022,-43.35666088199372,-0.9144745686100821,2.008327708019977,-0.5657193087662018
240,4.0685079590476185,-1.3629566623674618,3.2583980101241528,-8.651714747895063,-0.665229013167254,11.973513874545802,3.9828157268709585,-4.065910683944262,15.502240820860251,-86.06412298633485,60.9746949298151,1.9961119788471602,0.596754174621715,0.43681655691266363
241,10.603720342879761,-6.255535752335578,-7.998723994572409,-9.502481326844695,11.47663704858109,7.454290836837943,-10.489006093485848,-6.750442349425169,-59.85435082869304,-47.853471534362505,-22.540443517142386,1.2678939959735533,-2.225717351835728,1.723926086979544
242,10.845027953316961,-8.540992224040679,-10.018255310645337,1.1758430689137285,-0.4739465200146169,-7.934058596602749,-10.738775647289948,1.1655617949532786,-73.51462429103645,48.0116752818131,-25.16733231542781,-0.7756371500489954,-1.3651415776597728,-0.47898355243461904
243,-10.86192008415096,9.908739611581492,-8.93041391440222,0.22991890168432771,8.590968165287418,-5.895786333569202,11.316425741841941,-0.16538032520368695,19.066837623485895,-37.53611121462404,104.11987129787222,-0.9591461554543629,0.21777355520500705,0.2716008526871154
244,-1.4897773414782849,-0.6775966146379773,5.247519353370042,0.8086344596677035,-6.81926750835285,11.7494575676109,1.2060307645203396,8.854254425143889,78.01086550353736,-1.8665089617052586,96.07343752120052,0.3185492818513652,0.9962650867031728,-0.30651995942238264
245,-0.7812466715279323,-6.776123077063383,-0.05210963682619063,-9.443269766211934,5.687287676326623,-10.552973639399404,3.4517336042119906,-0.6486746355100941,-4.5103265750600725,19.85210784981479,109.5304508147128,-1.333203373426475,-0.34027077076139367,-0.01422714583799502
246,7.19787112588916,5.357314554863381,9.993371411117401,8.283348444683536,-9.266564471157494,4.239665312738414,11.028204113058498,-7.33485232766588,51.30090413090256,-7.022144297051601,78.54510965104406,1.3691034272085567,2.090469415069424,-0.6745032230353118
247,10.869198417726375,3.383567778933849,-11.4333954908161,-1.8750722315106048,-11.04183328314235,-2.5416271686566922,4.870044690448336,11.00622220012088,-45.821196765694374,-10.558752909668828,18.27545898817812,-0.564334763388323,2.337860131115126,-0.3176918110694921
248,-4.140393135849922,10.835694228653807,9.326075089691114,-4.994393902714584,-11.082154637089339,-9.473361506982533,9.241734215197132,5.339781484666093,57.30748210911755,-28.152878544053024,26.401528399635666,-0.9145000021588588,-0.1675815248204291,1.8727462419830054
249,11.272051623353835,-2.050178677402032,8.563637762059297,-2.3691067245578514,-3.105103150868964,-3.2120466299905868,-7.740370048740783,-6.209931204063573,-35.961715432343944,-11.687457729283345,113.85980958048917,0.3082461531542605,-0.5800917848250161,0.02671576345570921
250,9.867233649631814,-3.9561068322120168,8.376661585631702,-2.606727376647541,-1.6724084155588654,7.8460022725739815,10.700143113299951,3.6687038438450505,30.298154310250048,-4.122092688683791,109.06580050634176,0.5909205198013826,1.5964580811030953,-0.10594770686266444
251,-4.526418028087375,-5.839819200917861,-10.753079049152042,-1.6431799844686532,1.2502865850331961,9.155404717459621,-6.81761477185523,-0.3137406712241919,-54.361851549726076,-17.258151220131374,91.83711820761404,1.3509031859598828,-0.7647155912307178,0.6259257539868677
252,-4.558057270338926,9.837895344078088,8.946216855479229,8.949307433373036,-9.172262952852769,-8.197033197652043,-5.628767971857676,-1.4292599712727716,93.76518720341203,10.421242300543103,50.30568011907361,-0.2983792816648054,0.7220459710070898,0.5916865905738494
253,-0.16952461618272086,2.9309696488811774,-5.031909240252549,-5.849713329325461,-5.504759671955993,5.432674107955079,4.861269064704047,-8.563090990573961,13.470181151419494,-71.86590828863174,64.95820671044494,1.214165449663544,1.1745313229493697,1.0460100890795807
254,1.3469701924955482,-7.979182861218156,4.723453766327855,-4.26994435741002,-0.85058720871469,7.423178858613687,2.773844330954941,-7.396781377451314,24.90752002173949,-21.730803489593452,93.897065914842,1.8989205904797226,0.21310945868755385,-0.5563021081358912
255,0.6478557754867111,4.047122840886506,5.887268623802043,-4.8978561961205145,-3.2128073098157346,-11.840746650629907,4.148856740338533,11.830682368799327,22.81872829256781,-9.939019824083248,67.10162099499443,-2.6487733398237197,-0.13193223586246514,0.7942974932242346
