2.856457272339877704e+02
6.657812100997277582e+01
4.640165349873429790e+01
3.539195803768910054e+01
2.920006524142732118e+01
2.578476278998772031e+01
2.361829584015882588e+01
2.189198254383725839e+01
2.015777010647746081e+01
1.833119257638054833e+01
1.657557461941025778e+01
1.490582586548986477e+01
1.330630296820434211e+01
1.177183900518905624e+01
1.029687913433418522e+01
8.884212392795769020e+00
7.587951910290613888e+00
6.493939552539135462e+00
5.613262115672697838e+00
4.969455664970393372e+00
4.511554450770973723e+00
4.163896995710233639e+00
3.886819722925656251e+00
3.662709699067168589e+00
3.480567544296832683e+00
3.335185163172091460e+00
3.215733778380460262e+00
3.116091942203574217e+00
3.028544800936034509e+00
2.950895989022148669e+00
2.880599546570417502e+00
2.817281027667881244e+00
2.759806016190662792e+00
2.705212863842310522e+00
2.654259991285898401e+00
2.605282260838581276e+00
2.559507040184728410e+00
2.517084138607014854e+00
2.475721066979004181e+00
2.437130215781654119e+00
