3.674853591373931181e+02
9.912694552373174872e+01
6.806407693751593513e+01
6.135841472544621666e+01
5.724053736915190171e+01
5.325270008950780465e+01
4.861901565349509724e+01
4.282098369863675202e+01
3.503477371402760809e+01
2.495094230828613391e+01
1.666376981200623320e+01
1.246595848557416986e+01
1.069262003006842399e+01
9.828650614281443154e+00
9.249127007010191193e+00
8.800533956829772464e+00
8.403368797556060699e+00
8.052269758490998797e+00
7.743072483700209396e+00
7.457067031758422893e+00
7.199605493315199389e+00
6.963173763960271323e+00
6.760486566993756163e+00
6.574482275073535220e+00
6.405871014856193035e+00
6.254250715303925290e+00
6.115631213307600511e+00
5.988915577660692158e+00
5.876241515848575681e+00
5.771013477392222590e+00
5.671032967172204842e+00
5.576036284362604789e+00
5.485289226946811425e+00
5.402282257096987728e+00
5.317218073850973781e+00
5.237116659565912435e+00
5.169987891548195158e+00
5.098159620072799214e+00
5.031033689321657398e+00
4.963489656327952027e+00
4.897331661298720107e+00
4.831801295597343504e+00
4.778568819874297269e+00
4.726427485517277205e+00
4.676952931245546452e+00
4.627765890238781488e+00
4.581495756203573855e+00
4.537031988494642398e+00
4.496059457036596818e+00
4.458036191128898373e+00
4.418730471812585492e+00
4.380755757911827253e+00
4.343556306460118144e+00
4.307746170256541163e+00
4.270402867810230596e+00
4.236370115777104317e+00
4.204442152844101166e+00
4.167405670313301336e+00
4.136591555422630684e+00
4.104188036168975096e+00
4.070750166231545286e+00
4.041362125324892141e+00
4.012624199532605296e+00
3.984095912962315023e+00
3.958099144954118298e+00
3.929796183236513585e+00
3.899792293228328433e+00
3.876617847892441571e+00
3.854438379261635461e+00
3.829694488785122974e+00
3.800577689583366947e+00
3.780884415229156303e+00
3.758837741048924652e+00
3.733478256766124659e+00
3.718518685834053983e+00
3.692930045830197461e+00
3.678062874820160033e+00
3.655026864632869188e+00
3.633072464171057447e+00
3.615420739711753484e+00
3.599088404132970709e+00
3.581833491925525248e+00
3.559103194774785095e+00
3.549597362831745428e+00
3.529923849903390476e+00
3.512210504265147026e+00
3.495769418020048480e+00
3.483605585490016310e+00
3.465656690336437418e+00
3.455541447674868039e+00
3.436464853804478636e+00
3.425078224809064764e+00
3.412284144660743923e+00
3.398083888783276496e+00
3.384469854336803252e+00
3.372811131055179601e+00
3.362566379492763158e+00
3.346598214855100561e+00
3.335427864354657768e+00
3.324933447595333380e+00
3.306797896008478066e+00
3.301913657030297156e+00
3.287037697451877793e+00
3.277849743711479302e+00
3.260887964841626907e+00
3.257752778684364969e+00
3.243268696366092829e+00
3.232719519849323486e+00
3.225248971283327659e+00
3.213131368912995001e+00
3.195833188341385966e+00
3.190745357311739028e+00
3.176869325048795378e+00
3.167061437521834222e+00
3.158639078339148032e+00
3.150506638922089930e+00
3.138483031358161313e+00
3.128383376773282709e+00
3.116764526407805658e+00
3.117971365124668992e+00
3.105462880262295666e+00
3.098270678192685423e+00
3.087163670752821165e+00
3.080762215668165549e+00
3.072968493243430022e+00
3.059547011024935870e+00
3.055411245597389414e+00
3.048941796157832673e+00
3.040228146442524704e+00
3.031312690902774332e+00
3.033089191648130178e+00
3.020322120586525383e+00
3.002389637650076271e+00
2.985331694428632332e+00
2.982848738980687475e+00
2.974201830876462171e+00
2.963337937828485646e+00
2.960146692486552045e+00
2.954550712825420700e+00
2.942415382050179939e+00
2.929162990549890822e+00
2.926224244275825281e+00
2.926550558888164844e+00
2.911301651204135421e+00
2.905997007227023143e+00
2.898762210846010490e+00
2.894097019454631603e+00
2.881436403377108935e+00
2.872871769470730197e+00
2.868218686716955901e+00
2.866012953868036117e+00
2.853060334613851889e+00
2.853691685342388595e+00
2.838690278581589066e+00
2.834887909424498975e+00
2.827627565384155606e+00
2.823600710487690346e+00
2.813493582084365396e+00
2.814060363785735763e+00
2.801082637769227279e+00
2.797909512187905179e+00
2.786938968626866409e+00
2.784233673972792644e+00
2.779190026127058122e+00
2.770755015949755151e+00
2.763033996367285638e+00
2.759681053952359520e+00
2.753400152983227045e+00
2.748211899891193521e+00
2.742189418056325323e+00
2.739830458672944502e+00
2.732611733723386394e+00
2.730662974144426602e+00
2.721937072413294967e+00
2.713461665187958616e+00
2.711644183110980766e+00
2.709267357136203369e+00
2.702502179395088522e+00
2.701409462350161661e+00
2.692628088638070682e+00
2.683509185793344631e+00
2.684936675955009733e+00
2.674552944396177523e+00
2.672183879183240851e+00
2.664925961955930234e+00
2.665169061064990963e+00
2.656761261270080610e+00
2.650177489863812852e+00
2.646284213072836788e+00
2.640905830102342922e+00
2.634013488865948105e+00
2.632281682022459268e+00
2.625518433469278268e+00
2.622694703089818891e+00
2.622287962946839190e+00
2.616466136290159117e+00
2.607137015421742365e+00
2.612205651741385637e+00
2.601630264248738555e+00
2.604925943808699351e+00
2.603554172861068050e+00
2.611661578472598944e+00
2.582992321358145382e+00
2.583487508138283317e+00
2.583069374925047956e+00
2.571183468070362022e+00
2.569598934838825066e+00
2.577609198016631797e+00
2.560909074142901698e+00
2.567474167573346566e+00
2.551870881127524804e+00
2.550011628065071534e+00
2.546477100884917633e+00
2.542900668336528280e+00
2.541416378354544037e+00
2.536324205835182699e+00
2.526329508521270029e+00
2.527326811729234901e+00
2.518108454536170715e+00
2.523172825934216768e+00
2.510627340578541311e+00
2.517484641903743547e+00
2.509440504799999250e+00
2.508456480334033234e+00
2.502333470055908116e+00
2.496477981575843774e+00
2.494866938813407042e+00
2.488928126408077812e+00
2.482635400412158688e+00
2.479213939902248143e+00
2.484210740903852965e+00
2.469926955797298707e+00
2.467743778658295639e+00
2.456475603243529537e+00
2.449282940178231005e+00
2.444211196989430235e+00
2.437379632324026435e+00
2.433369712699318566e+00
2.430570271655190684e+00
2.426020510184920820e+00
2.417273302338369678e+00
2.411772423779067420e+00
2.411931413510737698e+00
2.407577538217523294e+00
2.398109457382350929e+00
2.396703355566379035e+00
2.402404744111090729e+00
2.400536000074382059e+00
2.384662032644337959e+00
2.382062192683985558e+00
2.388028164522557617e+00
2.372398073046216638e+00
2.369723553010459671e+00
2.369637432436706437e+00
2.364052626481324193e+00
2.364920764621545324e+00
2.356509456291738136e+00
2.354478188399101501e+00
2.356815715617805562e+00
2.348697999436081485e+00
2.349805934082591197e+00
2.343832942290807519e+00
2.335880650318032270e+00
2.344035680905039332e+00
2.326330881858073685e+00
2.331914825599438856e+00
2.319756328068335982e+00
2.323402734891310217e+00
2.318041627757195577e+00
2.309649950141194008e+00
2.310069907864483518e+00
2.305748339070347264e+00
2.299422284361169133e+00
2.294970133461313733e+00
2.294696072161841460e+00
2.295156174736165067e+00
2.280059666939218133e+00
2.281598780836003648e+00
2.287232959152543099e+00
2.279063364870062447e+00
2.279319479084362055e+00
2.273436708909683635e+00
2.267861570040230923e+00
2.271412020679132393e+00
2.261995098256326386e+00
2.257579914572372282e+00
2.259885137020710921e+00
2.251798316936357569e+00
2.255064798639645485e+00
2.251226855954248762e+00
2.248853449491937440e+00
2.247142452283886538e+00
2.245799038675811765e+00
2.240955651222797052e+00
2.241209602475547236e+00
2.233399063349616576e+00
2.231673931374129616e+00
2.233909380899705255e+00
2.231421823741757127e+00
2.229388780914506984e+00
2.226637727206090211e+00
2.222781423403974443e+00
2.214801376467687710e+00
2.217245184434263994e+00
2.217650101032547116e+00
2.210900011300575674e+00
2.207815581718858944e+00
2.210070644681428220e+00
2.204234254869599230e+00
2.201722772458477362e+00
2.200744753424941802e+00
2.200577492682657343e+00
2.198128174980523486e+00
2.196162281785647874e+00
2.193940651879671133e+00
2.188630921888343739e+00
2.186992495782332124e+00
2.184488893914714680e+00
2.188541357256053477e+00
2.187259636441304167e+00
2.180642234167412319e+00
2.177889707929243635e+00
2.177267206827687485e+00
2.172024240847476140e+00
2.172836105007644125e+00
2.164388038541734449e+00
2.169509776937918577e+00
2.165391998857353340e+00
2.164482413489133616e+00
2.157229011297159715e+00
2.163245062101305738e+00
2.154234065541828169e+00
2.161396375067343723e+00
2.146546278207570602e+00
2.140567297432005578e+00
2.149201805314226110e+00
2.148046115808044387e+00
2.143279296125549571e+00
2.134897049956388404e+00
2.144522902769874673e+00
2.131348184283302860e+00
2.132892180562975692e+00
2.138881758193865945e+00
2.127897083521309796e+00
2.124528740888135037e+00
2.127275800839286024e+00
2.122021157686640347e+00
2.125215077505634209e+00
2.120359076988322489e+00
2.125088901785556761e+00
2.118511559628517560e+00
2.107537394741180403e+00
2.110573869435516503e+00
2.110280333474734871e+00
2.105177519785716989e+00
2.108752239393156369e+00
2.095770005562927363e+00
2.097939399158063267e+00
2.103903713035229384e+00
2.097117037735262812e+00
2.098441933750114785e+00
2.086472937718022447e+00
2.084743607270463261e+00
2.086703922213994922e+00
2.088202304012637622e+00
2.079620335334554593e+00
2.070230217657762051e+00
2.082949709801978244e+00
2.071584312336752109e+00
2.070301102960827588e+00
2.072651119205796366e+00
2.072484898251710117e+00
2.059829690663388835e+00
2.065723617494956255e+00
2.062019523722437686e+00
2.061639342452143975e+00
2.057928868493435370e+00
2.058665831017095105e+00
2.053791001314334785e+00
2.052866188500868105e+00
2.046989048945615064e+00
2.049031594186727645e+00
2.043653598790117432e+00
2.048792954902978636e+00
2.041202946627080461e+00
2.044373324113896384e+00
2.039573729637473409e+00
2.041248750085769448e+00
2.039714283677005024e+00
2.038283216238701900e+00
2.034944114815282479e+00
2.034274289713428718e+00
2.029198222430864007e+00
2.026842396969717797e+00
2.022341220491187030e+00
2.030889689749646898e+00
2.015325031238559994e+00
2.021583892127515991e+00
2.020939976213290912e+00
2.010302542613212839e+00
2.014317098340563383e+00
2.022083212158762855e+00
2.010172619045980991e+00
2.008603325694791053e+00
2.010458091039595718e+00
2.002603408582249056e+00
2.006379164898870027e+00
2.008740556714668113e+00
2.000608767015721323e+00
1.996694030029435574e+00
2.001932576801866759e+00
2.004557852177569988e+00
1.990896108498105610e+00
1.996949153369979468e+00
1.993678323872571490e+00
1.993420240824084422e+00
1.978837692704655815e+00
1.997263036942262815e+00
1.986077636660744661e+00
1.981229193121026855e+00
1.986706485166342739e+00
1.972171042585584955e+00
1.984723029957348617e+00
1.978864212678012713e+00
1.971491556029272951e+00
1.979571012540643826e+00
1.971708227057224150e+00
1.979578776927916728e+00
1.963251735660837882e+00
1.969429480490790363e+00
1.975448518051607261e+00
1.966617183510686262e+00
1.973718128774861524e+00
1.960402839231757399e+00
1.964148259452777268e+00
1.965468412703723411e+00
1.958426937056696460e+00
1.963070804660086877e+00
1.956744547996479788e+00
1.954790023409485267e+00
1.960585361874127130e+00
1.947205882607214500e+00
1.951238578859036066e+00
1.942279675454799959e+00
1.957920952318924046e+00
1.948392206760720891e+00
1.943917552961009543e+00
1.946035336091322954e+00
1.942842720143675317e+00
1.948419360640271769e+00
1.944192035711206801e+00
1.934471288853809812e+00
1.944788667221410527e+00
1.931680057999800360e+00
1.940686959895589370e+00
1.930836524944200328e+00
1.929739110855951845e+00
1.932311043042397314e+00
1.929971645716366480e+00
1.938167976512012780e+00
1.920167983968200209e+00
1.930650908514172537e+00
1.919308866102663602e+00
1.917620987417278267e+00
1.922414620943702523e+00
1.925976365600450935e+00
1.921240015007713353e+00
1.916504773444260401e+00
1.914570869023026978e+00
1.919586598391355148e+00
1.927322135443710893e+00
1.914554432858986965e+00
1.908288146830159349e+00
1.914233418877526072e+00
1.917648079807494632e+00
1.904135119892483852e+00
1.902386736164666248e+00
1.905775264725630080e+00
1.910267051747224443e+00
1.896290517605103032e+00
1.901929550785650180e+00
1.891964003351263246e+00
1.902674268312785522e+00
1.881753403250426393e+00
1.899575948179796248e+00
1.883890334855942816e+00
1.887598406775623294e+00
1.888816030870445362e+00
1.885083199333339232e+00
1.880265356499330132e+00
1.885656162147602011e+00
1.874051398156523440e+00
1.879035318379384423e+00
1.879690424865241516e+00
1.877741939100467716e+00
1.874616059523664502e+00
1.873475319128314220e+00
1.873029852399360484e+00
1.872341123716861899e+00
1.867917476804094035e+00
1.864030020500898610e+00
1.879810709607743213e+00
1.870098771193651643e+00
1.862926637392400719e+00
1.861175924197501219e+00
1.858986787087323789e+00
1.861744713244680716e+00
1.857408058369172332e+00
1.862901631897912802e+00
1.852701989785574099e+00
1.861483115748990835e+00
1.859227470407484928e+00
1.846993362126918781e+00
1.854635736709009608e+00
1.854999791284813071e+00
1.845111066910316566e+00
1.850443261014849794e+00
1.853519499708880636e+00
1.839899518023824676e+00
1.850386081802682270e+00
1.839789270342370386e+00
1.845031537143742240e+00
1.851851925559843792e+00
1.836645305998425792e+00
1.840500281258821369e+00
1.838794751511961145e+00
1.848012243522143772e+00
1.832476102447147204e+00
1.838511161068388189e+00
1.846622416523164611e+00
1.829987214747153423e+00
1.838771065692029305e+00
1.829330911743189292e+00
1.832840416433851649e+00
1.829002599100854276e+00
1.835453990188584017e+00
1.838110845477535227e+00
1.824015514590394238e+00
1.825985470390046217e+00
1.825775311505428933e+00
1.833200916231834787e+00
1.824337510948545793e+00
1.820986618976135007e+00
1.822181216700248241e+00
1.817382083185029584e+00
1.830604823360742373e+00
1.814675397136636059e+00
1.829970253238813571e+00
1.817971158360723871e+00
1.822645578895778273e+00
1.810573681201638641e+00
1.825186852678194249e+00
1.818168326611431240e+00
1.811323985054891672e+00
1.815096534560104002e+00
1.816586045658350690e+00
1.808318854718578450e+00
1.803942464390875466e+00
1.814923734666556099e+00
1.803667679685517555e+00
1.803701059775735693e+00
1.812165605133396085e+00
1.801149128246161801e+00
1.804521281708570291e+00
1.804880317816637936e+00
1.804094090409168016e+00
1.805759791229828215e+00
1.787088004327693769e+00
1.802317031543683612e+00
1.799268199798990109e+00
1.791612004949066028e+00
1.793573112872523856e+00
1.796956323272639766e+00
1.790372703488573025e+00
1.802115130347985206e+00
1.792204643179856172e+00
1.794610204051362290e+00
1.793432794232145966e+00
1.777450894013772986e+00
1.789464778107076937e+00
1.791736676804057460e+00
1.790114340611725252e+00
1.783229443597514896e+00
1.787480835646496402e+00
1.777505727070219033e+00
1.786948459088753438e+00
1.776999388434884253e+00
1.776689482026055922e+00
1.785764246242080189e+00
1.775480251648879682e+00
1.778803729432313796e+00
1.776007533263198157e+00
1.773629890966991196e+00
1.776438232641052606e+00
1.770134054103284171e+00
1.774585660184395230e+00
1.766757358448396653e+00
1.759339663927476538e+00
1.773536699081808221e+00
1.760217162675356439e+00
1.764987343053691760e+00
1.763256339564980513e+00
1.766686404954038503e+00
1.760762888312377372e+00
1.762775494608200377e+00
1.758633685997605944e+00
1.766037852404740649e+00
1.757178215380473363e+00
1.753043920384065757e+00
1.752602082392242133e+00
1.752382581631676040e+00
1.754671596463893257e+00
1.740540085974993323e+00
1.748338084330270492e+00
1.746293518501374598e+00
1.745000682451481433e+00
1.747123850341609552e+00
1.749123851712643285e+00
1.735031561400612432e+00
1.743590288385029607e+00
1.731031839315156695e+00
1.739878949136697939e+00
1.742030162826885720e+00
1.730155605813039843e+00
1.738113209894444955e+00
1.734391115365816693e+00
1.736079274020166929e+00
1.726420184578647543e+00
1.739605185293990219e+00
1.722746082864521577e+00
1.726839662580567092e+00
1.732060759012458151e+00
1.719074563884149365e+00
1.724210820311152359e+00
1.724785125962783772e+00
1.721191104652171733e+00
1.721777239507884305e+00
1.715373073241844848e+00
1.726596887749435316e+00
1.718033077946621745e+00
1.719638314345294461e+00
1.715067453258247054e+00
1.717858909807839174e+00
1.711571079341703383e+00
1.714035757896879453e+00
1.707254628719089951e+00
1.715117605382370014e+00
1.704130510841526336e+00
1.716715877551425073e+00
1.698941790507029426e+00
1.711736496418210018e+00
1.698910171333414043e+00
1.712386845504466848e+00
1.699395489066215070e+00
1.703323497009883170e+00
1.695911691732922888e+00
1.700502431256367464e+00
1.701351260340238980e+00
1.698253278297076507e+00
1.685224506959299484e+00
1.696757649016230607e+00
1.689981102022098503e+00
1.697979274766574065e+00
1.685513498464944915e+00
1.683839615732037664e+00
1.686695258060747937e+00
1.685437031799443375e+00
1.686236209454432311e+00
1.682837284668026845e+00
1.678682953811947653e+00
1.682033243733763284e+00
1.682828066332974659e+00
1.670403828500890198e+00
1.680832885048178404e+00
1.671278299288646130e+00
1.680017164075167102e+00
1.671681989744193464e+00
1.671339588740011983e+00
1.660772214308550154e+00
1.677855485383713985e+00
1.664661228339133103e+00
1.670267575948631178e+00
1.658525756369538362e+00
1.665194250901734785e+00
1.655454720266499757e+00
1.659499377093939465e+00
1.656914892815508411e+00
1.644531355341395162e+00
1.659307760609224802e+00
1.659172674587904295e+00
1.646107539861143110e+00
1.646742425351147787e+00
1.647728595675170382e+00
1.638861093766317500e+00
1.652588488540760681e+00
1.648116581650417745e+00
1.643842715655237763e+00
1.633498899998011789e+00
1.633234878219332886e+00
1.642579000726824168e+00
1.643234127043845527e+00
1.631595697775303000e+00
1.638902129062472568e+00
1.640108527606736866e+00
1.634926456837239916e+00
1.631564474416865140e+00
1.638993501795978469e+00
1.633345895107241930e+00
1.632153462842375502e+00
1.628240869567554538e+00
1.625885470314236914e+00
1.630929389366258198e+00
1.619151779815033221e+00
1.631967664406318796e+00
1.626778794196065858e+00
1.626451751765777942e+00
1.614880612271906601e+00
1.630795963452821740e+00
1.616570944323273418e+00
1.622436259457954222e+00
1.613915851202979423e+00
1.630580996822400541e+00
1.611242123340479226e+00
1.605068079368010325e+00
1.624003398330033709e+00
1.619786208160652441e+00
1.609329110060794710e+00
1.613480711883147123e+00
1.614521694937369745e+00
1.614673864203559850e+00
1.608160669221403438e+00
1.616894502190204586e+00
1.612867238654710045e+00
1.607673834382092437e+00
1.600490814828106956e+00
1.619717751670479489e+00
1.603097737096558673e+00
1.611764306982560235e+00
1.611831126686716464e+00
1.595902055625376903e+00
1.599417571919327763e+00
1.598220848007238848e+00
1.604021997762897334e+00
1.603804988013871169e+00
1.596081860588279833e+00
1.592661598815753754e+00
1.601921965318781060e+00
1.594695350953535096e+00
1.594310458065404168e+00
1.590185386834749970e+00
1.595157025210361512e+00
1.599694137225370127e+00
1.586607513335005715e+00
1.587684133560275379e+00
1.587531400139940096e+00
1.577529733574788873e+00
1.584563644981883179e+00
1.581341423334734708e+00
1.584068344513733129e+00
1.577128478477660467e+00
1.579079850077788727e+00
1.570045622944236774e+00
1.579321487718357231e+00
1.574499195020055309e+00
1.568270035610234592e+00
1.573194638894141351e+00
1.565768791404274829e+00
1.568495854765904474e+00
1.567103491969774831e+00
1.562157525406466574e+00
1.563734235775665837e+00
1.563174808459978360e+00
1.561087921431006942e+00
1.566149808479154748e+00
1.563917804784222376e+00
1.559518251996706129e+00
1.562402449940872629e+00
1.560818746592329331e+00
1.565132490385732433e+00
1.559870493669943237e+00
1.558316904321710661e+00
1.552518782812169151e+00
1.564061061884738146e+00
1.553184725388711884e+00
1.551113426403607276e+00
1.551225801470208721e+00
1.563808025706909355e+00
1.547218977363786996e+00
1.547899328802504693e+00
1.553538132100251046e+00
1.547831498095861180e+00
1.543674756909121148e+00
1.550110675057929877e+00
1.542917066855140185e+00
1.550222571251526515e+00
1.539516027193209124e+00
1.544721783155649675e+00
1.542370532327129729e+00
1.551596707749364867e+00
1.536871963553404719e+00
1.538325703670720079e+00
1.537668733473021243e+00
1.538229846690563951e+00
1.541247480533309400e+00
1.543579010222403403e+00
1.533578876681927605e+00
1.533257965902480313e+00
1.536821655585933089e+00
1.531354651301804592e+00
1.533499546242676814e+00
1.533844500638853470e+00
1.527933671928233927e+00
1.528698463262852636e+00
1.530706924900723243e+00
1.530474130795721477e+00
1.526226118598074999e+00
1.536579392079592266e+00
1.524374284813936775e+00
1.521759201096082315e+00
1.526157056736601625e+00
1.521681792853865511e+00
1.527283057710188352e+00
1.519952602392082630e+00
1.522629956954356878e+00
1.518416802830752532e+00
1.519984359058298429e+00
1.518842993867900226e+00
1.525664266068006425e+00
1.521575542063291708e+00
1.517254442189357455e+00
1.523437817412786721e+00
1.516547049649980217e+00
1.519198534646742038e+00
1.511986689379686943e+00
1.520770219285578539e+00
1.513206311870431309e+00
1.512664802566417110e+00
1.512143591501662776e+00
1.509826026705884061e+00
1.508121783321528575e+00
1.522077841319444902e+00
1.502252000794636722e+00
1.512566372855462360e+00
1.505088561390221846e+00
1.499231837162490644e+00
1.506928888278610046e+00
1.506699083093397507e+00
1.502509849125762464e+00
1.505116501666923456e+00
1.497174096853066905e+00
1.500778222985445831e+00
1.508523797476652106e+00
1.499801527445001836e+00
1.501229575869395427e+00
1.498786363876225103e+00
1.497026310705842134e+00
1.495113201769511901e+00
1.496879057258001078e+00
1.500892656301136219e+00
1.498493856488401832e+00
1.494054979302241515e+00
1.491241359916555931e+00
1.492360067407753510e+00
1.485447916970025206e+00
1.491887601075162051e+00
1.491150269449442511e+00
1.497751984654918544e+00
1.487818063564983140e+00
1.480954376816679741e+00
1.486418319551813916e+00
1.491066886644627942e+00
1.489214512777711663e+00
1.488069551334944896e+00
1.482117727874313395e+00
1.481647577674379823e+00
1.485613373418389394e+00
1.478858890384347591e+00
1.483849066484042467e+00
1.483585611658860826e+00
1.481100350447166258e+00
1.476159613356854416e+00
1.480947421979308620e+00
1.482009250707603476e+00
1.475850325948868225e+00
1.471892713137213038e+00
1.481108800443007967e+00
1.480904961130414810e+00
1.478530833378218112e+00
1.478469362444801094e+00
1.480480835093857195e+00
1.476525777977155229e+00
1.474430598016669869e+00
1.482202388624377809e+00
1.472754745219774009e+00
1.473651491443052075e+00
1.479490140876991155e+00
1.466608997134975167e+00
1.472424588439223969e+00
1.470259097740605148e+00
1.467674085474651280e+00
1.469257040460301811e+00
1.477377706151573156e+00
1.462061173246164136e+00
1.462878891092194378e+00
1.461497768805310793e+00
1.467772697301034102e+00
1.459141537374297082e+00
1.466001713476530632e+00
1.463346891131130034e+00
1.465654654637158716e+00
1.459370282479125924e+00
1.463114623871670794e+00
1.458374792012214316e+00
1.456912288769056874e+00
1.462268361307892173e+00
1.463998852429839737e+00
1.462692205124343836e+00
1.462905819712219335e+00
1.458816760188902828e+00
1.461632305025654333e+00
1.463215011944518196e+00
1.463027926070487483e+00
1.445517227104157421e+00
1.447566516280510696e+00
1.457959179819044992e+00
1.454561438986517352e+00
1.452326324485405218e+00
1.452829306078041727e+00
1.456021733298372700e+00
1.454682126180444568e+00
1.450030649691893103e+00
1.459731225549132816e+00
1.452808879725489222e+00
1.444948607769425353e+00
1.452646338944214355e+00
1.446886838223576666e+00
1.441883640747730455e+00
1.445969663496431634e+00
1.442931736039154034e+00
1.445813484164782503e+00
1.445826524817933167e+00
1.439809450564080828e+00
1.440434900390139772e+00
1.441836523568566397e+00
1.444283471164932386e+00
1.436835324294538863e+00
1.444438354616604414e+00
1.442094480633228981e+00
1.437874366465504927e+00
1.434777529025807352e+00
1.439937514384191042e+00
1.435912940572736884e+00
1.437336387402923910e+00
1.438573831540015169e+00
1.432699570155631319e+00
1.436860036315082523e+00
1.432710816910046425e+00
1.431160548311872782e+00
1.437425838617341745e+00
1.432624024384001382e+00
1.426260561182938646e+00
1.433986325209659407e+00
1.431152796869710420e+00
1.433616176657686481e+00
1.429559773616118745e+00
1.426370200346947170e+00
1.430204664674331161e+00
1.427391604733170061e+00
1.426267092453135099e+00
1.434287510712438207e+00
1.432271742926618074e+00
1.425171532908362737e+00
1.423247854966806392e+00
1.421230150129115577e+00
1.425519758693552630e+00
1.414988234855146798e+00
1.415236552733616593e+00
1.424382227572534854e+00
1.420110809895880122e+00
1.422642494995911777e+00
1.425228054249876530e+00
1.416250932385314742e+00
1.414358495448521102e+00
1.415360697158998038e+00
1.420498721045499346e+00
1.412920567861013055e+00
1.415377119983393106e+00
1.416589647195472201e+00
1.419979597216989520e+00
1.414482448157103223e+00
1.416382273969345684e+00
1.415946298438766959e+00
1.411165987053254023e+00
1.417906611159819308e+00
1.410574254739318079e+00
1.412598739938275116e+00
1.403775326933888623e+00
1.407377256146566724e+00
1.411185038909834377e+00
1.411957587928968527e+00
1.406334249844090722e+00
1.404544966998563682e+00
1.410688222688474491e+00
1.400209809502547031e+00
1.403638153138086819e+00
1.412228307319678633e+00
1.402880640687216518e+00
1.409509424062867167e+00
1.402538529570732884e+00
1.404306219111858489e+00
1.409975022489324603e+00
1.406516822268982780e+00
1.400956315301195909e+00
1.400947680110131044e+00
1.397728365402994166e+00
1.394095154777854395e+00
1.399979312539316512e+00
1.403167543515758231e+00
1.398011675375194329e+00
1.401226572314727248e+00
1.402582943285206829e+00
1.398534601303550451e+00
1.404084553072281416e+00
1.398622786559367448e+00
1.390814902241445106e+00
1.395917719253749745e+00
1.390615338036655935e+00
1.387763915490117128e+00
1.396412235431579774e+00
1.398419055155482260e+00
1.392581374460841070e+00
1.394064361212757008e+00
1.391503033815099544e+00
1.394900327469665635e+00
1.391350193867009644e+00
1.396376021300805625e+00
1.381598009221375323e+00
1.390978228706166719e+00
1.399600595589748364e+00
1.388698036593369656e+00
1.380719187426469707e+00
1.382150157745751562e+00
1.386594117978367846e+00
1.389079245338432633e+00
1.384092935550258696e+00
1.388565972239380608e+00
1.384775869783799962e+00
1.385973395613734338e+00
1.385857967994460038e+00
1.388419969482545424e+00
1.389031998356902387e+00
1.385805053151446975e+00
1.383756915960117739e+00
1.377385633003844534e+00
1.384295904064966720e+00
1.377887056953985834e+00
1.378039108362270504e+00
1.383567829190398557e+00
1.375689762987491571e+00
1.374356601656475441e+00
1.378685344066345131e+00
1.372939333948977714e+00
1.379938922710340465e+00
1.375644020280718971e+00
1.374005397817248175e+00
1.378717495785251268e+00
1.381536453647878693e+00
1.369312852309041872e+00
1.370210861384619117e+00
1.373949743311725813e+00
1.371447778739697698e+00
1.372892273746125325e+00
1.372476756308806500e+00
1.362392732443785448e+00
1.367854546094437795e+00
1.378519510596247555e+00
1.371093458541679633e+00
1.365544801299125366e+00
1.371212787062449534e+00
1.369772453101130161e+00
1.364769559954944311e+00
1.369726819110559823e+00
1.366619240365042343e+00
1.368032089214277880e+00
1.370948306677820305e+00
1.361329605669621579e+00
1.357645114819302279e+00
1.365617088852555172e+00
1.359362827135395468e+00
1.368329749413067731e+00
1.364745685696145294e+00
1.364615270406553504e+00
1.364543173788882013e+00
1.362896052650125478e+00
1.361224565007818077e+00
1.365247529914830338e+00
1.365646684274384404e+00
1.363295655818225649e+00
1.364107996310296889e+00
1.362772654297795150e+00
1.357354389577676068e+00
1.366483491956189233e+00
1.360988183330435808e+00
1.359391293402709033e+00
1.357667225179557624e+00
1.358382757148109299e+00
1.356963110380136284e+00
1.356490255178277371e+00
1.356497701922583232e+00
1.355208529888146884e+00
1.350150619239458116e+00
1.361090031208660678e+00
1.354702912884779176e+00
1.360617646031782479e+00
1.353417115281284611e+00
1.351821145693648640e+00
1.351381794739394238e+00
1.355815445464514157e+00
1.354407410776187204e+00
1.350003450378843617e+00
1.350555161905892199e+00
1.339741179610644872e+00
1.358902096274447358e+00
1.348388673916153913e+00
1.342886438685346961e+00
1.351527588233745192e+00
1.354422109899150461e+00
1.346906866505422462e+00
1.350488812977159059e+00
1.342438659961010083e+00
1.346489233098060900e+00
1.341856644122477960e+00
1.339867489232994258e+00
1.348315033005782704e+00
1.341794252317944247e+00
1.334728385770697967e+00
1.339081688255000069e+00
1.340623529726607366e+00
1.349730894433873507e+00
1.344011562799625636e+00
1.346343198116344730e+00
1.336060451240839830e+00
1.340191403363199418e+00
1.340132593674052686e+00
1.342618632855120175e+00
1.339250529306826420e+00
1.340414758304854459e+00
1.336352492071834375e+00
1.337167013210356581e+00
1.341962258301923727e+00
1.338472558730347428e+00
1.343500889521443087e+00
1.335752383649113861e+00
1.333195669252085436e+00
1.339779047148121016e+00
1.334123772358486226e+00
1.335788141248499095e+00
1.336397618571935730e+00
1.332635470162260249e+00
1.330243132889539659e+00
1.330526684138532589e+00
1.335930479457288378e+00
1.328232726904933436e+00
1.330333215682588888e+00
1.331816426204414094e+00
1.332799456923223325e+00
1.334460763465433075e+00
1.329939781870650650e+00
1.335274093117508665e+00
1.328664999801193236e+00
1.328743965424783235e+00
1.325895191652314287e+00
1.328959879260754207e+00
1.331127406069027908e+00
1.330670557941772802e+00
1.320656685876381298e+00
1.327807271244504150e+00
1.320384591605557434e+00
1.327936624510230423e+00
1.319116191007486005e+00
1.323494683251643655e+00
1.326004803934069942e+00
1.320891815431639582e+00
1.321814409907425825e+00
1.321147313584697391e+00
1.321308123601182993e+00
1.318918225189567694e+00
1.323319512895476446e+00
1.333339155574513768e+00
1.318397324555574679e+00
1.322378691021997899e+00
1.319606976492732509e+00
1.322311973107585859e+00
1.322055970237835165e+00
1.319498027944702390e+00
1.320817715213294052e+00
1.321868388143772721e+00
1.318743502805916679e+00
1.315983222115559625e+00
1.321090873878838723e+00
1.319270296460976821e+00
1.312195432836588127e+00
1.314712591658509622e+00
1.315122135053013563e+00
1.315239637065104716e+00
1.316141403447164349e+00
1.313149930194459802e+00
1.313085671840829027e+00
1.313617596399607290e+00
1.320015367282896701e+00
1.317528069696769277e+00
1.313277905443037907e+00
1.329597663091915072e+00
1.310225357936335655e+00
1.304768954856765140e+00
1.310565126570553351e+00
1.318197865934185087e+00
1.306505093656020078e+00
1.311139069421957570e+00
1.308616661220370680e+00
1.313544758085807951e+00
1.322071040607688541e+00
1.306819500014150703e+00
1.306689645385289422e+00
1.309611390230400962e+00
1.308595666531787272e+00
1.305720083559102296e+00
1.301176446882933879e+00
1.312194590601531319e+00
1.315734549944070464e+00
1.306473225954617901e+00
1.313809868071696974e+00
1.309288897461377887e+00
1.308451802976214884e+00
1.316847437512454810e+00
1.299211712513724803e+00
1.310825608596857927e+00
1.308186458480708803e+00
1.296105563321699350e+00
1.311169705146650655e+00
1.299937980025148265e+00
1.299365517121106706e+00
1.307732935743345370e+00
1.305345385524825153e+00
1.292176322247406750e+00
1.317380459646081192e+00
1.291443626581526560e+00
1.310897676600876194e+00
1.292598752641006765e+00
1.303960944306633785e+00
1.311437252272768417e+00
1.294323452552591291e+00
1.295278748948315295e+00
1.293921936412171902e+00
1.299269515733426639e+00
1.294549447038134682e+00
1.298031707400159940e+00
1.296056202191196993e+00
1.303457372163275396e+00
1.296813900536953890e+00
1.293264040062710896e+00
1.305589335980094079e+00
1.308196242002285903e+00
1.292733883903054215e+00
1.294533836061461107e+00
1.294585014082958896e+00
1.283470795023440303e+00
1.291827545138808597e+00
1.288808649877017931e+00
1.292497107670897094e+00
1.279802699293786539e+00
1.299404306990322500e+00
1.277103236634200778e+00
1.295636808070186996e+00
1.280749754981620026e+00
1.289554620387511008e+00
1.283453995403181169e+00
1.279645034868100550e+00
1.295654391847486098e+00
1.273815726569128559e+00
1.287396871705476009e+00
1.281059530847199257e+00
1.294636531599000273e+00
1.288400180807304229e+00
1.286644069268822355e+00
1.278542353472081006e+00
1.293182553470945795e+00
1.283993234205332845e+00
1.289138979897700876e+00
1.279552096003560235e+00
1.286909565738993289e+00
1.277315322932622177e+00
1.276325780428226642e+00
1.286902160395589023e+00
1.279477820847646496e+00
1.278652833884971196e+00
1.277607223055771568e+00
1.282476928125527271e+00
1.287141315402242858e+00
1.275249907728984722e+00
1.287510728885802092e+00
1.272272392705642075e+00
1.281003946987282260e+00
1.278613286035404917e+00
1.279103292976743855e+00
1.281026954433873044e+00
1.290391451304741866e+00
1.281163061904565081e+00
1.271859749645713356e+00
1.285132687441582489e+00
1.279952455970300829e+00
1.280649524237925663e+00
1.278777177911164520e+00
1.279000184029988052e+00
1.279417161007398329e+00
1.290355368885745868e+00
1.275007860045991093e+00
1.270696241684359240e+00
1.271690887289692151e+00
1.263553084910904012e+00
1.268729436465329430e+00
1.269178224724139659e+00
1.267243833689355226e+00
1.272479729890860556e+00
1.272548288112072434e+00
1.265889701962151559e+00
1.271431411403449063e+00
1.279560364853763010e+00
1.265268570685707639e+00
1.275335079145474726e+00
1.280934903547646053e+00
1.259749865571693439e+00
1.263161125647774385e+00
1.259187084120261924e+00
1.267982494340890609e+00
1.267964028746882965e+00
1.261319645201362638e+00
1.273727222672965897e+00
1.266626380075412728e+00
1.268995347891773706e+00
1.267633068882644709e+00
1.262122907850174558e+00
1.267152473385772637e+00
1.261723475521778770e+00
1.262343219845776687e+00
1.274876536285574291e+00
1.262053375817276724e+00
1.259248163108575680e+00
1.260897526488470310e+00
1.259997084976761661e+00
1.258250764551149370e+00
1.264639338033721527e+00
1.256389510463770121e+00
1.259795768969810714e+00
1.258960075037445892e+00
1.259764125500708820e+00
1.262345587380857559e+00
1.267014398835575095e+00
1.267317606896673832e+00
1.262396673620448606e+00
1.257351765202161742e+00
1.264017249228087669e+00
1.267002071540548114e+00
1.260191282145199931e+00
1.250123930367296632e+00
1.257074036319263621e+00
1.256760642833553154e+00
1.265607539574173712e+00
1.263647466408673203e+00
1.248477095191808717e+00
1.251965953476233517e+00
1.250848458607050739e+00
1.257328031901323806e+00
1.252767082379736774e+00
1.255269835864863071e+00
1.252349064368118770e+00
1.254671069613680690e+00
1.253497432696999647e+00
1.244714266306143680e+00
1.251847966192110251e+00
1.251484163266347593e+00
1.255389678962711475e+00
1.244712581367526605e+00
1.251633235829036517e+00
1.252144518236127047e+00
1.251779957806967936e+00
1.243644880869951619e+00
1.245076375802340651e+00
1.261157296247255255e+00
1.252085440973815578e+00
1.255438075599302650e+00
1.234801281776581439e+00
1.238506143529550352e+00
1.260820204045491666e+00
1.250464537376198892e+00
1.247242628129956676e+00
1.255741126520781181e+00
1.240720607512063811e+00
1.248283417181221600e+00
1.251138504238834992e+00
1.240897517847679987e+00
1.253393731595120020e+00
1.249090955221254129e+00
1.233049719179326598e+00
1.233459709372572766e+00
1.252571659391747305e+00
1.242540259708053485e+00
1.241079738307676150e+00
1.250653036418499120e+00
1.233693958989779960e+00
1.247022986278686574e+00
1.240982302757073219e+00
1.236589967745447050e+00
1.233356384293513797e+00
1.242752106212970498e+00
1.241931656488347357e+00
1.238978476870947087e+00
1.221371486650540739e+00
1.239058663631971147e+00
1.241302236433806438e+00
1.245720229164912984e+00
1.235880608457567087e+00
1.248993177985268987e+00
1.228842737299666643e+00
1.231261262910335885e+00
1.241852849926490032e+00
1.235909413458009309e+00
1.231630510025073733e+00
1.234907309043299373e+00
1.231957672694369732e+00
1.238378066458030835e+00
1.235100817396164619e+00
1.240306721509325971e+00
1.242311442571414570e+00
1.229825747305999473e+00
1.223190214141619769e+00
1.223326790007814191e+00
1.237479142565252266e+00
1.227540932253538886e+00
1.223195077439390710e+00
1.216556789950457684e+00
1.240467624555966486e+00
1.233759923144088333e+00
1.230225749001475855e+00
1.220914152303756994e+00
1.214963644370764095e+00
1.217355630487481521e+00
1.240683079932282995e+00
1.222333223941392655e+00
1.237619711370336217e+00
1.233863403832114791e+00
1.227353201172049157e+00
1.209796339036871116e+00
1.229358425989786507e+00
1.227520304997924194e+00
1.233866375286615247e+00
1.221739004936204021e+00
1.219032419228607722e+00
1.227825646403392090e+00
1.235528803457727198e+00
1.223855615984558609e+00
1.215605525408363308e+00
1.210864629649384350e+00
1.213795042483204911e+00
1.225759890542708730e+00
1.221837415213227418e+00
1.242362669700725952e+00
1.231292558491478450e+00
1.211339615524103630e+00
1.208231717249070192e+00
1.228203608260255431e+00
1.223133608068891043e+00
1.219460475987717896e+00
1.224946387342855436e+00
1.213256220615879455e+00
1.204625459725588543e+00
1.215924818397015050e+00
1.218590418389031482e+00
1.234655777059307402e+00
1.220477056997248289e+00
1.210659333343675703e+00
1.206348282340052647e+00
1.228516513822693890e+00
1.224124098517569204e+00
1.225321104914054215e+00
1.205206045445433194e+00
1.208140932777845178e+00
1.217799346248367609e+00
1.219190719739742690e+00
1.219139025171128043e+00
1.218005056137541731e+00
1.202775163611813136e+00
1.201464571997133968e+00
1.205752331870685756e+00
1.198502699633102520e+00
1.215711295821592541e+00
1.213134283667032909e+00
1.211745770285166834e+00
1.219685855416794196e+00
1.191373128717018393e+00
1.198898612403139108e+00
1.212798738895825457e+00
1.215176139299242619e+00
1.213004563051780282e+00
1.195921527025355147e+00
1.195682004350222760e+00
1.212087975257630790e+00
1.214956248162836205e+00
1.191590638507258992e+00
1.186734030000770934e+00
1.207450091503979417e+00
1.205810808731605510e+00
1.206310703865645317e+00
1.210673337610688849e+00
1.187144536477082735e+00
1.196857964550510411e+00
1.192603669570647673e+00
1.186548347151895610e+00
1.207618315405813769e+00
1.209481106283987861e+00
1.201113516250327473e+00
1.227712033279936499e+00
1.199470913406040395e+00
1.191371105770696381e+00
1.184819586516067336e+00
1.183340918035012068e+00
1.186045317543101385e+00
1.198277150599645235e+00
1.190970127420908797e+00
1.193169099955679213e+00
1.206117733317222385e+00
1.207380727187233882e+00
1.204261187561789903e+00
1.185094476160150512e+00
1.183810428344687526e+00
1.189487379016916035e+00
1.205267141181184831e+00
1.197673335602316813e+00
1.195105110046444929e+00
1.190403907732419109e+00
1.184245930944033409e+00
1.188409103497094499e+00
1.201301305019000010e+00
1.187824536446759671e+00
1.178191959953358126e+00
1.192622964433476040e+00
1.174234389563600045e+00
1.164614684202913031e+00
1.173647432855251749e+00
1.207726974985800616e+00
1.197203227147553006e+00
1.193438444940281951e+00
1.166459228012308058e+00
1.166628316999738901e+00
1.208028589212690518e+00
1.193313088874804029e+00
1.183024385640648379e+00
1.163905064377340537e+00
1.165387191644047027e+00
1.211248297349007741e+00
1.186980211190012957e+00
1.185901032982585868e+00
1.159667498873275582e+00
1.176890958418475464e+00
1.169973747645667972e+00
1.186834817149134080e+00
1.197849701646395593e+00
1.179106012825909211e+00
1.168406862123374967e+00
1.196184836124695616e+00
1.183673639654241994e+00
1.181529872428205730e+00
1.173721448308399529e+00
1.169480600501832779e+00
1.169395118118590204e+00
1.155744471188599576e+00
1.155501257730105369e+00
1.205974808208714055e+00
1.180459773056949047e+00
1.167339832379871600e+00
1.191360948397492736e+00
1.195281727183965526e+00
1.171098700851034957e+00
1.159508915005150298e+00
1.170002129730769225e+00
1.165753099138044258e+00
1.158676256837814611e+00
1.194011272947407276e+00
1.192801670046802265e+00
1.177326110982381380e+00
1.152237564711709572e+00
1.151045991187789719e+00
1.188562432981016714e+00
1.165349879241213804e+00
1.176758114685251710e+00
1.157079784099134256e+00
1.145267721499630520e+00
1.161527866601419712e+00
1.171204785168189266e+00
1.156310334288829011e+00
1.174367441401100054e+00
1.169265594638057904e+00
1.173658511314221053e+00
1.189103152550080589e+00
1.166337709306886961e+00
1.160078301487080354e+00
1.167136244101546039e+00
1.168141490642503166e+00
1.145419972537900399e+00
1.151367879697337004e+00
1.181149104393667715e+00
1.163660696744465595e+00
1.165661387647656033e+00
1.178480287575187413e+00
1.173921646832915444e+00
1.161598496500434452e+00
1.139709482081192604e+00
1.150795126891070552e+00
1.154291559201733763e+00
1.146576406634204126e+00
1.182666004762928269e+00
1.164761333220792894e+00
1.148614773385743915e+00
1.148666775922056127e+00
1.175552812182094842e+00
1.163971883003058538e+00
1.167650835144814048e+00
1.166110861340899474e+00
1.155228179891557128e+00
1.142369310872186849e+00
1.134666741050700089e+00
1.142192954543936656e+00
1.147340312408463348e+00
1.177587738841702647e+00
1.160291260097548127e+00
1.155435962229825808e+00
1.159273271574370989e+00
1.165349573808649453e+00
1.157995460838048940e+00
1.155996223297929726e+00
1.159855454486178328e+00
1.146763025114083900e+00
1.153400320172424554e+00
1.156732835151114580e+00
1.162123393332147536e+00
1.152740646745491260e+00
1.148477329931791635e+00
1.152510777157022659e+00
1.148965303437918362e+00
1.154821946933114019e+00
1.145143349803521060e+00
1.145654800350253799e+00
1.139212402215094455e+00
1.156428146023857462e+00
1.157626280239666849e+00
1.140565248834903178e+00
1.161102272693180781e+00
1.152432452583521671e+00
1.135281096770360820e+00
1.127572346087230448e+00
1.149605859583112011e+00
1.158536082229894904e+00
1.152201055567914301e+00
1.156348814571640737e+00
1.130953104162826017e+00
1.142545123900236437e+00
1.156765746701165165e+00
1.128406640055009458e+00
1.140717769569469686e+00
1.160935699638863339e+00
1.158108721676513353e+00
1.154912121148560900e+00
1.148277437681827440e+00
1.129171311863996774e+00
1.135589230809451067e+00
1.150430312265011024e+00
1.135455690797209316e+00
1.158414944973276794e+00
1.117874561590206151e+00
1.153316265596012302e+00
1.146748241747771901e+00
1.130867944525475677e+00
1.134920124941526609e+00
1.151931686434803259e+00
1.146287017476051329e+00
1.142761409232424308e+00
1.127050760405538643e+00
1.126867820080829530e+00
1.135613238268901259e+00
1.154208909023570095e+00
1.139620321837132355e+00
1.154853406904482016e+00
1.156428664490921632e+00
1.130249054274555354e+00
1.141349056897261294e+00
1.151346701967124408e+00
1.163388532257685570e+00
1.156820175243034932e+00
1.113990855133004665e+00
1.155182285169849221e+00
1.125034514845436151e+00
1.130655734240655574e+00
1.152278155982687124e+00
1.139679374281982849e+00
1.143006615727992559e+00
1.130279187381809880e+00
1.163102171805751928e+00
1.128371314674772918e+00
1.157743853514796362e+00
1.126173062960029947e+00
1.138234006636352769e+00
1.128163075410326011e+00
1.116125455684694678e+00
1.132067713097646866e+00
1.150552102464147630e+00
1.139933371970689890e+00
1.148584528648188607e+00
1.122272546002126337e+00
1.143767712198513253e+00
1.143178558601725570e+00
1.141674937035005444e+00
1.131464517048813345e+00
1.133403440383352390e+00
1.130056990333190070e+00
1.145629425612735730e+00
1.128505782193673701e+00
1.125531912095193654e+00
1.146178749822784004e+00
1.135875833154427417e+00
1.109418798847124910e+00
1.115349765364640477e+00
1.121964954108211510e+00
1.144287683040191128e+00
1.145523211152493781e+00
1.129865661377558617e+00
1.140241665848780839e+00
1.121202301551877500e+00
1.108810395813773386e+00
1.117665288634321241e+00
1.145586384772679933e+00
1.155259399645444551e+00
1.136609089415265617e+00
1.101297880316292055e+00
1.122227058149430468e+00
1.115061789758408528e+00
1.112194542215205750e+00
1.142182466974871247e+00
1.132368812926028978e+00
1.126335010118310942e+00
1.154796940166507468e+00
1.120016437509101292e+00
1.129618992829799939e+00
1.106675517395495190e+00
1.109300408956314987e+00
1.131427642334906780e+00
1.100931782823078242e+00
1.119711491908276235e+00
1.127068198180921854e+00
1.119648605430222377e+00
1.114925451326837180e+00
1.110735487338904370e+00
1.141342624252977389e+00
1.136673013152823541e+00
1.136098203797997863e+00
1.106834636495910074e+00
1.108294856656944161e+00
1.105615913265437067e+00
1.122290838586480488e+00
1.128986414576050423e+00
1.154165578158264260e+00
1.110096911230115113e+00
1.132356453740405167e+00
1.105260179581361912e+00
1.121956572323860923e+00
1.117567360375858021e+00
1.122643407602869292e+00
1.137656625361233242e+00
1.105652852257075880e+00
1.094527126488821001e+00
1.111736569513734230e+00
1.107055585076614834e+00
1.116775116156224934e+00
1.134283361473159779e+00
1.122652038268482144e+00
1.119543129524841696e+00
1.114686886595495086e+00
1.113192188614512412e+00
1.112615851754150231e+00
1.123347138191896910e+00
1.106458800566096912e+00
1.109665923863178749e+00
1.108502189184752629e+00
1.109298049095062799e+00
1.115968999038160048e+00
1.114497124693552221e+00
1.117307442972933496e+00
1.089268661826570339e+00
1.092541329580413834e+00
1.110049130011355301e+00
1.104886456779327064e+00
1.092503319040092569e+00
1.105217679921469021e+00
1.124260385198893042e+00
1.113422749587929639e+00
1.144786989429407376e+00
1.108367037339723638e+00
1.092843269436308828e+00
1.091756212136931525e+00
1.092773343352481108e+00
1.105838794935653846e+00
1.125873145417900512e+00
1.112916212355126611e+00
1.118000864495252822e+00
1.131917176967236260e+00
1.105776436451756828e+00
1.122176427607807003e+00
1.112692756396921556e+00
1.101357696090685012e+00
1.103981683549961401e+00
1.112999723520054385e+00
1.130433164007856872e+00
1.104970877026805631e+00
1.104501295211388845e+00
1.086749936381836923e+00
1.108791396947354846e+00
1.097058022882400730e+00
1.086012379498018099e+00
1.101700689508932518e+00
1.095642434672171817e+00
1.091214501711895934e+00
1.093061954063944574e+00
1.114317121321928727e+00
1.118813385610814670e+00
1.120022478592142656e+00
1.099412014114096836e+00
1.112456665527300492e+00
1.105961307903848168e+00
1.108088458139574906e+00
1.099116379580649561e+00
1.105161267384738855e+00
1.084687197377861123e+00
1.079589941894242733e+00
1.096724347708281089e+00
1.100754165371129689e+00
1.083953385852072016e+00
1.092976509151189823e+00
1.111973476217270385e+00
1.123473067818598015e+00
1.129608043499547687e+00
1.125166034703835249e+00
1.079185121680693360e+00
1.089576249540352926e+00
1.107172603050873727e+00
1.114046445392529616e+00
1.120162567054517444e+00
1.090843375207908528e+00
1.074127723911831644e+00
1.093234663381756233e+00
1.086601669450026897e+00
1.082656582056838124e+00
1.091250877402117236e+00
1.124603263204955850e+00
1.110204224302984377e+00
1.086656461494005077e+00
1.090374435117348106e+00
1.089424281077518097e+00
1.118388484536453786e+00
1.097591999948017483e+00
1.097410752146386725e+00
1.115083013656373412e+00
1.089091150854295753e+00
1.104658973688776413e+00
1.075582805682668841e+00
1.078294336155592337e+00
1.084727702727900311e+00
1.094615653482457818e+00
1.093892614119648776e+00
1.088984783930681433e+00
1.106812222317088201e+00
1.100037583568751698e+00
1.071040555091913982e+00
1.081269890088224495e+00
1.122371288784519860e+00
1.111401429352954606e+00
1.124607838246867830e+00
1.091165343740559734e+00
1.070841643472564275e+00
1.070165627854564816e+00
1.091869270052307828e+00
1.084958880918571067e+00
1.085514053834761183e+00
1.116586397021596344e+00
1.101604046024205141e+00
1.076827024716505044e+00
1.095589559618566744e+00
1.093191867821052154e+00
1.077164702965633269e+00
1.072109722610803839e+00
1.079230430827502696e+00
1.089344111018247352e+00
1.088542691230105719e+00
1.100116900627738037e+00
1.108017758146110587e+00
1.091826808594958953e+00
1.089287674534573647e+00
1.080336442500605232e+00
1.086958524301652629e+00
1.097395684926999904e+00
1.119728341102299352e+00
1.075101649420634686e+00
1.088292894803512878e+00
1.097254998167139783e+00
1.069509236690323828e+00
1.074495056976481067e+00
1.098854203163936116e+00
1.099218798681705911e+00
1.103793113254617486e+00
1.101160475653492066e+00
1.087002907293282528e+00
1.093214704476049404e+00
1.087294062901456249e+00
1.063914906771367574e+00
1.076420456695013517e+00
1.087279472006037473e+00
1.085276348956732972e+00
1.076995736861255271e+00
1.066315905669500408e+00
1.078960418399473653e+00
1.095409326099511693e+00
1.071032933772211537e+00
1.071986009721612731e+00
1.082940541849015448e+00
1.085976404697915454e+00
1.096512878448597794e+00
1.071786706144061796e+00
1.096557060744921097e+00
1.075800672286391535e+00
1.072183116272634740e+00
1.112643757401010847e+00
1.075129487921920424e+00
1.072126685367155163e+00
1.101207607431198054e+00
1.092285518995945726e+00
1.102216407413132870e+00
1.068257701229398782e+00
1.082035475196923002e+00
1.073040178818087664e+00
1.069069771668664348e+00
1.063717290957988171e+00
1.082927141288646533e+00
1.084283450364014412e+00
1.074193182823518944e+00
1.087254106392620434e+00
1.095427948239405147e+00
1.087046567684385456e+00
1.068722041502432551e+00
1.076437673006284124e+00
1.079315397547707001e+00
1.077534409290943129e+00
1.074529317394316674e+00
1.067135000193239369e+00
1.068583881083082998e+00
1.078722170838908090e+00
1.081486918286181043e+00
1.071415942791066556e+00
1.093581585964648273e+00
1.069027601542375860e+00
1.062002576479794902e+00
1.064485497142765968e+00
1.084032117089195557e+00
1.067524765808863352e+00
1.083670470298896182e+00
1.069544313047240180e+00
1.065351618629717168e+00
1.068921115396463506e+00
1.085708597608377346e+00
1.072499403217721525e+00
1.082562498604531909e+00
1.066480032947210166e+00
1.096485338872524418e+00
1.056550657458748210e+00
1.092001930589525216e+00
1.100374350234798460e+00
1.078030060422493053e+00
1.081651338568687670e+00
1.059996823726256032e+00
1.076729141465749828e+00
1.063513382982079980e+00
1.076615152307571988e+00
1.061549062957855005e+00
1.082393177343407453e+00
1.065790826785726120e+00
1.070546151800977563e+00
1.059883762196661916e+00
1.056652668902740011e+00
1.055201058640584222e+00
1.064107273557805655e+00
1.075077242040302528e+00
1.065468880931457862e+00
1.072517622548281757e+00
1.058122692692298861e+00
1.050649592563984269e+00
1.072226314597682473e+00
1.076409765650820249e+00
1.063318420374109508e+00
1.105776882735884259e+00
1.068547296282023273e+00
1.062713524989547853e+00
1.059821288764974723e+00
1.079233361886684950e+00
1.071587758811542113e+00
1.057802285248945484e+00
1.071025757002345591e+00
1.062277506958273277e+00
1.072691551692178225e+00
1.068285325176481892e+00
1.067872186853068284e+00
1.058558740488953154e+00
1.053871488736681350e+00
1.067658237712541203e+00
1.054647948904857246e+00
1.037375263138364367e+00
1.056178227114590529e+00
1.053617925504936936e+00
1.070488485812291168e+00
1.056219506233396999e+00
1.050099955730880108e+00
1.073003646063169336e+00
1.051933846164450514e+00
1.077143519313809916e+00
1.065628846463989365e+00
1.054099603626454051e+00
1.063042755104876447e+00
1.065937817834952117e+00
1.060903446663421512e+00
1.063346915787104718e+00
1.061751387922936551e+00
1.068344426318968088e+00
1.043112798969678456e+00
1.064057144827509349e+00
1.066268451297785580e+00
1.080234686015915324e+00
1.049570303390443327e+00
1.068202479540198091e+00
1.065958078294923839e+00
1.046499987140927512e+00
1.057491379282645250e+00
1.051721816145491983e+00
