3.887893785778782672e+02
1.157684687614280961e+02
9.012886071586473236e+01
7.801428674262788832e+01
6.378460723084572948e+01
4.266562356033810488e+01
1.808871946249042750e+01
6.401338768910801669e+00
4.649373852910557936e+00
4.027254500601190834e+00
3.435529439388890882e+00
3.005432743354335301e+00
2.723897162504781644e+00
2.513171364737161628e+00
2.344251148185803935e+00
2.204839799274216805e+00
2.087195281168425343e+00
1.989317005947430994e+00
1.902928337622999067e+00
1.828266854594337021e+00
1.766653443222070408e+00
1.711017257089615162e+00
1.659989151325888423e+00
1.615373790017298861e+00
1.574989459700724348e+00
1.540125621643837706e+00
1.506346116062798890e+00
1.475539118798836258e+00
1.446053041262834071e+00
1.420334190523994344e+00
1.395820946455985201e+00
1.372494386083702445e+00
1.348081222391621203e+00
1.326866879548515010e+00
1.305305707218589406e+00
1.286555467650458029e+00
1.268354222547978249e+00
1.248436804247929466e+00
1.230238634952062204e+00
1.213104388835586578e+00
1.196220537805072537e+00
1.180920479468579920e+00
1.162985495683080073e+00
1.149528137483554202e+00
1.133728228565644924e+00
1.117162760572125935e+00
1.103867448697341436e+00
1.090449047718013098e+00
1.075499567472115281e+00
1.063833026784170022e+00
1.050130606478915540e+00
1.038604042608089584e+00
1.024611214980463592e+00
1.014701273188552078e+00
1.002375706869938154e+00
9.915295620889349459e-01
9.790123013397383778e-01
9.691598354008855720e-01
9.570245778967013672e-01
9.480640680485579175e-01
9.389246604205817581e-01
9.278536119230945678e-01
9.174782583631136967e-01
9.086053915586410623e-01
9.005681481278519085e-01
8.891639366011551138e-01
8.824489446657838299e-01
8.708426541600818860e-01
8.656239550022563067e-01
8.552137471351738407e-01
8.482953591588383579e-01
8.401975931433076639e-01
8.344045374963376949e-01
8.244282796273697533e-01
8.194824990227731476e-01
8.111618502499418071e-01
8.041722204780396011e-01
8.019515536770424058e-01
7.934149691160716777e-01
7.877183896823892750e-01
7.833354409972117516e-01
7.762434142193628261e-01
7.712709220259430509e-01
7.661260062393978609e-01
7.619283672790538864e-01
7.554647619519108126e-01
7.504009701702981650e-01
7.457023412320248346e-01
7.400948330040676426e-01
7.353134819899590502e-01
7.314222604426610097e-01
7.253489302089786150e-01
7.228181665182438209e-01
7.188858120752534830e-01
7.149118324747839592e-01
7.100498527914530511e-01
7.065674398063787054e-01
7.042691945471580839e-01
7.002756374974303810e-01
6.953746236033443440e-01
6.905271341835833576e-01
6.881232437120333723e-01
6.855464714231419565e-01
6.798967517000695793e-01
6.779837008947331434e-01
6.751663190755999855e-01
6.714473391583997142e-01
6.666613265716531123e-01
6.642966660749725083e-01
6.609988076597719253e-01
6.571872407595469312e-01
6.557587726976655818e-01
6.486672410757067242e-01
6.493286692357144174e-01
6.451310096152117479e-01
6.436379752913530261e-01
6.373565692159134377e-01
6.371709570297479086e-01
6.339416398409813969e-01
6.283281306373098563e-01
6.267115337410203990e-01
6.254120566954567417e-01
6.220432076214086337e-01
6.196285294942648347e-01
6.160841673375253569e-01
6.152605673636594164e-01
6.119845753291606183e-01
6.074311261639949722e-01
6.074886606676692669e-01
6.056476722015495806e-01
5.989713263072395932e-01
6.020043598536127805e-01
5.992891159256324984e-01
5.932307114065269449e-01
5.916090192934208014e-01
5.885370161528694632e-01
5.874003897372203076e-01
5.864821025486209871e-01
5.850959517278649935e-01
5.809492189069205281e-01
5.799842643389739871e-01
5.756137215853253108e-01
5.735659216414360495e-01
5.732234278248921067e-01
5.721002497993017410e-01
5.686983714531200773e-01
5.681365036692277437e-01
5.650637721348156228e-01
5.633239934221149214e-01
5.629639843884987060e-01
5.570466906137718777e-01
5.593710796083005699e-01
5.565938073944978193e-01
5.513789925205928588e-01
5.532136478648995714e-01
5.484654465629762443e-01
5.504976766703347790e-01
5.439027974654387920e-01
5.459276812053132089e-01
5.433279606976896270e-01
5.406482874991728194e-01
5.407329882350073724e-01
5.386498504853000080e-01
5.365523928306651369e-01
5.332012468142942607e-01
5.330413490527269316e-01
5.322513147222307506e-01
5.305398020536302717e-01
5.282626529534809601e-01
5.235297160184230192e-01
5.274886263281058918e-01
5.222697566230886101e-01
5.210367678155474191e-01
5.214424983507922606e-01
5.174422953295176875e-01
5.156989710409128902e-01
5.167538676115094320e-01
5.122475666852090992e-01
5.143269354568710261e-01
5.091022157359601508e-01
5.105573653713062487e-01
5.074033908410532367e-01
5.067099494434768037e-01
5.042550727707429958e-01
5.060399317720950529e-01
5.023418396886617510e-01
4.997496927119315924e-01
4.983937315580952987e-01
5.011412623369477792e-01
4.955595009731216805e-01
4.944851223640809312e-01
4.932219697303610317e-01
4.911743359872480785e-01
4.901331539359536915e-01
4.894951075799440776e-01
4.885747520895047935e-01
4.871937440625790927e-01
4.853751388009757139e-01
4.848955020363797108e-01
4.858253673373675863e-01
4.819692946836595104e-01
4.790934932206680208e-01
4.796712424065360802e-01
4.788089135043537836e-01
4.815637487135928096e-01
4.753156783409847042e-01
4.747364228336183878e-01
4.760522430541804240e-01
4.740025846611236049e-01
4.712281833648583884e-01
4.717937889805468021e-01
4.646158363355772369e-01
4.732433094250117489e-01
4.686418979815035191e-01
4.630442795854367577e-01
4.684674662189027283e-01
4.619006180495432434e-01
4.681932683367850401e-01
4.605358801685856540e-01
4.611268280307916911e-01
4.583188083629767262e-01
4.639507088041792682e-01
4.552801862615665773e-01
4.582391878947227326e-01
4.547971368917260171e-01
4.574630557111301066e-01
4.599171009884991945e-01
4.519470988538306089e-01
4.546705184544057587e-01
4.483802045474915565e-01
4.521587522187034414e-01
4.530461821855453763e-01
4.485172028865584415e-01
4.442441077729704646e-01
4.502293460356569521e-01
4.467516320959086240e-01
4.420575791550280798e-01
4.476060668320658853e-01
4.438454806616996540e-01
4.433316829099331335e-01
4.403159281154460092e-01
4.399923485156994052e-01
4.435636215133546556e-01
4.382082586871503538e-01
4.365611878931952572e-01
4.403808089531636161e-01
4.325662531232032371e-01
4.385340048147625680e-01
4.371141574441375077e-01
4.337495191160506969e-01
4.301614902423920861e-01
4.321284077198778717e-01
4.306734684099737809e-01
4.292712221929100846e-01
4.259887535317133378e-01
4.315252154737844736e-01
4.294264274889056376e-01
4.226503751625569905e-01
4.250615488648571971e-01
4.302868207433714898e-01
4.220735492165990088e-01
4.249120868592754507e-01
4.217979596591701075e-01
4.176785007004262251e-01
4.229018686182473563e-01
4.243005701044172961e-01
4.165253691235055733e-01
4.214059560740536781e-01
4.197919662050319523e-01
4.143207598060960062e-01
4.180365311761222724e-01
4.122373206679816882e-01
4.152219347231487223e-01
4.110038600115977214e-01
4.111217033367967066e-01
4.128016210361101224e-01
4.123058356515676981e-01
4.047108118143997735e-01
4.082978222454319295e-01
4.094085111370559527e-01
4.047434014520903678e-01
4.024792623990918750e-01
4.065709882195244762e-01
3.985371165161379348e-01
3.971778771925877360e-01
4.014722260549298816e-01
3.956555644996929133e-01
3.996773866164227695e-01
3.923402304453083578e-01
3.987752631794654889e-01
3.956305915866534240e-01
3.923834133223913501e-01
3.950086911112503096e-01
3.903949340520663225e-01
3.900158628911912229e-01
3.951089889503896502e-01
3.877317251776228324e-01
3.949301503455380780e-01
3.851404605293305417e-01
3.878516934884023715e-01
3.909692234274275702e-01
3.851941190517019220e-01
3.896223996169299597e-01
3.878675190566256425e-01
3.813488901376297924e-01
3.889577894214943932e-01
3.791714674563435583e-01
3.811528841324134942e-01
3.877437230289212944e-01
3.822780664958727037e-01
3.787405858031028250e-01
3.859694715255090891e-01
3.818101938370583315e-01
3.797271665197947121e-01
3.768908071133745818e-01
3.775324574176499026e-01
3.812199886371927526e-01
3.751413109940642809e-01
3.760475174041759128e-01
3.812626121985059346e-01
3.738499300569120831e-01
3.743017621275734341e-01
3.757764103559269597e-01
3.712812726320464107e-01
3.764975561520804703e-01
3.710721135896462020e-01
3.676222435715733039e-01
3.741445802934859066e-01
3.662884125034677751e-01
3.654508803834757846e-01
3.732533350769370872e-01
3.672497011000988576e-01
3.658999696479516839e-01
3.690809929323299321e-01
3.648672122447784161e-01
3.683355191088628633e-01
3.701942355349821523e-01
3.626754492246451744e-01
3.653543039903848766e-01
3.618759055666203595e-01
3.607656651208916432e-01
3.647412024988666013e-01
3.572633313409591671e-01
3.584197739695091922e-01
3.578952859167059963e-01
3.569694844163942560e-01
3.560190077835266309e-01
3.586353393488260211e-01
3.537987538573256763e-01
3.560387919876835672e-01
3.572686584597190573e-01
3.600063809141584859e-01
3.558714638009970455e-01
3.517434662604264073e-01
3.563231941192518959e-01
3.518749911709187495e-01
3.495512611735774322e-01
3.511789925992906958e-01
3.520695546591786074e-01
3.564679964241648791e-01
3.479395661522728944e-01
3.481198086174026596e-01
3.512517229407380870e-01
3.532157429794132164e-01
3.457003066945772418e-01
3.538560014745546489e-01
3.483842030880310303e-01
3.454984208615174968e-01
3.460252092129584844e-01
3.469214049376283526e-01
3.445284690790966775e-01
3.517898595613925816e-01
3.438356887364801273e-01
3.475657637716019210e-01
3.446797775094996852e-01
3.491819306577061410e-01
3.405967560400967042e-01
3.398018045907247875e-01
3.404576061785993257e-01
3.455699746778584935e-01
3.410130704937582302e-01
3.417763707835279052e-01
3.379703528476520891e-01
3.401441173837349008e-01
3.471390849447591465e-01
3.394209922388490841e-01
3.394136848680104346e-01
3.426180023887683279e-01
3.356139001702490021e-01
3.361995215225939693e-01
3.404603625815640355e-01
3.404730960761522263e-01
3.382707975995609684e-01
3.378668970989135434e-01
3.369957892816839995e-01
3.375776180923211744e-01
3.357346972321172962e-01
3.406945700616543227e-01
3.308249263882893643e-01
3.353988154994849702e-01
3.347751474743933531e-01
3.331700398751110126e-01
3.388017336489772546e-01
3.337151964689624162e-01
3.320709522634466837e-01
3.341103674514258048e-01
3.359854001932123801e-01
3.318663781414863956e-01
3.344579924604574317e-01
3.300390253890486125e-01
3.290613949636609914e-01
3.295237553684544074e-01
3.326307502258248894e-01
3.285862645320156150e-01
3.370479840696383178e-01
3.258844524869713433e-01
3.281028009475314700e-01
3.268882931807472469e-01
3.288013612957002008e-01
3.279801797824207221e-01
3.276024539063355778e-01
3.234103020382328997e-01
3.258435517578516794e-01
3.270193805691822830e-01
3.230539814890895367e-01
3.255720684837869472e-01
3.249084936266999346e-01
3.245008711334547713e-01
3.181939054292718394e-01
3.208153446919230767e-01
3.234334116694504435e-01
3.204695671659513745e-01
3.216325491788882274e-01
3.182911228438665141e-01
3.243400428799166346e-01
3.174613940415911828e-01
3.160745934144166269e-01
3.190283080090416390e-01
3.196531637322290176e-01
3.169883466116524828e-01
3.174544817035621636e-01
3.195393605353989974e-01
3.158260550486178819e-01
3.196394784297420522e-01
3.162713036925791088e-01
3.225218639310937774e-01
3.110653864884545539e-01
3.142509084195714841e-01
3.160613039288244219e-01
3.142532327174398232e-01
3.121531481822554799e-01
3.146174175221414515e-01
3.132201353777110397e-01
3.087610195763649812e-01
3.113224770147943188e-01
3.137858563248325239e-01
3.128604217222759609e-01
3.129806278161340605e-01
3.088330214359034653e-01
3.124640241237643945e-01
3.106074741037709863e-01
3.098995343337161423e-01
3.062186049222628825e-01
3.059714496164575026e-01
3.139814026358283550e-01
3.100083875144866163e-01
3.064737848561541189e-01
3.083194124042014095e-01
3.076112159482639608e-01
3.024351345224797205e-01
3.027931224118933229e-01
3.046015880946280618e-01
3.063460539061684806e-01
3.068519166306424850e-01
2.991245926627618679e-01
3.001136084142412841e-01
3.009941245742095983e-01
3.033286247034938099e-01
3.051592900278880527e-01
2.940486792654168902e-01
3.025747734588857263e-01
3.000161666909900715e-01
3.006179466908265874e-01
2.999744227560449672e-01
2.976491251088538847e-01
2.948368568721291272e-01
3.013182840845026189e-01
2.926430826695317067e-01
3.000980914529333687e-01
2.966780223978889852e-01
2.974009753887080221e-01
2.937497067092769698e-01
2.955649751884416032e-01
2.931067791193681105e-01
2.987211722728304042e-01
2.944009678736144164e-01
2.919835746793950637e-01
2.939586331924778362e-01
2.952834187695560497e-01
2.949454038219389007e-01
2.887212949530491568e-01
2.926748905935090961e-01
2.933519349253944086e-01
2.932343762286265809e-01
2.866435555007452174e-01
2.916939773742348030e-01
2.918250838908577616e-01
2.898609937405725590e-01
2.886462819292366366e-01
2.907448371976047441e-01
2.899086801805647040e-01
2.869747788875063321e-01
2.877513466414626797e-01
2.896827298566218012e-01
2.909904763194535726e-01
2.871372237267720839e-01
2.869682995750945098e-01
2.825911806079179356e-01
2.872083698435060062e-01
2.884902081778344951e-01
2.867776499947145008e-01
2.809164977089782522e-01
2.865226407772022976e-01
2.873886895714831136e-01
2.808084635590545886e-01
2.841762946289970171e-01
2.861504984575876098e-01
2.840419558742522943e-01
2.822392589145594766e-01
2.888859826554847632e-01
2.820642192692063843e-01
2.800411664036279169e-01
2.853193685831212356e-01
2.807785227547526241e-01
2.807831839394031581e-01
2.804880649160787498e-01
2.790101431859925429e-01
2.803426121313587482e-01
2.795905478426511381e-01
2.777837324569092381e-01
2.829156438891710645e-01
2.798610498024848847e-01
2.787148082833903473e-01
2.786711875714809605e-01
2.839418148245546059e-01
2.778277461341204790e-01
2.789380498742649594e-01
2.804506512605124402e-01
2.762827059932501661e-01
2.797465438251047209e-01
2.788602039566963620e-01
2.750175586603106348e-01
2.758165935354169318e-01
2.782132032159154167e-01
2.789024937702312412e-01
2.722785262269516449e-01
2.734769210087901747e-01
2.746425192922600789e-01
2.729982348627564281e-01
2.752225417479101099e-01
2.720342249313883465e-01
2.703469215405886472e-01
2.740645371131686381e-01
2.749590799544889275e-01
2.694412564967690327e-01
2.730766667704261352e-01
2.757390793497088710e-01
2.708730287187802177e-01
2.687058766969120938e-01
2.724269271341435150e-01
2.696346662910641956e-01
2.722446772551869176e-01
2.694725823153560351e-01
2.704749007251505133e-01
2.720380797174590248e-01
2.723910874781603764e-01
2.694920619086008107e-01
2.689564267244040630e-01
2.702135419961138596e-01
2.753355119836504716e-01
2.666089984181927997e-01
2.664967723544898748e-01
2.675678421211583058e-01
2.678417177285997708e-01
2.721930252732575606e-01
2.695240425645249460e-01
2.679206937412874079e-01
2.707105143569382699e-01
2.657138714930585288e-01
2.671683103270495185e-01
2.652732292201737674e-01
2.687528062710349830e-01
2.678125767111452782e-01
2.638465598500714937e-01
2.645946056342427521e-01
2.666077697749789643e-01
2.691842930680767298e-01
2.607659102611510349e-01
2.684549428142697924e-01
2.661504878404495900e-01
2.671784636900372267e-01
2.654641874763943865e-01
2.644471071678943241e-01
2.633653164366537291e-01
2.610322698527114960e-01
2.642067233219353994e-01
2.654336877555569796e-01
2.626392583552114579e-01
2.598498776695032375e-01
2.612673544974883910e-01
2.668075759442231631e-01
2.589306466846436616e-01
2.638460639838240973e-01
2.631368327850354683e-01
2.654222150260741597e-01
2.634146083220899048e-01
2.621960916605733383e-01
2.636545201864721188e-01
2.623530094986496475e-01
2.596756462825527967e-01
2.613686363100093391e-01
2.585695504869689465e-01
2.599527203858166824e-01
2.640312320494210829e-01
2.644377364831165811e-01
2.591875520267092892e-01
2.653386188358379250e-01
2.632520619877712353e-01
2.593679328347516244e-01
2.589957941286307186e-01
2.590193197921049628e-01
2.624323443369195874e-01
2.630103687516596733e-01
2.595939493762362549e-01
2.629026536955864635e-01
2.618056445888598538e-01
2.584251648332956397e-01
2.636124713222672278e-01
2.574653438130729000e-01
2.565021441486511344e-01
2.641998049938616422e-01
2.549392611651820073e-01
2.571975331702093803e-01
2.595619519703508682e-01
2.562627927600821809e-01
2.548826925135064259e-01
2.577283479999820659e-01
2.613023603387097937e-01
2.609360519176575632e-01
2.555130063928247597e-01
2.569058315992868158e-01
2.542823621822751790e-01
2.553556488649856848e-01
2.564805801744803326e-01
2.548964096726396567e-01
2.588490207395324760e-01
2.587986957932276733e-01
2.558633421459456936e-01
2.511534912567058853e-01
2.560479592212697164e-01
2.539807123600182348e-01
2.486935506846564836e-01
2.575667828211435917e-01
2.575598234737091485e-01
2.501363061471102434e-01
2.551594364270121096e-01
2.499548570588331631e-01
2.568536399125444514e-01
2.510682490582539783e-01
2.517679081671848063e-01
2.565734279491083680e-01
2.548795709984928992e-01
2.523139785725915796e-01
2.502461353570781810e-01
2.518133501314364087e-01
2.523599926169789454e-01
2.522254694070698577e-01
2.452002069496884984e-01
2.549110130814052910e-01
2.536168230260613110e-01
2.484316120396520000e-01
2.526609728448949155e-01
2.469052658299292491e-01
2.483407406728377342e-01
2.515881813739281325e-01
2.465663406790992995e-01
2.461117850727127798e-01
2.495974834191580227e-01
2.532759788425981151e-01
2.464683420378673551e-01
2.513660587270263869e-01
2.456148135508908481e-01
2.477674014663098223e-01
2.504068083874087525e-01
2.468892928493277017e-01
2.484637497951445173e-01
2.447007106948143329e-01
2.471077061515712936e-01
2.554017581289918515e-01
2.448933297112413643e-01
2.483020931596683356e-01
2.478782357251601010e-01
2.432477039359684789e-01
2.444086405728058409e-01
2.480812223391281046e-01
2.455538196552895236e-01
2.443247336490713961e-01
2.471488885529439516e-01
2.461447234959180108e-01
2.414526926008144780e-01
2.428383300112950394e-01
2.488474851468841231e-01
2.387327643259501142e-01
2.471004604149732164e-01
2.436473177917655164e-01
2.464366947490857773e-01
2.369635413720454220e-01
2.439905785798809068e-01
2.450371877803637910e-01
2.421021853160945925e-01
2.477964564488920607e-01
2.409440865984653624e-01
2.408896456036685452e-01
2.440086808368502613e-01
2.406076429049708587e-01
2.421074238992009520e-01
2.379439877998617003e-01
2.396535172787359613e-01
2.440157251708629238e-01
2.400966796838490680e-01
2.438096539438524835e-01
2.411166569598126586e-01
2.381935826343279661e-01
2.441699119910485105e-01
2.371796302341339924e-01
2.433986360394344572e-01
2.358711144274762972e-01
2.422922909398645686e-01
2.409499694469036946e-01
2.339277306692897629e-01
2.423971545817620588e-01
2.392726566255805321e-01
2.368610761977280321e-01
2.419189632111186372e-01
2.371426639991389973e-01
2.407765898987254960e-01
2.379912287191988385e-01
2.386829416923782754e-01
2.373627377121871607e-01
2.393139175108266736e-01
2.414555850913966129e-01
2.333900012589648354e-01
2.357508096063951342e-01
2.354315471182853725e-01
2.351393220340493861e-01
2.425239366644467431e-01
2.396120054253504106e-01
2.325562279845894975e-01
2.366316316068509673e-01
2.338301145878165510e-01
2.326852199994399462e-01
2.388250762834781549e-01
2.353766541137054247e-01
2.346727429645351914e-01
2.349793583351789117e-01
2.373572373702489136e-01
2.337592470208054440e-01
2.282855513326745855e-01
2.395947340499013922e-01
2.405207536573643612e-01
2.309224032474848920e-01
2.348559310887183005e-01
2.338901330628349873e-01
2.328182438598983550e-01
2.348424522550234539e-01
2.373670199516944856e-01
2.307794095663747991e-01
2.327704592180223908e-01
2.323834504182721028e-01
2.350258226440155029e-01
2.356003065482439596e-01
2.291403230290175730e-01
2.333656922522644450e-01
2.299748589856140668e-01
2.356157547623639326e-01
2.306329629620763599e-01
2.295684388567880985e-01
2.326985166003268379e-01
2.281251186437525391e-01
2.323192593511511361e-01
2.297878340237464456e-01
2.306741519426657450e-01
2.290181039397594931e-01
2.339393182364941648e-01
2.319374778339279020e-01
2.238254450387633654e-01
2.326234146143716652e-01
2.325290365811366333e-01
2.296040176870751404e-01
2.271495869292009528e-01
2.281974554755922535e-01
2.268470179530789055e-01
2.315217247932905842e-01
2.241870992312112731e-01
2.268251200834681403e-01
2.277673380099930756e-01
2.295143222294145635e-01
2.308346377735237265e-01
2.302030976179806343e-01
2.256975902620518559e-01
2.286398544037156755e-01
2.266735521746738036e-01
2.268619725612216198e-01
2.293137711211538921e-01
2.285097483334058988e-01
2.261837142723224225e-01
2.258808910727353736e-01
2.263095061831484067e-01
2.283373844534961339e-01
2.201831520419365862e-01
2.320081667667405478e-01
2.255971995202909197e-01
2.248912215753048616e-01
2.285114339838965336e-01
2.240967871147493129e-01
2.300348518756991367e-01
2.215460387255838437e-01
2.194267249399072528e-01
2.272180225032343348e-01
2.258791003575817136e-01
2.175848245628827504e-01
2.215637926118455836e-01
2.322706992805937676e-01
2.161321247542444812e-01
2.219145951394558558e-01
2.259744343180012383e-01
2.238281603036174905e-01
2.274142678178199262e-01
2.291984813780930663e-01
2.258227862612781633e-01
2.165941668976448797e-01
2.198765582592325518e-01
2.202821584565185231e-01
2.183123057286662505e-01
2.245609810125297201e-01
2.199907830422555000e-01
2.268525617075509981e-01
2.191806047315850714e-01
2.198609793583871930e-01
2.191244746520946973e-01
2.202641813000724147e-01
2.194060802690492029e-01
2.260308033878155320e-01
2.188755562442437907e-01
2.230739578943072565e-01
2.221377280231997264e-01
2.213909199999927468e-01
2.225152313147353011e-01
2.176008616658094696e-01
2.233525880192048785e-01
2.190382758869516000e-01
2.152276450202102176e-01
2.239209484932825067e-01
2.194436924030509495e-01
2.198782245151539305e-01
2.109632234310541976e-01
2.155870781569586281e-01
2.246479019857733073e-01
2.164167875756837500e-01
2.165682939292301323e-01
2.204744910148027925e-01
2.129262383437032502e-01
2.253269180646944869e-01
2.188563914811051392e-01
2.229171954883857332e-01
2.131901861611504856e-01
2.195035502934629956e-01
2.155563169046866567e-01
2.133632622637915144e-01
2.247233558043905399e-01
2.152657670246067578e-01
2.101016031862446287e-01
2.130931271964105200e-01
2.243835870881591144e-01
2.079799435311068256e-01
2.219629554786239911e-01
2.150487622256942732e-01
2.159759159597534894e-01
2.137007441084345094e-01
2.080981037197848771e-01
2.104442486002820190e-01
2.268476333301650827e-01
2.187674435630897474e-01
2.125497692117622461e-01
2.125444038388762114e-01
2.121995817170336807e-01
2.168032645060795349e-01
2.121318566097716296e-01
2.124110224287533155e-01
2.143203289052918736e-01
2.122980488820986056e-01
2.147217895990233272e-01
2.206845969669996299e-01
2.091572586447067172e-01
2.105729137330247802e-01
2.086506549056819371e-01
2.174351751679353961e-01
2.220667442352439735e-01
2.057003627118277056e-01
2.169580344841585962e-01
2.100792098664464591e-01
2.024676766272624773e-01
2.105616411293331491e-01
2.121733077741573270e-01
2.190269306134066951e-01
2.041107363767294958e-01
2.178783965004819911e-01
2.033907846546203491e-01
2.141892404685370732e-01
2.180432041973328072e-01
1.978575216399888481e-01
2.137320347680705390e-01
2.061584366669595714e-01
2.101804269267637526e-01
2.074353250553344630e-01
2.123938260747685047e-01
2.118006375306037414e-01
2.116235712590441020e-01
2.073640930788873404e-01
2.104811955856441541e-01
2.052312482790074888e-01
2.106291683436519457e-01
2.064933901194940524e-01
2.012915844297922252e-01
2.188613644666899116e-01
2.051433177756234738e-01
2.061245996190142205e-01
2.127073515745798449e-01
2.044140607069377114e-01
2.091815071713329921e-01
2.090120424099048135e-01
2.105153497513446714e-01
2.012054157087462825e-01
2.056356792934348754e-01
2.077730092471227197e-01
2.067505749598589626e-01
2.004206769507416441e-01
2.116232779411641174e-01
2.061674302526974589e-01
1.994562246681465811e-01
2.003592787284801668e-01
2.105685584320405868e-01
2.073989870914164646e-01
1.980661073706083963e-01
1.991932015062931882e-01
2.035356180366995060e-01
2.089589853516600204e-01
1.982559438328361512e-01
2.012059430296839757e-01
1.986639576353241565e-01
2.021285836503109168e-01
1.988418566749214633e-01
2.046555763110782244e-01
1.955598630470420096e-01
2.047327831423424171e-01
1.995692967080158198e-01
2.097689128746569320e-01
1.967198781824845977e-01
2.050047963435581710e-01
1.952323164300894254e-01
2.076064133038627302e-01
1.945703938683600864e-01
2.129716826442152044e-01
1.990428609349320366e-01
2.049552861149566141e-01
1.931272084304491432e-01
1.960383527969269679e-01
2.018311568403625411e-01
2.020729759958093952e-01
1.996495162684477076e-01
2.042654780230162836e-01
1.949444951089399358e-01
2.035198751791837124e-01
1.974553095296966154e-01
2.012241168280513026e-01
1.955725140742345103e-01
2.039060789374431693e-01
1.975033208131559415e-01
2.035116411459360342e-01
1.980987569742062304e-01
2.021336900329892272e-01
1.917264053214472741e-01
1.978993398232684608e-01
2.062939392404683214e-01
2.012386225675325824e-01
2.023808339513919474e-01
1.915773949974418355e-01
1.953533044260157003e-01
1.964905212375396559e-01
2.017593697553353993e-01
1.911480123464548153e-01
2.018082829313984916e-01
2.062503438951864554e-01
1.882557008965839440e-01
2.043522142216769311e-01
1.934179293247695053e-01
1.905573934751892684e-01
2.049296367431116817e-01
1.966742627282472566e-01
1.976924598540685807e-01
1.936432417432462361e-01
1.950346210792661683e-01
1.987463097448488591e-01
1.956168722137844596e-01
1.914117093148174353e-01
1.972333117323652740e-01
1.967912193541419830e-01
1.972752234652717374e-01
1.934106703417214357e-01
1.918306825012076888e-01
1.970704616299380207e-01
1.993284192696896939e-01
2.008957474690040990e-01
1.919472376213418319e-01
1.977849891272017713e-01
1.879628254908122242e-01
1.956250633665301830e-01
1.981508050661846820e-01
1.907638541565277734e-01
1.959800813907545125e-01
1.948038544292082508e-01
2.019258857610501667e-01
1.883255706880245517e-01
1.935545280509884947e-01
1.920326118800691484e-01
1.943031497661326379e-01
1.903987881006519445e-01
1.966916993719843021e-01
1.930406710170151918e-01
2.000153515141821770e-01
1.968611592286312328e-01
1.886113116524510414e-01
1.981831441383883063e-01
1.954109891869798554e-01
1.928048815815450734e-01
1.976921501782374080e-01
2.000465794286079568e-01
1.986184081920074895e-01
1.949954011371848317e-01
1.834929721557580218e-01
1.963655988508471451e-01
1.792836628256332110e-01
1.944020331745935637e-01
1.961670345581274510e-01
1.865652313270884932e-01
1.885255339841841182e-01
1.874636285224185184e-01
1.919682572777546559e-01
1.973666985659175976e-01
1.908013639929828920e-01
1.941133760566373934e-01
1.890124096221282857e-01
1.933974732873724178e-01
1.877429258281718971e-01
1.992610557389253023e-01
1.865998856481199397e-01
1.867704820884771577e-01
1.870300929973049142e-01
1.932459030737952721e-01
1.897532617149748912e-01
1.858812312982628390e-01
1.986833075708820395e-01
1.858363333397298478e-01
1.959850595557219577e-01
1.852944363075968159e-01
1.934286484750107060e-01
1.889821067473050897e-01
1.959182616448739145e-01
1.838270954439881477e-01
1.953033571915009647e-01
1.868007762029628704e-01
1.987822951500042290e-01
1.883570640871570501e-01
1.896104967177626721e-01
1.957257025587174626e-01
1.851013163762316172e-01
1.885613916682451208e-01
1.867333970173288282e-01
1.862809459477705321e-01
1.829479342585657309e-01
1.902550733124800386e-01
1.897696273862521654e-01
1.915616720011612262e-01
1.868793689254795165e-01
1.899148636661903977e-01
1.892149526208257437e-01
1.866485141986219676e-01
1.971653375779351125e-01
1.788447888714487233e-01
1.953075946346268521e-01
1.861148586180234599e-01
1.906421191617093391e-01
1.833316899451619408e-01
1.886481477522157224e-01
1.877076209589338962e-01
1.806298053445528351e-01
1.803218736051811488e-01
1.916070508186642762e-01
1.870659775798359237e-01
1.852229732781563720e-01
1.827926113835276756e-01
1.895195843317243334e-01
1.842191106633482012e-01
1.813634311038039015e-01
1.882565730567129503e-01
1.871515919945822004e-01
1.847708231817488944e-01
1.886114709097381770e-01
1.854156539343985166e-01
1.809191050699931191e-01
1.917903689601491157e-01
1.796455133230248913e-01
1.858670879974828605e-01
1.895178877041719945e-01
1.877464822446339998e-01
1.882282025524033842e-01
1.865866727595368590e-01
1.758159708577907432e-01
1.928273474222098882e-01
1.868645032353719315e-01
1.867758369527305895e-01
1.770281327076241029e-01
1.918450342808495634e-01
1.809385036342642528e-01
1.902112708645221639e-01
1.802986600614211454e-01
1.847264954453112507e-01
1.837097506413177539e-01
1.826940202565876525e-01
1.800784849189504822e-01
1.778695679998649470e-01
1.842574107595899013e-01
1.840748401900497433e-01
1.850216360635383861e-01
1.931357565241322571e-01
1.890330132242649952e-01
1.857639562284247869e-01
1.805662550412692469e-01
1.813507293055199587e-01
1.845189479142392008e-01
1.911433910083644994e-01
1.813900039436946721e-01
1.818725614189737882e-01
1.812586868158276021e-01
1.811237899876824153e-01
1.751369945358231817e-01
1.862750815766454349e-01
1.914709837765657119e-01
1.757428361634390257e-01
1.847625698118616766e-01
1.885772818879776491e-01
1.822937206846700908e-01
1.776804090643461231e-01
1.855615974238508104e-01
1.862485372829348063e-01
1.823955504106307413e-01
1.794732663386712224e-01
1.754300881826383884e-01
1.831360476870088627e-01
1.866640426699234245e-01
1.838642952265447106e-01
1.866546682308710403e-01
1.827484489314175342e-01
1.769033709399298326e-01
1.895796046925812550e-01
1.826804032203000749e-01
1.775038980701189317e-01
1.837075589991549462e-01
1.734834443092898304e-01
1.798185661512496647e-01
1.829966910432130611e-01
1.872204610855871254e-01
1.826042426402575691e-01
1.780805928542603944e-01
1.882263748548269611e-01
1.765233861209696553e-01
1.785258181754480755e-01
1.773981828022419271e-01
1.809748790755829895e-01
1.793887745434017689e-01
1.747292902964588113e-01
1.835148722384084830e-01
1.761202805169880259e-01
1.764546602457009727e-01
1.829066358730056796e-01
1.859156242345287036e-01
1.849098777549071093e-01
1.804822981687586314e-01
1.848267259779807492e-01
1.776206429233407047e-01
1.862368911872330501e-01
1.767016556511598058e-01
1.730975613666349000e-01
1.827469050196003364e-01
1.848190724508552707e-01
1.824321041044582037e-01
1.769192409644319286e-01
1.690720537916475530e-01
1.796842390346178597e-01
1.835824493854122108e-01
1.693012142622153660e-01
1.844330005480611101e-01
1.788423689541115413e-01
1.786483444243823493e-01
1.825210584331150299e-01
1.810776515221178828e-01
1.683537151283055755e-01
1.842110003881616553e-01
1.729970176494950440e-01
1.821577874640268047e-01
1.730238604548965109e-01
1.852399808274235726e-01
1.705372994101045370e-01
1.815860314164937372e-01
1.891513446823704925e-01
1.750562959743026947e-01
1.738379887576616545e-01
1.694442657665089225e-01
1.943959176638486719e-01
1.792340163968393629e-01
1.828945465728687436e-01
1.825060944478079650e-01
1.853718007492670405e-01
1.660420220170807093e-01
1.792865296333877867e-01
1.694898351655407254e-01
1.737207275217398372e-01
1.747357268514609097e-01
1.765121986413844546e-01
1.780966599186158128e-01
1.714505512389669917e-01
1.837146994152274171e-01
1.696725380863663701e-01
1.745202200489097411e-01
1.854795157094043245e-01
1.790749162666342986e-01
1.747154953861994320e-01
1.764665530041177322e-01
1.731219362000405437e-01
1.723878734233599552e-01
1.836356419030982512e-01
1.753395738180266727e-01
1.825080741757708624e-01
1.681872102303507976e-01
1.848484887860925019e-01
1.795404979591486982e-01
1.817995246955613764e-01
1.664515754546261050e-01
1.761046359110559900e-01
1.762219386895727269e-01
1.830790086059783384e-01
1.726029470576742053e-01
1.754750746423960062e-01
1.732467154018320910e-01
1.735559297468692863e-01
1.743453057732814448e-01
1.748370603060479256e-01
1.652131304291379610e-01
1.820244803784101528e-01
1.803348596592382613e-01
1.795352043565538180e-01
1.783802442647480779e-01
1.690429168937815085e-01
1.787608688115849276e-01
1.661332807942305090e-01
1.811128342886511866e-01
1.754330022145266510e-01
1.717808114680388909e-01
1.729068520398047148e-01
1.664330217461750805e-01
1.767999341210667874e-01
1.680355883264937622e-01
1.697740808373179033e-01
1.786327936210970746e-01
1.694142819994459426e-01
1.740944476426951049e-01
1.729202776411242759e-01
1.695484749291549520e-01
1.713051798224373423e-01
1.765386225999683312e-01
1.658225849201707403e-01
1.780318136589304767e-01
1.760833468112395772e-01
1.708892825353560407e-01
1.783476352756630801e-01
1.794730964946612828e-01
1.742079917192278782e-01
1.662449531504786304e-01
1.699397695826709020e-01
1.768651307455844923e-01
1.744085329367606463e-01
1.750839961629918340e-01
1.738451623507758781e-01
1.642618212754669016e-01
1.739476065245569025e-01
1.723840273287225722e-01
1.671547680300085326e-01
1.736833416249518036e-01
1.710849175925266141e-01
1.697209963702539515e-01
1.746019969765672808e-01
1.758921726122496254e-01
1.667443884029196355e-01
1.653454830581126966e-01
1.777478937861798058e-01
1.743506467977028462e-01
1.826623700532066519e-01
1.703834569904623952e-01
1.657093637329611624e-01
1.695875940104340229e-01
1.956168245083554080e-01
1.724946722709922164e-01
1.701861393282170232e-01
1.759313089491555682e-01
1.685687002805693335e-01
1.714482734574758471e-01
1.755875249978802455e-01
1.672392498684078799e-01
1.727350304847828921e-01
1.852554724364053884e-01
1.707455511634353718e-01
1.790298710496708579e-01
1.699134960574997244e-01
1.706045203101501928e-01
1.764837955835098227e-01
1.830357421378549787e-01
1.716734183896131694e-01
1.674053671912042462e-01
1.789232675518195592e-01
1.712230838636079333e-01
1.713120149620489530e-01
1.652705712428294005e-01
1.691069471677894009e-01
1.647262816456312728e-01
1.741434016199564505e-01
1.779845324932534112e-01
1.709503884874500057e-01
1.727939849479497303e-01
1.703684360009255772e-01
1.787548312689138108e-01
1.616064019561008758e-01
1.732006543203475635e-01
1.651585998501383101e-01
1.811970004845354643e-01
1.627118978724581000e-01
1.830491005159545492e-01
1.696808350671146215e-01
1.715304815348672740e-01
1.623862350106503871e-01
1.700075452794728992e-01
1.734253510031460166e-01
1.785619451117868017e-01
1.737356074239856107e-01
1.656752510213810314e-01
1.750965646930920938e-01
1.628305121775141528e-01
1.639870776760577742e-01
1.649065491385685589e-01
1.679443785034784031e-01
1.664783994827520874e-01
1.651566102422159232e-01
1.726390501332686345e-01
1.703589154085345114e-01
1.719574517863239060e-01
1.705272275728148268e-01
1.738062471579089607e-01
1.759535662734029449e-01
1.591783783608454739e-01
1.618728147058489386e-01
1.608925023125498399e-01
1.696225988805255547e-01
1.728948672576854084e-01
1.748753619242960078e-01
1.679798087209397883e-01
1.732989134547382182e-01
1.643095676890399537e-01
1.779392000223312953e-01
1.554588076815860143e-01
1.607961701032306068e-01
1.647123275361798422e-01
1.593368587975125816e-01
1.671497195449693773e-01
1.731082037675678309e-01
1.634174915134620210e-01
1.539155139109319448e-01
1.702031592266143589e-01
1.606531603117623275e-01
1.598571258024517605e-01
1.678478796437211651e-01
1.684243041682520758e-01
1.699702778885412713e-01
1.683713159561527339e-01
1.720370552261238639e-01
1.631426770700157292e-01
1.581411264714943643e-01
1.748175137659679079e-01
1.678773661020760144e-01
1.610012368736901955e-01
1.659504414507960435e-01
1.672376256032834796e-01
1.719382394015547544e-01
1.686810941064573466e-01
1.617307669517454027e-01
1.602530062340595807e-01
1.690159247273057275e-01
1.582113263233540790e-01
1.603978847758378012e-01
1.629799270760165786e-01
1.677096308449874951e-01
1.613074374534696209e-01
1.581350951577688291e-01
1.791771847543869589e-01
1.647956971130785930e-01
1.610930410765351595e-01
1.647866554832910779e-01
1.621578494687334060e-01
1.527933237632226882e-01
1.602901950235618711e-01
1.684128254249517564e-01
1.665510474258367346e-01
1.763299730608235139e-01
1.664158988058600797e-01
1.556588667861106556e-01
1.636999125219994189e-01
1.615992382780045422e-01
1.677850028270813088e-01
1.756366973757281791e-01
1.581303171444064237e-01
1.673506994771508660e-01
1.672441498712250174e-01
1.662018487276310519e-01
1.643260883856525190e-01
1.470053690023681581e-01
1.683659395409866366e-01
1.601851206695559804e-01
1.602619581339067012e-01
1.602121983129131955e-01
1.657839532747581446e-01
1.610329027260798684e-01
1.592835338820905444e-01
1.686842081947963756e-01
1.618734152602043230e-01
1.578902916248902943e-01
1.529227870374700871e-01
1.624241259338086163e-01
1.643754901569141891e-01
1.809195058115521670e-01
1.600386191995735730e-01
1.547491212464282284e-01
1.628593504893207644e-01
1.584980132573162448e-01
1.674204948790962710e-01
1.664095514591872604e-01
1.643450264832569119e-01
1.543187641179896985e-01
1.631777307357572260e-01
1.700834620006566322e-01
1.617599111051387095e-01
1.548597502806024762e-01
1.604246623427648399e-01
1.699065803112164430e-01
1.539334420007689996e-01
1.504141186277430930e-01
1.628104920416313106e-01
1.736477232440498675e-01
1.586239457593741908e-01
1.646631417336189285e-01
1.603911820667287824e-01
1.563799924611816439e-01
1.753820811675745883e-01
1.615151700849813410e-01
1.590697398707069388e-01
1.602402435739239683e-01
1.585257549390131360e-01
1.527954206541488891e-01
1.555341771685389840e-01
1.594238173552993687e-01
1.568743960444625718e-01
1.644579734571648133e-01
1.614424144999501154e-01
1.609620585848325347e-01
1.564408176281480711e-01
1.652322543272660149e-01
1.651437302838199284e-01
1.533304112549742360e-01
1.679524140030835555e-01
1.594538477834963053e-01
1.596758028388864659e-01
1.731675441333330456e-01
1.567319700786291015e-01
1.600931881541334534e-01
1.695248677099995549e-01
1.640420280906402517e-01
1.552144419141292253e-01
1.550467914944899384e-01
1.597434224541195158e-01
1.443630831521408864e-01
1.569391290545251727e-01
1.552355941683080665e-01
1.648602339721285948e-01
1.592259308624214276e-01
1.539120363404872516e-01
1.658802573305887818e-01
1.628396037496152304e-01
1.654045394535446079e-01
1.536099612709871665e-01
1.547241358391653610e-01
1.688087830526462663e-01
1.560563042679886936e-01
1.495205049820723942e-01
1.504973139894268397e-01
1.678134632427290551e-01
1.634964690081539274e-01
1.543713599211358756e-01
1.699259807930236510e-01
1.522735464223941571e-01
1.477230182653634372e-01
1.565257900007762937e-01
1.741362289958290066e-01
1.574483896249280479e-01
1.595566742513582215e-01
1.543889027574444073e-01
1.548807070001831376e-01
1.742931450203193400e-01
1.544177796704814809e-01
1.553743690560325796e-01
1.582304070159383236e-01
1.628815273294235144e-01
1.591664377368682548e-01
1.526864585219227799e-01
1.533350319098090164e-01
1.485269891041933465e-01
1.470852510896114851e-01
1.578378506783984780e-01
1.758172564609125910e-01
1.525006448246689905e-01
1.492442535010376492e-01
1.492642150733167750e-01
1.455573497673765815e-01
1.567564602168640409e-01
1.546044228814117127e-01
1.756126262952640016e-01
1.597156745052379367e-01
1.496148400144211854e-01
1.640357854094395551e-01
1.552796117359404870e-01
1.551093417906466987e-01
1.593163392918495735e-01
1.473786471367281581e-01
1.530922384423765992e-01
1.474256166316539052e-01
1.561551886430548042e-01
1.563981528733357496e-01
1.523625544722680969e-01
1.644009349841184242e-01
1.483783033854832734e-01
1.461408022387999106e-01
1.780232157029271456e-01
1.508517583860982392e-01
1.601927545773796369e-01
1.577631475285956320e-01
1.521801740030258310e-01
1.689828324188625830e-01
1.441281588718444084e-01
1.570865105171157516e-01
1.522614565909542195e-01
1.550224070217708638e-01
1.552236311145243353e-01
1.395210589499749909e-01
1.585844956442209741e-01
1.571379375305448078e-01
1.478866539666798541e-01
1.505085198720380879e-01
1.587741091668384841e-01
1.476306906628911120e-01
1.504789818106795629e-01
1.668177501873949753e-01
1.480238822807783683e-01
1.470085163068284018e-01
1.533731645828284584e-01
1.734193770821211011e-01
1.528776593192100464e-01
1.615154604907355906e-01
1.540670974327246479e-01
1.529593230248217917e-01
1.469066127601679483e-01
1.539270883066064799e-01
1.761261023188952501e-01
1.499176873202988924e-01
1.439725124652375954e-01
1.545916223548310098e-01
1.559143637367769453e-01
1.478067232078903170e-01
1.434962771424406480e-01
1.524960085846492897e-01
1.677734919690840043e-01
1.741057773580244883e-01
1.529945087429229467e-01
1.413674805585349026e-01
1.563662791807252650e-01
1.419985525700405982e-01
1.396483188169354572e-01
1.557557409465988030e-01
1.638358718261521130e-01
1.464512311913712395e-01
1.532912278999379319e-01
1.578284632818833522e-01
1.455009654548997666e-01
1.471602475013839284e-01
1.497662069244685701e-01
1.574208847376914189e-01
1.498515289693314878e-01
1.467214789542189979e-01
1.453070009870686685e-01
1.483891572979342544e-01
1.533906041484100202e-01
1.656278377991659834e-01
1.513027388836330756e-01
1.358008831807745731e-01
1.608127307469327805e-01
1.609583441227026845e-01
1.497074512715866057e-01
1.593353401125159885e-01
1.386569994974310993e-01
1.502907175183916810e-01
1.451347926326776450e-01
1.495375463836051411e-01
1.507966860718720215e-01
1.599801266346399797e-01
1.378400441785099517e-01
1.422173486063059433e-01
1.596930047058960633e-01
1.468995984523270570e-01
1.559656957274426492e-01
1.469927894509816813e-01
1.551269310231153664e-01
1.632781075955551109e-01
1.642865949672532577e-01
1.472037844344692425e-01
1.450411840480227699e-01
1.482064448029544179e-01
1.385185590114905441e-01
1.515676807339830234e-01
1.634585730517464641e-01
1.351388932075646421e-01
1.462891043989135997e-01
1.531424812552536763e-01
1.636531773688596203e-01
1.478786882725839358e-01
1.453082233805914891e-01
1.518314873964623779e-01
1.586097686105643334e-01
1.391783836282492748e-01
1.458377893699293326e-01
1.450096479937648952e-01
1.508971737910440869e-01
1.570030570216726928e-01
1.661330215612113748e-01
1.514580007121932026e-01
1.371133564589787912e-01
1.411821514355056928e-01
1.403830777178967371e-01
1.534015374298945689e-01
1.483435972536171488e-01
1.627073312740941469e-01
1.509728310053082834e-01
1.550937878212429732e-01
1.387296852372151001e-01
1.456864917335642662e-01
1.437802795831892855e-01
1.592595198215506214e-01
1.571790349136424070e-01
1.538401399131661129e-01
1.371061733619799161e-01
1.524139034218964517e-01
1.473018673845401250e-01
1.519943687302088842e-01
1.602754747733674823e-01
1.460771069595095950e-01
1.488726322244278699e-01
1.423595680697884724e-01
1.646311987650304620e-01
1.549956868833362589e-01
1.383602186232919806e-01
1.454825056194049837e-01
1.697467890327646611e-01
1.437642545003895433e-01
1.378523418571392101e-01
1.497364543068030462e-01
1.454100470656396471e-01
1.385818302165459925e-01
1.555142409832118433e-01
1.351961731536957256e-01
1.478209988653631235e-01
1.454718579499293674e-01
1.529431330641704001e-01
1.609600734960961732e-01
1.485661591124166347e-01
1.557539280749148936e-01
1.395686291901436782e-01
1.601232779306805132e-01
1.544861088140198901e-01
1.436796510601202892e-01
1.312013826296332952e-01
1.384971344716253716e-01
1.477832044962295310e-01
1.599856961308795678e-01
1.526530941040843137e-01
1.549517463767350056e-01
1.448778368664215277e-01
1.452601658014321118e-01
1.367117149516135222e-01
1.414338422405363727e-01
1.610182286549891872e-01
1.365814720330166543e-01
1.405882876120606306e-01
1.406093209940074140e-01
1.562501629219298915e-01
1.458115952402728177e-01
1.500992963700696348e-01
1.379952915498036670e-01
1.475546782781085031e-01
1.529443835395722096e-01
1.399304900070041380e-01
1.350106319297092183e-01
1.547167338569110095e-01
1.520755173711825781e-01
1.430217061479533702e-01
1.505325419394986375e-01
1.483269944363400927e-01
1.361038922800677231e-01
1.399305148547087818e-01
1.464441555429719100e-01
1.433060957827154425e-01
1.490331398159511211e-01
1.385436729465769901e-01
1.452062773461271494e-01
1.440928142402990997e-01
1.376464695653654979e-01
1.359230153469748459e-01
1.396005297425004510e-01
1.488243937060471089e-01
1.407065946160980241e-01
1.370232810146544133e-01
1.763638916087603425e-01
1.648882174275455859e-01
1.345429658923846528e-01
1.432588414234724772e-01
1.521547838131467600e-01
1.389043399046044625e-01
1.473298236000301353e-01
1.385107416916104839e-01
1.548828610140614293e-01
1.442833721962011040e-01
1.358324638776859661e-01
1.520675028990591260e-01
1.599844152708050637e-01
1.527435768985869469e-01
1.428398504795135582e-01
1.315615330869547572e-01
1.414982624391548371e-01
1.389306931708539083e-01
1.425433045468101623e-01
1.424712852997300772e-01
1.565572557073169613e-01
1.423891311379191227e-01
1.395895628585765158e-01
1.435568208205304230e-01
1.373146688090330636e-01
1.477398512328101099e-01
1.458857245750601883e-01
1.502357047200170437e-01
1.506362212853640803e-01
1.372191143166059668e-01
1.621879289616658670e-01
1.422450497412921788e-01
1.444557777954375843e-01
1.623058864811720292e-01
1.391068534264817413e-01
1.407477938566738251e-01
1.348850967651283039e-01
1.446158532991224654e-01
1.479179802046255432e-01
1.597088524165743983e-01
1.288202783590202127e-01
1.452969153391552026e-01
1.654249318095140919e-01
1.350236108528973522e-01
1.384964036256244868e-01
1.277865858160084356e-01
1.480661811801222694e-01
1.673857990044866073e-01
1.428471414626645009e-01
1.289808376485475916e-01
1.449685102470306963e-01
1.494826180154130990e-01
1.302263357832342261e-01
1.324123367050120126e-01
1.436460667756536969e-01
1.405884904033303517e-01
1.397235509204208526e-01
1.485505821032619134e-01
1.421590947091073420e-01
1.436934372084225087e-01
1.408616839107548480e-01
1.484202087675879078e-01
1.396999215597196919e-01
1.414726729292911933e-01
1.367018523348997039e-01
1.450399017155610537e-01
1.346160579189388806e-01
1.531984639664204784e-01
1.357116519536156474e-01
1.330488710551034071e-01
1.330102277578597836e-01
1.393109058162737279e-01
1.508690442762307959e-01
1.576446546013813566e-01
1.358805100785387132e-01
1.402362606403314005e-01
1.485485086105477193e-01
1.526348006219353515e-01
1.570552717974199874e-01
1.410571688766194820e-01
1.572155518050788459e-01
1.357625587068493622e-01
1.281281618244276554e-01
1.417154120917841487e-01
1.546973927562515227e-01
1.489278160533535622e-01
1.254490211438760716e-01
1.410105865189307806e-01
1.420705111304484125e-01
1.247115850033179013e-01
1.416508161728122772e-01
1.465872889378218580e-01
1.399582930798615454e-01
1.380687819352327816e-01
1.359643299418407669e-01
1.348935504332346713e-01
1.431684410242473338e-01
1.512690382585489823e-01
1.460925996928947590e-01
1.390840838256936773e-01
1.367619603639872727e-01
1.372887852732231906e-01
1.546444636247951421e-01
1.445351474959319094e-01
1.419005559275308415e-01
1.528935759385590953e-01
1.440661158295236666e-01
1.487349608889059482e-01
1.540165604134628163e-01
1.295173237406966327e-01
1.361215507300304883e-01
1.556113877026950310e-01
1.530608968005178205e-01
1.388557508566413412e-01
1.384591081362126219e-01
1.291803428281199650e-01
1.298286177768951666e-01
1.450810774636162315e-01
1.641185790018852564e-01
1.372076832762388621e-01
1.260520166226616612e-01
1.469729197060915260e-01
1.372662252568517816e-01
1.445099177875431018e-01
1.447074977820362873e-01
1.294765910892053118e-01
1.477924199758455237e-01
1.453572510267348850e-01
1.421982265048104543e-01
1.476554857156519018e-01
1.580228923152413867e-01
1.302582881503789036e-01
1.292779434164879893e-01
1.337475833432245353e-01
1.368969816221421443e-01
1.339689695143108372e-01
1.316383381880714687e-01
1.789554006010596610e-01
1.679530966259059899e-01
1.405781837349878716e-01
1.474092401547121012e-01
1.280365881012232310e-01
1.376224758770550061e-01
1.326362635409109592e-01
1.288549983657441278e-01
1.334937511868534710e-01
1.497726454775436256e-01
1.554665121713272591e-01
1.474897453496711586e-01
1.317892499038652576e-01
1.353387660125264236e-01
1.499717937399547563e-01
1.440228144881169070e-01
1.379745778104859988e-01
1.291039947938564247e-01
1.475745367831031440e-01
1.426296467338098728e-01
1.341726470876692667e-01
1.609313526572353770e-01
1.327911163976911169e-01
1.434660223224148434e-01
1.585180078078740895e-01
1.393386716337039199e-01
1.233390039844441954e-01
1.385279725753400248e-01
1.317467913337599661e-01
1.449364397373379132e-01
1.457182458923847179e-01
1.468136131466366845e-01
1.264660598844483397e-01
1.390799197268239307e-01
1.337806042265210771e-01
1.271090195252241595e-01
1.266414915913424977e-01
1.380558427883911976e-01
1.430707693240710621e-01
1.717382496242661205e-01
1.701871859691490851e-01
1.320712118659504164e-01
1.528442331705308910e-01
1.376189494634532939e-01
1.333233436711657727e-01
1.403349655825166797e-01
1.623567801049358439e-01
1.294610692114350758e-01
1.515493313678889786e-01
1.405476175386050908e-01
1.206186217760439883e-01
1.356208398949122207e-01
1.378024591518065278e-01
1.383730558653228637e-01
1.247139081109893827e-01
1.357446883176457175e-01
1.596307525696686047e-01
1.531932762426100880e-01
1.228298691355935585e-01
1.274516138804180632e-01
1.507962962029347764e-01
1.511588197466475214e-01
1.246860696122030904e-01
1.395341197306060044e-01
1.604079384296918098e-01
1.388611954508924551e-01
1.237231493921469583e-01
1.377155910798570082e-01
1.396123767461731335e-01
1.482924108266674146e-01
1.272555591076303394e-01
1.296630503436475845e-01
1.375188705382970611e-01
1.703185492951690694e-01
1.550193490041357758e-01
1.268139145252694944e-01
1.240769160491079354e-01
1.278523256454088541e-01
1.346311827069553713e-01
1.622602551541370008e-01
1.417570529854545458e-01
1.291745743754129372e-01
1.533055114565446686e-01
1.371343737108157435e-01
1.275249528042348146e-01
1.451477403591574511e-01
1.422959799711178697e-01
1.291644944515880078e-01
1.380612456823959444e-01
1.369564589199619709e-01
1.250776643762513129e-01
1.469373250473602621e-01
1.477006345924982145e-01
1.345997273696305230e-01
1.428520795196884241e-01
1.360857052005525758e-01
1.390299511522168352e-01
1.351588429574224481e-01
1.344001460136899639e-01
1.355723534821825227e-01
1.427479788655624249e-01
1.546861110165369257e-01
1.459798531187660731e-01
1.312307087175717812e-01
1.472551157848690784e-01
1.363360106563460128e-01
1.242242624762748965e-01
1.324429211941735574e-01
1.402699405211409178e-01
1.199119570575726823e-01
1.444798936313817506e-01
1.488042187061034693e-01
1.353877569298590489e-01
1.373561873670510192e-01
1.456662250842424289e-01
1.277351080057041455e-01
1.497661847431848992e-01
1.476362889227544051e-01
1.286416499345842124e-01
1.414238419532638513e-01
1.310274586263740770e-01
1.358945485732522551e-01
1.220146569645557677e-01
1.313032320959067467e-01
1.614147183164054977e-01
1.522384801728902670e-01
1.268160837271665453e-01
1.363024462752921717e-01
1.388851218791416209e-01
1.224729260522644664e-01
1.426635428641224446e-01
1.377755637110776032e-01
1.282723733540879485e-01
1.339194560748646068e-01
1.341754619231336765e-01
1.319382359756322842e-01
1.315161700940306044e-01
1.472717602224237754e-01
1.436809506513778978e-01
1.199006062697315911e-01
1.371064390826925716e-01
1.330346404251488146e-01
1.326591648659692646e-01
1.865367627919309046e-01
1.580586327181627282e-01
1.210163991485875140e-01
1.195803291264503770e-01
1.416665885520498602e-01
1.470396991411517251e-01
1.352643450711964734e-01
1.276188864904921338e-01
1.243425186946711114e-01
1.283090735952563399e-01
1.316516246173267957e-01
1.356877955480429720e-01
1.399890961144928947e-01
1.382105741513384167e-01
