1.261142084902057604e+03
4.021176894363193242e+02
2.759447338524794873e+02
2.190528654222016769e+02
1.858541445096556401e+02
1.695509750493007175e+02
1.591081021642757207e+02
1.505507426120594801e+02
1.427957989536709249e+02
1.354930108113992446e+02
1.282985662966788425e+02
1.210332890368956527e+02
1.135039087077063442e+02
1.055960713010992436e+02
9.719918390566675725e+01
8.829740382882390293e+01
7.903377040922043761e+01
6.954269214182070868e+01
6.010418740604081478e+01
5.175059495258479814e+01
4.537207611753024139e+01
4.076041936232721952e+01
3.745950585988303061e+01
3.495771227248093993e+01
3.294613753105073073e+01
3.127016216257268511e+01
2.986951305460780404e+01
2.865356208465144050e+01
2.758706557063814202e+01
2.663736421746258642e+01
2.578040423925519420e+01
2.499880837814317758e+01
2.428439076415920184e+01
2.361447426505344183e+01
2.298401681068551738e+01
2.238969478647692668e+01
2.182717692240538909e+01
2.128456047138783802e+01
2.079174503916729222e+01
2.036122610478355810e+01
1.997837496547559155e+01
1.963683142434257789e+01
1.933541803582897245e+01
1.905873921699161144e+01
1.880761806156589699e+01
1.856757577803577064e+01
1.834385301647334643e+01
1.813604278969272698e+01
1.793991303716621744e+01
1.775957219098585327e+01
1.758706993353255754e+01
1.741890228399025986e+01
1.725677165731820750e+01
1.710346622483483969e+01
1.695341871451222460e+01
1.681115223420089322e+01
1.667533861532563932e+01
1.654283844413404481e+01
1.640987433795750761e+01
1.628663373847348694e+01
1.616603263662675616e+01
1.605075992206596780e+01
1.594262915285593429e+01
1.583410348125216238e+01
1.572599231583807899e+01
1.561991072618511822e+01
1.551655909806250122e+01
1.541382731668468686e+01
1.531811164924709345e+01
1.522665948766364075e+01
1.513912419731502190e+01
1.505614873777330587e+01
1.497646195201426167e+01
1.489517701142963801e+01
1.481969074346599236e+01
1.474289049458888634e+01
1.466781585413854039e+01
1.459640254595621123e+01
1.452770091170751421e+01
1.445970722577620471e+01
1.439254952247308239e+01
1.432597219700015678e+01
1.426094929244645471e+01
1.419630037798070710e+01
1.413047552142946728e+01
1.407106596641810548e+01
1.401287638566971872e+01
1.395627154986239127e+01
1.390176576575939826e+01
1.385130672073768032e+01
1.380090933432972378e+01
1.375239262808257656e+01
1.370554283882218272e+01
1.365805022539504954e+01
1.361200133270124191e+01
1.356799700169869816e+01
1.352356721587377386e+01
1.347842880493294082e+01
1.343325341660305661e+01
1.339041929580211310e+01
1.335121408167149859e+01
1.331091579412845327e+01
1.327005199170451277e+01
1.323409260068383730e+01
1.319702940960354276e+01
1.316064106950532420e+01
1.312613812060553187e+01
1.309510415277469519e+01
1.306165618511952964e+01
1.302920660356060267e+01
1.299570584492007619e+01
1.296370690674794979e+01
1.293137588497257617e+01
1.289833320997381882e+01
1.286803113675534327e+01
1.283743378194913021e+01
1.280920216489647068e+01
1.277679696860997005e+01
1.274923329474919775e+01
1.271914563448683033e+01
1.269019503492815204e+01
1.266127495572296624e+01
1.263300053019599822e+01
1.260751195854643036e+01
1.258139345503038165e+01
1.255469887875041657e+01
1.252885913862237999e+01
1.250142952692372766e+01
1.247519966945237080e+01
1.244882158257904514e+01
1.242377381206357434e+01
1.239967401063736752e+01
1.237369971674527669e+01
1.234791451280299235e+01
1.232296045261091244e+01
1.229728363298248439e+01
1.227226392883907913e+01
1.224840129376771891e+01
1.222500287548628783e+01
1.219989833188889605e+01
1.217595817584391860e+01
1.215538689351919821e+01
1.213383517212837681e+01
1.211038936310518643e+01
1.208751627097924164e+01
1.206800716958946218e+01
1.204667933478569530e+01
1.202505753427361945e+01
1.200427341904411094e+01
1.198178729405732845e+01
1.196201248744661250e+01
1.194282648032805838e+01
1.192304393036656585e+01
1.190418629692830699e+01
1.188619104420717143e+01
1.186540752934869936e+01
1.184594370021809517e+01
1.182455981205008300e+01
1.180736079282613638e+01
1.179015179492658127e+01
1.177288318350406904e+01
1.175586781359503341e+01
1.173993593682291170e+01
1.172214906072425045e+01
1.170472594921160869e+01
1.168797655366802068e+01
1.167352695188961142e+01
1.165746297434797896e+01
1.164276849958118021e+01
1.162843308200149117e+01
1.161374500992038072e+01
1.159924686949972283e+01
1.158505074603075258e+01
1.157224536374629587e+01
1.155834702259789459e+01
1.154340878970326933e+01
1.152969930320318248e+01
1.151590831392691427e+01
1.150234794574237185e+01
1.148933743989591960e+01
1.147630397509001199e+01
1.146485141584629552e+01
1.145151812484885134e+01
1.143862083658659223e+01
1.142684148460839033e+01
1.141391459161060773e+01
1.140134674884410515e+01
1.138835688284128445e+01
1.137652098418668523e+01
1.136294909517808982e+01
1.135130668675682131e+01
1.133651778032459667e+01
1.132411179612407892e+01
1.130899728139927873e+01
1.129656180860473036e+01
1.128459208910243206e+01
1.127086176178127097e+01
1.125923020059399171e+01
1.124456682623345216e+01
1.123166505794797132e+01
1.121935389985730502e+01
1.120557644032945177e+01
1.119275170612598203e+01
1.117966377402819234e+01
1.116755930188793933e+01
1.115537984771898294e+01
1.114252513773348596e+01
1.113218349384494665e+01
1.112112651535431418e+01
1.111047376354389904e+01
1.110159129857853877e+01
1.108987833446087734e+01
1.107943902062233654e+01
1.106978703879799752e+01
1.105895237781219720e+01
1.104948064429245314e+01
1.103895310080135772e+01
1.102857383484709963e+01
1.101897670461236878e+01
1.101059971972183149e+01
1.100205485781512671e+01
1.099398022929505458e+01
1.098334564403441327e+01
1.097733085054433211e+01
1.096648796894018041e+01
1.096014026377095973e+01
1.094992408273278706e+01
1.093940145861943769e+01
1.093023257675594273e+01
1.091815090862440663e+01
1.090796651405426054e+01
1.089871696054821903e+01
1.088808608504675668e+01
1.088049910684603994e+01
1.087103944686163004e+01
1.086106079593012730e+01
1.085085174583593925e+01
1.084078970765866679e+01
1.083113249200990147e+01
1.082083306803871814e+01
1.081089181044927194e+01
1.080018589457109179e+01
1.079187672158619904e+01
1.078337113699618932e+01
1.077344316124423074e+01
1.076547183193730461e+01
1.075713783787941225e+01
1.074849025666538260e+01
1.073996077847841235e+01
1.073035406143495685e+01
1.072105656596766288e+01
1.071202064802163711e+01
1.070305738352713831e+01
1.069456028722938790e+01
1.068507097590665467e+01
1.067709380998411461e+01
1.066868982391953402e+01
1.066146776473398461e+01
1.065303716484355512e+01
1.064565313924658341e+01
1.063802213417753428e+01
1.062753824512202883e+01
1.062027038177502369e+01
1.061115168323585856e+01
1.060516963020195114e+01
1.059722122775250774e+01
1.058979030249714803e+01
1.058214181620792438e+01
1.057418760723302142e+01
1.056395932462799614e+01
1.055633719760679234e+01
1.054586250695824923e+01
1.053717233839099698e+01
1.052912920758367754e+01
1.051955812499274145e+01
1.051007146177957097e+01
1.050242122564961278e+01
1.049334659463091235e+01
1.048610975378415766e+01
1.047565049587306696e+01
1.046389758166726480e+01
1.045354572502455248e+01
1.044577935363541243e+01
1.043781523453603732e+01
1.043041484476334269e+01
1.042194112553071506e+01
1.041175843317865457e+01
1.040637315238745764e+01
1.039935888635148586e+01
1.038935469421831392e+01
1.038173675997192014e+01
1.037205545738808254e+01
1.036635018173635991e+01
1.035805360015614518e+01
1.034977420336154985e+01
1.034229623776665363e+01
1.033516541920575982e+01
1.032697428518809168e+01
1.031894954142942034e+01
1.031276702188872285e+01
1.030415535829318507e+01
1.029668580401594369e+01
1.029115299730315058e+01
1.028400593991237066e+01
1.027535159117185692e+01
1.026683972797563449e+01
1.025870479525185353e+01
1.025072812893374063e+01
1.024464216333486810e+01
1.023730646410944800e+01
1.022995236350476667e+01
1.022252540813469501e+01
1.021470620669204799e+01
1.020694381850045396e+01
1.019859004207867770e+01
1.019027413018517514e+01
1.018251002360104174e+01
1.017359063773501759e+01
1.016648276483694424e+01
1.015925156235609172e+01
1.015318761637396605e+01
1.014560717068448703e+01
1.013779958256475844e+01
1.013035500710931736e+01
1.012344517112228282e+01
1.011495957473919738e+01
1.010820856142277435e+01
1.010448570543002411e+01
1.009412603180025236e+01
1.008861588780661478e+01
1.007909886812877254e+01
1.007373302539738269e+01
1.006723801656897876e+01
1.006024577185331204e+01
1.005420356102196600e+01
1.004588030053729142e+01
1.003785227487028919e+01
1.003377733521318227e+01
1.002481578754974123e+01
1.001936500148163312e+01
1.001283983125115107e+01
1.000629796486703960e+01
9.998676987003106476e+00
9.993220724769701135e+00
9.986974508004017537e+00
9.980763007024721745e+00
9.974572277465815873e+00
9.968143505377421221e+00
9.961988379380629866e+00
9.955681813630036459e+00
9.948270460784032210e+00
9.943835360774414767e+00
9.938236201155739025e+00
9.932000336931805506e+00
9.927116936004745540e+00
9.920491648659339745e+00
9.913984877182814515e+00
9.908447234574454754e+00
9.904271039408248711e+00
9.897021823826023024e+00
9.892685702202252074e+00
9.885028858402757024e+00
9.880031197476029092e+00
9.874089215942307263e+00
9.864434170509879252e+00
9.859263132223341941e+00
9.853148899659482041e+00
9.846644025747856688e+00
9.841539683162848107e+00
9.836858116766803661e+00
9.830586420861383345e+00
9.825124777343743787e+00
9.820546201520159002e+00
9.815512525531113752e+00
9.810631685242487521e+00
9.805105949844328705e+00
9.799333692990790823e+00
9.794260505990001420e+00
9.787425146321915292e+00
9.782759520371827833e+00
9.777115671582709666e+00
9.771533050599668258e+00
9.766255356842696855e+00
9.759807496550193306e+00
9.754856325466194633e+00
9.748613041013920011e+00
9.743366731873924991e+00
9.738561589477209068e+00
9.733158931038383699e+00
9.726976840464635288e+00
9.721931804943348965e+00
9.717630461451639334e+00
9.711882680521707556e+00
9.707624841615578148e+00
9.701002543091417962e+00
9.695064848883660602e+00
9.690348418564235899e+00
9.686305051593382842e+00
9.679873630602008561e+00
9.675857557210489901e+00
9.671727888507302140e+00
9.664195060307532614e+00
9.659258229742809121e+00
9.653824640662152845e+00
9.646362914084457785e+00
9.644796238821214729e+00
9.635031199488210518e+00
9.633813965126744705e+00
9.628269965628859950e+00
9.622533908423907434e+00
9.617055714788557808e+00
9.612342680194222666e+00
9.606876175622332426e+00
9.601093571585943565e+00
9.596184476780868167e+00
9.588946954197073325e+00
9.586173566499073928e+00
9.580264253502473792e+00
9.575022014109391577e+00
9.571534920285609260e+00
9.564068801462633829e+00
9.558138649967984790e+00
9.553491479653569485e+00
9.547576728499594267e+00
9.546049029913669770e+00
9.538933807417802058e+00
9.536688296326417458e+00
9.530297784268976002e+00
9.526670660599384277e+00
9.522258261359050735e+00
9.516775446032459840e+00
9.515485348019934619e+00
9.506527985331947761e+00
9.505307949671699674e+00
9.496953545811317454e+00
9.492130141627622919e+00
9.490251266549964981e+00
9.483960669307988312e+00
9.480657827617058331e+00
9.473882184194424738e+00
9.472678632797139286e+00
9.465278974897630704e+00
9.462828746876422059e+00
9.457018536578269519e+00
9.453522906880575505e+00
9.447132956189109976e+00
9.444180139688157283e+00
9.438749644612554945e+00
9.437559985758120717e+00
9.430068908122319016e+00
9.425310322916141459e+00
9.421945000478432419e+00
9.416959304615399873e+00
9.410434644224174860e+00
9.409563648369786648e+00
9.402436948568993813e+00
9.398464912702591434e+00
9.394145076846760034e+00
9.385685164359827581e+00
9.383117518553474312e+00
9.377684755213385515e+00
9.375016201313615127e+00
9.369876649697687299e+00
9.361738862343912615e+00
9.359637219600529079e+00
9.353595696248801161e+00
9.349751546915104683e+00
9.346083150827388053e+00
9.342344956839651715e+00
9.334497255572259178e+00
9.335077421569362599e+00
9.322507069904881760e+00
9.323695976062410296e+00
9.317592743574076408e+00
9.310344907526790337e+00
9.310958731479576755e+00
9.303516562680972157e+00
9.296258596283047737e+00
9.295268147207957909e+00
9.289960821322706508e+00
9.283368125215419653e+00
9.282114859899934345e+00
9.277616733823021988e+00
9.273466004724316036e+00
9.271755894507895945e+00
9.265739895547577376e+00
9.260082529515864636e+00
9.256927128548959161e+00
9.251151694141091397e+00
9.246867749166609585e+00
9.242688576266710143e+00
9.236612268297079709e+00
9.234200555427495516e+00
9.229113299546133575e+00
9.225339887847960441e+00
9.222227665416324882e+00
9.217146886034401021e+00
9.213616751803089144e+00
9.209775173628836242e+00
9.204604538992361640e+00
9.199691823133560931e+00
9.196313045846940426e+00
9.191874130141142629e+00
9.188335040680707166e+00
9.184175443174378728e+00
9.179973952852623853e+00
9.176280441399851995e+00
9.172501697029110446e+00
9.169638575814067494e+00
9.164028061979605511e+00
9.161519280226047002e+00
9.156845828507751861e+00
9.154952159259382327e+00
9.150693792939049942e+00
9.147103932349390121e+00
9.142530292142794224e+00
9.139561968515954149e+00
9.136794013054784003e+00
9.132002108972995913e+00
9.127313472074963130e+00
9.124751517205689666e+00
9.121275365910072708e+00
9.116688159664809277e+00
9.114504182482844996e+00
9.110064604770096608e+00
9.106295751851414266e+00
9.104308376025056049e+00
9.099918033634580183e+00
9.096173330446172045e+00
9.091966494450060665e+00
9.089961084909363720e+00
9.084086608957340658e+00
9.080189626740443387e+00
9.076684087407938861e+00
9.073618410894846775e+00
9.069191253114597728e+00
9.065654789686112380e+00
9.064509568056562827e+00
9.059656684009516070e+00
9.055040033493680696e+00
9.052495226482749402e+00
9.048443539589682061e+00
9.042854767519962422e+00
9.041992466482808410e+00
9.039121208219734527e+00
9.035841449236411194e+00
9.032164868117821044e+00
9.029243435890885294e+00
9.022713676095554192e+00
9.020954705933780460e+00
9.017489438352519926e+00
9.014309820284966079e+00
9.010105893389235732e+00
9.006680061144903604e+00
9.003402965535650893e+00
9.000912756875234066e+00
8.997633982995951740e+00
8.995706696544411685e+00
8.990612823586991098e+00
8.988405082907855004e+00
8.984613535719377708e+00
8.983417254953023345e+00
8.981966848430458228e+00
8.977574735486674840e+00
8.974848644548824694e+00
8.971544536103289502e+00
8.967878627833341554e+00
8.966278261240594460e+00
8.962763384828834390e+00
8.959545230384259540e+00
8.956044464794777227e+00
8.952878148369311617e+00
8.950078074389226757e+00
8.944879940043568567e+00
8.943313885967315358e+00
8.940679394927425250e+00
8.936299874686140399e+00
8.934671373930745730e+00
8.929008195266424863e+00
8.927201827608344686e+00
8.923984899053513331e+00
8.921419009678047018e+00
8.916238951278131708e+00
8.914227420205122598e+00
8.911465831958208739e+00
8.907567327283965497e+00
8.905245192766953366e+00
8.899594200328841964e+00
8.897302481358449811e+00
8.892721693440190478e+00
8.890063816028142440e+00
8.887595878161745233e+00
8.884025442757597091e+00
8.882038262224492442e+00
8.877636502642308969e+00
8.875747160479823705e+00
8.869447933957344432e+00
8.868216812019552364e+00
8.862919087675580343e+00
8.859385941449462010e+00
8.858570251292688269e+00
8.855364345330585252e+00
8.850555096264722366e+00
8.848531502384114233e+00
8.843599732772378985e+00
8.842581288339120604e+00
8.835054887798998280e+00
8.834986887363557528e+00
8.832152378334667375e+00
8.828893671979468394e+00
8.827252307003901066e+00
8.823581536741983200e+00
8.820697908870281267e+00
8.815989550704525612e+00
8.815154521447942315e+00
8.813758980138707955e+00
8.807994969203422286e+00
8.805612303804146279e+00
8.804013001286451257e+00
8.798635418523728546e+00
8.797084131132804075e+00
8.795498797272669478e+00
8.793708754726187848e+00
8.786485445680176198e+00
8.784818144702583709e+00
8.784754940157062819e+00
8.781291385949655748e+00
8.780489351699200640e+00
8.775222053742639972e+00
8.772516872695216961e+00
8.771328160487250614e+00
8.768843859751159542e+00
8.763046440064837128e+00
8.760302406791209862e+00
8.762061300880462866e+00
8.756437713846734638e+00
8.752238750999426387e+00
8.752891709211631621e+00
8.748814645230643450e+00
8.748641056847743513e+00
8.742497100378585628e+00
8.739729413726708529e+00
8.741375792576183912e+00
8.734889570928613622e+00
8.732164437027545745e+00
8.730817346512678157e+00
8.727484956357315582e+00
8.726153076033495992e+00
8.720276778438856624e+00
8.717543428503487846e+00
8.717830054966924536e+00
8.714385884952754679e+00
8.710510359735797792e+00
8.706383008035874838e+00
8.707542041203909733e+00
8.705196274144006097e+00
8.701770582239449325e+00
8.698897014951670670e+00
8.697882173679378326e+00
8.693841180396717050e+00
8.691697558254093181e+00
8.688484105227619381e+00
8.684755113279772232e+00
8.683669944307151667e+00
8.682864113372396275e+00
8.680651423723150018e+00
8.675666229863908896e+00
8.673288208950422629e+00
8.672655041698464018e+00
8.670415092600185503e+00
8.667165177295746759e+00
8.664823843030934114e+00
8.664737904337588503e+00
8.658854567756200993e+00
8.660630256293055496e+00
8.654314462702171085e+00
8.655792199640261586e+00
8.651383737208648839e+00
8.648325751505877790e+00
8.649506319699717949e+00
8.643242972499299626e+00
8.642320694572562800e+00
8.640537631728424373e+00
8.637180664935412366e+00
8.636494926306356845e+00
8.632639039836952577e+00
8.629386501640210483e+00
8.627461635835777187e+00
8.624641449862886944e+00
8.621342742194748610e+00
8.618155172634221373e+00
8.618050316803483213e+00
8.615283247741565731e+00
8.612962233247555943e+00
8.611322237879457830e+00
8.606199188191846261e+00
8.605974357700089783e+00
8.602625960431991459e+00
8.604851710466880021e+00
8.596133606675744332e+00
8.599389150189763242e+00
8.592059515190083374e+00
8.594456653292189330e+00
8.587843577194606226e+00
8.589412761412242858e+00
8.584283843459713736e+00
8.585407462418226388e+00
8.578207820627769209e+00
8.582560857947663990e+00
8.575323715533638591e+00
8.572734214821339904e+00
8.574675424963432491e+00
8.566922469294370401e+00
8.571056920828970860e+00
8.564914502267852114e+00
8.566242414527872384e+00
8.560690462435610826e+00
8.557338486937691613e+00
8.560272286386055640e+00
8.555238585385735561e+00
8.551182118218720873e+00
8.553722308323250090e+00
8.547886058920127539e+00
8.545349080026245048e+00
8.547826710128079597e+00
8.543042593110222072e+00
8.540084026889607216e+00
8.543045650962215021e+00
8.536199096156204646e+00
8.539674344545227669e+00
8.531841372661830292e+00
8.534956177599594795e+00
8.528717848252524547e+00
8.532063920190749329e+00
8.528718903543465402e+00
8.524856441541620811e+00
8.522334274154799161e+00
8.520387380071493766e+00
8.522432593473846296e+00
8.519622584042204849e+00
8.517212654867593713e+00
8.514925177024029068e+00
8.513507936713901714e+00
8.512108125385863033e+00
8.508228442559198967e+00
8.508269655219992345e+00
8.504632341036295173e+00
8.503815598903134543e+00
8.501418472663976544e+00
8.496524555748385055e+00
8.498059493628005612e+00
8.495877110636431695e+00
8.493741320426407171e+00
8.492484195649497636e+00
8.489855829169608015e+00
8.486965267481945574e+00
8.483611817488890594e+00
8.481736677290987458e+00
8.482091829726131849e+00
8.478482601784991246e+00
8.479835355948486253e+00
8.476233930357464530e+00
8.475569566655815734e+00
8.471713903195974282e+00
8.470772629526752695e+00
8.468875155991167247e+00
8.467978766045895611e+00
8.464472239270731890e+00
8.465159749601429695e+00
8.459968995298721595e+00
8.459947290277973764e+00
8.457089621594073847e+00
8.456951427576537839e+00
8.453000339005798836e+00
8.453005299166079567e+00
8.451010328601569199e+00
8.447847149526538146e+00
8.447790037892778159e+00
8.444886465111455465e+00
8.442553704199724507e+00
8.442379692400097113e+00
8.439413741348644749e+00
8.440271520202900390e+00
8.435991512175732510e+00
8.434940464329104159e+00
8.432919684410641992e+00
8.432813082206992661e+00
8.430323825018836814e+00
8.428142698700083812e+00
8.429208264358807767e+00
8.427088251102784255e+00
8.424576223809102871e+00
8.422752235534240128e+00
8.423935056081550243e+00
8.420310255776014330e+00
8.419160144100604981e+00
8.415272388326302533e+00
8.414320080421786585e+00
8.411835606699670009e+00
8.409585295882221700e+00
8.409601836829542876e+00
8.406060175183888816e+00
8.404358341242229358e+00
8.402821976484792899e+00
8.400846437958959356e+00
8.400607394771888892e+00
8.398779491658272534e+00
8.397163617330152263e+00
8.394714400102291307e+00
8.394714047182878502e+00
8.394964247871255836e+00
8.393682367778906084e+00
8.390114765922197293e+00
8.389853742313063023e+00
8.388938276310064168e+00
8.387633254587145260e+00
8.385478215153669979e+00
8.384016670260134418e+00
8.382667843942888553e+00
8.380512985627346367e+00
8.376222302280540433e+00
8.376900456567648590e+00
8.373366656994294388e+00
8.371925638684960091e+00
8.367433764415251218e+00
8.365907700768989486e+00
8.364091869581823602e+00
8.363745786278334649e+00
8.361561301669128810e+00
8.357407188586089219e+00
8.356895394379307618e+00
8.355054127794586449e+00
8.352464624587501163e+00
8.349697786234512975e+00
8.348331516217308845e+00
8.346293870937989468e+00
8.344143955927314948e+00
8.344118568659178337e+00
8.343901246995811150e+00
8.341692259719396318e+00
8.340174514512854742e+00
8.338703851365837139e+00
8.337525318563228538e+00
8.334680314030862291e+00
8.332227787118338114e+00
8.330776082161980511e+00
8.330154003271708518e+00
8.327052147999623344e+00
8.326569551056392626e+00
8.323972044616137822e+00
8.319694567087051240e+00
8.319867400294327808e+00
8.318450788556612352e+00
8.317101312177173966e+00
8.315051661880369593e+00
8.313229145003205645e+00
8.312690084244808375e+00
8.311023008636327702e+00
8.308627296819411256e+00
8.308296134897069862e+00
8.305791172891721530e+00
8.304314682019525051e+00
8.301870196967277238e+00
8.302431414948387101e+00
8.300578998799005959e+00
8.299061301929244294e+00
8.296766521525761107e+00
8.296712502588023952e+00
8.294715137329349730e+00
8.293642199511943147e+00
8.291438597978265435e+00
8.289942815072262050e+00
8.288224603617711850e+00
8.286664156232722789e+00
8.286423447714128088e+00
8.284602962160992234e+00
8.283460503854048085e+00
8.282160763750052723e+00
8.280811515713562443e+00
8.278023824412036547e+00
8.277977037988756948e+00
8.275975176290694790e+00
8.273624221855717664e+00
8.272835860790150875e+00
8.269542036750253899e+00
8.270119473033032520e+00
8.267848960899154775e+00
8.266864126459205764e+00
8.265228113037712987e+00
8.264634640488367268e+00
8.262442859733420519e+00
8.260944234565508637e+00
8.259801674880767663e+00
8.258810739118143118e+00
8.256191813187482964e+00
8.254961534778656684e+00
8.254705292822713147e+00
8.253055648025204860e+00
8.250102280543712752e+00
8.250178401113071658e+00
8.248050396675447260e+00
8.247027278943638962e+00
8.244638769958465119e+00
8.245085128778972816e+00
8.241436820786114836e+00
8.241155401227794997e+00
8.237901897663173045e+00
8.239085254727177343e+00
8.235945154975864213e+00
8.237350208259670126e+00
8.232838599110237965e+00
8.234507362077712500e+00
8.230723136973454146e+00
8.230770910486613801e+00
8.227680493764591318e+00
8.227524739959486411e+00
8.223325033363751757e+00
8.225160622089756401e+00
8.223292246513357995e+00
8.222514280308111267e+00
8.221182833841913506e+00
8.219084078726114129e+00
8.216282804529278394e+00
8.216231068489493694e+00
8.213785943296498360e+00
8.214006869431889513e+00
8.211280246433187102e+00
8.211538298987548501e+00
8.207102515021551525e+00
8.207448020196400407e+00
8.206336746243698244e+00
8.204677467255260481e+00
8.202910106834634618e+00
8.201790949328920277e+00
8.201459517720268266e+00
8.200067808382890178e+00
8.198001717725064807e+00
8.197013235925746599e+00
8.196359617553953925e+00
8.194374663065932651e+00
8.193366843457908999e+00
8.192281202419112063e+00
8.190521632459192958e+00
8.189915482504636302e+00
8.187854585980797850e+00
8.186517371831987688e+00
8.185299470692408264e+00
8.183851562070747931e+00
8.184049293909046341e+00
8.182745664079050130e+00
8.179902304136998481e+00
8.179433826668748964e+00
8.177797090769939103e+00
8.177433869889062734e+00
8.176202550148914838e+00
8.175475156832572310e+00
8.174099792479252002e+00
8.173158368885488301e+00
8.172295839609299506e+00
8.165664909384181769e+00
8.168137077560269077e+00
8.167589776454322603e+00
8.166064944220911670e+00
8.165675005492230909e+00
8.163269502048283499e+00
8.162566589158481989e+00
8.159894940531126295e+00
8.159081107502485608e+00
8.157874740405993919e+00
8.156394391025678203e+00
8.155082932469204238e+00
8.154574619494011856e+00
8.151715217626358978e+00
8.152840707594226188e+00
8.151900270917112223e+00
8.149813625279222151e+00
8.148320070745439736e+00
8.146511922513607118e+00
8.145262823290225995e+00
8.144229812252151035e+00
8.144458718880351000e+00
8.141087275404080614e+00
8.141291193284342143e+00
8.139912540074590197e+00
8.138344039515089889e+00
8.138215948682352874e+00
8.136726592682123282e+00
8.135127267153588804e+00
8.135066480534034028e+00
8.132604656620490147e+00
8.133772597691603323e+00
8.130720125403245291e+00
8.131728350969924080e+00
8.130274085377580562e+00
8.128163128506827206e+00
8.127462736711002833e+00
8.125571478239967504e+00
8.124687040682571748e+00
8.123889262124246002e+00
8.121996067565133259e+00
8.122658171674892458e+00
8.120371626882219473e+00
8.117880521141708883e+00
8.119952885844474721e+00
8.117100784636454236e+00
8.117876645373671707e+00
8.115775615720318470e+00
8.111700422853832748e+00
8.115422015502751663e+00
8.109480981915096365e+00
8.107790759819296866e+00
8.104350606891093989e+00
8.104545959672881494e+00
8.101956304545847587e+00
8.101560017395735613e+00
8.098725447705703573e+00
8.099816350765779660e+00
8.097115730400725297e+00
8.096087983858764048e+00
8.094167211260115735e+00
8.093546521085348999e+00
8.092145707988249725e+00
8.092716415088441195e+00
8.089545946523911013e+00
8.091773335294179859e+00
8.088752209017442851e+00
8.087185178465050583e+00
8.086540260158583848e+00
8.083451587337043165e+00
8.084833546188789910e+00
8.082102302130175886e+00
8.081619361490909981e+00
8.078269643094676766e+00
8.077823697662385172e+00
8.076690719913791838e+00
8.074547528716674805e+00
8.072619341592261577e+00
8.070948252139691803e+00
8.070874945446290027e+00
8.068413264350686731e+00
8.068023345110546529e+00
8.065933016358306062e+00
8.066275421603432250e+00
8.063588684187990907e+00
8.063423268690248946e+00
8.063218035239847481e+00
8.059381038906067829e+00
8.058399447272249105e+00
8.061583743204357333e+00
8.056728250883994136e+00
8.054485130906922308e+00
8.053657530151070887e+00
8.051016264373279441e+00
8.054079711653908902e+00
8.050225983637192329e+00
8.049868741715666687e+00
8.048283209684770512e+00
8.045858299950101156e+00
8.048542661175188684e+00
8.044597219681280720e+00
8.047694993906345573e+00
8.042599348686485072e+00
8.040463605459951424e+00
8.041111198757450396e+00
8.037954361806091796e+00
8.036783406532283180e+00
8.036536026681529776e+00
8.035722426576644040e+00
8.039706888103566484e+00
8.034674299378957940e+00
8.033838152899848595e+00
8.033290664742571252e+00
8.032677419901565585e+00
8.030437890440278892e+00
8.031350510290792499e+00
8.028493059979663116e+00
8.028535081367243365e+00
8.027046325625137868e+00
8.026518240966163731e+00
8.025249369533812072e+00
8.024422914588969391e+00
8.024580300407000877e+00
8.027187457871518106e+00
8.023037011787305772e+00
8.022213216958400395e+00
8.018617538351335838e+00
8.019083041809601298e+00
8.018450205386811191e+00
8.020619523737401835e+00
8.017720700532764866e+00
8.014532097619460060e+00
8.015160308615451257e+00
8.013536477639217281e+00
8.016897188502690952e+00
8.011445246658505326e+00
8.010155843462607450e+00
8.011057253708726122e+00
8.008144005158097656e+00
8.012023923099221179e+00
8.007737894621113739e+00
8.006843437401972352e+00
8.003669142250748436e+00
8.004880913155357547e+00
8.004020783745735557e+00
8.005174835133876954e+00
8.001971677492653257e+00
7.999696067140014577e+00
8.003892655702665948e+00
7.998638937266303373e+00
7.998107906033761871e+00
7.997523299976619704e+00
7.996650273074997983e+00
7.994477768775703375e+00
7.998767960653650810e+00
7.995291563155166870e+00
7.991957538294994556e+00
7.990337662918881811e+00
7.992867928262167077e+00
7.990976583907762887e+00
7.988943831321015487e+00
7.994715523831545489e+00
7.989905654699242632e+00
7.986780309721917881e+00
7.985996287499286694e+00
7.984253122297775285e+00
7.987628238686952820e+00
7.987381839213518298e+00
7.981891603206682895e+00
7.981473938360788445e+00
7.979926256386270289e+00
7.981268242694067538e+00
7.979752013926870724e+00
7.977733355898244838e+00
7.981241782583570199e+00
7.977416737528326252e+00
7.974819040226279299e+00
7.974819392096791582e+00
7.975237051449184378e+00
7.972983223683923093e+00
7.976290821356902150e+00
7.974953908724412344e+00
7.968134349754662615e+00
7.976945342954923746e+00
7.970338759726721456e+00
7.968419804543375840e+00
7.973051460436583859e+00
7.966688005864335231e+00
7.966410079373673625e+00
7.969867301434789830e+00
7.966242475959866454e+00
7.963582149329957893e+00
7.966054472955883092e+00
7.963835684870797849e+00
7.965620832442599664e+00
7.960094066407859437e+00
7.968387018114341025e+00
7.957197674943246035e+00
7.965215958243451411e+00
7.955894238063984325e+00
7.959810401622505083e+00
7.954332770685461185e+00
7.961656662430712572e+00
7.951312665910415411e+00
7.959528833936855285e+00
7.949255743549161757e+00
7.955917565214243758e+00
7.949033233128351306e+00
7.954329066787008351e+00
7.946192448314412182e+00
7.949077241845857067e+00
7.951255898890598139e+00
7.945651004079241631e+00
7.943469305919407475e+00
7.947598383855294379e+00
7.942362149053558085e+00
7.947635360481651645e+00
7.940636233520291576e+00
7.946813584326844371e+00
7.938696838270999478e+00
7.944711208050533990e+00
7.936626868297068427e+00
7.942158380615834012e+00
7.933253268383775314e+00
7.939881242504594816e+00
7.932183024739029698e+00
7.930599450956244745e+00
7.936570843254416197e+00
7.929464823790605799e+00
7.927058621942305372e+00
7.933858719485314737e+00
7.925917710096271662e+00
7.925480172791822042e+00
7.926754376059501617e+00
7.924705052949715167e+00
7.922007954004961938e+00
7.921219416698705551e+00
7.924453969034452427e+00
7.921770991291418262e+00
7.919844201156704067e+00
7.918217773926397918e+00
7.922517660217824442e+00
7.917867255332975418e+00
7.916697020675338869e+00
7.919241715899385525e+00
7.913109487364970995e+00
7.919410510867084696e+00
7.910925551907545206e+00
7.911701223162030949e+00
7.912989294749454672e+00
7.909744724665692672e+00
7.913351163149189738e+00
7.907134201179040645e+00
7.905842515539627691e+00
7.906886432005506116e+00
7.909307672421154400e+00
7.903348488062333921e+00
7.908497310157660110e+00
7.902294793161243724e+00
7.899317728549477557e+00
7.899945686017988855e+00
7.901971541189385384e+00
7.900628666479214246e+00
7.895806210409674897e+00
7.894479580524566664e+00
7.900814309662311352e+00
7.894455671768231042e+00
7.891425811404573665e+00
7.894561965977147544e+00
7.894996611761555982e+00
7.891563612223488455e+00
7.890150099824347230e+00
7.888754514004399532e+00
7.886332695805531756e+00
7.893250468927433872e+00
7.886654189290031702e+00
7.884868380451137249e+00
7.883006830878453997e+00
7.887406328581902493e+00
7.884597894179942834e+00
7.881548508062738989e+00
7.878847625404500121e+00
7.885025208558324117e+00
7.879957718436469527e+00
7.879217579246341252e+00
7.874756916930258477e+00
7.873664827059357663e+00
7.872725826846756370e+00
7.871851433029643630e+00
7.872285938365319424e+00
7.871159255485142836e+00
7.868557670977281759e+00
7.876463024955349113e+00
7.867817964177253209e+00
7.866704876387148992e+00
7.863882525300907922e+00
7.865832458593021492e+00
7.863037469680883795e+00
7.864371916452025602e+00
7.859993593723262784e+00
7.861389346861339611e+00
7.864932529468251055e+00
7.860071689185975430e+00
7.860250183042354344e+00
7.856770137334492254e+00
7.856402559558447685e+00
7.855970639091784058e+00
7.853872655867378150e+00
7.855767072067725287e+00
7.851833739049826733e+00
7.852697782573637930e+00
7.848939079915582262e+00
7.850933740796796734e+00
7.849576610147811273e+00
7.848474403804406307e+00
7.847333662843621660e+00
7.849619069968860607e+00
7.846186732788358320e+00
7.846362975710302834e+00
7.848384954759061394e+00
7.845905912924720838e+00
7.843290237904802176e+00
7.844533295874136947e+00
7.843940049740981912e+00
7.842916308508677048e+00
7.840994605010810581e+00
7.840357556604517164e+00
7.842186219118499224e+00
7.838752929047551277e+00
7.838433708759409591e+00
7.844627805685399302e+00
7.839104147212495377e+00
7.835683071133153987e+00
7.838410804294291268e+00
7.832677210767212905e+00
7.835509252757794307e+00
7.832311698613612982e+00
7.832658716534274923e+00
7.831754957084727131e+00
7.829388721881945123e+00
7.833257336170807328e+00
7.828860022563708831e+00
7.827493443526027939e+00
7.827308389820024637e+00
7.826363242421892075e+00
7.826034946931425651e+00
7.824380007600876041e+00
7.826252071716539582e+00
7.823963673937048391e+00
7.821112391539990050e+00
7.821798035513861436e+00
7.820076620449058602e+00
7.822032751767388881e+00
7.818411467211501709e+00
7.820569397927691568e+00
7.819751913635953677e+00
7.818023440566722826e+00
7.816511481141813711e+00
7.816691039276164155e+00
7.817185915084304604e+00
7.813635906123529651e+00
7.814115597867107077e+00
7.814666428445323554e+00
7.813063822716703299e+00
7.811793763946766056e+00
7.810198493927487995e+00
7.813312241508412193e+00
7.808888514230123867e+00
7.811256672650361388e+00
7.808629567850522868e+00
7.807853126382209297e+00
7.809646954356882276e+00
7.805922605217769927e+00
7.806924273467721775e+00
7.805153414134722745e+00
7.806759464779227109e+00
7.803537589997437074e+00
7.803177783415840452e+00
7.802425928676015587e+00
7.801324411626485045e+00
7.799682898264715725e+00
7.801651906128635794e+00
7.798534929255627191e+00
7.800420031778340757e+00
7.796572208247440017e+00
7.796888371123196215e+00
7.796978569978880280e+00
7.796609306999553901e+00
7.798179926461266120e+00
7.794257464754206666e+00
7.794859303245819326e+00
7.793667602267889016e+00
7.793196972450818549e+00
7.794559533470676094e+00
7.790321793514976889e+00
7.792985417031020212e+00
7.789444147353173697e+00
7.789938092316018192e+00
7.787995649327278613e+00
7.789171345390997203e+00
7.786134351143929599e+00
7.786358070077003646e+00
7.785740707376022307e+00
7.785791416255552377e+00
7.784241526515820020e+00
7.784142453317199006e+00
7.782986114855496851e+00
7.781271639634133486e+00
7.782027157813558027e+00
7.780495526116637528e+00
7.781861402383499104e+00
7.781021537509822394e+00
7.778820332047573061e+00
7.778350491562798119e+00
7.779054581857761441e+00
7.777262847982913563e+00
7.778174876809867300e+00
7.776706523177510100e+00
7.774152670548388322e+00
7.775381765558972091e+00
7.774871167534917582e+00
7.772650007711636277e+00
7.770688988120021179e+00
7.773411301999772149e+00
7.771147560620963901e+00
7.771832003783644360e+00
7.767360686885741217e+00
7.770326650515060329e+00
7.770235772077836778e+00
7.771154225669932636e+00
7.769455004225558348e+00
7.769717845031350656e+00
7.766702660129408464e+00
7.765897555756925641e+00
7.765300772946051922e+00
7.765776003003193040e+00
7.764909451677911356e+00
7.761746771197787886e+00
7.761871496553808036e+00
7.762492045200197310e+00
7.760438026535603662e+00
7.759242929156350499e+00
7.758242914535510515e+00
7.758701940911468142e+00
7.758560991686846542e+00
7.756757410367637107e+00
7.753738336627596262e+00
7.755209025152584701e+00
7.754968803271165001e+00
7.752670208077373282e+00
7.753714388820552195e+00
7.753184975266607104e+00
7.751093994251118779e+00
7.751358142381470806e+00
7.749657925470839537e+00
7.749979820572671763e+00
7.747565897824574499e+00
7.746595064636178307e+00
7.745016764537261622e+00
7.745835952706826788e+00
7.743947028402622834e+00
7.744995215216150086e+00
7.741808909033930597e+00
7.744475837281793673e+00
7.742175535525575469e+00
7.739409568141899065e+00
7.739866414791094940e+00
7.739744792393287831e+00
7.741268811768171609e+00
7.737565048395119049e+00
7.738968497799429080e+00
7.736980096384808547e+00
7.735658456967644980e+00
7.736322249858134548e+00
7.734154012444391491e+00
7.735218616278715764e+00
7.732351924612796523e+00
7.732573712055429205e+00
7.731040329961103019e+00
7.730406274378967879e+00
7.728656426675690305e+00
7.731607252184837797e+00
7.730016165639100656e+00
7.725743116456990300e+00
7.728946242469320715e+00
7.727272321666628585e+00
7.727549283421152104e+00
7.726976029402916168e+00
7.726354683190173489e+00
7.724759366462719434e+00
7.724384203575734631e+00
7.721864817401946191e+00
7.723405014896763454e+00
7.722984142319827328e+00
7.718996831532948022e+00
7.721640647362701948e+00
7.718881944784801163e+00
7.718498598261320787e+00
7.716942936356796956e+00
7.718650302713196965e+00
7.718751966442557233e+00
7.716576207595914560e+00
7.713926518243401809e+00
7.717623072097413939e+00
7.714114177675923223e+00
7.712878162044881414e+00
7.714550254968705723e+00
7.712740954543961358e+00
7.711664069081422213e+00
7.711135802878836820e+00
7.710527292343219763e+00
7.709653674590904338e+00
7.710082987977240343e+00
7.708754665477989931e+00
7.707583968549837294e+00
7.708596872466851657e+00
7.709017503996729026e+00
7.706385258166232433e+00
7.705722574181002038e+00
7.707709890512212780e+00
7.705769250926477021e+00
7.705626664649066981e+00
7.704053846626035096e+00
7.703015713666164110e+00
7.704384817636895200e+00
7.703347911052351726e+00
7.702283988808532378e+00
7.703780373627698630e+00
7.702110096091778324e+00
7.701332868436101542e+00
7.701950575400705823e+00
7.698629721944294069e+00
7.701897315227260954e+00
7.700340920684063839e+00
7.699258205267842214e+00
7.698411905169109559e+00
7.698848889374733773e+00
7.696671188599381708e+00
7.698414908666937784e+00
7.696744643008571529e+00
7.696040542460475642e+00
7.692421479498953829e+00
7.695813304588376091e+00
7.693875769655488916e+00
7.694761129882846440e+00
7.693773718832709108e+00
7.692544220297237167e+00
7.693446331369551139e+00
7.692968235883399508e+00
7.691293578897769656e+00
7.691555383593684070e+00
7.690748865491616293e+00
7.688362861163305695e+00
7.691228366617509415e+00
7.688176605111203266e+00
7.689961443156242638e+00
7.687192306747651749e+00
7.686453055019307534e+00
7.687717997577492746e+00
7.685357792827775647e+00
7.685742125721514384e+00
7.682834533329617521e+00
7.684491566129525886e+00
7.683930393121245039e+00
7.684823343700949216e+00
7.681832341613791471e+00
7.684452119202888731e+00
7.680981139932643309e+00
7.680288967736569994e+00
7.679853536276652015e+00
7.679669187620589810e+00
7.677195866671937985e+00
7.677532041782797023e+00
7.677148412431884061e+00
7.678493324164342049e+00
7.677077713916978574e+00
7.675159476609511700e+00
7.676139096584449817e+00
7.674664950390075013e+00
7.673466895566586565e+00
7.673464892605182719e+00
7.677686852583563315e+00
7.674429739087996971e+00
7.672896556373006938e+00
7.672369847725701852e+00
7.671174717302197799e+00
7.671828561871165242e+00
7.669960312458633744e+00
7.670969332777091587e+00
7.670464947928622657e+00
7.667338306955678640e+00
7.668788718760025880e+00
7.668942289126487566e+00
7.667375015837876617e+00
7.666428172341280600e+00
7.669760191929962723e+00
7.666974678509027363e+00
7.664863668701575428e+00
7.662800413542561806e+00
7.669167061391784834e+00
7.662207208241685663e+00
7.663103986609930196e+00
7.662271864432834256e+00
7.664445735243230473e+00
7.661242050786325031e+00
7.659899448859786908e+00
7.660209530058044614e+00
7.662493417640145132e+00
7.659478777053127629e+00
7.659975915901481081e+00
7.656426493010837220e+00
7.660994795455482453e+00
7.656822124384131456e+00
7.656748040150497481e+00
7.656081258818043800e+00
7.656698824976971629e+00
7.656100557323241240e+00
7.652217634437845639e+00
7.657321183872221049e+00
7.655196145794291418e+00
7.653736174613514187e+00
7.653373212706014783e+00
7.656179116906961291e+00
7.652315886592039540e+00
7.652269027635731469e+00
7.652642625440985391e+00
7.650188049739433005e+00
7.653645637780587485e+00
7.650845695158746018e+00
7.648225064256929606e+00
7.649291159638727855e+00
7.647920343321310099e+00
7.648716036922710515e+00
7.648519624163345298e+00
7.645487405660023050e+00
7.648294618414350765e+00
7.645893993915731102e+00
7.645191069298630460e+00
7.645506142345791289e+00
7.645049555911107575e+00
7.644289367981855321e+00
7.642773715718678140e+00
7.644149831978979570e+00
7.641279213923085400e+00
7.641508811153163272e+00
7.642134216766238275e+00
7.640410608763315459e+00
7.640740173756618070e+00
7.640001089913107002e+00
7.636849163288888853e+00
7.642281450657460340e+00
7.640080511126080332e+00
7.639377049846616252e+00
7.640125388981139132e+00
7.638782744784059275e+00
7.641223806780362615e+00
7.639408568308522440e+00
7.636508027720466885e+00
7.634462262264321453e+00
7.635782619320321096e+00
7.639234316132706759e+00
7.633483289807192484e+00
7.635919120658183346e+00
7.633036776157234193e+00
7.631886973514432349e+00
7.635229459517859141e+00
7.630809614183426959e+00
7.630697104746862358e+00
7.630456722687815052e+00
7.633289199577951933e+00
7.630379866315032622e+00
7.630098828196199889e+00
7.630776406615073171e+00
7.626973189731106828e+00
7.627469430314683052e+00
7.631658194944001217e+00
7.624509944496522529e+00
7.626695027949182304e+00
7.625248897534482317e+00
7.625756413046604898e+00
7.626542210522520016e+00
7.627954046390988729e+00
7.621596108365672251e+00
7.620920055019465345e+00
7.623611995546354159e+00
7.621727608661477582e+00
7.620877815939909539e+00
7.621970443494788583e+00
7.621251645342191239e+00
7.622331097865736815e+00
7.620432782376048486e+00
7.620254904213516589e+00
7.620962283449004282e+00
7.618644829836214605e+00
7.616738096400595737e+00
7.618101016967635530e+00
7.616035740945698684e+00
7.614961706760457361e+00
7.614059661827428549e+00
7.615824950496151935e+00
7.612617890631644180e+00
7.612186713961932583e+00
7.613635357387146030e+00
7.612846424473391771e+00
7.613019755311622561e+00
7.611324072063812451e+00
7.610662814271900167e+00
7.613449919505183239e+00
7.610195776636310860e+00
7.611669564119594611e+00
7.612419046201335249e+00
7.611113202146067458e+00
7.606114484897599226e+00
7.604475869330524773e+00
7.601776212398616117e+00
7.602046728392131136e+00
7.603425360619393558e+00
7.599066770201441834e+00
7.600773336055204332e+00
7.599700031367089714e+00
7.598893613594388974e+00
7.596887979108124966e+00
7.597373464860853964e+00
7.596285239139351830e+00
7.598794877465636866e+00
7.596778650487689966e+00
7.594427320021201133e+00
7.595581553521635776e+00
7.594247364799994848e+00
7.597165746354250793e+00
7.592345520475682896e+00
7.593702957826291566e+00
7.591987895717864809e+00
7.592508920279734674e+00
7.590471183081550777e+00
7.591352044221832962e+00
7.589319473121826753e+00
7.589139091343660048e+00
7.587493248207874075e+00
7.588325363571633453e+00
7.586503515544788634e+00
7.586573298519325270e+00
7.585467637546265074e+00
7.585916928450964214e+00
7.585248692244312529e+00
7.584855204971834297e+00
7.582279699513485127e+00
7.581972642569881238e+00
7.581583257364751915e+00
7.578823321199717356e+00
7.579423239510790999e+00
7.578471979741763676e+00
7.578103871473228281e+00
7.579855030880037425e+00
7.577262204287213088e+00
7.578040476759404953e+00
7.575858740610006414e+00
7.574579491998773229e+00
7.574848403587782109e+00
7.573328644304871737e+00
7.574504542257926687e+00
7.573326792325706158e+00
7.571145673268586229e+00
7.569259047601278212e+00
7.568739438535744490e+00
7.569887835366806428e+00
7.566288555919661540e+00
7.565568518413656740e+00
7.562633906534508732e+00
7.564330757552138351e+00
7.563690534819486722e+00
7.564191909857849616e+00
7.562025073085384186e+00
7.563197387182841958e+00
7.560399026466008365e+00
7.559608162757050387e+00
7.561063362708432045e+00
7.559725104951080965e+00
7.558907928379472452e+00
7.560330626376578600e+00
7.560383574853015709e+00
7.558974943470095020e+00
7.556665585391736606e+00
7.555793656268135372e+00
7.553897766517405188e+00
7.554775853697500487e+00
7.553523484271221555e+00
7.553392367232318882e+00
7.550764755495424474e+00
7.550184033699038899e+00
7.551483887062822475e+00
7.548520822107133377e+00
7.549037795327353528e+00
7.548327630125047705e+00
7.548877730028753064e+00
7.548544405552083170e+00
7.545303407820392216e+00
7.545223488194999106e+00
7.543978311452641528e+00
7.544383162921922015e+00
7.542162913895251286e+00
7.541913014385293046e+00
7.542441179309608223e+00
7.540493122146362914e+00
7.540166409590113084e+00
7.538933829265492825e+00
7.541513418730598772e+00
7.539177706325598471e+00
7.538303670343412755e+00
7.537877923434084693e+00
7.536763756904775846e+00
7.535951809231021592e+00
7.535628745267967332e+00
7.536239414958461502e+00
7.532104361150538274e+00
7.533868586904234554e+00
7.530724670523579078e+00
7.528766031714025253e+00
7.528413177643688670e+00
7.529396853863470795e+00
7.524940090351210920e+00
7.525338834040566915e+00
7.523314678954520218e+00
7.524620896010279836e+00
7.521143702197359282e+00
7.520037816420639842e+00
7.519249802274018180e+00
7.518669045114548588e+00
7.517987810036807161e+00
7.516128708027381755e+00
7.513402091052387100e+00
7.510928634783250679e+00
7.511809757218003369e+00
7.510478829939517986e+00
7.510240919299786100e+00
7.508816107651810512e+00
7.509609731680932931e+00
7.506949796274085429e+00
7.506901552342967854e+00
7.503760307636833993e+00
7.504901896065327094e+00
7.503354088593131799e+00
7.500999613102609764e+00
7.498856392503262747e+00
7.499126862750506994e+00
7.495889307129878887e+00
7.496343847798083715e+00
7.492235390990360067e+00
7.491082141320205778e+00
7.490189604239581911e+00
7.492027885527133613e+00
7.488417489207087385e+00
7.484878518721488128e+00
7.482457967247291286e+00
7.482054195829544341e+00
7.481188841607081308e+00
7.480418783144975770e+00
7.479013073042497517e+00
7.478320147800300077e+00
7.476626277147709665e+00
7.476045433884678459e+00
7.474254849947655543e+00
7.473164913332783321e+00
7.473811462359948088e+00
7.469354581555516681e+00
7.469310283641277692e+00
7.468675894948080263e+00
7.467703140241353843e+00
7.466681062240664524e+00
7.463467423752715213e+00
7.460705431737403082e+00
7.460951008558526887e+00
7.460970289278189505e+00
7.457961508034976816e+00
7.455497131470973038e+00
7.456008044308465976e+00
7.452621288403083355e+00
7.452499253468409357e+00
7.451786828550908126e+00
7.448453730370657944e+00
7.447564459480858545e+00
7.446554880525726894e+00
7.446971629277180149e+00
7.442191932614645289e+00
7.443421060127120903e+00
7.440117893941789795e+00
7.441214069937490905e+00
7.439753864694616858e+00
7.435549763416712921e+00
7.435348865942198238e+00
7.434982688718245747e+00
7.433876570614109447e+00
7.435173207233199300e+00
7.430656795223494981e+00
7.429485091345725323e+00
7.431335297342626767e+00
7.424456458764429279e+00
7.423910618314984333e+00
7.420243470941440656e+00
7.418763486887495873e+00
7.417596124568890836e+00
7.416696832439170883e+00
7.419118292133052073e+00
7.412121136124965481e+00
7.414288975993745368e+00
7.411083143539694440e+00
7.410410157662113306e+00
7.410520273480673659e+00
7.407467478017618845e+00
7.406519135757048566e+00
7.406121279622287723e+00
7.402167761907136878e+00
7.402745272478266969e+00
7.401265937256483518e+00
7.398154852074600996e+00
7.399137179394848829e+00
7.396378982942649394e+00
7.395304678560420619e+00
7.394343830970132814e+00
7.390077717959801618e+00
7.391280252543076301e+00
7.389413701251196009e+00
7.389795876863314739e+00
7.386824595736555921e+00
7.386806267156800665e+00
7.384248041072915214e+00
7.383906129388686956e+00
7.381423118297135488e+00
7.377367800003900022e+00
7.381018461383007434e+00
7.376265692927567841e+00
7.377306369904025551e+00
7.373724859707516011e+00
7.370930249520005084e+00
7.377655793901834791e+00
7.374640439254501523e+00
7.374418374365972362e+00
7.371745741721805523e+00
7.372943176039238544e+00
7.369111384922006458e+00
7.370875593066102738e+00
7.368419815018516061e+00
7.364781080475025554e+00
7.363228059101512457e+00
7.364697962794134689e+00
7.362036855428462978e+00
7.356362294386284084e+00
7.359690740733772607e+00
7.356019364424945195e+00
7.354885807333491066e+00
7.353362950059358916e+00
7.352508892095692694e+00
7.353884963720875412e+00
7.350617549968121445e+00
7.347677278671084444e+00
7.347102099761943172e+00
7.347162569714304148e+00
7.345832786504679746e+00
7.343184078800571335e+00
7.341286347887034935e+00
7.342554456150005571e+00
7.337492127381867846e+00
7.336897286983355748e+00
7.341012574270116886e+00
7.337418304366515542e+00
7.334109334263572144e+00
7.335867841115120136e+00
7.334648760595904093e+00
7.331328306800284800e+00
7.331651511355924633e+00
7.328718634173443824e+00
7.330966295807897382e+00
7.327354235787679748e+00
7.328591381119061943e+00
7.327091624709820117e+00
7.326145897949889019e+00
7.325597712432153408e+00
7.324400814131245774e+00
7.323728211779351405e+00
7.317380306901644538e+00
7.321129080654270815e+00
7.319347640749607642e+00
7.313709908830444029e+00
7.316866386701416758e+00
7.310628617827936715e+00
7.312789453754176883e+00
7.308982411624957543e+00
7.311002984425793549e+00
7.312957720470348200e+00
7.307497506673609422e+00
7.308201424491326037e+00
7.307429158437975580e+00
7.306387337599834275e+00
7.307668306711247119e+00
7.303112763183992939e+00
7.304626115000899311e+00
7.304637694343337095e+00
7.300613659306264047e+00
7.301166943174543178e+00
7.300728697557151925e+00
7.298688139858128920e+00
7.298594137592529840e+00
7.296601914266542366e+00
7.296858125680940610e+00
7.296939496233931344e+00
7.292518568502758036e+00
7.292226827111886855e+00
7.292044966112555038e+00
7.288123286729921269e+00
7.292567558446521936e+00
7.284565770664092277e+00
7.289169602662436631e+00
7.284816424317916095e+00
7.283238836879299960e+00
7.282802940962316285e+00
7.277728013710448529e+00
7.278135113849885762e+00
7.280268263873858281e+00
7.277440956657822646e+00
7.272974426501130019e+00
7.271385370189292097e+00
7.273055255463120261e+00
7.269212001877408902e+00
7.269600487269681111e+00
7.269488215931949604e+00
7.266010010940596509e+00
7.266449281794449711e+00
7.263624791469459829e+00
7.264670219337822310e+00
7.261258103988349255e+00
7.261653765212327194e+00
7.262658165593993687e+00
7.255275066732333578e+00
7.257463764037198395e+00
7.258239748827139515e+00
7.259970377847704270e+00
7.254066060287386541e+00
7.252668506023233874e+00
7.252356071838067741e+00
7.251436593498080896e+00
7.250707342945659661e+00
7.249289328576313807e+00
7.249351123616754045e+00
7.248344536727878484e+00
7.248893777336751221e+00
7.244601248759502177e+00
7.245190782817179098e+00
7.246715894757321585e+00
7.244580540840609650e+00
7.242575067864630789e+00
7.249762286113596410e+00
7.246941440161360326e+00
7.247157358263758731e+00
7.245930647963458426e+00
7.244955328807651362e+00
7.238640707641034844e+00
7.244350982192987232e+00
7.240500310444677901e+00
7.235340384022792115e+00
7.236624749431197046e+00
7.235571494751726895e+00
7.236434791611838335e+00
7.232928911829923813e+00
7.232659560260120912e+00
7.233499709661067811e+00
7.233509535505251442e+00
7.232699167621070124e+00
7.229474898321986309e+00
7.225472700136968740e+00
7.223046193552012717e+00
7.227972081742520594e+00
7.226105596019287702e+00
7.215850623960371912e+00
7.222106987101903464e+00
7.223867888360913092e+00
7.218697941539121921e+00
7.210852762662345761e+00
7.217241521340969967e+00
7.213855428037525108e+00
7.216794743861740358e+00
7.207903331706287275e+00
7.215531818829693300e+00
7.214542084716872417e+00
7.206799855521484943e+00
7.205347135882758103e+00
7.210772690891857906e+00
7.205299493880438888e+00
7.209529463288589568e+00
7.201899538174584059e+00
