9.177668939364020844e+02
2.717316325728877473e+02
1.875983922663179158e+02
1.626198030183103072e+02
1.498490413043635101e+02
1.388748869993720518e+02
1.280369077319490145e+02
1.168040520189247786e+02
1.048214302256719890e+02
9.173576505769057121e+01
7.772605787208210870e+01
6.362475585430342306e+01
5.115268418822867602e+01
4.186310564719037330e+01
3.551584635698214498e+01
3.112171280972985699e+01
2.787160025546822339e+01
2.534970640011050236e+01
2.328501209103011149e+01
2.162201883065822017e+01
2.025323103069683484e+01
1.906964385382685734e+01
1.805044539185331942e+01
1.716838327246282248e+01
1.640746239190731259e+01
1.573955637839259047e+01
1.514248308376705943e+01
1.461510611329676657e+01
1.414665686931092559e+01
1.373885299844454799e+01
1.337278448098081185e+01
1.304042023011771612e+01
1.273978065602172194e+01
1.248168076875619903e+01
1.223557258926987856e+01
1.200882568881730350e+01
1.180146266171533931e+01
1.160768214667021603e+01
1.142590309015392513e+01
1.126105223421863322e+01
1.110445538860922277e+01
1.095991763892846826e+01
1.081919979593479120e+01
1.068841635801285328e+01
1.056607265586164957e+01
1.044746896700130634e+01
1.033549864634607651e+01
1.022068619887675744e+01
1.011201362485746991e+01
1.000369755163583285e+01
9.905309170747033320e+00
9.805047694817446313e+00
9.711658483888951920e+00
9.616767849836721282e+00
9.526833154083226063e+00
9.442702374692606426e+00
9.361622788553598085e+00
9.281533856728673371e+00
9.205111605406189668e+00
9.125423910922918935e+00
9.054450092172194431e+00
8.985086525441392524e+00
8.917465173371553533e+00
8.853440545669512218e+00
8.787351270879900866e+00
8.725811249694002569e+00
8.662960660345195407e+00
8.604396354133163172e+00
8.551501584043935011e+00
8.496572852739001647e+00
8.440370593108550423e+00
8.387277472725802596e+00
8.332007722936744187e+00
8.279952205060645554e+00
8.229104540935827217e+00
8.179889641388436772e+00
8.132221478321467245e+00
8.086393864580195157e+00
8.038347820333603622e+00
7.996297022924141906e+00
7.952841832948006839e+00
7.913805657651302283e+00
7.874076622361929623e+00
7.834635864951636997e+00
7.799028462447928689e+00
7.759120154290790161e+00
7.730000414698849909e+00
7.691856166086829205e+00
7.661435007265878561e+00
7.625560788858249062e+00
7.587954464739344651e+00
7.556119594050144883e+00
7.521664169219615559e+00
7.486064075582238964e+00
7.451762355062830245e+00
7.417322343685277097e+00
7.388810117513833653e+00
7.356188717670094412e+00
7.320961873514753471e+00
7.287127389961827184e+00
7.254085601745035028e+00
7.221525924268231478e+00
7.193196273635788174e+00
7.159861059912251413e+00
7.129524040596723289e+00
7.102602755043776028e+00
7.067026880523130217e+00
7.039123003252389488e+00
7.007200715241721944e+00
6.978851948486791024e+00
6.954667214693636801e+00
6.927420030113688121e+00
6.896835534393773948e+00
6.872943944636592306e+00
6.846084193813902097e+00
6.817501627891089377e+00
6.794529755240135138e+00
6.766107304468339301e+00
6.739842515193149808e+00
6.717019601763854375e+00
6.694964004271420244e+00
6.669782806746041182e+00
6.648341478565016338e+00
6.627482243668712414e+00
6.603889862944591904e+00
6.585710001884256037e+00
6.561511211502904395e+00
6.537599336727434540e+00
6.519297040349350425e+00
6.498652077421279927e+00
6.476080982406713815e+00
6.460265297970259724e+00
6.437185959563268334e+00
6.421286311698826132e+00
6.395318618790089005e+00
6.376829623564025162e+00
6.355364425211866397e+00
6.336698650275606859e+00
6.316740476743336608e+00
6.298053631821127318e+00
6.278164858218944211e+00
6.257434054899667863e+00
6.234480129495199918e+00
6.222708046239422863e+00
6.196700671716707909e+00
6.181279220274045194e+00
6.162208294839817135e+00
6.142682883555958817e+00
6.122743211142442910e+00
6.103526761496392616e+00
6.087546907170682253e+00
6.065651276735210651e+00
6.049096059635814093e+00
6.028000068755589247e+00
6.014404266505948726e+00
5.996130595320399159e+00
5.980083356766929370e+00
5.959753490040585966e+00
5.945261671328579745e+00
5.927480663614329792e+00
5.913316397461398033e+00
5.897529152163971666e+00
5.877980115611553202e+00
5.864050806943061467e+00
5.849272821560096425e+00
5.834429913960209824e+00
5.819921758417532232e+00
5.802509898769995011e+00
5.785972678047307305e+00
5.770664139523204561e+00
5.755473770908530184e+00
5.742619956922652591e+00
5.726899000077563251e+00
5.713493784877091031e+00
5.695294144383382218e+00
5.684225956696995041e+00
5.671753512810501441e+00
5.656419154301204344e+00
5.648142191571460025e+00
5.632786337351693540e+00
5.617857514165699229e+00
5.603925581755873964e+00
5.596092585455795465e+00
5.581437774669989693e+00
5.568453972450266853e+00
5.556590855960318542e+00
5.546052914678995194e+00
5.527399481502225598e+00
5.520011257262918747e+00
5.507084701156629514e+00
5.488936358754575195e+00
5.481968899175378773e+00
5.468623304857518796e+00
5.460554011253115902e+00
5.452837388765001236e+00
5.433241390628598566e+00
5.426450034492479091e+00
5.415939842998786169e+00
5.402514922805001341e+00
5.393773920655520193e+00
5.380343084384108465e+00
5.372866403035945204e+00
5.363312003139939499e+00
5.351087331162070804e+00
5.342559351289423830e+00
5.334597080857705897e+00
5.320802013672163433e+00
5.313339314241836142e+00
5.308849910848169706e+00
5.287838445081769478e+00
5.284522891878195239e+00
5.279083730686331855e+00
5.267442989933235786e+00
5.255104145748778599e+00
5.248887745125574433e+00
5.236625062127065355e+00
5.230061522604384727e+00
5.225799863512426313e+00
5.212331948554449035e+00
5.203226498104076114e+00
5.198834366663549034e+00
5.184169149972686519e+00
5.181804214546416709e+00
5.170908503311966165e+00
5.159190758201396498e+00
5.157210875477541201e+00
5.150529899253895039e+00
5.134336272464190110e+00
5.133676433508107984e+00
5.122711804884894526e+00
5.113903846803546926e+00
5.108196449877138612e+00
5.095595431254600349e+00
5.092700925575337045e+00
5.079661293627327545e+00
5.066694572067027558e+00
5.065596239091928688e+00
5.054876909359686366e+00
5.047497081161020915e+00
5.043903703813065853e+00
5.033690634651150297e+00
5.026846754026667696e+00
5.020576148606172850e+00
5.013145903809562931e+00
5.004196960973337660e+00
4.995013269870359984e+00
4.995153787502377263e+00
4.988010295959245610e+00
4.976083253453297495e+00
4.964086918937817394e+00
4.963116450592239381e+00
4.955423789846768123e+00
4.945596072609229843e+00
4.942468623760022162e+00
4.926179728439270988e+00
4.927612165261080257e+00
4.915605575015132622e+00
4.909450680452230209e+00
4.902068033484128229e+00
4.901379984295714642e+00
4.887676075438777801e+00
4.875634392291034125e+00
4.872477472014583810e+00
4.866956009849241482e+00
4.861020485965291904e+00
4.855865984142333502e+00
4.844478119623032875e+00
4.840432191255156447e+00
4.836447403856245941e+00
4.821731436972751972e+00
4.822828839670450840e+00
4.806434075283164908e+00
4.805557687429213409e+00
4.798446606537118519e+00
4.785356057652525585e+00
4.783249139326089860e+00
4.779422856394982766e+00
4.763432831173707527e+00
4.763697710912288663e+00
4.753789659946775714e+00
4.748429440967744775e+00
4.742833905992420718e+00
4.735532075020354448e+00
4.728806243078556015e+00
4.723368830354994330e+00
4.715364419771874260e+00
4.706978410473666052e+00
4.704762329235220086e+00
4.694590755701038454e+00
4.687551543410508614e+00
4.683948088748532079e+00
4.673894650310351118e+00
4.671704664677725383e+00
4.659628860667476502e+00
4.658375883241895110e+00
4.651882318298552477e+00
4.641317171162181232e+00
4.641452760925539600e+00
4.635289045519622952e+00
4.631315689774340605e+00
4.624189599263512029e+00
4.617146319273461863e+00
4.610280610783373589e+00
4.603680890993591568e+00
4.598845569294994995e+00
4.591185129016546185e+00
4.584285742789243834e+00
4.584023854598370029e+00
4.573692426934674593e+00
4.569857926527822300e+00
4.562542480943888812e+00
4.555886377635470552e+00
4.551475396337563595e+00
4.550088361323497921e+00
4.536770942356795011e+00
4.535965093759721789e+00
4.528485148833511609e+00
4.526127585433784795e+00
4.514840966929829058e+00
4.510008865447066917e+00
4.509104229194695002e+00
4.498743415159563774e+00
4.487855607926945822e+00
4.484564811878853696e+00
4.479258854958047209e+00
4.477985393511089818e+00
4.469645078578548869e+00
4.463244424931132492e+00
4.453365656145233054e+00
4.452351821141243171e+00
4.445055025755640266e+00
4.440994804047122990e+00
4.433021199919436661e+00
4.429680260952312487e+00
4.422515145115739621e+00
4.420118985230366171e+00
4.409544905299534356e+00
4.407653946844747317e+00
4.405257745023962279e+00
4.392716890570411259e+00
4.392106225632264049e+00
4.384268357039941222e+00
4.376848237313137879e+00
4.371713619242368232e+00
4.368555745975179150e+00
4.351788424474170469e+00
4.350999516792334987e+00
4.347527751584599365e+00
4.344084223801180755e+00
4.337796687422568631e+00
4.328744205411710233e+00
4.328089244864065321e+00
4.314808494329878563e+00
4.308433941265641387e+00
4.309725815570230267e+00
4.305809014068347373e+00
4.299073289525710884e+00
4.291972410785420244e+00
4.289357969507688217e+00
4.279026346542587511e+00
4.272545959012768790e+00
4.271726825720350895e+00
4.264189628418753486e+00
4.257363580484008203e+00
4.250335822874442115e+00
4.249228481089803999e+00
4.242593038312869602e+00
4.239843960505655041e+00
4.233048194405252929e+00
4.231025529288155340e+00
4.217572974912624950e+00
4.218997274665817088e+00
4.207414919503960071e+00
4.206611117690938428e+00
4.206059171938177244e+00
4.193327943561580895e+00
4.193224541445644604e+00
4.190304890693622220e+00
4.184456588134849220e+00
4.178243908082744262e+00
4.176896008203269339e+00
4.177506566070428029e+00
4.171407075127398834e+00
4.163515166010403945e+00
4.157817113168007062e+00
4.156578931436789581e+00
4.154126309069788192e+00
4.145707724714626785e+00
4.142396725780161937e+00
4.137814062084340883e+00
4.139845875644960316e+00
4.134427276420180597e+00
4.127051548546267767e+00
4.127316121191745957e+00
4.117724579876155921e+00
4.114455756102469941e+00
4.111820188154630351e+00
4.107106628789590097e+00
4.104568357305820925e+00
4.095683548991464029e+00
4.089106354312781022e+00
4.093481270857992627e+00
4.089968562633688798e+00
4.079735052457859723e+00
4.077476113705585270e+00
4.075832269843763456e+00
4.073050609502426589e+00
4.068400924529888663e+00
4.062329887151793884e+00
4.059839119207890867e+00
4.058362884730679632e+00
4.046755058672822258e+00
4.049448116905769446e+00
4.047688091619334294e+00
4.048512619015159686e+00
4.032612639253837727e+00
4.036643612079158672e+00
4.029508542475103816e+00
4.030359392162018217e+00
4.021100797696896656e+00
4.017197535163810507e+00
4.016788529121604334e+00
4.019008906118314073e+00
4.008634267461949285e+00
4.014366027246386359e+00
4.002405421089936688e+00
4.005553942454861627e+00
4.001167819312755114e+00
3.996406453899116418e+00
3.983386495117896331e+00
3.988495118516764304e+00
3.975103030817678018e+00
3.978242512268829856e+00
3.979632404600632167e+00
3.966400874733686965e+00
3.966398916034233668e+00
3.959998045958291968e+00
3.957585446673952845e+00
3.962643607148264469e+00
3.957926522837719840e+00
3.952964916138329343e+00
3.937804012513117513e+00
3.942280071721096402e+00
3.937194041510062803e+00
3.943081448834802938e+00
3.934735508140693838e+00
3.929574915541772739e+00
3.925338513436110954e+00
3.925931661393497141e+00
3.916564662745956937e+00
3.922194717437046396e+00
3.911687493846918162e+00
3.910522157184434189e+00
3.911992198748242000e+00
3.900525147971761530e+00
3.898632932970260256e+00
3.892521351485941583e+00
3.887608986363241925e+00
3.888362866976576626e+00
3.885264184110692298e+00
3.886389488656549318e+00
3.873831732319013454e+00
3.872494856816364628e+00
3.868341130769532565e+00
3.870951591274822245e+00
3.862750591268122591e+00
3.863737020958236901e+00
3.854279669541533782e+00
3.855061781459653947e+00
3.850881592791040031e+00
3.845447765856838007e+00
3.843053239921812914e+00
3.843337294029183671e+00
3.836591347214628467e+00
3.830896796725331566e+00
3.829559133980034336e+00
3.831445456993467058e+00
3.820250361936486261e+00
3.821854751896186730e+00
3.825486091918352205e+00
3.815994054504217470e+00
3.814593945967416300e+00
3.808528688925919781e+00
3.801167984800845279e+00
3.810933750348941107e+00
3.802116394062308391e+00
3.793532962365580463e+00
3.799324338221989006e+00
3.791134805790715934e+00
3.789806474657947621e+00
3.786006903785310129e+00
3.790426831278141062e+00
3.779988111014015217e+00
3.779245623858941361e+00
3.775979129496045861e+00
3.781222701331633740e+00
3.775103068177236398e+00
3.764145167322121566e+00
3.769366238837676519e+00
3.765442254594507432e+00
3.758613408363352892e+00
3.765195491302680164e+00
3.756883504222663372e+00
3.748620989818536753e+00
3.754032735327709869e+00
3.748990209385675509e+00
3.749032576775181980e+00
3.744790555035133917e+00
3.741980496816173840e+00
3.743653682612544831e+00
3.730824148890369951e+00
3.738040321808554278e+00
3.729478103719102489e+00
3.727913663738485983e+00
3.731740825415070351e+00
3.724287813494633337e+00
3.727978679454022171e+00
3.715359092609528791e+00
3.720335036798503747e+00
3.722000159015603771e+00
3.712711098196255666e+00
3.703573940914582696e+00
3.713499990644371973e+00
3.709700103079082822e+00
3.701015159039481972e+00
3.694399270508384792e+00
3.705012729751571587e+00
3.695897129365588452e+00
3.700334230423329540e+00
3.683242231272811029e+00
3.695682854913773685e+00
3.685847671160681127e+00
3.681266028543918267e+00
3.680620803533158014e+00
3.679007525716226024e+00
3.679755643305749668e+00
3.676248141105748601e+00
3.676525937747018080e+00
3.667961563322428287e+00
3.669445879247054787e+00
3.674495317445938269e+00
3.666165960129972756e+00
3.664344236565842294e+00
3.657346196302940111e+00
3.664118706448169949e+00
3.653641667246299019e+00
3.655548216217120672e+00
3.655865100506935139e+00
3.643632882566008480e+00
3.650440794318740689e+00
3.653579567847568210e+00
3.644835891287744989e+00
3.638207462372453183e+00
3.642769883336671288e+00
3.634254850960057848e+00
3.636529897798715272e+00
3.641745933374305633e+00
3.627158983230267975e+00
3.628746360398901416e+00
3.627515489429192996e+00
3.628606948933015275e+00
3.621797568600945372e+00
3.617518217002474668e+00
3.617533706081450529e+00
3.614295630684503546e+00
3.621166037836918150e+00
3.604790116608693751e+00
3.610928410488766005e+00
3.612980563002971213e+00
3.604412443553918877e+00
3.613648123828367975e+00
3.600396854162948301e+00
3.592774725008713421e+00
3.606734673809584013e+00
3.603215678721548354e+00
3.601190912038604974e+00
3.591820154528161613e+00
3.592081401619297676e+00
3.585517767833809710e+00
3.590075374369909866e+00
3.589567725910640217e+00
3.577406352047955096e+00
3.590121235216165108e+00
3.577261842558002058e+00
3.577603617727436625e+00
3.572397287905882290e+00
3.578755808337167110e+00
3.570175211350757660e+00
3.570727656976714126e+00
3.565736157083263080e+00
3.569304994418784016e+00
3.568174486367681197e+00
3.564759828101422112e+00
3.556489052738476264e+00
3.566891273079705105e+00
3.556723974906788044e+00
3.550209619779696180e+00
3.547330365717083378e+00
3.556688910649252744e+00
3.549224472688038645e+00
3.541812099383384815e+00
3.551028057620240208e+00
3.546367377612521299e+00
3.532056987635663337e+00
3.536683506240737795e+00
3.541951830299094883e+00
3.539315624640209990e+00
3.539669804460528368e+00
3.524838952903200706e+00
3.532805547795680567e+00
3.532052421671323383e+00
3.523269988472985670e+00
3.523107160292848317e+00
3.515954962674242790e+00
3.518855955843339434e+00
3.515224845327975967e+00
3.495156417015529815e+00
3.489045042858689882e+00
3.487713002582621513e+00
3.486785704191875723e+00
3.482162517651182565e+00
3.479721511144865165e+00
3.480785720228582125e+00
3.478416691207699696e+00
3.483054486331900179e+00
3.474098053933609709e+00
3.466751310348993531e+00
3.478230283873926965e+00
3.470993605005290306e+00
3.469513193466474466e+00
3.475278442512228949e+00
3.459051944658332545e+00
3.467423347412283974e+00
3.466492344071859577e+00
3.458735238155488556e+00
3.457611772032709752e+00
3.451977601578488208e+00
3.446631366183360967e+00
3.448123716352193835e+00
3.439075556370005060e+00
3.436279954326318276e+00
3.440732472128407604e+00
3.430429979258445616e+00
3.420335641865747789e+00
3.424641289727924143e+00
3.417616090157352016e+00
3.431812041818443237e+00
3.407545714480205934e+00
3.400629655822528630e+00
3.422947511199596615e+00
3.413161565676998688e+00
3.405420536990010572e+00
3.396037198506858257e+00
3.385756115357273277e+00
3.388875261694526131e+00
3.398567861622793007e+00
3.401673558792712271e+00
3.390272637100092634e+00
3.394283908975646025e+00
3.390246688512295048e+00
3.377743592269334183e+00
3.381074243781445166e+00
3.390376331616394623e+00
3.375742253433228868e+00
3.382531364771029114e+00
3.385393789194299341e+00
3.366236277885685357e+00
3.378183147369634654e+00
3.370719391549284794e+00
3.369406078518714764e+00
3.365022018921591584e+00
3.362078659873274145e+00
3.362545318665631111e+00
3.362161443136733485e+00
3.348628385595390000e+00
3.357832731807620430e+00
3.353320016112355972e+00
3.342199668370748444e+00
3.349571651854644116e+00
3.345996619166323516e+00
3.339563254177897011e+00
3.342238258064833101e+00
3.331443198452771259e+00
3.348005559684321231e+00
3.327000263148868431e+00
3.334079910689196069e+00
3.333672029357034550e+00
3.327692880012039556e+00
3.324094931755999571e+00
3.322891326625402098e+00
3.328643024808763951e+00
3.319583963128002413e+00
3.318652144145247451e+00
3.311237001439428340e+00
3.314244190334612483e+00
3.320275341404006042e+00
3.314957000067899173e+00
3.312624835193892281e+00
3.303557150535148423e+00
3.303534986536446283e+00
3.302835513325469208e+00
3.305290393029988838e+00
3.299420091305150127e+00
3.299652653906123945e+00
3.295363073517238561e+00
3.298738542503337090e+00
3.294447497632216670e+00
3.297543669567753355e+00
3.291655225224594528e+00
3.285315232158916299e+00
3.281044585424791382e+00
3.281634372471037508e+00
3.279780070753032906e+00
3.277126021638070430e+00
3.278048177405270547e+00
3.279946440588808354e+00
3.264523438281090151e+00
3.276175952363098887e+00
3.269163444938378404e+00
3.270480596873488466e+00
3.264373546561907702e+00
3.266779197226241660e+00
3.262101955842731993e+00
3.257719697641958234e+00
3.265132162909574642e+00
3.253104016430291789e+00
3.262213713873956422e+00
3.247028901567114989e+00
3.255920821963304679e+00
3.244125223605743624e+00
3.247854662282497085e+00
3.241670961620438884e+00
3.241873916720344084e+00
3.251455274483069147e+00
3.238027753361469863e+00
3.241419227167829931e+00
3.233775811049424131e+00
3.244761680791985015e+00
3.233077822681039493e+00
3.235157679022204746e+00
3.233715288324385373e+00
3.234497597424341730e+00
3.225784299019213375e+00
3.219676838021255261e+00
3.222964093325282775e+00
3.228675549441741399e+00
3.218554955193987599e+00
3.223626745992562714e+00
3.213061803107199577e+00
3.220449106328861166e+00
3.208230163780938948e+00
3.219748249213976177e+00
3.212858921665164402e+00
3.214531810993199290e+00
3.211986364334627364e+00
3.200566217418415516e+00
3.215641145821953817e+00
3.198622816864782337e+00
3.207158343310545501e+00
3.196987614842046188e+00
3.201593910865525583e+00
3.196991530870297193e+00
3.194929568939758102e+00
3.197855861391172283e+00
3.195163726459755882e+00
3.195525579409721928e+00
3.187085516198660429e+00
3.191523709814509502e+00
3.195747410814465894e+00
3.178106879048333777e+00
3.195171952786314051e+00
3.191648088114252602e+00
3.172838412286955290e+00
3.185105888728926526e+00
3.170031779118510418e+00
3.178193712130841675e+00
3.172173204987288830e+00
3.176393956853669653e+00
3.168267502810323766e+00
3.174194017007925250e+00
3.171750399798505260e+00
3.163719976441292214e+00
3.173438826361554721e+00
3.166471417476649730e+00
3.156496179547749303e+00
3.169314617941545453e+00
3.162625897525158436e+00
3.154417184642369421e+00
3.160664077109057946e+00
3.146044140983574877e+00
3.156705476117390941e+00
3.150202754422334106e+00
3.153266513458987674e+00
3.150336102587480980e+00
3.149353702516926479e+00
3.148340375975134275e+00
3.148003623115155136e+00
3.140334490453772442e+00
3.141993795181619031e+00
3.139563781858077274e+00
3.139770473932582462e+00
3.145870149821633266e+00
3.144617885658894441e+00
3.129455111202663620e+00
3.133724910486650028e+00
3.133791497097853540e+00
3.123916938161899637e+00
3.139357235425748183e+00
3.132412152392214821e+00
3.128603603038798031e+00
3.129822268150456832e+00
3.134810125265578673e+00
3.130117891500853844e+00
3.135841950109894416e+00
3.118532794447381296e+00
3.124122819707238374e+00
3.123783243305204849e+00
3.123913483234313393e+00
3.110652988039175337e+00
3.124016957802381977e+00
3.117266284447513414e+00
3.104757806319537128e+00
3.111997718626211107e+00
3.113763196851728310e+00
3.105855895845473835e+00
3.111079410041549309e+00
3.107688661426725840e+00
3.107929596617215129e+00
3.105883071996144551e+00
3.102205236425474855e+00
3.111458319721814192e+00
3.100084282079996978e+00
3.099446596321753677e+00
3.100873678350778206e+00
3.095709419577298060e+00
3.093720062083168632e+00
3.094563151913448440e+00
3.098111918710642509e+00
3.090111175068371185e+00
3.093655782595136738e+00
3.087248799484615613e+00
3.093377428918914873e+00
3.087395950701063985e+00
3.083634316304760592e+00
3.089145685509448569e+00
3.081555118630813883e+00
3.083982232961968162e+00
3.077107545850422898e+00
3.084188586207516902e+00
3.074856172174845081e+00
3.073314171038520115e+00
3.079190298881596899e+00
3.072301360438788986e+00
3.076484256446202270e+00
3.073656694231488462e+00
3.062846979069175024e+00
3.072576522799183696e+00
3.065421051179837431e+00
3.070978492159189610e+00
3.064843395939566673e+00
3.063174453347491610e+00
3.064863485340741267e+00
3.057445834109084881e+00
3.059875840158175819e+00
3.060028252516600489e+00
3.056408800205025145e+00
3.056221771793969921e+00
3.054144782684661497e+00
3.053514365346412074e+00
3.058451745957139423e+00
3.056021936800231487e+00
3.051426439522291201e+00
3.049824317141300423e+00
3.055335329590137761e+00
3.039222857337835038e+00
3.045788965968439843e+00
3.046634960191594743e+00
3.049081322144575612e+00
3.051824418155073548e+00
3.039479629849890951e+00
3.034700373064044054e+00
3.040136382258373349e+00
3.040512048620306995e+00
3.034941519277808641e+00
3.039933097693873432e+00
3.027198622154585905e+00
3.032118778412515425e+00
3.028258030274125545e+00
3.035125445225331120e+00
3.026853597623533787e+00
3.037812607246372920e+00
3.029107456543245203e+00
3.022268597041208427e+00
3.019218960814876951e+00
3.025695390906288029e+00
3.025102072336957715e+00
3.019053392411795045e+00
3.017150300503688154e+00
3.022950274692844275e+00
3.017004337202755071e+00
3.016214950102384051e+00
3.026896618581353948e+00
3.008574012976529932e+00
3.011131949007699316e+00
3.013488144864302498e+00
3.010432427543090483e+00
3.017552138435987796e+00
3.004921139373134320e+00
3.009576082967257538e+00
3.000729874249506768e+00
3.005545841773055837e+00
3.002472510844721665e+00
3.006633536336147827e+00
3.005727342745486919e+00
2.996213685025594486e+00
2.997954373939230255e+00
2.998203790036423566e+00
3.004590479179393370e+00
3.003124888899945777e+00
3.005932296278936988e+00
3.003884528248317309e+00
3.016317542481293135e+00
2.998381185684876993e+00
2.996983537110082363e+00
2.993273407428632904e+00
2.993748699131195679e+00
3.001912412118292295e+00
2.987919772867796198e+00
2.991815552914934173e+00
2.988341840360208668e+00
2.998382672313249842e+00
2.981787890043444467e+00
2.985355088856051609e+00
2.986221723613197820e+00
2.995225460786411720e+00
2.981001354786512181e+00
2.977247959065144389e+00
2.976004201664887550e+00
2.989998677739341471e+00
2.977923449924588351e+00
2.974679663802439311e+00
2.974607108678363421e+00
2.974634938254661076e+00
2.971781644325708793e+00
2.965467702089668034e+00
2.970106223940021994e+00
2.978248755414901527e+00
2.969548739819396932e+00
2.963236751678042236e+00
2.964678202076515223e+00
2.961672811594480148e+00
2.964005573324933973e+00
2.954942403433225007e+00
2.964822084545206238e+00
2.963614960702770862e+00
2.955033756103168319e+00
2.956637835578110884e+00
2.960074178431916447e+00
2.958356415138194695e+00
2.962381528988240476e+00
2.953302835554969530e+00
2.953549089590667975e+00
2.948980782967170367e+00
2.961159731159041186e+00
2.949840855855904831e+00
2.943559498672577490e+00
2.950116363032037725e+00
2.950155017328397022e+00
2.947147774475582960e+00
2.949175898383197048e+00
2.941181983961684399e+00
2.941636777976670114e+00
2.945553869095734800e+00
2.944189231465190293e+00
2.935367957918728621e+00
2.941948387520641806e+00
2.941735912111826945e+00
2.941180157908688475e+00
2.940861425307347954e+00
2.936874919266522443e+00
2.937304704255118804e+00
2.937922241168255511e+00
2.936780478969820418e+00
2.929385121272405357e+00
2.933991757218178176e+00
2.932819844197223969e+00
2.941766528632701494e+00
2.930208211087835579e+00
2.919947839629100539e+00
2.929816021010552163e+00
2.934696156361606523e+00
2.925327044596047088e+00
2.929866474728640924e+00
2.926683020731764895e+00
2.921959131927178266e+00
2.924682341670305163e+00
2.921926149960218932e+00
2.920382623683819290e+00
2.920096604167448984e+00
2.917116343140670143e+00
2.924451323799746039e+00
2.919579100401314964e+00
2.915276982455405896e+00
2.924826872553239365e+00
2.915274731934320851e+00
2.914789157556192389e+00
2.917981343995458499e+00
2.915096116436576512e+00
2.911038439272753298e+00
2.915698116790071737e+00
2.911835213295786762e+00
2.912875837391539324e+00
2.910212040226142438e+00
2.914175965754802089e+00
2.907539584839856417e+00
2.919920102581210486e+00
2.902095147058150193e+00
2.905236819876682919e+00
2.909801137856393272e+00
2.903683523854022841e+00
2.918836309143794328e+00
2.901948643133950956e+00
2.902299933068643867e+00
2.906829912321416298e+00
2.909807367330769612e+00
2.899784111414920762e+00
2.895387412161870788e+00
2.897082720333509887e+00
2.912999832588332172e+00
2.909283253515047907e+00
2.896752047762333859e+00
2.905411192300741963e+00
2.901918887258536639e+00
2.901689646576104398e+00
2.896047784805992453e+00
2.890269597655584999e+00
2.905099318679625231e+00
2.898622246959820625e+00
2.899445314647577376e+00
2.891833052325858855e+00
2.902685334537959516e+00
2.890813743111477319e+00
2.895895819480513111e+00
2.888454562590249353e+00
2.888282277016810173e+00
2.900118581937662032e+00
2.884481536728017215e+00
2.887791252114034091e+00
2.896314612020244095e+00
2.889880031324739917e+00
2.895734056270338197e+00
2.889100919395387823e+00
2.890888724077964600e+00
2.890105499737719352e+00
2.886331670517844561e+00
2.893429501963821426e+00
2.887244462095164277e+00
2.882208312215054580e+00
2.886738207788547950e+00
2.881146761640910992e+00
2.875702225767958975e+00
2.875255969008911450e+00
2.876579680329692135e+00
2.885294754909349724e+00
2.879068125280973778e+00
2.876204009086009705e+00
2.870468719685191683e+00
2.876018454509244648e+00
2.870519770032186724e+00
2.889392224549181432e+00
2.865865990176432732e+00
2.868520671494580565e+00
2.873818609591912487e+00
2.869466152191225472e+00
2.864432649737377989e+00
2.860570041782688477e+00
2.870103987109398958e+00
2.866309782387571392e+00
2.860705181447672718e+00
2.856282515447186032e+00
2.860358407535934955e+00
2.861361209779405446e+00
2.879334523360526532e+00
2.861271699648160194e+00
2.868701456882410739e+00
2.871080434922758329e+00
2.859588404398850425e+00
2.870543045655615799e+00
2.859463338084892836e+00
2.859016675009817821e+00
2.858765609549297704e+00
2.859743003444256360e+00
2.841164857790378750e+00
2.846746073115337339e+00
2.837398814109258982e+00
2.834908008273247848e+00
2.841088257976834175e+00
2.833157379326179726e+00
2.833177932728157433e+00
2.833566920918552778e+00
2.832192139781595230e+00
2.830909529184536755e+00
2.836120425093451747e+00
2.829830010221348502e+00
2.828293133169929252e+00
2.826803917909698871e+00
2.827603531889158806e+00
2.824394857081821808e+00
2.824892555246343750e+00
2.830729041935944323e+00
2.835837032516618894e+00
2.821124349952258914e+00
2.824039412475287225e+00
2.819654046878540488e+00
2.822644133199449623e+00
2.818024838818467881e+00
2.816049330308887821e+00
2.828770007078685200e+00
2.803938034120289302e+00
2.815688563929345634e+00
2.814196858137842039e+00
2.819117428139232384e+00
2.805763334877305226e+00
2.811734346467255730e+00
2.809232101565880768e+00
2.803629640165195003e+00
2.806740796835777374e+00
2.808402552524915663e+00
2.813124641791720837e+00
2.800942514311620002e+00
2.803531867142531553e+00
2.802709887064597449e+00
2.812745824426962304e+00
2.799574190422516207e+00
2.798002511521973101e+00
2.792113317787058069e+00
2.802206631150598426e+00
2.796548539391832122e+00
2.795594264630759440e+00
2.797209222509647208e+00
2.803472754070367667e+00
2.794710931254506647e+00
2.784470420107474808e+00
2.803042386854480483e+00
2.794273904671499498e+00
2.789326283557237662e+00
2.790270183669164350e+00
2.799188280201392320e+00
2.784210133160348377e+00
2.781712118203374828e+00
2.783854466915294257e+00
2.783101995149660723e+00
2.779028096872072862e+00
2.779746812046802962e+00
2.785191664939525413e+00
2.787931699147490505e+00
2.782996276539071889e+00
2.784158962926405412e+00
2.781898210229972079e+00
2.779877430504241520e+00
2.787004280949639590e+00
2.777875743112051765e+00
2.782303178342389938e+00
2.774801624833098668e+00
2.776840915811835231e+00
2.776913512999927836e+00
2.773166701399905065e+00
2.774986874568869499e+00
2.783288461389147539e+00
2.779676045004091822e+00
2.768196893654973678e+00
2.777194679227151131e+00
2.773867551437575241e+00
2.771969581317263565e+00
2.768655646391243952e+00
2.777691443883747890e+00
2.768940886121330269e+00
2.766073463919557440e+00
2.766416412887704013e+00
2.763969230766999630e+00
2.762523552929468718e+00
2.753783660085916907e+00
2.770544336454843215e+00
2.763641675260894548e+00
2.777936237799691899e+00
2.756582411006646804e+00
2.755001911565297945e+00
2.761745990202095768e+00
2.757091899315890604e+00
2.751228962340306783e+00
2.754473784541852766e+00
2.771221178457211831e+00
2.755960694356077934e+00
2.757892786617592851e+00
2.757484847251812976e+00
2.752223972568221821e+00
2.756673741432674518e+00
2.752375091542297536e+00
2.758826570492425745e+00
2.755391373198083027e+00
2.745458719668772307e+00
2.763016527431304770e+00
2.755542006809826194e+00
2.757668564137697675e+00
2.748674782108132320e+00
2.755049415077308606e+00
2.756740475809733137e+00
2.749316965124722234e+00
2.745492511113456047e+00
2.742572093839424685e+00
2.744641613471882735e+00
2.741462475768074558e+00
2.750458473538518689e+00
2.748794786997696971e+00
2.746118282211676753e+00
2.738846863753025662e+00
2.742938277950338399e+00
2.746471336654474182e+00
2.739069749105230045e+00
2.746450397653268372e+00
2.728744472233093799e+00
2.730395371146400407e+00
2.752168143140773626e+00
2.736493893123046917e+00
2.740130947051393040e+00
2.735169893374429062e+00
2.732683094929031942e+00
2.733043044804336130e+00
2.739370512586127848e+00
2.744888993754859730e+00
2.731080756265582554e+00
2.743183570212439637e+00
2.730586353715500181e+00
2.735030976105907286e+00
2.731729608429745770e+00
2.726934012753178038e+00
2.740519851961680686e+00
2.727649122543377214e+00
2.724325261552261512e+00
2.738861151207453659e+00
2.725501151594903249e+00
2.722121613020997088e+00
2.725409456301076006e+00
2.737540331868007382e+00
2.726612401496765425e+00
2.726335291187435228e+00
2.720693984547047251e+00
2.722189248512603132e+00
2.734111763819338403e+00
2.716499416279868573e+00
2.726239709833152336e+00
2.729401059501962212e+00
2.712165797728950167e+00
2.724384888900615476e+00
2.718377532768518012e+00
2.728229743271822105e+00
2.726907610201162679e+00
2.724231324262119003e+00
2.718385565844448681e+00
2.724701430001919888e+00
2.717363541013051886e+00
2.713260034192028325e+00
2.720117609702352279e+00
2.710386562462975935e+00
2.710252015719248675e+00
2.713505813042214054e+00
2.713335908934141560e+00
2.699633803644575725e+00
2.709917943831429366e+00
2.713266532807024234e+00
2.710024765992882667e+00
2.705276136197678039e+00
2.720160431453758410e+00
2.707025354331333400e+00
2.708252136407522936e+00
2.710619269143217824e+00
2.713764182643425560e+00
2.710631469578020702e+00
2.708505545384404467e+00
2.710056684113265835e+00
2.706366935339282964e+00
2.703649818778888214e+00
2.702947050878016899e+00
2.701320017896955417e+00
2.705728981556497548e+00
2.707865931796076708e+00
2.699612165467948799e+00
2.694213678130967793e+00
2.700595848506626595e+00
2.700112734413957494e+00
2.699124023265396577e+00
2.698046646459711706e+00
2.691895913988590738e+00
2.689795950381987932e+00
2.691992097866750200e+00
2.694911480535745696e+00
2.693977577149747393e+00
2.695987750044763320e+00
2.689538949799691991e+00
2.689003504181049831e+00
2.687926392990283464e+00
2.690020722831919731e+00
2.687672812501345376e+00
2.686111919568397344e+00
2.686895004091470085e+00
2.686534258340298909e+00
2.679130573460806186e+00
2.682957885596207959e+00
2.684051376191696203e+00
2.679143385013523115e+00
2.685150800261063342e+00
2.680481070561798518e+00
2.681050958549243024e+00
2.679372224191844065e+00
2.675804479148495840e+00
2.682315335085237340e+00
2.680460152658508566e+00
2.675459219494683349e+00
2.676539141423042167e+00
2.671589226603829914e+00
2.672153044039913272e+00
2.677974179409965405e+00
2.666507011881440015e+00
2.676951262978789714e+00
2.672705013620797043e+00
2.674897893701183804e+00
2.662424252530644520e+00
2.674477359196079096e+00
2.669832125544681745e+00
2.667250043886800981e+00
2.669514610567464086e+00
2.669629106060023904e+00
2.670844278354545409e+00
2.660325855932128558e+00
2.669339253290384573e+00
2.665991158873016964e+00
2.667100636107895273e+00
2.666890107547687183e+00
2.662296127590375594e+00
2.664138951821228396e+00
2.664006846298697884e+00
2.663465718177368213e+00
2.663256426816372091e+00
2.661996468598537557e+00
2.663260601546681094e+00
2.664109668009275289e+00
2.660672945624721120e+00
2.660087188450652285e+00
2.664288676867803574e+00
2.654660311445443455e+00
2.658908308922849795e+00
2.660457973204639615e+00
2.656601806871803362e+00
2.649549234533060016e+00
2.651557160715004802e+00
2.661337850959105022e+00
2.651082931992759573e+00
2.657285307243605565e+00
2.646290498404729963e+00
2.652758717837423230e+00
2.655200688775239293e+00
2.646450132164930746e+00
2.649844132682678044e+00
2.650774357872052178e+00
2.646958428674095476e+00
2.650591839244210046e+00
2.647714798534489322e+00
2.646928857914257360e+00
2.647623781380027630e+00
2.646398019082563557e+00
2.643373310944743260e+00
2.642664387253260028e+00
2.648345612255695869e+00
2.639773200469198944e+00
2.645089635564044528e+00
2.646961110150881868e+00
2.645587339588515441e+00
2.640759031520266920e+00
2.642823873655467892e+00
2.637730239927674525e+00
2.638358217804015471e+00
2.638993902858868257e+00
2.631626385210564578e+00
2.639625386206871926e+00
2.628169363238021639e+00
2.635451418991600292e+00
2.637661418006725711e+00
2.631519159188966395e+00
2.627309616994580654e+00
2.634750933117410820e+00
2.638700496212323277e+00
2.630215991499466721e+00
2.617731648852708926e+00
2.621140570981949747e+00
2.632032601269063132e+00
2.632077319733849396e+00
2.625784549670619139e+00
2.625362493133876374e+00
2.626856657481712265e+00
2.615139734436984664e+00
2.614699449408243392e+00
2.623709380864725826e+00
2.621494897255078893e+00
2.617511467131087510e+00
2.619256061895587795e+00
2.610661565612085511e+00
2.619311671023529353e+00
2.618916319529029924e+00
2.613951191966912280e+00
2.618049517299098294e+00
2.609302869249649603e+00
2.609738755251204356e+00
2.621643187561752075e+00
2.612971900182064378e+00
2.611396399965339121e+00
2.610360141405790646e+00
2.613034280539723309e+00
2.606798084946685634e+00
2.605749852742345940e+00
2.623300288595751706e+00
2.602725366946696983e+00
2.601077862208473146e+00
2.608128654913864253e+00
2.601595625333620543e+00
2.601336264701187950e+00
2.598580039982297141e+00
2.600186966401585753e+00
2.599912386812340603e+00
2.606092418555170820e+00
2.601178630031199646e+00
2.603025141778637863e+00
2.592672161703572176e+00
2.600242602992507202e+00
2.604962491166606942e+00
2.593665456145050729e+00
2.597652346814984803e+00
2.591145116647830093e+00
2.593273178544557744e+00
2.591304589856064489e+00
2.585573608012891267e+00
2.584743603689042768e+00
2.582078321138277843e+00
2.592224223914445513e+00
2.590751279220665282e+00
2.588823156635164491e+00
2.581416501168130040e+00
2.586058034527248584e+00
2.581678562579647007e+00
2.576686244605845832e+00
2.584512159196757697e+00
2.581688334768777349e+00
2.579334352787555407e+00
2.579981814085433811e+00
2.575766768068878498e+00
2.588265182346962234e+00
2.583342286117419118e+00
2.579314153819673994e+00
2.580770953395083556e+00
2.581089768841854148e+00
2.574338254790305758e+00
2.579761173605424229e+00
2.575853767056389909e+00
2.576825906429909274e+00
2.575578620150871245e+00
2.571737785114577513e+00
2.575278950538538503e+00
2.569735622371881245e+00
2.569075767645871533e+00
2.569618950519489520e+00
2.569026577516221099e+00
2.570269092455803150e+00
2.571791819131012069e+00
2.572401138453173086e+00
2.573591635960780888e+00
2.577218805342476493e+00
2.573054747009960952e+00
2.568262616748758997e+00
2.565718521718396872e+00
2.563516764648653190e+00
2.563789849853089553e+00
2.563189723170591794e+00
2.566693658854719562e+00
2.562502389038269879e+00
2.566897359706354020e+00
2.567219734664206499e+00
2.561721343195934697e+00
2.563888346661093109e+00
2.563603013059718272e+00
2.560538248693987384e+00
2.560674749628535807e+00
2.563157972745531588e+00
2.556993816994178825e+00
2.560666399644115909e+00
2.559137261662741469e+00
2.566487169038121685e+00
2.560399653819580568e+00
2.565628389187486036e+00
2.559520377625611243e+00
2.560043014014088403e+00
2.557436472018318696e+00
2.557651600248680435e+00
2.558226920440776819e+00
2.555944578666537570e+00
2.552825890084351901e+00
2.557279799953251942e+00
2.553516411139852060e+00
2.557797043240303214e+00
2.555823048639460193e+00
2.555195300895432009e+00
2.560407845048776831e+00
2.549530108945126106e+00
2.547882948731623909e+00
2.552945988731054161e+00
2.554595209971701752e+00
2.548536087943184203e+00
2.548948032240943018e+00
2.552307311347019603e+00
2.541907102931478146e+00
2.551121384918628276e+00
2.544889301584064345e+00
2.544101499444428427e+00
2.550997298798466595e+00
2.545366050518701684e+00
2.553696788987037447e+00
2.544678312771249562e+00
2.548539310462624830e+00
2.541641935777116057e+00
2.549436477421614722e+00
2.547606368020047807e+00
2.541645584373898981e+00
2.549948272267469118e+00
2.540923459243503046e+00
2.546630236426467242e+00
2.542218152388612484e+00
2.547581038097329387e+00
2.529922430865104488e+00
2.550375391547586634e+00
2.536725281016345424e+00
2.539244178172854749e+00
2.543498837439928106e+00
2.530218528051393356e+00
2.546769497485800837e+00
2.541786490258944209e+00
2.538491966043234349e+00
2.537003726893899636e+00
2.541022470622466667e+00
2.532872357147621045e+00
2.535870650557919603e+00
2.522814719281934348e+00
2.532542111188409439e+00
2.534020685486194413e+00
2.528688096863014323e+00
2.527950664432296879e+00
2.530275195083825146e+00
2.523178535115318866e+00
2.524200198378315996e+00
2.516209989907406186e+00
2.520368827625028896e+00
2.524698867631817389e+00
2.521735727703566798e+00
2.518608188105347256e+00
2.528474602906253921e+00
2.508963776925011047e+00
2.518616801029813335e+00
2.514670305418623020e+00
2.515498563044226810e+00
2.513656366245592633e+00
2.520171570892522528e+00
2.513322703138448855e+00
2.508495241924590058e+00
2.508238343744285004e+00
2.519133264131323546e+00
2.514630369722564041e+00
2.512340958226248144e+00
2.515069428066972534e+00
2.514798698583197378e+00
2.513585121848773252e+00
2.517444928944275961e+00
2.508142705271429129e+00
2.515911660183495879e+00
2.505423910518179920e+00
2.507924450363668623e+00
2.513022961576625747e+00
2.516455867725168272e+00
2.494026634710847734e+00
2.504508957620224852e+00
2.510344788329775145e+00
2.509786375720299834e+00
2.507185712395465949e+00
2.520574407315194332e+00
2.504296093213937535e+00
2.520029986178453640e+00
2.499283857021250110e+00
2.511701250082809533e+00
2.502510984448317544e+00
2.500748126237957170e+00
2.511167836195463909e+00
2.506279074782554961e+00
2.499857370545294000e+00
2.505937860355659019e+00
2.504581072730941216e+00
2.497221399101004824e+00
2.511629789574203020e+00
2.496734507493295840e+00
2.503259771016177471e+00
2.500388227565647270e+00
2.499749904461853856e+00
2.507884218896535788e+00
2.501780415974078853e+00
2.494300546185505230e+00
2.501447333955960417e+00
2.506528386901686112e+00
2.498722191084961519e+00
2.511227763367421151e+00
2.492475376464421633e+00
2.499382187574103131e+00
2.500555645233260904e+00
2.498779789551265118e+00
2.505999023550497196e+00
2.493158003095576891e+00
2.475440726271027625e+00
2.496870174857610092e+00
2.496721468351936757e+00
2.496593799460183671e+00
2.494642201582092600e+00
2.496178233875237407e+00
2.484700547516402569e+00
2.497653317407750873e+00
2.485468984332415587e+00
2.494303955648426108e+00
2.493025918592986834e+00
2.480981606809676610e+00
2.496597010688963891e+00
2.482877547991194422e+00
2.481537935653502558e+00
2.489281457535021058e+00
2.496922203337617940e+00
2.488797066435188388e+00
2.483189321315275144e+00
2.494946552883313018e+00
2.479518538040542452e+00
2.489702319104762029e+00
2.479228261888442475e+00
2.487022180939126859e+00
2.480341315537090363e+00
2.483882142577890750e+00
2.472314615601620691e+00
2.483664800684172835e+00
2.483046523319436094e+00
2.478021100439092184e+00
2.485294722096813125e+00
2.483340968191179332e+00
2.488762150000488838e+00
2.470554310858096070e+00
2.479991233150842245e+00
2.480750322182194267e+00
2.485081122324507508e+00
2.480130146860893614e+00
2.474985560532903417e+00
2.483184567123197350e+00
2.484756098828344140e+00
2.472721541726241146e+00
2.473178576592252043e+00
2.480369312800833281e+00
2.471081380576074071e+00
2.485769060389407148e+00
2.473695971411081107e+00
2.484434905359762080e+00
2.465253341136431242e+00
2.472431155559621896e+00
2.486001593489636452e+00
2.465762327066584714e+00
2.476224002457359852e+00
2.474766508841514945e+00
2.461098065612614239e+00
2.479681193419938978e+00
2.464790716389818837e+00
2.478653318919107118e+00
2.466432039222070660e+00
2.472096574660676005e+00
2.471747385434316602e+00
2.457659251025461788e+00
2.470117810674838932e+00
2.476311928731199874e+00
2.455983963122996272e+00
2.468572135449831340e+00
2.471734550151501786e+00
2.467214215274298628e+00
2.467376703071515465e+00
2.460065019730789615e+00
2.469005855742238520e+00
2.474986528464088398e+00
2.463072895664683237e+00
2.459191135493747016e+00
2.464045052683248915e+00
2.477889456510468325e+00
2.465274824843312729e+00
2.459604375829190559e+00
2.459229461768381420e+00
2.466535297504408586e+00
2.466351847558133414e+00
2.461144889784246725e+00
2.454751424285216643e+00
2.467795719198164317e+00
2.452069196733960510e+00
2.468083588445167731e+00
2.459533069254661086e+00
2.446048098572606744e+00
2.461842142530330513e+00
2.467502084019887576e+00
2.458261954306878661e+00
2.455666303353214008e+00
2.462920847181551576e+00
2.451124616515968579e+00
2.456553429611541439e+00
2.466162865448382480e+00
2.450101195552794042e+00
2.461412911530326930e+00
2.466865620078795285e+00
2.464399286868395045e+00
2.449975733661410970e+00
2.452058304355410279e+00
2.453729537944598693e+00
2.467123980635403502e+00
2.443594537304911274e+00
2.465198087703965868e+00
2.444094445783074665e+00
2.465320776089044319e+00
2.461686558059543284e+00
2.451511609939863501e+00
2.462614703020074902e+00
2.446892367267321067e+00
2.463139321295994666e+00
2.446452315046481640e+00
2.461290894087100778e+00
2.442100108047476237e+00
2.442576331150487334e+00
2.467022789868486221e+00
2.439183571680428653e+00
2.453028468674674389e+00
2.454141518254707943e+00
2.445985108676640873e+00
2.454291477822772016e+00
2.436487602703367283e+00
2.446781163729709885e+00
2.464943662996095686e+00
2.444434224321210269e+00
2.454423129773525059e+00
2.441632647752976393e+00
2.445698410367253661e+00
2.449083949991926357e+00
2.450602906781162549e+00
2.431914148236982154e+00
2.455613800151332793e+00
2.441853133958931110e+00
2.445375681715044713e+00
2.445682588926830103e+00
2.441223327390073639e+00
2.456347199141396320e+00
2.434780767498730292e+00
2.446380335330264888e+00
2.441468662447784599e+00
2.448114605674394539e+00
2.436834648183296981e+00
2.445090432166683758e+00
2.435468539926492593e+00
2.449919733411942691e+00
2.431684716566801630e+00
2.445609623314924264e+00
2.446244180117681299e+00
2.438977655765582231e+00
2.439253598926523825e+00
2.429847129485155133e+00
2.445170007681284563e+00
2.432678245041163922e+00
2.443805283002108197e+00
2.440183327315601947e+00
2.428218465564747852e+00
2.434251201727837710e+00
2.448437406923567483e+00
2.431881455334014230e+00
2.440657706706687247e+00
2.442356625238984780e+00
2.431130906599868080e+00
2.447433999268483706e+00
2.426214980926311604e+00
2.432643407488936038e+00
2.436542115759955163e+00
2.427103575950142034e+00
2.434743757949787923e+00
2.436545885094338892e+00
2.445651397914169856e+00
2.432767183054988624e+00
2.439676279463012687e+00
2.428443438120390763e+00
2.437219487282772157e+00
2.428457419103071668e+00
2.440310280028101353e+00
2.426216735834957117e+00
2.433212490435874731e+00
2.419840343439325636e+00
2.440493242920152017e+00
2.426756872531485865e+00
2.429769197161658401e+00
2.427265148467020683e+00
2.428659334781411605e+00
2.427927568706282013e+00
2.433114798214945917e+00
2.436880154694440748e+00
2.421409142617371391e+00
2.434454840895497352e+00
2.419305489784582264e+00
2.427747367556804203e+00
2.437550057066417697e+00
2.420832826966882401e+00
2.433267791457602858e+00
2.429003817594354242e+00
2.427246835142069514e+00
2.430165785196268580e+00
2.418593647797560475e+00
2.424096675476213658e+00
2.422038809588937358e+00
2.433423035173705617e+00
2.421541811605248729e+00
2.426721149323122440e+00
2.414713581402247122e+00
2.434668063179606268e+00
2.415380537616730106e+00
2.427865483142569669e+00
2.414437580017356311e+00
2.426046672029228635e+00
2.422643069822023598e+00
2.418908530432136939e+00
2.418974665140163793e+00
2.415433765953410195e+00
2.412654555535831413e+00
2.430389854736689781e+00
2.421869011115899362e+00
2.419732315200530337e+00
2.422636033428491320e+00
2.427198981647645137e+00
2.414818917401607035e+00
2.420033465895286895e+00
2.416926445371399446e+00
2.425355679936004538e+00
2.417184956312120381e+00
2.404988501916248911e+00
2.420481480279033981e+00
2.406677967653316763e+00
2.412183074634681734e+00
2.415347089114319612e+00
2.418376107513161788e+00
2.411051824534599319e+00
2.416962620853529753e+00
2.410953028924904817e+00
2.419603235337989044e+00
2.414777733220150768e+00
2.417036726204527586e+00
2.410910872513610581e+00
2.422058368507591819e+00
2.409777502549636630e+00
2.409535288830094490e+00
2.413029679698898811e+00
2.423167935721063149e+00
2.408424407742852047e+00
2.419124709003269924e+00
2.404951945842590977e+00
2.420321461695412513e+00
2.407241154660049620e+00
2.416239386269790845e+00
2.409522720064253942e+00
2.405616480887900810e+00
2.405483436134971509e+00
2.409372748740776782e+00
2.418644376865403789e+00
2.417246808026563887e+00
2.405360423694769434e+00
2.404068642422902968e+00
2.407974356875848265e+00
2.409495741713795436e+00
2.404846672552455544e+00
2.399917831763845211e+00
2.417057473077551588e+00
2.409273892591755395e+00
2.409372192996419138e+00
2.411701204756791839e+00
2.405715932505996246e+00
2.411978346977293963e+00
2.413779879860492805e+00
2.404730214603913563e+00
2.409566260900990464e+00
2.404277387063644245e+00
2.414959309578903923e+00
2.411873158706176579e+00
2.405001575917145473e+00
2.407543378031234305e+00
2.412594266693656397e+00
2.395511518276803642e+00
2.399712492903536276e+00
2.412167459607577502e+00
2.406238976569257115e+00
2.415456115966685413e+00
2.402956329979140992e+00
2.407041333924429871e+00
2.401764854496211576e+00
2.413043184153827792e+00
2.402976607285490562e+00
2.407262817843380365e+00
2.399771877123883623e+00
2.409672178826381295e+00
2.397989705540473526e+00
2.402215171176823372e+00
2.399777820453260269e+00
2.402176167175022581e+00
2.406567156344403102e+00
2.399211883373519427e+00
2.402839002986429939e+00
2.405425998414428612e+00
2.408587081031863253e+00
2.394632783209747373e+00
2.399383578678607076e+00
2.391992828565863594e+00
2.400832434360535839e+00
2.404182974493602298e+00
2.412435487846228188e+00
2.396855475322630102e+00
2.403656929700536349e+00
2.390985511038553391e+00
2.394352234111536415e+00
2.404584355891964176e+00
2.392089815948808873e+00
2.392901657729039400e+00
2.386009975087677315e+00
2.401115797520351425e+00
2.393124049107209217e+00
2.398738295816962740e+00
2.396099539970157011e+00
2.400755209368656828e+00
2.388324195972517217e+00
2.395683352211563033e+00
2.389199724281811044e+00
2.385057306309404268e+00
2.396926682068075909e+00
2.395075627182760680e+00
2.400997117714743556e+00
2.401531027311679001e+00
2.386036199342090214e+00
2.391944468471947527e+00
2.391193398740396159e+00
2.396864936635906940e+00
2.387583626903698075e+00
2.381656679688235467e+00
2.391751370674100929e+00
2.401696555103029151e+00
2.390427190967373772e+00
2.387728588283292819e+00
2.397106953492229131e+00
2.385278525817613460e+00
2.393465285241142659e+00
2.381342565019103574e+00
2.390247782817257249e+00
2.392175276901393755e+00
2.391470323949567156e+00
2.374206904257062600e+00
2.389504760133003725e+00
2.388548634267769089e+00
2.378110272333618713e+00
2.384795836119411927e+00
2.395430473799483373e+00
2.377891363391575918e+00
2.393990111272970456e+00
2.379033307647430817e+00
2.380172255693141725e+00
2.388847030098887547e+00
2.386365139696102755e+00
2.381527027476915137e+00
2.372671296716307943e+00
2.390193912849483571e+00
2.390097439395437728e+00
2.389731598563491488e+00
2.377402702612600560e+00
2.384195186139729028e+00
2.380004530188458478e+00
2.384731896038060572e+00
2.391454909383468053e+00
2.384796370606265814e+00
2.378907451868292888e+00
2.386019932979967617e+00
2.392039117712117413e+00
2.381765331494033244e+00
2.373760382566582283e+00
2.386830515891216642e+00
2.378121331037953201e+00
2.377512431849817975e+00
2.388122255637307845e+00
2.383050071247657886e+00
2.393653931775149069e+00
2.371726462768963373e+00
2.372248115728781581e+00
2.378312525292759716e+00
2.375298458699755866e+00
2.375909656253958779e+00
2.376960696300676634e+00
2.379939724428424164e+00
2.379625454003908569e+00
2.373003075973477483e+00
2.378010842504249656e+00
2.372481098554756862e+00
2.378328645658949636e+00
2.384845415027156523e+00
2.378863624149454292e+00
2.372073080248581878e+00
2.374149821170248753e+00
2.380066106859938468e+00
2.374333532326902585e+00
2.382564504658353233e+00
2.371232438164228906e+00
2.380884763799055559e+00
2.368892857116451367e+00
2.389420842968382530e+00
2.363755509087448026e+00
2.382635638098105968e+00
2.378595225689846160e+00
2.373570044614443653e+00
2.376608785320926565e+00
2.386618572474735522e+00
2.375130147990987428e+00
2.374085080384916946e+00
2.372076795602440225e+00
2.377048930886879408e+00
2.361807421379521710e+00
2.379554600080246107e+00
2.373873932723127744e+00
2.373303013477835233e+00
2.366082947418300719e+00
2.381941022112004980e+00
2.364265473101667681e+00
2.362247308991830774e+00
2.363453603695594207e+00
2.371827820357188088e+00
2.373364557460333479e+00
2.384405406508027347e+00
2.371220632330303335e+00
2.370464246329886837e+00
2.349075461726801262e+00
2.380670628500833441e+00
2.373149416183222282e+00
2.371008918731700277e+00
