9.008198882206871758e+02
2.617392173082335489e+02
1.842843388142373442e+02
1.623691768497066619e+02
1.500318522181671881e+02
1.392279361524100239e+02
1.287228047942249418e+02
1.181802327644330006e+02
1.074224612706019002e+02
9.628198052545241126e+01
8.449298761389594858e+01
7.201354139672106669e+01
5.936213695769910714e+01
4.761581502572565938e+01
3.828935672903749321e+01
3.200694310861329939e+01
2.790935149704379015e+01
2.504158126736426127e+01
2.284437196413923132e+01
2.107843949426508345e+01
1.960213171527942322e+01
1.836173574941846809e+01
1.730561981309913833e+01
1.642252495077232410e+01
1.567455112180889643e+01
1.502632341243162450e+01
1.446487290449442220e+01
1.397864504348627968e+01
1.355488539548721860e+01
1.318317149614498618e+01
1.284836572248713793e+01
1.254297524782258755e+01
1.226596342582786292e+01
1.200845780624570125e+01
1.176887979790123673e+01
1.153832358693973248e+01
1.132075536939398752e+01
1.111419875016305525e+01
1.092728985728122204e+01
1.075368277741000789e+01
1.058034613493341602e+01
1.041347849926354563e+01
1.024932467645527723e+01
1.009523640558903068e+01
9.947031838313041163e+00
9.803867065015454685e+00
9.667227799327667626e+00
9.539755029183210056e+00
9.415391853229795771e+00
9.303732324392983699e+00
9.196776285978375043e+00
9.097839820161139457e+00
8.999951547488189263e+00
8.910521652757452671e+00
8.822986383497736895e+00
8.739064511029821958e+00
8.656380826408982543e+00
8.577566076348217550e+00
8.502797059295494009e+00
8.428050203855265821e+00
8.357935962129394269e+00
8.289269213377872703e+00
8.221816812910351047e+00
8.155692632196643643e+00
8.092363447474946625e+00
8.027940980917932734e+00
7.969928854988158839e+00
7.917743386869702249e+00
7.864404487107090169e+00
7.808097389267952160e+00
7.757250115653159916e+00
7.703684824611978677e+00
7.654238379869084064e+00
7.604795881037681227e+00
7.558978642743732657e+00
7.512625757027701745e+00
7.468750697586806098e+00
7.428071963302989467e+00
7.387038561318214569e+00
7.347662162432547994e+00
7.312503694237002527e+00
7.274565232278561666e+00
7.237786973570315752e+00
7.204527726874533577e+00
7.169532391709213748e+00
7.136079971954811363e+00
7.103035724783288707e+00
7.071539801828472527e+00
7.042952451429841609e+00
7.014048125299729541e+00
6.982321104236661746e+00
6.956554210046856923e+00
6.929179730732498932e+00
6.901286901748275859e+00
6.873757428631910749e+00
6.849952513818382549e+00
6.822105574341986056e+00
6.795153528426581602e+00
6.774016074742811533e+00
6.748738529439304301e+00
6.722759782948653395e+00
6.698900455945360655e+00
6.677285524644267944e+00
6.651161766204841008e+00
6.629093664003797848e+00
6.608140568547579363e+00
6.583998628139607234e+00
6.561882559862812769e+00
6.545882499970459456e+00
6.520103406516695621e+00
6.501264039886546442e+00
6.484762469521924366e+00
6.466604793675853280e+00
6.445189269291341283e+00
6.424175804470582563e+00
6.401850960581736416e+00
6.381786667028625182e+00
6.362729581065122098e+00
6.344927707805826600e+00
6.322592368078477243e+00
6.302518590472647730e+00
6.284352810727963146e+00
6.266578247738396890e+00
6.249798476501343458e+00
6.232563956839899610e+00
6.215061119718568783e+00
6.199790299824093687e+00
6.180543205635253834e+00
6.168877945316205036e+00
6.155211190155690737e+00
6.136808910530994865e+00
6.122540445116199770e+00
6.103512716743654032e+00
6.091013389993499061e+00
6.073245426990347084e+00
6.059310258604383215e+00
6.043153220375475421e+00
6.029110047670733330e+00
6.013968206878054445e+00
6.000736825595069490e+00
5.985475578523136164e+00
5.972407539060788473e+00
5.958534860036491132e+00
5.945194850035666612e+00
5.933313343877467894e+00
5.918388129377780693e+00
5.904679442773875131e+00
5.894531062460333537e+00
5.879790612826593765e+00
5.866760794138477841e+00
5.854368223124883919e+00
5.838848742991668672e+00
5.828500469887853974e+00
5.812781996658881845e+00
5.801837286937685967e+00
5.787770110546229141e+00
5.769679773781329679e+00
5.762351392403050276e+00
5.747147670876912251e+00
5.738316032629943386e+00
5.723515166508505558e+00
5.712087868571258831e+00
5.703448878337965766e+00
5.690579918553002159e+00
5.677310833594251704e+00
5.666524082352155212e+00
5.653923900376084610e+00
5.639318934044104559e+00
5.630235397670380060e+00
5.619610992609954003e+00
5.604559375123514542e+00
5.596530261121920979e+00
5.589173308068932755e+00
5.577440432894838374e+00
5.568193979881358224e+00
5.554180785673429988e+00
5.549742911421436276e+00
5.536927831542151068e+00
5.523752181164279129e+00
5.518150275204298794e+00
5.505842489427949182e+00
5.495070126321055959e+00
5.489386987188260569e+00
5.480546441633268095e+00
5.468097981525720463e+00
5.459771067273276657e+00
5.452184533306817293e+00
5.439347494833541852e+00
5.432568589986799701e+00
5.422898523691450201e+00
5.413656818886145139e+00
5.405130210650074041e+00
5.395786474985005299e+00
5.385951838428501226e+00
5.378603512682822441e+00
5.363944382039953496e+00
5.356704956501860515e+00
5.346716637821706364e+00
5.337440469399498788e+00
5.331822889412777933e+00
5.319476520975760181e+00
5.312199308963705846e+00
5.302201681386880416e+00
5.294845337507815053e+00
5.282826330389098324e+00
5.280530419042644752e+00
5.265350566206866922e+00
5.257499167427768683e+00
5.250533590806313988e+00
5.241052263602144379e+00
5.235752044989285814e+00
5.230377775801810181e+00
5.212791382214036595e+00
5.212663333110175934e+00
5.199803401592776986e+00
5.190695084455712482e+00
5.183820367418285002e+00
5.181332743724300194e+00
5.166646894476095042e+00
5.168529564455027092e+00
5.158162922544107687e+00
5.150361737719992838e+00
5.150454238878805491e+00
5.134415396792415542e+00
5.126400614741252859e+00
5.125517389376152089e+00
5.110357562284500332e+00
5.105690023462615912e+00
5.099869691287662654e+00
5.088411444250854565e+00
5.079040474158229124e+00
5.077789172734321177e+00
5.067203784206130379e+00
5.059948033508908871e+00
5.051463411645884527e+00
5.045219257810299673e+00
5.035560536327620795e+00
5.030200450146423030e+00
5.023029702709356670e+00
5.020161299207681616e+00
5.009285440589666294e+00
5.002583498512307436e+00
4.992863567492045185e+00
4.985198520922215160e+00
4.978828633054455999e+00
4.967931182313523486e+00
4.968054196997136351e+00
4.956358834710434813e+00
4.948777621321755582e+00
4.943690325587343004e+00
4.936201170451852249e+00
4.928383857298484827e+00
4.923641758834023996e+00
4.917965940505235167e+00
4.906728132390511199e+00
4.901953573548487597e+00
4.893383793853786301e+00
4.887514041630979911e+00
4.880350941236414108e+00
4.873750927898834462e+00
4.870187559560716473e+00
4.858534228630184693e+00
4.852514423429274082e+00
4.846433643528813562e+00
4.844431743446648397e+00
4.834681157046388122e+00
4.829230237511186630e+00
4.824367088305893780e+00
4.811629258920354424e+00
4.810148320064898009e+00
4.797759797170090046e+00
4.790956350089516924e+00
4.784976921994400278e+00
4.778105008739511383e+00
4.775374620738593201e+00
4.771370170826707557e+00
4.764743852597399076e+00
4.758606320452767768e+00
4.753510704786667596e+00
4.744633853129754719e+00
4.737474987771819634e+00
4.733173789239224050e+00
4.726034485856545508e+00
4.715495860909064696e+00
4.710787725986001817e+00
4.704896411874424977e+00
4.698922254544491750e+00
4.694382801235772007e+00
4.686233560426529721e+00
4.679029877951012217e+00
4.674681375130534278e+00
4.667143893406143995e+00
4.664571206787607949e+00
4.660200278171926946e+00
4.654087464814406161e+00
4.646293333500930878e+00
4.642283250672798012e+00
4.636145634618871192e+00
4.632606915654718271e+00
4.624300846490609018e+00
4.619959145399130662e+00
4.613341147280194399e+00
4.608327728352985098e+00
4.605957614053195037e+00
4.598591474655731481e+00
4.589879333908057468e+00
4.592410322418163382e+00
4.584184155388196125e+00
4.577687929930539745e+00
4.573317637889407372e+00
4.568965690635963917e+00
4.565495698355997334e+00
4.564499652439626409e+00
4.555504691087914892e+00
4.550424603537850388e+00
4.550219053970577576e+00
4.544626115376394715e+00
4.540203272813630342e+00
4.534650943716078686e+00
4.530749464992190667e+00
4.521055011617349351e+00
4.520367681824271067e+00
4.514250636769452818e+00
4.514764601351221707e+00
4.509409508187812499e+00
4.502509174025420613e+00
4.497411286548390841e+00
4.491904121840282649e+00
4.493177776495918430e+00
4.482367060576883055e+00
4.479053869700788226e+00
4.472472289087527919e+00
4.469816531427286854e+00
4.464221613211231343e+00
4.462725325521904374e+00
4.456515328990923841e+00
4.450925584218290432e+00
4.444398712429776133e+00
4.444893892667946211e+00
4.431826398578040838e+00
4.428768478350119331e+00
4.428393259520672309e+00
4.418414506310703871e+00
4.415156853181515295e+00
4.414695090626946872e+00
4.413107871148498340e+00
4.401334143444118219e+00
4.401682029393556128e+00
4.393079193601205468e+00
4.396254389655569916e+00
4.391255979432183487e+00
4.385359682170917317e+00
4.381430276816570490e+00
4.371833430590747582e+00
4.372826661911510371e+00
4.363056324475008907e+00
4.366285705050575672e+00
4.355933488788799046e+00
4.353345604399872393e+00
4.348143590276149162e+00
4.345860085727418110e+00
4.341919797844838058e+00
4.335037265531848760e+00
4.331743525691270413e+00
4.327720862201728913e+00
4.326300924293470906e+00
4.318465591169106332e+00
4.315251488636108412e+00
4.312662102751473547e+00
4.306231445791895318e+00
4.304439446164924910e+00
4.299282144472049261e+00
4.295822105810718661e+00
4.293134409652547667e+00
4.289902777687339963e+00
4.289882852425748183e+00
4.280352062286399750e+00
4.273424793390838694e+00
4.278298421551077091e+00
4.269948889745979415e+00
4.268503946304504915e+00
4.257666526759858350e+00
4.258882552365966134e+00
4.254086896288229447e+00
4.247605372953706215e+00
4.249262714851212763e+00
4.243865015336750979e+00
4.243547086155625259e+00
4.240620259010799309e+00
4.233906232341478670e+00
4.233061150042050080e+00
4.228725936240889105e+00
4.223065369402017488e+00
4.217602180202590922e+00
4.213885230161785067e+00
4.211547027692149392e+00
4.204136200257145184e+00
4.199106902466711588e+00
4.199491798754805494e+00
4.199244883125946792e+00
4.187351507669204942e+00
4.185991894085183240e+00
4.182717775632860402e+00
4.175734220795859208e+00
4.176293077783400420e+00
4.171700952693455200e+00
4.167456289462732499e+00
4.163672723357064065e+00
4.158338149268323569e+00
4.160013251733087003e+00
4.155974976391259901e+00
4.149330665760436965e+00
4.147985105303227726e+00
4.148548815160810754e+00
4.138197924040525777e+00
4.142783495298488994e+00
4.134285111826367043e+00
4.133295765897995189e+00
4.124902874782991447e+00
4.117277714480755968e+00
4.118491645149984670e+00
4.117632604837258015e+00
4.113671437029379874e+00
4.107910678395879422e+00
4.102890117840222395e+00
4.095824206501260889e+00
4.098893734622697238e+00
4.092219143941273174e+00
4.093007631992132467e+00
4.083787508151557333e+00
4.085972297172907552e+00
4.076244084790691780e+00
4.080379830396072549e+00
4.075491912525371241e+00
4.072984208163427766e+00
4.064520554957771203e+00
4.064456036938396188e+00
4.063733184486242322e+00
4.053422656583282269e+00
4.054697349615483226e+00
4.049485052589863798e+00
4.052530058633088572e+00
4.043812904297791277e+00
4.046260578329010649e+00
4.039140994590034062e+00
4.037787540664701247e+00
4.036494684284225976e+00
4.031509596597236289e+00
4.032000340433609331e+00
4.030122531017982901e+00
4.017166841286892165e+00
4.019444686072636941e+00
4.021437012188484594e+00
4.013326809332689926e+00
4.015664884323936867e+00
4.008857735151944546e+00
4.006916327264730349e+00
3.997513341648710750e+00
3.999156918924150261e+00
3.996916530160728342e+00
3.994018560152587938e+00
3.991292149381434395e+00
3.986170113667911963e+00
3.988569628784690568e+00
3.976839475860712625e+00
3.977184318970303778e+00
3.970143562674154136e+00
3.961391855048722821e+00
3.971120981519788540e+00
3.961867217502813343e+00
3.960547066651628700e+00
3.955973259651659912e+00
3.953998320557166934e+00
3.952963992249769465e+00
3.950667983287999174e+00
3.937896357449997442e+00
3.949572986161421273e+00
3.939460782511277070e+00
3.932091181930269297e+00
3.935204702410293631e+00
3.931042137175719375e+00
3.927213519481081772e+00
3.923920015609287049e+00
3.929243584292045011e+00
3.916007685390729076e+00
3.923453129571988551e+00
3.912971519615539240e+00
3.911316442593707254e+00
3.908534864205335690e+00
3.902517755988653914e+00
3.900161384413234789e+00
3.908798963020741812e+00
3.898164058740119842e+00
3.896462811819561001e+00
3.894735246034934928e+00
3.890075843364620756e+00
3.885143108306683857e+00
3.885314966481556720e+00
3.880586699458187017e+00
3.877175049195931589e+00
3.884418706244264996e+00
3.874717548618214380e+00
3.881953618293849662e+00
3.865379553382095157e+00
3.870987952029358414e+00
3.871090062766368689e+00
3.870839364911803582e+00
3.867732465503371131e+00
3.859076419524351209e+00
3.854729576581812811e+00
3.858261386756820954e+00
3.849511015527650404e+00
3.850269664067156317e+00
3.848432070972047203e+00
3.844251451142662201e+00
3.850589610320528156e+00
3.843648472743455446e+00
3.838367323798092201e+00
3.834951153659920564e+00
3.837297919629925946e+00
3.833294159748582786e+00
3.829090430969667391e+00
3.823120819717409802e+00
3.820612884656103159e+00
3.826272398639670502e+00
3.818299758209052097e+00
3.824048162130717632e+00
3.815732012624676539e+00
3.804394867840253713e+00
3.811189580536388011e+00
3.810602765841947015e+00
3.810136325060908380e+00
3.813106556446079765e+00
3.807345634007252233e+00
3.802392855634645574e+00
3.805115102148512563e+00
3.807421458791351299e+00
3.799287114776982222e+00
3.796634988667439981e+00
3.792659660256129328e+00
3.794093342005542713e+00
3.793849973781111995e+00
3.783064793621168320e+00
3.782931944721648065e+00
3.783367848971163738e+00
3.785317186062719497e+00
3.777797636236303713e+00
3.778988370178463452e+00
3.773491241870734925e+00
3.775925684953074235e+00
3.769426176072763202e+00
3.770876733354166621e+00
3.765601541357460835e+00
3.757511451543912973e+00
3.760882594632954490e+00
3.764612371968192761e+00
3.755089772280722382e+00
3.755015591082983661e+00
3.747508354077164316e+00
3.751887112172770600e+00
3.750564131414475977e+00
3.742661438807867835e+00
3.748053574950985567e+00
3.747591329567911966e+00
3.747040066029050820e+00
3.743493984754206583e+00
3.734944755659256987e+00
3.737987299823365195e+00
3.738893468870204462e+00
3.736996770386854294e+00
3.735952593059905791e+00
3.729067484764387430e+00
3.728158525420849134e+00
3.731570440398491062e+00
3.720908502703415000e+00
3.726550325581716283e+00
3.721558539448908132e+00
3.720185830747793521e+00
3.721316802820929137e+00
3.720867446114245691e+00
3.711909340661948775e+00
3.711987041849498681e+00
3.713614673727161364e+00
3.713169412880974019e+00
3.707323903577893542e+00
3.706157678766941022e+00
3.703912443965165835e+00
3.703551591955766664e+00
3.701632947104675608e+00
3.700455769976224829e+00
3.697608808889748744e+00
3.695905825070632034e+00
3.699174996774830859e+00
3.689409054954393863e+00
3.690935361542244664e+00
3.690580065425079326e+00
3.688357975325864846e+00
3.687921767213989899e+00
3.688963790107357976e+00
3.682241715284708672e+00
3.683637818868398028e+00
3.685190842122720412e+00
3.674699418915129190e+00
3.677517294883274612e+00
3.678515421418310893e+00
3.674299084232885537e+00
3.667942228928211090e+00
3.665155267327060873e+00
3.669048832946185446e+00
3.663527293907546944e+00
3.662709803292139465e+00
3.664216288291170631e+00
3.660327748755993316e+00
3.652790614727979612e+00
3.653367908125400021e+00
3.657134701668342203e+00
3.648593241910580431e+00
3.653507306664730336e+00
3.646495003091480669e+00
3.644504977765564036e+00
3.640032550697510416e+00
3.639307501777345077e+00
3.635800551471052966e+00
3.638333656940121230e+00
3.638373476308771171e+00
3.629473527969368618e+00
3.639324715312033387e+00
3.631363156854769070e+00
3.626777689317168818e+00
3.633187051329997086e+00
3.626805187479359649e+00
3.624088715487805867e+00
3.627423556774225233e+00
3.622382335639564133e+00
3.620275570979399671e+00
3.622056444143593179e+00
3.613111826770875723e+00
3.616734165502322629e+00
3.616460762715127064e+00
3.610643101339275685e+00
3.612974518776564281e+00
3.615419872426306469e+00
3.605472402469234172e+00
3.607424291721454512e+00
3.603703028353490989e+00
3.603682586048133629e+00
3.603770003203297989e+00
3.600940685222349114e+00
3.603619079911931422e+00
3.598988960024421146e+00
3.594348164156583980e+00
3.593144702447337746e+00
3.593531668233437060e+00
3.589348673244340926e+00
3.589929400988121078e+00
3.581856101981784501e+00
3.584583622977054684e+00
3.586643820711095998e+00
3.579632373709530579e+00
3.583390839370112602e+00
3.584248869608359644e+00
3.575405557376750476e+00
3.576326886085899215e+00
3.575067856268660638e+00
3.572653015641517715e+00
3.578586505012989250e+00
3.575275667454117734e+00
3.571009956652835715e+00
3.569887898256034475e+00
3.570143255257185899e+00
3.563120423419656735e+00
3.565715601772051713e+00
3.561339363860762663e+00
3.559471771271831120e+00
3.559538811858733443e+00
3.550935422549180931e+00
3.553171692280427063e+00
3.550677715032600545e+00
3.557579469015635709e+00
3.543387285191959446e+00
3.550087133266825123e+00
3.544569834712435696e+00
3.545388401962509040e+00
3.538264849552040570e+00
3.543978727331027034e+00
3.537745682267761982e+00
3.537984377417570769e+00
3.532697837983314937e+00
3.533139883978746898e+00
3.529859112481525951e+00
3.531391132319402271e+00
3.527794172963377051e+00
3.529798420484924204e+00
3.521726282508836903e+00
3.525435095399318541e+00
3.522489700878233432e+00
3.518346951818349222e+00
3.519686192619134957e+00
3.520431782103729201e+00
3.514684645162931442e+00
3.517061835689378579e+00
3.513200487900628222e+00
3.511190809861656437e+00
3.508289821837417222e+00
3.514030273487740885e+00
3.505585986553083178e+00
3.507923645508438160e+00
3.505249896251521946e+00
3.504269053032601278e+00
3.502020798362644793e+00
3.500015837767126659e+00
3.500591853906408701e+00
3.501532280998139068e+00
3.494914919664344755e+00
3.494162241537316138e+00
3.493754507462656367e+00
3.489861112891898376e+00
3.495208732381653860e+00
3.489307346443002444e+00
3.489218665162217459e+00
3.487658942408339513e+00
3.482934008422277739e+00
3.483423650279931394e+00
3.481772291931943375e+00
3.487108113471037996e+00
3.477319042807971883e+00
3.476693644289903684e+00
3.479425534322256208e+00
3.471971653482833986e+00
3.476152597869983207e+00
3.473368273542098095e+00
3.467907279248903407e+00
3.472058319414738303e+00
3.470085904258400689e+00
3.470126677764246548e+00
3.469215940494194683e+00
3.462909625659459589e+00
3.464097303636346492e+00
3.462429013348446549e+00
3.462766296142316236e+00
3.465184865195590991e+00
3.458656410178329477e+00
3.450558268458236100e+00
3.451120819473233681e+00
3.453685258567491090e+00
3.450069892264303828e+00
3.453057459908198012e+00
3.446473304936479298e+00
3.448434675826506091e+00
3.442248544702605884e+00
3.443679390038082655e+00
3.435130548342036239e+00
3.442513655222128488e+00
3.443429667149144446e+00
3.438174744015338735e+00
3.439659976414767950e+00
3.435460971517580564e+00
3.434217413022277565e+00
3.430811739464875831e+00
3.429414138722197691e+00
3.432875227232001336e+00
3.430855078042072126e+00
3.429096160902006307e+00
3.423719624807798567e+00
3.429955398426628221e+00
3.420752864823858541e+00
3.426886068031469890e+00
3.420381342674547742e+00
3.425199533330065993e+00
3.418895833716250277e+00
3.417922064304675711e+00
3.416443535104621176e+00
3.420490086612142377e+00
3.410826440623849098e+00
3.407710993513978881e+00
3.412395132581053758e+00
3.407952798329227040e+00
3.412780425820724162e+00
3.413783574175914826e+00
3.407211551860597876e+00
3.405444732277134179e+00
3.404817532165150595e+00
3.398265358779163581e+00
3.401325776748457486e+00
3.396936662812523711e+00
3.397284788466611971e+00
3.397513878324859959e+00
3.397292325171625382e+00
3.390333003256115862e+00
3.379103148535894885e+00
3.387369597783250086e+00
3.383160741923073811e+00
3.378781492771262496e+00
3.383461769532669194e+00
3.377431882176841427e+00
3.382892565368696314e+00
3.374711637310680690e+00
3.371851966304788117e+00
3.376595249381769026e+00
3.369905150395204885e+00
3.370290900759523200e+00
3.373143925817777333e+00
3.368546445889228025e+00
3.371547487445367697e+00
3.361511209615123619e+00
3.366073984004458453e+00
3.364045674884846182e+00
3.368605339147479949e+00
3.364779733322466715e+00
3.363660778690011899e+00
3.357814039608215229e+00
3.357696649937453426e+00
3.357528918133092066e+00
3.353529921455403962e+00
3.358793177733678803e+00
3.353972603706107947e+00
3.358414881730373835e+00
3.346172045621346403e+00
3.350303521987183952e+00
3.351931298962516070e+00
3.343020059094631957e+00
3.346400621894472849e+00
3.344632961649124159e+00
3.344759647295184823e+00
3.341456610669664595e+00
3.340857575414321712e+00
3.334592607106424467e+00
3.338256444165922598e+00
3.338922073675231417e+00
3.338215768527627691e+00
3.328305457682424251e+00
3.334576294511105932e+00
3.333972775175602976e+00
3.326182675613523543e+00
3.329693535619989930e+00
3.323748329393405143e+00
3.322677654929759417e+00
3.320519164822684388e+00
3.320527815683814055e+00
3.321472750822848763e+00
3.320016721589478692e+00
3.314412340214469399e+00
3.314825982863608189e+00
3.311172171704490186e+00
3.312996682168740659e+00
3.313088988738387641e+00
3.307666536065049012e+00
3.308952439052220029e+00
3.303022395185182702e+00
3.305130083719284073e+00
3.306931287048067158e+00
3.306616337156187857e+00
3.290262612237435658e+00
3.287121739672104415e+00
3.286193368548650628e+00
3.286782109179430034e+00
3.289135491759041852e+00
3.281189687982264847e+00
3.280066654860662734e+00
3.285127712026470359e+00
3.276525107150733973e+00
3.279056653436338120e+00
3.283856000998226943e+00
3.274576331817449226e+00
3.271643456664750094e+00
3.271855029960800909e+00
3.274708902558933321e+00
3.273307431901126829e+00
3.271933293225607553e+00
3.268668544462062897e+00
3.269069695395846242e+00
3.270488827799419962e+00
3.271921634861195916e+00
3.259213342397629276e+00
3.264801615465396267e+00
3.261558219223836819e+00
3.259312189388387182e+00
3.259339930002215002e+00
3.268068553365883755e+00
3.266891264613476675e+00
3.257480861541039108e+00
3.252320874541649420e+00
3.258689071748838817e+00
3.255580264351860098e+00
3.254424662091301546e+00
3.252650911336909090e+00
3.252388222718788580e+00
3.252580103738473394e+00
3.247033258279365953e+00
3.251547758778710939e+00
3.248895622491287938e+00
3.246994415743733153e+00
3.254243787257395937e+00
3.240076452645734850e+00
3.244330340159143233e+00
3.240508714462332573e+00
3.251654248267456637e+00
3.235074010035516867e+00
3.245123706479146275e+00
3.242008840065983666e+00
3.234801105701524904e+00
3.228564175755190835e+00
3.234146359514385782e+00
3.233582157550787262e+00
3.238786410831850038e+00
3.228412349237158363e+00
3.225947781170482642e+00
3.232934235874894924e+00
3.226782802280229401e+00
3.221102837875744473e+00
3.236059366307812990e+00
3.221340255093477101e+00
3.227877724122867331e+00
3.225135518757384023e+00
3.219802602182861406e+00
3.223406590891046974e+00
3.213910203855612213e+00
3.221252980002194732e+00
3.218804627142606289e+00
3.217085727617284618e+00
3.213392053142136717e+00
3.216877875488153737e+00
3.214237619711594718e+00
3.225587254935935899e+00
3.211752720551956042e+00
3.211128930448930774e+00
3.209535419621425856e+00
3.206259274711098062e+00
3.204993554702998626e+00
3.203067429929305376e+00
3.211351643764386310e+00
3.211986882698322887e+00
3.204468102671819363e+00
3.198477287571636740e+00
3.207245404357732088e+00
3.203485427517625439e+00
3.203448572780538850e+00
3.198421883516360698e+00
3.195831406392853680e+00
3.197225563247070301e+00
3.200141343736170985e+00
3.196875055570232771e+00
3.191116757209973454e+00
3.193159514788524334e+00
3.193022500701843569e+00
3.194639343599179337e+00
3.190017936327275816e+00
3.192607539851151532e+00
3.191679316228745122e+00
3.191289459274747387e+00
3.189438410116629985e+00
3.182168379239382450e+00
3.181762310216163403e+00
3.187080867922755800e+00
3.186057987464660624e+00
3.182253869835621973e+00
3.172366524076549510e+00
3.185030224380577035e+00
3.178078701361683134e+00
3.175373578493095650e+00
3.178152813351933670e+00
3.168127502524798800e+00
3.185385989823773301e+00
3.167516737865241350e+00
3.178219435751751476e+00
3.177902680109048195e+00
3.173504586345246015e+00
3.167826808444669240e+00
3.161459601896458249e+00
3.171399854481517178e+00
3.163008559427959110e+00
3.175115261120716070e+00
3.159362105346961602e+00
3.167460991808310311e+00
3.166905885305352442e+00
3.164558346541060274e+00
3.166381668535351412e+00
3.156055310217206866e+00
3.166400401272101650e+00
3.160180594294033085e+00
3.160655470235008924e+00
3.153609926812148689e+00
3.162030994438215004e+00
3.156439802915058213e+00
3.153892098878338768e+00
3.152933393291708963e+00
3.150588183079111815e+00
3.148742512413166050e+00
3.150303565743535206e+00
3.144133259535047742e+00
3.159338131986960008e+00
3.138436688135055164e+00
3.152017896707276279e+00
3.149632943592333589e+00
3.146319972139849597e+00
3.146557572606422770e+00
3.142859794592492761e+00
3.143720968788966008e+00
3.144031247672702367e+00
3.141493893574046847e+00
3.136045536435389192e+00
3.144396340292816561e+00
3.129714492518228308e+00
3.140962377759487278e+00
3.137415100914927368e+00
3.135743715385077568e+00
3.132436004997278811e+00
3.132104214190963187e+00
3.141804002070170743e+00
3.136389506688480822e+00
3.130558952470699818e+00
3.126621708483876549e+00
3.129584856608242038e+00
3.122326764527914467e+00
3.130781790531895314e+00
3.128404364604509880e+00
3.127607819793050581e+00
3.117067252080886863e+00
3.124759239186367665e+00
3.129250814123272217e+00
3.119309335138863215e+00
3.123255086689775695e+00
3.114578388549910759e+00
3.116087539907818726e+00
3.124372148405282434e+00
3.125162211506260501e+00
3.119843715596277267e+00
3.111822489752476883e+00
3.112483718779835318e+00
3.113202561575121763e+00
3.114888713012652577e+00
3.105713598305513301e+00
3.114896585349786751e+00
3.108965806477427929e+00
3.111390508166070656e+00
3.113614840748305301e+00
3.102543780786726657e+00
3.105382476495444521e+00
3.109773992571298162e+00
3.100769756572235192e+00
3.106248393267360797e+00
3.094524259285126089e+00
3.099020028542736949e+00
3.107470538808610794e+00
3.092991496192821543e+00
3.099626269758365193e+00
3.095105891926099417e+00
3.093071755136810097e+00
3.095545192208408736e+00
3.099808511647614839e+00
3.094353550622154447e+00
3.086115686267068003e+00
3.092060770097516453e+00
3.086419441301931244e+00
3.090903249425749788e+00
3.092838293077093681e+00
3.083409092517416017e+00
3.085731603561016723e+00
3.083968468604194157e+00
3.086198135646561536e+00
3.083390293137523219e+00
3.079839433898985845e+00
3.088416388697559523e+00
3.080467454718744946e+00
3.077711742301602271e+00
3.073806125067265693e+00
3.087913989356700029e+00
3.074268038376910095e+00
3.075663134492353290e+00
3.082805088964150286e+00
3.069237159432582018e+00
3.071445909721385537e+00
3.071754794585656700e+00
3.068519769815752696e+00
3.072570052556363507e+00
3.065956133340334677e+00
3.077966298427401881e+00
3.068864152804247514e+00
3.069407149591869111e+00
3.063706197927941854e+00
3.060475236628466877e+00
3.063566765666562830e+00
3.064722551034158915e+00
3.059934688635459477e+00
3.056846556893827671e+00
3.070930039905469755e+00
3.056993588865755118e+00
3.056660191240364366e+00
3.056680515136235954e+00
3.061010635629904275e+00
3.058026363020799110e+00
3.059229452807434857e+00
3.052621496016229230e+00
3.055968065669039557e+00
3.050448814519482799e+00
3.052575918438037217e+00
3.042983205936783619e+00
3.060246577841734705e+00
3.049228645813627736e+00
3.047732557657047980e+00
3.052593247952312350e+00
3.046194141848244996e+00
3.047319670533204405e+00
3.044757448313612613e+00
3.044392473964352419e+00
3.041757022271601496e+00
3.043547761704353150e+00
3.046493517805496154e+00
3.040817174461134087e+00
3.039885275929265607e+00
3.046426537996081763e+00
3.038823970913349104e+00
3.039773796393573146e+00
3.034948466067440620e+00
3.033607758367683704e+00
3.033350527231934990e+00
3.034194866328917772e+00
3.033419448700252374e+00
3.035549992341977532e+00
3.032521259652269929e+00
3.037866427112118739e+00
3.031631481770707737e+00
3.031528122608432962e+00
3.028982592961353859e+00
3.029235573566371631e+00
3.029633572061427582e+00
3.027056914280532141e+00
3.026896042016125055e+00
3.022290783988044627e+00
3.028108520961716010e+00
3.022708389200914336e+00
3.010655570852543761e+00
3.025759766090312386e+00
3.017803989257202613e+00
3.022807039616419278e+00
3.025597329494331689e+00
3.014860886541415486e+00
3.027605274570332572e+00
3.017109338745742608e+00
3.016125410804739726e+00
3.013152718002900077e+00
3.019226792256425096e+00
3.012692929677406095e+00
3.012028151483463478e+00
3.011410809266032995e+00
3.010663490298477907e+00
3.011905381825731087e+00
3.006337804330841745e+00
3.015204904321586721e+00
3.008820334143015529e+00
3.016022793288927861e+00
3.007078127028248726e+00
3.011909212486039156e+00
3.002300799018417177e+00
3.007667261480169163e+00
3.005127799673086741e+00
2.995896841155712753e+00
3.009758791010542556e+00
3.010216705777107205e+00
2.996298030222030118e+00
2.999710643027974744e+00
2.992433639435758241e+00
3.001070520622943771e+00
3.001176683009273649e+00
3.001573837417308876e+00
2.992782313832677232e+00
2.983706223315225614e+00
3.003062382966307453e+00
2.997420597985462454e+00
2.987556599041751415e+00
2.987440258241193192e+00
2.991025472974707000e+00
2.998008713984792184e+00
2.988658993411456688e+00
2.991076099502038677e+00
2.979358352315614411e+00
2.990203683843395410e+00
2.987936700553794012e+00
2.979868516969249370e+00
2.984307597351930852e+00
2.979751320249278024e+00
2.989147924293280578e+00
2.979576841874108428e+00
2.989463582242127604e+00
2.974388713481328050e+00
2.979608961268105816e+00
2.976566155805823843e+00
2.981271718731786091e+00
2.981202404284666319e+00
2.983086468466813912e+00
2.976357049041172598e+00
2.970384239210332566e+00
2.972684696302410945e+00
2.977042857981271329e+00
2.977925220667522410e+00
2.966982408191606524e+00
2.976294252190797351e+00
2.969662283396259372e+00
2.968034046748647459e+00
2.968967664321715549e+00
2.966035114007631535e+00
2.969760936916771232e+00
2.966842043234423798e+00
2.965015077719388881e+00
2.970054400101930892e+00
2.954589826298164912e+00
2.967953779039692375e+00
2.963625341522692747e+00
2.966873559311650865e+00
2.964836227497754439e+00
2.967834389666895945e+00
2.951989534601107579e+00
2.964620288447273655e+00
2.966522023298363120e+00
2.959701108337983388e+00
2.956617399753837194e+00
2.953364534711086620e+00
2.957980838629575615e+00
2.963150994362950374e+00
2.956667605926271758e+00
2.950860621188404753e+00
2.964407315428399858e+00
2.948525371579430399e+00
2.958122247811974415e+00
2.954863584909165564e+00
2.951124375413113565e+00
2.946278711951895612e+00
2.947856727922359088e+00
2.959005127642071020e+00
2.947206045168826449e+00
2.943253712935407496e+00
2.946141240024443331e+00
2.957050418456641960e+00
2.940591977302323912e+00
2.953409941483372325e+00
2.947409116374741345e+00
2.944318536258934582e+00
2.938751221103709899e+00
2.943700982202583916e+00
2.940017195436087860e+00
2.935837279488066276e+00
2.947273605413107678e+00
2.941221575733525384e+00
2.938480026598918826e+00
2.935329512915700878e+00
2.941551628216613423e+00
2.939172134863810459e+00
2.930771065732747704e+00
2.940898281054950658e+00
2.938034922346596023e+00
2.937384060684244513e+00
2.934268064177865565e+00
2.932514380355433659e+00
2.933834208729201531e+00
2.933408974450424367e+00
2.928307926896275060e+00
2.932160678383960661e+00
2.934633170654838974e+00
2.922459065179912940e+00
2.940047628324525153e+00
2.925306642909737409e+00
2.928573578625619955e+00
2.931145031640134402e+00
2.924313665083822400e+00
2.922346978475708568e+00
2.928530086512234121e+00
2.917571199009195038e+00
2.925963033717157824e+00
2.917023869491888188e+00
2.919236262065332710e+00
2.925165686633433015e+00
2.928160047857041093e+00
2.921774048455832329e+00
2.915671020115375711e+00
2.912679948744828717e+00
2.923846516724684985e+00
2.910877513783454607e+00
2.916484611534194471e+00
2.922164293831213566e+00
2.913055309505068191e+00
2.911677293245029663e+00
2.908532272916809713e+00
2.923180521524793463e+00
2.919432876823905065e+00
2.908224099495228199e+00
2.916144469643686232e+00
2.912224817515273401e+00
2.916814754014927402e+00
2.907318265412095926e+00
2.902230005010158376e+00
2.914226327657509330e+00
2.915004486529040761e+00
2.900522351771835261e+00
2.915096535133992806e+00
2.911352317785228738e+00
2.909633175496473267e+00
2.896274638432141391e+00
2.912982158002309863e+00
2.898444438796991207e+00
2.907475508152115751e+00
2.900730148355988636e+00
2.894951420467901659e+00
2.900149386329115231e+00
2.900003104207723670e+00
2.904119098604708071e+00
2.895620605038573103e+00
2.897767496046291580e+00
2.894471568063670119e+00
2.899620200137606574e+00
2.896368824893988947e+00
2.905059561062090623e+00
2.894504560559136408e+00
2.891531247206911459e+00
2.884445863875354732e+00
2.893623951536520078e+00
2.891545067032629035e+00
2.905318402027505797e+00
2.884072396173803288e+00
2.889366720563783630e+00
2.887099677938195885e+00
2.891346474352954221e+00
2.888337114291010366e+00
2.890648008035813898e+00
2.890002633396091536e+00
2.886388873248892484e+00
2.882684778274288817e+00
2.891167586492032537e+00
2.882291311947296819e+00
2.886460011021595218e+00
2.884284748191742853e+00
2.876829417206125061e+00
2.887850260921510870e+00
2.877559571097835445e+00
2.885912062661839528e+00
2.876799651950088688e+00
2.876167712338508764e+00
2.875804745963024711e+00
2.876215107992676767e+00
2.870071052233840181e+00
2.877269287433792844e+00
2.883073810943168169e+00
2.870147009374694580e+00
2.875689134952772452e+00
2.871627871757123973e+00
2.875593919799722453e+00
2.875810932252333085e+00
2.865495166452113995e+00
2.866393922048690257e+00
2.877372362530667527e+00
2.866275608762663296e+00
2.871459464417207119e+00
2.866060297107842825e+00
2.861938311914697053e+00
2.868094540170465390e+00
2.868000840257373341e+00
2.872553636656767662e+00
2.858100416480753747e+00
2.864378152926931431e+00
2.869708080037454589e+00
2.860467988420779761e+00
2.866240228695843939e+00
2.868621102316003757e+00
2.863416672254257112e+00
2.858031828022888465e+00
2.863459945322718525e+00
2.851847513760991770e+00
2.854730277025995022e+00
2.858481500886840720e+00
2.855943267704881716e+00
2.851366325948743619e+00
2.861660692794015137e+00
2.850990250723093755e+00
2.852968268410660979e+00
2.853000955288620855e+00
2.853166065875981428e+00
2.851796188409549959e+00
2.855295749372492864e+00
2.848459670992609105e+00
2.852918152207914115e+00
2.858038599404486124e+00
2.852421736058265100e+00
2.844517542943869159e+00
2.850262249312461638e+00
2.843977769570979586e+00
2.855502219525709595e+00
2.842016624509966061e+00
2.848955009618018064e+00
2.844072915964827697e+00
2.853830537974097137e+00
2.844660429472041230e+00
2.841995449585224431e+00
2.845680043854519781e+00
2.834428931762313919e+00
2.855814169609948383e+00
2.835421431156249117e+00
2.843398441631665552e+00
2.853423869259700485e+00
2.831050326998884259e+00
2.839278202382109484e+00
2.834659999190192625e+00
2.842622919128896086e+00
2.835120832195122897e+00
2.837508895551293708e+00
2.840069507922487801e+00
2.833303316356288182e+00
2.828737731028650781e+00
2.833206173626978241e+00
2.843218940077688828e+00
2.839705232808243718e+00
2.827043349090016644e+00
2.830960162807566238e+00
2.828571460665861181e+00
2.830985361657254895e+00
2.830150317547878824e+00
2.832791537926084402e+00
2.823840083814651347e+00
2.834578924310465542e+00
2.825806049353582150e+00
2.829442471890029509e+00
2.825694141775171087e+00
2.823004554281157485e+00
2.830376560493906180e+00
2.823959295916659951e+00
2.819723250674486703e+00
2.828481238408187437e+00
2.823939404030374689e+00
2.830335195435289553e+00
2.820598569672680966e+00
2.830850559576316261e+00
2.823592855357398790e+00
2.817806957109528110e+00
2.828268780743429023e+00
2.809258277415613847e+00
2.820669552427307991e+00
2.831649031523765014e+00
2.810926484839298300e+00
2.826191892448433496e+00
2.813010540346473132e+00
2.822625703462456226e+00
2.824107050959035803e+00
2.813515524965556569e+00
2.814516892107144397e+00
2.814147118245848844e+00
2.818718656801529665e+00
2.812939538703613351e+00
2.817763913034788903e+00
2.813444410796557715e+00
2.807906575623968504e+00
2.810979885364431663e+00
2.822416352162215869e+00
2.798798517955304987e+00
2.810412949474764943e+00
2.813305528648712084e+00
2.814131095380767889e+00
2.808295800615912441e+00
2.810370873853151874e+00
2.809555295052104551e+00
2.804784030617688106e+00
2.815532148851080496e+00
2.805948742199367629e+00
2.802909853529124362e+00
2.808022308178287574e+00
2.808189968719529972e+00
2.795861067846862280e+00
2.801188321253297975e+00
2.810515485394398549e+00
2.799407498088394508e+00
2.805915284445070768e+00
2.802669486045369585e+00
2.792029611901696295e+00
2.807502096159814275e+00
2.798109719698528064e+00
2.801099006281576820e+00
2.802878737759010974e+00
2.783900533553401946e+00
2.805862189306468135e+00
2.799854664611503008e+00
2.803817267207905584e+00
2.791731448625249357e+00
2.797011144939506977e+00
2.796914017630288019e+00
2.802541310756730297e+00
2.780647871612299316e+00
2.800219511786429916e+00
2.797524784641497675e+00
2.785225925508008071e+00
2.791905210865861520e+00
2.786891730972285597e+00
2.787897267642419852e+00
2.790933653590082830e+00
2.795580493225166663e+00
2.789214264482827499e+00
2.787504524592709032e+00
2.791288463518146301e+00
2.786388816244016908e+00
2.792425513119946245e+00
2.788546719426450604e+00
2.780004676537715991e+00
2.796122450506879797e+00
2.788600192933058164e+00
2.778643015878545786e+00
2.784810924345033190e+00
2.781487752560015014e+00
2.783848000755234420e+00
2.782916375142575394e+00
2.779540321047951679e+00
2.780711356561663905e+00
2.776489341558667778e+00
2.779263750061755633e+00
2.775191159174802191e+00
2.786474247392864090e+00
2.783790949572548357e+00
2.770975383975665007e+00
2.775328789016372699e+00
2.777638551051643478e+00
2.772784823600330295e+00
2.785575522087790912e+00
2.768652120843752673e+00
2.762269331285790219e+00
2.778507242437642688e+00
2.774072197752690538e+00
2.778923947229776203e+00
2.768623549155261987e+00
2.770989273349513837e+00
2.771715593502843689e+00
2.770424081106078962e+00
2.763538428844503514e+00
2.774248463839462886e+00
2.769392338948766241e+00
2.771615075389675109e+00
2.769249241512655502e+00
2.764276443698646002e+00
2.761808468973829367e+00
2.769734561071041767e+00
2.762854000103049490e+00
2.759631497447494919e+00
2.772001806629307286e+00
2.764118099043074483e+00
2.765481209520618933e+00
2.771216013193977812e+00
2.764872954190115806e+00
2.766433687117637152e+00
2.764148629925369249e+00
2.753103426395752340e+00
2.765818970996522186e+00
2.764247382267209563e+00
2.760740683780198435e+00
2.763310304885207902e+00
2.764610665512012844e+00
2.746302338195958370e+00
2.760358170414976442e+00
2.758297260105136761e+00
2.754596142085625754e+00
2.758170437105233130e+00
2.757386227519186495e+00
2.751470344318965200e+00
2.764545559574118627e+00
2.754005683065841037e+00
2.752437602709200348e+00
2.743457432109326799e+00
2.752354891070549758e+00
2.749308578224590516e+00
2.762215947933691407e+00
2.743567749350015905e+00
2.747019204021829086e+00
2.742167682240493676e+00
2.749043262820114908e+00
2.740921304195811370e+00
2.749120749227293548e+00
2.744926538936470539e+00
2.741108844810244083e+00
2.745384955325052889e+00
2.749268491901312839e+00
2.738377502590528589e+00
2.733498124546213770e+00
2.747289678159078985e+00
2.742467531985337548e+00
2.739058929391595232e+00
2.740398242434896492e+00
2.730166080323291222e+00
2.748485246809924565e+00
2.726377960116552313e+00
2.736573637453976193e+00
2.740932507582922284e+00
2.734463242857749776e+00
2.731860920474446619e+00
2.734706247782010546e+00
2.740728926697435508e+00
2.729763403894602813e+00
2.724059607012282669e+00
2.734594206542511063e+00
2.734780347990525939e+00
2.725812704244380047e+00
2.731260205379410166e+00
2.734333319631367942e+00
2.728131999040552369e+00
2.729391670462085973e+00
2.728437843837768995e+00
2.726088508207650474e+00
2.724030955374276530e+00
2.724307121721904590e+00
2.732678363028858470e+00
2.726443151686824162e+00
2.714799417985366947e+00
2.723860316557034977e+00
2.720117013888482038e+00
2.723354904995781478e+00
2.720246206387992416e+00
2.721326298524676002e+00
2.721611564773664949e+00
2.710128333101339493e+00
2.715206733678193540e+00
2.709818740973737317e+00
2.712291856162535542e+00
2.710648600858475366e+00
2.702204163101535883e+00
2.713452132687419027e+00
2.701144749966405190e+00
2.710853633373473404e+00
2.702361461540153886e+00
2.709907453892849372e+00
2.702211347659277951e+00
2.709862000396943582e+00
2.698214407470230558e+00
2.710516518856472601e+00
2.702588858550578177e+00
2.711442446617338575e+00
2.695610463695528036e+00
2.703977771241607098e+00
2.695207396351751328e+00
2.693817418166887023e+00
2.704765169007875780e+00
2.696891979148064777e+00
2.696712378273291577e+00
2.702712585586386496e+00
2.690635704491622704e+00
2.704382505907270140e+00
2.697926214792917943e+00
2.703690031354356815e+00
2.683084783246898919e+00
2.702405596952003108e+00
2.688461560515914339e+00
2.697215403277990475e+00
2.690420807292967620e+00
2.685915284862634422e+00
2.692974109816960393e+00
2.690453421283345303e+00
2.692417123654278210e+00
2.686310254420625210e+00
2.685846618083431281e+00
2.700389961579389819e+00
2.681078182441962721e+00
2.687681001676131221e+00
2.694688257933552933e+00
2.686246320995513859e+00
2.689368913925588966e+00
2.683542139730436649e+00
2.685062135552346074e+00
2.685541818464303621e+00
2.691580110951619531e+00
2.687031043960010468e+00
2.687814320998497042e+00
2.679844165875706619e+00
2.682967470168981183e+00
2.692768351485984812e+00
2.675840192349562496e+00
2.670786159891850975e+00
2.684491276158754491e+00
2.682937698624218381e+00
2.679353286272830648e+00
2.680072295127933213e+00
2.678964933494407230e+00
2.674658793251991185e+00
2.680014458551266632e+00
2.674628712486780469e+00
2.679624186137785191e+00
2.672848370963467612e+00
2.671548473625282138e+00
2.677677061787817170e+00
2.674557660714431240e+00
2.674999248249886552e+00
2.675164785873111573e+00
2.676707999304295260e+00
2.666062377072758061e+00
2.670490487181478745e+00
2.665870031206152735e+00
2.675854758159854629e+00
2.670853811309424231e+00
2.664856781777367178e+00
2.671359937148654939e+00
2.667058997302933943e+00
2.664207484179025975e+00
2.663065810730830929e+00
2.665257250476174899e+00
2.669356038068183334e+00
2.661383939749173422e+00
2.663713446743757096e+00
2.660403085060319750e+00
2.663930669224601200e+00
2.663886924441863702e+00
2.660357542064224923e+00
2.665563162924617036e+00
2.659538780223228205e+00
2.661445356213505864e+00
2.660208892560115057e+00
2.657282462521616484e+00
2.654860363253112698e+00
2.657520747763230329e+00
2.654158377040907624e+00
2.659486004355763988e+00
2.658160929135760409e+00
2.650496001025526738e+00
2.661124165753770310e+00
2.648388920822112969e+00
2.650352112946349425e+00
2.657591549205272408e+00
2.653997369704342191e+00
2.650978171851709142e+00
2.657500420421659459e+00
2.646925988563494592e+00
2.655503303842228213e+00
2.649857953574325631e+00
2.653144396368383173e+00
2.650306599001421848e+00
2.652653253048947501e+00
2.649627390438592744e+00
2.648876951167026927e+00
2.646539768163034712e+00
2.647536174332424164e+00
2.643491434832107689e+00
2.647555744162446878e+00
2.651026101293313619e+00
2.641312141287870841e+00
2.647539205680664587e+00
2.645146140040310900e+00
2.646080564604951668e+00
2.640754083188386669e+00
2.645264357157417923e+00
2.649928484260459349e+00
2.638064114623299705e+00
2.645972738883319852e+00
2.648895755217464121e+00
2.651299601254699212e+00
2.641237975845684538e+00
2.640186620603889089e+00
2.645039320981831032e+00
2.638019784394824097e+00
2.641552151980998797e+00
2.639372278954525974e+00
2.637675397336882721e+00
2.643084455273031264e+00
2.640522552319358507e+00
2.637307424736276662e+00
2.639775213725610747e+00
2.641064682438516886e+00
2.641684407589447225e+00
2.633970463026050535e+00
2.634752441947752821e+00
2.643486539988013195e+00
2.637190649250253927e+00
2.638748056883992721e+00
2.641054460735387188e+00
2.630199543261027006e+00
2.631967772700793073e+00
2.630570948216355287e+00
2.636197207580437851e+00
2.637601417710275786e+00
2.630146666636741681e+00
2.631141735117612068e+00
2.635561225633666016e+00
2.634166481545352934e+00
2.632305179057545796e+00
2.623195048123417639e+00
2.636641992379836541e+00
2.623975710720475529e+00
2.627594304487944399e+00
2.623558736481625520e+00
2.632401624988490507e+00
2.629116989262875403e+00
2.627698915560559900e+00
2.629368858454462110e+00
2.631070222160674543e+00
2.633511351918683463e+00
2.623601840086752457e+00
2.626241198183909553e+00
2.626677438329497516e+00
2.627606328777057687e+00
2.627573612472269726e+00
2.618520451427410745e+00
2.628690276168682338e+00
2.625232438104548205e+00
2.627394406180877606e+00
2.621954887646975596e+00
2.621914187284034803e+00
2.617837377743779115e+00
2.613727315924731620e+00
2.614305227964407674e+00
2.619198185248484023e+00
2.615863187132679624e+00
2.613626978091308839e+00
2.614652812576093499e+00
2.613553846117280255e+00
2.617595594343459897e+00
2.605379522903940259e+00
2.616234230419224982e+00
2.601356424729740713e+00
2.606202782427224030e+00
2.607116435725786996e+00
2.604850700157046006e+00
2.603372764130488459e+00
2.601339950877285201e+00
2.601682838327743941e+00
2.605105019884388362e+00
2.602107333361528774e+00
2.605296729896421137e+00
2.602807290760172254e+00
2.601636961646793811e+00
2.601130422509163598e+00
2.606814912943649087e+00
2.601156347828462945e+00
2.602323102172306335e+00
2.599994777217155217e+00
2.602206253320926255e+00
2.600712816657589688e+00
2.599696210316326361e+00
2.601425978142269280e+00
2.599917275241247605e+00
2.596382970373158461e+00
2.599048627029616920e+00
2.598699601655841906e+00
2.599901854862892936e+00
2.593990902243662688e+00
2.603767423099477174e+00
2.595430841853787918e+00
2.602691066961476007e+00
2.595554108502041490e+00
2.597561399559566997e+00
2.593957106295431636e+00
2.591881327348290576e+00
2.597106715649248887e+00
2.585902126386872446e+00
2.588369976981168108e+00
2.593963986873161875e+00
2.591641060436501665e+00
2.589598982600579635e+00
2.591820417412454614e+00
2.591232071604669951e+00
2.585234515070922612e+00
2.589249538414885254e+00
2.586314220624339466e+00
2.592856395609411724e+00
2.588366832092003467e+00
2.578435194550289022e+00
2.586742488015446373e+00
2.592235039817156750e+00
2.584337309690526663e+00
2.588990120130604478e+00
2.581009840021833313e+00
2.582846098359806053e+00
2.587028677201115290e+00
2.581690533899474449e+00
2.578271381691525921e+00
2.577293457355766204e+00
2.579140377409540275e+00
2.581034943703202966e+00
2.574033838359812254e+00
2.575360108537632087e+00
2.580297964751001594e+00
2.577947039796145923e+00
2.579643785660116428e+00
2.579540245204808180e+00
2.578772216402259954e+00
2.575594082177497857e+00
2.580642965582555792e+00
2.574275839009019240e+00
2.580275806770003566e+00
2.574898637639484011e+00
2.577127047899593126e+00
2.578097585416584625e+00
2.569206142478938748e+00
2.572551836159209238e+00
2.580636982055198647e+00
2.572667300981603677e+00
2.574667264129751221e+00
2.576442663525370325e+00
2.569547061162726020e+00
2.574455109328835700e+00
2.567633305631472851e+00
2.571139388638391310e+00
2.569722364725078645e+00
2.572179116763956053e+00
2.569788651708272198e+00
2.566208853258955092e+00
2.566487218842990803e+00
2.567384386832699317e+00
2.561645798944134356e+00
2.567290389152071306e+00
2.564700428278202438e+00
2.557546530061518109e+00
2.560296283895248326e+00
2.566581110329767323e+00
2.567997709429076902e+00
2.566510965158529611e+00
2.557390901704648112e+00
2.565201153771679454e+00
2.559515107915887988e+00
2.566625428613094062e+00
2.563624658364105358e+00
2.567322725107327397e+00
2.567174852428288911e+00
2.568929517444529242e+00
2.562192911155223296e+00
2.562780426202718065e+00
2.562511794774960272e+00
2.564676304771232207e+00
2.561031384113230391e+00
2.562794651426252734e+00
2.555778295503043029e+00
2.568571534016828029e+00
2.558891516990374093e+00
2.563337837357398730e+00
2.554516654801979314e+00
2.552916600032829830e+00
2.556550258668667919e+00
2.563110839019472120e+00
2.551878280014077127e+00
2.560022298211082958e+00
2.554744351147286263e+00
2.552981852167310439e+00
2.546969984343775639e+00
2.550684814397987221e+00
2.552028444808323471e+00
2.560167743902643345e+00
2.555604967595247690e+00
2.557339869192544857e+00
2.546009091684581005e+00
2.554477585180318311e+00
2.553032938671686125e+00
2.548128502930749217e+00
2.545719271723252852e+00
2.550839638576207768e+00
2.549298335450796760e+00
2.556906935672901504e+00
2.548754722825062213e+00
2.548134868004371167e+00
2.549252361642063480e+00
2.556978175570760126e+00
2.546320180331919314e+00
2.549480326400458186e+00
2.546896901187510220e+00
2.543320808699103708e+00
2.544328382185529591e+00
2.553684558215884248e+00
2.541322845276912989e+00
2.550073458167462892e+00
2.540626590020917508e+00
2.544879581429216664e+00
2.553627792059930623e+00
2.540787275716129390e+00
2.554789013195260861e+00
2.546272271143897203e+00
2.549414021907196126e+00
2.547106242205751325e+00
2.545000660606619114e+00
2.544367335679545317e+00
2.546229736757058326e+00
2.546082285282933011e+00
2.543519282112123303e+00
2.541275510313559582e+00
2.543603122922757809e+00
2.545593245150653328e+00
2.545304280461881508e+00
2.539762412279016335e+00
2.535651352326731445e+00
2.539602790390417919e+00
2.541100608177680353e+00
2.540921778248972362e+00
2.542430437879264815e+00
2.534294017657046094e+00
2.535616263696038875e+00
2.532772232379496113e+00
2.538333361184475390e+00
2.547707638660033691e+00
2.541379831317230664e+00
2.547589887977483425e+00
2.536017489967135052e+00
2.543207846744313105e+00
2.539642500107672340e+00
2.538356692345457244e+00
2.542875762286034291e+00
2.537580696452466977e+00
2.539978322569915736e+00
2.540019732524224860e+00
2.539284363384133325e+00
2.535448157801678093e+00
2.537719659659609661e+00
2.537010025448799500e+00
2.536412874006801932e+00
2.535503647326498022e+00
2.538068915348117294e+00
2.533815371216233459e+00
2.530919559437704525e+00
2.535892818364140489e+00
2.533128101780766528e+00
2.534442732990162206e+00
2.538622676041590420e+00
2.534692592874743244e+00
2.532566138955688384e+00
2.526622489877654587e+00
2.531519102073624072e+00
2.527550043412485348e+00
2.528348993245799647e+00
2.525191345773150076e+00
2.523484760644195024e+00
2.537165584418158648e+00
2.526796615963331050e+00
2.523648956147760192e+00
2.527488197612454801e+00
2.521749834268868895e+00
2.528662698080666349e+00
2.518083738536628147e+00
2.519590098047202353e+00
2.516676674091717469e+00
2.516041079756268672e+00
2.519006937431684801e+00
2.518855329457102332e+00
2.516572776595947136e+00
2.518287503019644102e+00
2.512839685300363168e+00
2.514492100308551858e+00
2.513297243621887223e+00
2.516549357738647075e+00
2.510422709401262775e+00
2.513107244289487507e+00
2.512118332147615707e+00
2.510188509797406820e+00
2.513742457989739609e+00
2.513213518480132525e+00
2.513442247629420923e+00
2.515139392127839102e+00
2.511781956120306969e+00
2.505936507338348829e+00
2.513422138603338851e+00
2.509402771535732324e+00
2.510739329580027768e+00
2.510538344228046004e+00
2.505871572237129197e+00
2.508298876385076870e+00
