8.974733890821711384e+02
2.743601442230161069e+02
1.923222912131224973e+02
1.652231646029134424e+02
1.519624709266574598e+02
1.407711251743053253e+02
1.300764589509275311e+02
1.191383456601655695e+02
1.075165965783492652e+02
9.523789942583577783e+01
8.242679421857114619e+01
6.951016514856641493e+01
5.731646787473714966e+01
4.718095683162768950e+01
3.975996738767838679e+01
3.467709867896220288e+01
3.103819229262786905e+01
2.819379775620408068e+01
2.585727997942906953e+01
2.386110298382253703e+01
2.212427861293611997e+01
2.060864651288154548e+01
1.926445908521840877e+01
1.810007160735549903e+01
1.709030659057911450e+01
1.621630055009535099e+01
1.545094712730575104e+01
1.479675236588722775e+01
1.422488491395146148e+01
1.372978356114811938e+01
1.328963810350335173e+01
1.289462100406613132e+01
1.253992534683006532e+01
1.221691688265858211e+01
1.192511021423675821e+01
1.166279256153751653e+01
1.142239176927480493e+01
1.120197083222094570e+01
1.099558644955848941e+01
1.079933770178701025e+01
1.061973137606376838e+01
1.045228746104630524e+01
1.029864525410222065e+01
1.014886436226922584e+01
1.000974311428249663e+01
9.887760128211988686e+00
9.770542957524959604e+00
9.660750830949226042e+00
9.555235940267271744e+00
9.457322024305581110e+00
9.361403634670141471e+00
9.272742434175905046e+00
9.184487372702401231e+00
9.100845001330707618e+00
9.022311866982269279e+00
8.945052140457201872e+00
8.874377230972594788e+00
8.803133819044948183e+00
8.736350295298146662e+00
8.670266545481256415e+00
8.608176624044114433e+00
8.546342485856831317e+00
8.484571385659259946e+00
8.427068058895152092e+00
8.371759227839564943e+00
8.311807286532323147e+00
8.255831847042578886e+00
8.203821989693887318e+00
8.151232208954651171e+00
8.099368332782619362e+00
8.049259461979268337e+00
8.004441537432038345e+00
7.957357452870158276e+00
7.913476459782049055e+00
7.870508704486930185e+00
7.828980230250672356e+00
7.786673746648818728e+00
7.749540875500042780e+00
7.713140802329963464e+00
7.669349396246697204e+00
7.634891601623039925e+00
7.596876779900618715e+00
7.560057944133075303e+00
7.523750795211914699e+00
7.488174235761387187e+00
7.451982329745988842e+00
7.415184536787557512e+00
7.384813231833251557e+00
7.349641526261322610e+00
7.315009611367042197e+00
7.283497960510917579e+00
7.254083959420992933e+00
7.220821189477233837e+00
7.190148446160962159e+00
7.160067211179003799e+00
7.128560972745732194e+00
7.102444954170923808e+00
7.071853241265356083e+00
7.041494810699625795e+00
7.016022718567703542e+00
6.991648824971684384e+00
6.964698206317163631e+00
6.938077012103896379e+00
6.915166447329716526e+00
6.886610074369339252e+00
6.861874603847517129e+00
6.841240297039475671e+00
6.815564904740830876e+00
6.796757043720336178e+00
6.773361328469185594e+00
6.750011988868501511e+00
6.733083448733002463e+00
6.703298873975625405e+00
6.687595758595263895e+00
6.663298479094334148e+00
6.639912994226018661e+00
6.622245555085528146e+00
6.599654362421646603e+00
6.579136572129626437e+00
6.561201412919938747e+00
6.535364538885036545e+00
6.521798072471938212e+00
6.491607279020517929e+00
6.474866801308547970e+00
6.451049054884947509e+00
6.436810668949685343e+00
6.413673797321588488e+00
6.397707891115580026e+00
6.375448006082911512e+00
6.357454063239495134e+00
6.339194893574251033e+00
6.319400407258396690e+00
6.299870922266439521e+00
6.286975531374259241e+00
6.269248637413738834e+00
6.246717116958123484e+00
6.228746772230423723e+00
6.208485196183308297e+00
6.193183963530908720e+00
6.169891086510491895e+00
6.160627412315867524e+00
6.140499628133764709e+00
6.126222877950155521e+00
6.111408602886796437e+00
6.091014199754145153e+00
6.081517330413106492e+00
6.060437699081148821e+00
6.046341333053963929e+00
6.026868528894258503e+00
6.014836597295414755e+00
5.995423324563976308e+00
5.979095307136263138e+00
5.965544568556538252e+00
5.947213533402249119e+00
5.928433049156954127e+00
5.923007438840547145e+00
5.903512736586418619e+00
5.894484350783397275e+00
5.876104312610093139e+00
5.864670747815543983e+00
5.847078127226866151e+00
5.830294767765951569e+00
5.817656920298342804e+00
5.799866860516886824e+00
5.777817844137111969e+00
5.768018382356975060e+00
5.752010928743769291e+00
5.742063539693204710e+00
5.722789061122469434e+00
5.712829450169395251e+00
5.694985062354653849e+00
5.684042836363741635e+00
5.665434281830177277e+00
5.652141537827193751e+00
5.638810468864118519e+00
5.626710205279837673e+00
5.611100450066355272e+00
5.592982189859470488e+00
5.586075201864247219e+00
5.568897504462618109e+00
5.562657084132559326e+00
5.536613609642290434e+00
5.531461314166750576e+00
5.510144482178045422e+00
5.508811941948070334e+00
5.486088332463967099e+00
5.483463637955232173e+00
5.456913451038931662e+00
5.456650229270548103e+00
5.432694573919032877e+00
5.421716938337240776e+00
5.414838960687497149e+00
5.399710994253781315e+00
5.385761476642842105e+00
5.379398300180152859e+00
5.365469261312427740e+00
5.353145005063243644e+00
5.341717178807349420e+00
5.332661667310113707e+00
5.320017109504661335e+00
5.308986017598246399e+00
5.301803741691010430e+00
5.287819918204538894e+00
5.278339929268859976e+00
5.269078473503495452e+00
5.254853605897877422e+00
5.249215195575119175e+00
5.242239587144174706e+00
5.228469399187124722e+00
5.220984667508332677e+00
5.201619359934183784e+00
5.200012368877794167e+00
5.198197045321444776e+00
5.180791961715399019e+00
5.173649136038988239e+00
5.164926943063825604e+00
5.149587453145387350e+00
5.158376104260413264e+00
5.139602576121152566e+00
5.131796614053313554e+00
5.116549725228622059e+00
5.120796346405472654e+00
5.109703553842155799e+00
5.095903489410152254e+00
5.086883309310162637e+00
5.090385727719338504e+00
5.074313150417251173e+00
5.061170300868737648e+00
5.065566529459755607e+00
5.056243601041061630e+00
5.043529359089952813e+00
5.031493387212006674e+00
5.031700988605110503e+00
5.020770400768561181e+00
5.011190162956654426e+00
5.007277360189137383e+00
4.994923163052384041e+00
4.987470462879574740e+00
4.981801689756617968e+00
4.970939886470697289e+00
4.969383237543180343e+00
4.957909109015820270e+00
4.954720337259628238e+00
4.940193656935386812e+00
4.938895298038310067e+00
4.927933769086320304e+00
4.914798367431407300e+00
4.917609351323143585e+00
4.905242335347542948e+00
4.893179428350626914e+00
4.894796147841693923e+00
4.879756192035100248e+00
4.869628367910509681e+00
4.868683704906887399e+00
4.858942985954606719e+00
4.848180900523978210e+00
4.843092270201229788e+00
4.840778512046910009e+00
4.826817384041617309e+00
4.821990584130777968e+00
4.821016561490661267e+00
4.805706643891625163e+00
4.793575148136652864e+00
4.796165587014816545e+00
4.783323736023752382e+00
4.772920973728358440e+00
4.768401091671996106e+00
4.759568119596716329e+00
4.763547470766573255e+00
4.746059307911215441e+00
4.746198339537658129e+00
4.738170629607501461e+00
4.727960221179031919e+00
4.726744226254658621e+00
4.721121446422439583e+00
4.707815827266787601e+00
4.700077762826356143e+00
4.700116784729452490e+00
4.695685540454488383e+00
4.677974724507024895e+00
4.685467058841637389e+00
4.676340318374507810e+00
4.664008927801240212e+00
4.659388075414135244e+00
4.651768610718392871e+00
4.650792720382359136e+00
4.633638494075518643e+00
4.644698894621458685e+00
4.633625292628141601e+00
4.622871126171737011e+00
4.619960701752370724e+00
4.604057810959080399e+00
4.606380681283382295e+00
4.611521530843725181e+00
4.598152272166374566e+00
4.587636193234059689e+00
4.590255345650879448e+00
4.573075006798862141e+00
4.576102363336382872e+00
4.571495560459992724e+00
4.566976479532385724e+00
4.564778755583920322e+00
4.551741588730962462e+00
4.543530743000276928e+00
4.543240321346655897e+00
4.533505345893263261e+00
4.532055082551540437e+00
4.522788730662062662e+00
4.519874036551490448e+00
4.514009450592117112e+00
4.508764148603794375e+00
4.507029180795180778e+00
4.495130404284934933e+00
4.493207987218426069e+00
4.484769842637699178e+00
4.483572007942703941e+00
4.477989553746800411e+00
4.468597740055740175e+00
4.462859836037958772e+00
4.461977044948653770e+00
4.452642182285253547e+00
4.450141217815771988e+00
4.450180286622537729e+00
4.440769183343527438e+00
4.432780674602908810e+00
4.430054989731901038e+00
4.427880391466410437e+00
4.426477173267024945e+00
4.415372741278777546e+00
4.408070023087642397e+00
4.405050349655222242e+00
4.400676985873085201e+00
4.394258391752408066e+00
4.391820601221588127e+00
4.386225092802171766e+00
4.381274169576253819e+00
4.379761088935503643e+00
4.371859733948283200e+00
4.367853507925164358e+00
4.361356652465696371e+00
4.354873815935953019e+00
4.354372024931746132e+00
4.353244142584963505e+00
4.341172006825318341e+00
4.340050836823333924e+00
4.336403785235657615e+00
4.334512073509075414e+00
4.327938098592512439e+00
4.322599866618646480e+00
4.316318196560868792e+00
4.314955812824011083e+00
4.319241211629912591e+00
4.313141846842206029e+00
4.306580339757528186e+00
4.303433584878405327e+00
4.298684474166232228e+00
4.292243701536390788e+00
4.294749924159236620e+00
4.284441884001092049e+00
4.281496454177704081e+00
4.279095969436412794e+00
4.276499483183406447e+00
4.269467822418781644e+00
4.260960982307429923e+00
4.262607141997482252e+00
4.255348484215320859e+00
4.253473813509934587e+00
4.245669045290546784e+00
4.249747150406225416e+00
4.236527244071603526e+00
4.235541327180326832e+00
4.235799098589932754e+00
4.228960587205868649e+00
4.225185498386848870e+00
4.230861952338248244e+00
4.213075273279230260e+00
4.218602968955951660e+00
4.210450741717319367e+00
4.206392863513410241e+00
4.203232609307884893e+00
4.208978335710302332e+00
4.194158804934335016e+00
4.187039248969100846e+00
4.196319931786043789e+00
4.189508999685472190e+00
4.183048405138554138e+00
4.171334879635634429e+00
4.179406839574291155e+00
4.175628703439368650e+00
4.171782771180149396e+00
4.167015096023325427e+00
4.163663410213731986e+00
4.154408853335178620e+00
4.156324007812365551e+00
4.154759261799061854e+00
4.146905638175781839e+00
4.147773531254435930e+00
4.143965318639514450e+00
4.145252391674345560e+00
4.132742452452967008e+00
4.133534021770713274e+00
4.136490872554156262e+00
4.128712987815471358e+00
4.119537539365753176e+00
4.126260077426249673e+00
4.121094665358129738e+00
4.114601687557823517e+00
4.110402139956288892e+00
4.110393726227818512e+00
4.108865891758222588e+00
4.102707314812330530e+00
4.095437362080288857e+00
4.101415261815139601e+00
4.099827068708575162e+00
4.089728083059122277e+00
4.087017784987033941e+00
4.080781880616192403e+00
4.082153881806604545e+00
4.077740269552456276e+00
4.074504102185366072e+00
4.076094302826548166e+00
4.065714387600153579e+00
4.072956056563680427e+00
4.062142744350306423e+00
4.061147946314481061e+00
4.055957418469946063e+00
4.048300947476826117e+00
4.065746858762673277e+00
4.050934214611253914e+00
4.046715925070937026e+00
4.040567960110474921e+00
4.049365035197693530e+00
4.039691231085495993e+00
4.038780602302312062e+00
4.028008019478912516e+00
4.035153765159719796e+00
4.036751392140058847e+00
4.024262468723959429e+00
4.031150312345975983e+00
4.023098239489192984e+00
4.015955695710411000e+00
4.015474973235547473e+00
4.020136136166267526e+00
4.014896465406785353e+00
4.012146603599830996e+00
3.998409644017563380e+00
4.007986310401853380e+00
4.004773227783892331e+00
3.995189155662314917e+00
3.988920754871861263e+00
4.003546419870040118e+00
3.991585237582657708e+00
3.985655024276695269e+00
3.979748268663915400e+00
3.984332331235333147e+00
3.986445710433939471e+00
3.973429468656148433e+00
3.979685227183453744e+00
3.972360678070606443e+00
3.971148236525146036e+00
3.965999476455585704e+00
3.959024255715874574e+00
3.971211194057688854e+00
3.962027370289518569e+00
3.957854839046220263e+00
3.952630406453878198e+00
3.957291322008012369e+00
3.957783910851404574e+00
3.946345434470399649e+00
3.950221307422131733e+00
3.940496082226324859e+00
3.941915837034807968e+00
3.943332469931693840e+00
3.943182707896115691e+00
3.938309101959261316e+00
3.931710571228199225e+00
3.927322861786343822e+00
3.946057001332245573e+00
3.927711769109188733e+00
3.916572101608712941e+00
3.924341379268731611e+00
3.931869094796183628e+00
3.918980667476680058e+00
3.920702857977129252e+00
3.914469858440584371e+00
3.907551033734389279e+00
3.919758921451792499e+00
3.905883539578024255e+00
3.897967468779026223e+00
3.908436634692303624e+00
3.900799160932034493e+00
3.893100826517960300e+00
3.899600237796731150e+00
3.888253463293831036e+00
3.898155095544070026e+00
3.883508074645281472e+00
3.888077899455501640e+00
3.897985969921816007e+00
3.877701984049426898e+00
3.881439391455744570e+00
3.876564099642404670e+00
3.871209043904771274e+00
3.873758430821201859e+00
3.867195965235101784e+00
3.871523976454689375e+00
3.872618383032371714e+00
3.865584625689513221e+00
3.857182673918265525e+00
3.866521338902689564e+00
3.854255559704152123e+00
3.856508725921907299e+00
3.863861986856339303e+00
3.849697691504262220e+00
3.856509887598182029e+00
3.846298551794310683e+00
3.850231281752289458e+00
3.838706911861105464e+00
3.850109365839205378e+00
3.836403156493233269e+00
3.848403516501901933e+00
3.835547437882417920e+00
3.839545488595405232e+00
3.824489395031491323e+00
3.838539230769304922e+00
3.830522719976511059e+00
3.820610560696367841e+00
3.827159916438261700e+00
3.819440187643918794e+00
3.827012441785436536e+00
3.820398038812461206e+00
3.812514158876390002e+00
3.818768881809195381e+00
3.814273590699567507e+00
3.814314376003928420e+00
3.808148315006981477e+00
3.810042689841443675e+00
3.809303641629162573e+00
3.806201453960868619e+00
3.792838798125251376e+00
3.812691594817907426e+00
3.792220264998219292e+00
3.800767596280294480e+00
3.791342385801657944e+00
3.793529546270846708e+00
3.795742032661632237e+00
3.786391497844723730e+00
3.800378945381557738e+00
3.782233625679873423e+00
3.789469082570249281e+00
3.778646776086196812e+00
3.788823302149854300e+00
3.776382586136376229e+00
3.785719766617930304e+00
3.775604673727647853e+00
3.772896762942458349e+00
3.779501768687152374e+00
3.767243952940969809e+00
3.772907619724545469e+00
3.764294791571955567e+00
3.773372368986537939e+00
3.766359963187235760e+00
3.760589194038729932e+00
3.775057221742603275e+00
3.760683008541292338e+00
3.758766117512492233e+00
3.753756572182071150e+00
3.759760677784342864e+00
3.747657272376329285e+00
3.757136360328583891e+00
3.747239822162165890e+00
3.745310910372845470e+00
3.748227415444254529e+00
3.743797422522515905e+00
3.745936125302279152e+00
3.743037433255424151e+00
3.737285154237042217e+00
3.744529950057607248e+00
3.739563765329830591e+00
3.737625439011777573e+00
3.732470418093164710e+00
3.731767524234147704e+00
3.728790731635106770e+00
3.733368568358359507e+00
3.722854261002099818e+00
3.733744307571915666e+00
3.719851027776539087e+00
3.727034831932464432e+00
3.715792584400851251e+00
3.717486126436844174e+00
3.723232066575494326e+00
3.714934271428994794e+00
3.719814659812543667e+00
3.715230722724649937e+00
3.705548238583443066e+00
3.715641184937699126e+00
3.708588453149223696e+00
3.706533862458368134e+00
3.705784395339620119e+00
3.700719283657788239e+00
3.704576613200357915e+00
3.697696513941556962e+00
3.701628032380379185e+00
3.695670509064270082e+00
3.700706279207534255e+00
3.690969427937981440e+00
3.697706790918063646e+00
3.687686862037287572e+00
3.693792891338790962e+00
3.683649698257684957e+00
3.694396640130213516e+00
3.684201749199072840e+00
3.686670883634745266e+00
3.682390516794602053e+00
3.671064493685245012e+00
3.688681675928451753e+00
3.676294136243174027e+00
3.683249090428522887e+00
3.669996831583848262e+00
3.671408507651818809e+00
3.675973958823636423e+00
3.665640288070850517e+00
3.674759836050457196e+00
3.662782505491849250e+00
3.667481443643817229e+00
3.661771076962084148e+00
3.666601943544245401e+00
3.656371647249674339e+00
3.668030958399496999e+00
3.655729031277784369e+00
3.660006562410618614e+00
3.652614374428856170e+00
3.660020170198653222e+00
3.649499075717669072e+00
3.655899874620224477e+00
3.647871593070311835e+00
3.655116938375849944e+00
3.643739511453522706e+00
3.651839875777971312e+00
3.647410418953443312e+00
3.643436746317351815e+00
3.644909831162283620e+00
3.641720362322914628e+00
3.643567767670699009e+00
3.636006591349852712e+00
3.641894581550227272e+00
3.633277912737167270e+00
3.641039075512667811e+00
3.624643247710836125e+00
3.637169936441085216e+00
3.627487219235621563e+00
3.633099641641363675e+00
3.627547635535810944e+00
3.632033297051836751e+00
3.622526080787257907e+00
3.616453685871974688e+00
3.626955238815841920e+00
3.619900700129442317e+00
3.623726768020671063e+00
3.615734772876196157e+00
3.613102360265399771e+00
3.616893261265708315e+00
3.613369334197598537e+00
3.615861548594736519e+00
3.615157293366052738e+00
3.604693140316972855e+00
3.614110194021428413e+00
3.605427875343836686e+00
3.603011899952724750e+00
3.600978439611699056e+00
3.603598368480170677e+00
3.597018244649596852e+00
3.591247109636514612e+00
3.602725158433583541e+00
3.596386429289112119e+00
3.598002956084854986e+00
3.589914897907112934e+00
3.593691651846645296e+00
3.589215019568935627e+00
3.589912262145842803e+00
3.589653858386826712e+00
3.590098767891716225e+00
3.580219612824697695e+00
3.584704677910435677e+00
3.588062714498847949e+00
3.581630122148368844e+00
3.576842472643595006e+00
3.581089542751404675e+00
3.574963421122102858e+00
3.580884461410574815e+00
3.573315429979922353e+00
3.574277562583610290e+00
3.580483650111708105e+00
3.571295416564858272e+00
3.575107258776174746e+00
3.570092144009171964e+00
3.573489112430018100e+00
3.565355942873701611e+00
3.569591992321793139e+00
3.568483533472606606e+00
3.565926190171655019e+00
3.561178642743453526e+00
3.566861365693069441e+00
3.558944077945846995e+00
3.556973321684095524e+00
3.567716511962543802e+00
3.547940664518703713e+00
3.563464970761609951e+00
3.560092247450910463e+00
3.553371976154824363e+00
3.546073223685758169e+00
3.557167292286785187e+00
3.552265318589760579e+00
3.550561877495288510e+00
3.553290424522755231e+00
3.548606664925957332e+00
3.543782295926600767e+00
3.544766208016564502e+00
3.549719599063477560e+00
3.541726149265768786e+00
3.542395460561437392e+00
3.542902209531191726e+00
3.543148344380552928e+00
3.538264727560227474e+00
3.540590346307354697e+00
3.538148126691455175e+00
3.532711170866588812e+00
3.542263752927233611e+00
3.531507007100481932e+00
3.533367888471266482e+00
3.531593084802758131e+00
3.532158586400791833e+00
3.533517851990416236e+00
3.523531161136986611e+00
3.528713624152896244e+00
3.526650607573291740e+00
3.525356196123775376e+00
3.516368903320554740e+00
3.522865596917629460e+00
3.530289780287748425e+00
3.518483111810971398e+00
3.527821411214597802e+00
3.514725788267669682e+00
3.523673444586785219e+00
3.517777423502677525e+00
3.517262742844986523e+00
3.515264905708310739e+00
3.510724894486914049e+00
3.516555171236260602e+00
3.512678417749463211e+00
3.513734500032292818e+00
3.505351943937712544e+00
3.507845299460280231e+00
3.510433497366546973e+00
3.500820633424889916e+00
3.509808693735032126e+00
3.500121093046305365e+00
3.502452045042115270e+00
3.503252480168834726e+00
3.497170568159287729e+00
3.505387725952357147e+00
3.491816022378225082e+00
3.499762625067250443e+00
3.497266309578957344e+00
3.494525740890432886e+00
3.499916912221004761e+00
3.490144809347316635e+00
3.488845479545074735e+00
3.500285360527919831e+00
3.483768913261459321e+00
3.493494881566781896e+00
3.483591397681570445e+00
3.486419511299835960e+00
3.484795049921912025e+00
3.485593983014021457e+00
3.491047816789212277e+00
3.482823014982014076e+00
3.480329976306630879e+00
3.480991353346637229e+00
3.477389355476816934e+00
3.481998959258584492e+00
3.477745626431761661e+00
3.472652602405945199e+00
3.482527737435292092e+00
3.474725187132141624e+00
3.475759359896889666e+00
3.472563230486036545e+00
3.465407195311195565e+00
3.477378756743121357e+00
3.466335151072987397e+00
3.470525337046534542e+00
3.461693225596480517e+00
3.467650558966413499e+00
3.471869974144453863e+00
3.463961420638440369e+00
3.463303539099866324e+00
3.458292986306423789e+00
3.465885661028208720e+00
3.467352299098237278e+00
3.456818736590634433e+00
3.460824872142961084e+00
3.459285135494544861e+00
3.454560124397004994e+00
3.457577276756424567e+00
3.465220483145151409e+00
3.450831775916352040e+00
3.456082381012876681e+00
3.453170593742772798e+00
3.456338083639629133e+00
3.452823553023705472e+00
3.449209580275058418e+00
3.456205727791162641e+00
3.444911209060999457e+00
3.445638883963365373e+00
3.456499383138191828e+00
3.439171777174946598e+00
3.449456361295270668e+00
3.441464084740968321e+00
3.447648658860447579e+00
3.437233618073816555e+00
3.442668860035680733e+00
3.442282210936708164e+00
3.443371959908946511e+00
3.437495407077312493e+00
3.449368887103951398e+00
3.435436945834934530e+00
3.442505055609490494e+00
3.429550418942950429e+00
3.438365840734968426e+00
3.433746869340133401e+00
3.442910059729128225e+00
3.428733364350737833e+00
3.428304738095828252e+00
3.437648616972198923e+00
3.431725721219897718e+00
3.429192785777617214e+00
3.426582247839814688e+00
3.432923993997751833e+00
3.431531873874425376e+00
3.428658067893050276e+00
3.421196065407702491e+00
3.424771434122562130e+00
3.423485843189327138e+00
3.432297136423511308e+00
3.417254911920105886e+00
3.426022738304325799e+00
3.417693573033959265e+00
3.427170323674911590e+00
3.416802466068302735e+00
3.422376257525193477e+00
3.413157487655424038e+00
3.412155690374726547e+00
3.423465996244963616e+00
3.413202517716396045e+00
3.416852685530699762e+00
3.408564134995960782e+00
3.415515993570538811e+00
3.405876135123264703e+00
3.406735834687200981e+00
3.416830516768016412e+00
3.402228194385008564e+00
3.406042423903580474e+00
3.405834124780378946e+00
3.411518702429832572e+00
3.399320292133048316e+00
3.397307532729047619e+00
3.407601856573651222e+00
3.396216934002872279e+00
3.403550576800554506e+00
3.397490909988419627e+00
3.397990114363987235e+00
3.395590799523716896e+00
3.400070475779312762e+00
3.390761872000630728e+00
3.389299378691265741e+00
3.403737293797522323e+00
3.385115033587661859e+00
3.397059775642811363e+00
3.384325599015567843e+00
3.393595168221367420e+00
3.387304101179120508e+00
3.386036634121248667e+00
3.388804707249381210e+00
3.380446984742709660e+00
3.387924036188037835e+00
3.385168269027335253e+00
3.385539943020660747e+00
3.384772775114752275e+00
3.384473349070800552e+00
3.378030647106429196e+00
3.380284189457639865e+00
3.378637971551661678e+00
3.378863579626285141e+00
3.381000394786365604e+00
3.377821867880721030e+00
3.378248173102029739e+00
3.374280261796472669e+00
3.379330613375549408e+00
3.368792692340406347e+00
3.376889605386210302e+00
3.367902964022196244e+00
3.373422975667095702e+00
3.368175882225483253e+00
3.369692894177319875e+00
3.378671506429889337e+00
3.363366236425431754e+00
3.373603664119000811e+00
3.366858780348710223e+00
3.365905205446467097e+00
3.360233490851016303e+00
3.367131175380709163e+00
3.373581300807878325e+00
3.358579576401419686e+00
3.365931163145341909e+00
3.359844467280681091e+00
3.365424974033224270e+00
3.354060446315743516e+00
3.359479979971888408e+00
3.367175170592355382e+00
3.357346444504715421e+00
3.359497610886168051e+00
3.357940360950319114e+00
3.349242802607621083e+00
3.356411381417284456e+00
3.360628601408030658e+00
3.360302556673838925e+00
3.345762811887368127e+00
3.354306222958504780e+00
3.359916892135391908e+00
3.348145423360069817e+00
3.351218863226955502e+00
3.347765305592007135e+00
3.348059684531798030e+00
3.355055035584839640e+00
3.344674486232195765e+00
3.345954907095940456e+00
3.341241671368478716e+00
3.345870138616478418e+00
3.353623977017280211e+00
3.340947152199689185e+00
3.344816789771861476e+00
3.336678174138724362e+00
3.347365593499841196e+00
3.333364087893283756e+00
3.340881078834350149e+00
3.333381249683034842e+00
3.335415494289262650e+00
3.346320263729589239e+00
3.335035209334209494e+00
3.336268114504945093e+00
3.332668080831060919e+00
3.333329766771830904e+00
3.338186004580299127e+00
3.331107550934451211e+00
3.330916198249179061e+00
3.322239424392254392e+00
3.337681390959190253e+00
3.326578534552873112e+00
3.323957523270927084e+00
3.329249515586067076e+00
3.329138581701148070e+00
3.321808672821337627e+00
3.322159228368755546e+00
3.324731819808910860e+00
3.326862450334441501e+00
3.317981267936307432e+00
3.327832108240511122e+00
3.314855608349043692e+00
3.314411674428965338e+00
3.329511745697437686e+00
3.316899198820416839e+00
3.324072135026370223e+00
3.311545262769341136e+00
3.320579721405193752e+00
3.311888874324532939e+00
3.320187834225687862e+00
3.310057350987493319e+00
3.309114026865750180e+00
3.320518140370575910e+00
3.308668368685176109e+00
3.306279636200352368e+00
3.321832909559507385e+00
3.306137284874888227e+00
3.311500102219991248e+00
3.307540309060811978e+00
3.309571786211416455e+00
3.312037490514700977e+00
3.309366274012118136e+00
3.307299597906905309e+00
3.303253922893087946e+00
3.299824406689944478e+00
3.312433097354729572e+00
3.296910182934077671e+00
3.309669854660208355e+00
3.300225594737501655e+00
3.299824437142930389e+00
3.302842741489327327e+00
3.303074348328307597e+00
3.293952660121712395e+00
3.310408813843576326e+00
3.297040837481720832e+00
3.299489283162801101e+00
3.298537556299926621e+00
3.288954561960020229e+00
3.299431640377434860e+00
3.300071552504348471e+00
3.289377318596805821e+00
3.296582557055170337e+00
3.297440033957810712e+00
3.288935873607097715e+00
3.286454722865955080e+00
3.287953706433957013e+00
3.297240209332701344e+00
3.284079983975989325e+00
3.293712608831715016e+00
3.287553856197241942e+00
3.287346341307709974e+00
3.289135123157008067e+00
3.286331690477798606e+00
3.283280839435639198e+00
3.293893159836120521e+00
3.279337884665701974e+00
3.289440243320980173e+00
3.282857944551609730e+00
3.275774456076366192e+00
3.288726923441122718e+00
3.279501575297949945e+00
3.284765530015631985e+00
3.279033301991242322e+00
3.274004079000427669e+00
3.283994332766544400e+00
3.274037029537506527e+00
3.282029642750721621e+00
3.271081690916461948e+00
3.278939007717151188e+00
3.270787379372350312e+00
3.279783750347786242e+00
3.270147892691561697e+00
3.268958117416916220e+00
3.284055867609323442e+00
3.269031659015956937e+00
3.272132708704923232e+00
3.274480684252608853e+00
3.272919596394040287e+00
3.266468692737808599e+00
3.269376155109358972e+00
3.266021310559079627e+00
3.271404299491884160e+00
3.267065352879708229e+00
3.271710852647694789e+00
3.263034887201140766e+00
3.259617923476489043e+00
3.271645836610383995e+00
3.262371475299707058e+00
3.269234516084897901e+00
3.257005675820021207e+00
3.263872693486022047e+00
3.258500137348296466e+00
3.260162589624878038e+00
3.263150694070269697e+00
3.260797972548192813e+00
3.254534185839558003e+00
3.267611100842975791e+00
3.253724587753005881e+00
3.262055905498854713e+00
3.254399324841319885e+00
3.255690856067483097e+00
3.253138396122937426e+00
3.256376287554573867e+00
3.261488009142362809e+00
3.245922127989480988e+00
3.257108140704110255e+00
3.249469327234409732e+00
3.249546586362804579e+00
3.261067239515611949e+00
3.243350839926030016e+00
3.247300508525408080e+00
3.255313601443781568e+00
3.249675534681800482e+00
3.248981173427939684e+00
3.244501081905774686e+00
3.249977875920334824e+00
3.245995251896796940e+00
3.252341769489515588e+00
3.237424500154129969e+00
3.242645771866963234e+00
3.245378580688873082e+00
3.236567140884876626e+00
3.244139529456223858e+00
3.248135065058299187e+00
3.236555497140892967e+00
3.244110211776872088e+00
3.234842509951162182e+00
3.234183173039903991e+00
3.243657050818289367e+00
3.238223719923384980e+00
3.238883277269925642e+00
3.240423439649948723e+00
3.239666138613759738e+00
3.232012145621947496e+00
3.237296512921753688e+00
3.233703092715121574e+00
3.237706254027417518e+00
3.232293930490849565e+00
3.237808021380807588e+00
3.227011020196894453e+00
3.228466149065933877e+00
3.241861076581361356e+00
3.227504185253595281e+00
3.225056115798233147e+00
3.236611661747624158e+00
3.225525787536200895e+00
3.231320241698645734e+00
3.229852252159501003e+00
3.234003582528929943e+00
3.222136377884134095e+00
3.227930769879039818e+00
3.226501449573479618e+00
3.226188672927435164e+00
3.233911329043024363e+00
3.223605730030469019e+00
3.225073931134812444e+00
3.217438222263748315e+00
3.223325991558153802e+00
3.224620526262780285e+00
3.213834779806372666e+00
3.219582133234824450e+00
3.214427400057715101e+00
3.226951847003087348e+00
3.222677635507283700e+00
3.217737755090097185e+00
3.210030841586247963e+00
3.227859589587025457e+00
3.220183680232100443e+00
3.211147464173363275e+00
3.225643688409437715e+00
3.210219957020456150e+00
3.220445771889400177e+00
3.214763270104004089e+00
3.213315083414864048e+00
3.217912374992630387e+00
3.209665069969744433e+00
3.209107319670362557e+00
3.205086478308481812e+00
3.214472963818847173e+00
3.211042353833266194e+00
3.201649275321392096e+00
3.215059310612159660e+00
3.205014548094835991e+00
3.201865719869802618e+00
3.214099947568789251e+00
3.208025622340849647e+00
3.207782358855387983e+00
3.210950427696680709e+00
3.197772373222838471e+00
3.206022492697452986e+00
3.201844088749906003e+00
3.198478770826858497e+00
3.215491757662225947e+00
3.199437925880817435e+00
3.209401485840043478e+00
3.194721639645926370e+00
3.198158127246226723e+00
3.203526390071181229e+00
3.197628355572672998e+00
3.207371007188666301e+00
3.194032616077042253e+00
3.199374991013576253e+00
3.196489343278987150e+00
3.188272543291465144e+00
3.208391766182762339e+00
3.192571433151636828e+00
3.189259143743659042e+00
3.201630047093416920e+00
3.190366699353773594e+00
3.201175912941073509e+00
3.184232331530836291e+00
3.190277175416831756e+00
3.191932552843022020e+00
3.195497321431150173e+00
3.194403350496037408e+00
3.183437262304105175e+00
3.191888591224187000e+00
3.185377736251878034e+00
3.184680444995695137e+00
3.188351229946459142e+00
3.186436888102702536e+00
3.188408490157067732e+00
3.184278564050499138e+00
3.191977416040822302e+00
3.179730450298702937e+00
3.182436972354345084e+00
3.189596619375563602e+00
3.175586396637330555e+00
3.186826153522503091e+00
3.179435305477924967e+00
3.182912444674530050e+00
3.180644546015618968e+00
3.180069355198682057e+00
3.188667070565271988e+00
3.175470537220844935e+00
3.181342669894829722e+00
3.173017852900170244e+00
3.174288224201227138e+00
3.186552478595510607e+00
3.183535922814145547e+00
3.173793400707550560e+00
3.181824222797825730e+00
3.168562515477790331e+00
3.180917637554731670e+00
3.169127253068533268e+00
3.171407726888844536e+00
3.183105825620138774e+00
3.171650945930579724e+00
3.180145833182953741e+00
3.165469149272004401e+00
3.172647875008161922e+00
3.167627705111254688e+00
3.177264116778983460e+00
3.165110458687200534e+00
3.175764018411810330e+00
3.162192516166024259e+00
3.170081083420242862e+00
3.176720441988519994e+00
3.165655388005090387e+00
3.166315660275651922e+00
3.170284297131253481e+00
3.163003246700642368e+00
3.172504097294735814e+00
3.167915035795518364e+00
3.164417951245059424e+00
3.168498060308459596e+00
3.162187375202860640e+00
3.167265839513234038e+00
3.163357257421040458e+00
3.162199621149966333e+00
3.157474758269806614e+00
3.160035801265947963e+00
3.165331782185773601e+00
3.166981007795937941e+00
3.157829002546146402e+00
3.161375111249273839e+00
3.163691548160470379e+00
3.165063873829810248e+00
3.160302913276444858e+00
3.164060874717963490e+00
3.160371215146267954e+00
3.157409433096925344e+00
3.159378106631443028e+00
3.161921201632072354e+00
3.159745728756514271e+00
3.154874481728163094e+00
3.152527981672624602e+00
3.161900193858572905e+00
3.154515151819394791e+00
3.164204003248253017e+00
3.151606478673663059e+00
3.161558708008727958e+00
3.161152142079909577e+00
3.148876592283045284e+00
3.158855037409971533e+00
3.153827496788971896e+00
3.151084533131440324e+00
3.149517349294809421e+00
3.160512442156477420e+00
3.150422377706826094e+00
3.155749897930970160e+00
3.149283414490104960e+00
3.158793305036163179e+00
3.146726010610816804e+00
3.145398132225883270e+00
3.143174160783910320e+00
3.150126619150391161e+00
3.146631540091918922e+00
3.145318614327580864e+00
3.151320444389038133e+00
3.149083461450343790e+00
3.141879912911177186e+00
3.140375095372938130e+00
3.143171581303894957e+00
3.150683550304508085e+00
3.143331259700051117e+00
3.144207692371850271e+00
3.134208345666033679e+00
3.144087894422105567e+00
3.148787008899038842e+00
3.139710647197393900e+00
3.138423679401832089e+00
3.133967523492797280e+00
3.138201529409964774e+00
3.136871235979384220e+00
3.141784353622819381e+00
3.144105039149280412e+00
3.139309701741322289e+00
3.130725048364553675e+00
3.132487528029821444e+00
3.143540766018854793e+00
3.135638227165522540e+00
3.126858226456771472e+00
3.137408378525373465e+00
3.135173456211047593e+00
3.142060587038679298e+00
3.128339226376541049e+00
3.134549880066889838e+00
3.135425543210673904e+00
3.130293127041822832e+00
3.139261975401090865e+00
3.130145469736126174e+00
3.129950619597060335e+00
3.133446726500080270e+00
3.124900292260779811e+00
3.136522813317492719e+00
3.128121160908044818e+00
3.120290996458590982e+00
3.134855682094577656e+00
3.130615763971225984e+00
3.126184835688883723e+00
3.121222348544335556e+00
3.125293637703624672e+00
3.132585260056387710e+00
3.123882280909812348e+00
3.118950745369927002e+00
3.121097984157755523e+00
3.125596190656956264e+00
3.128771137815203218e+00
3.124341206051445941e+00
3.116700470836171633e+00
3.125284336086430415e+00
3.120222470599815168e+00
3.115384441307543995e+00
3.116060979398488140e+00
3.115105473391964974e+00
3.117630584256577020e+00
3.121763829176121607e+00
3.117173719137293020e+00
3.115986304228522741e+00
3.125788036516671031e+00
3.106486313635941965e+00
3.112620554043053378e+00
3.112094831528475325e+00
3.119934348459423745e+00
3.118972927902372572e+00
3.117759150505932109e+00
3.105268717945332657e+00
3.110587317428375798e+00
3.106794008975053867e+00
3.124358073524891477e+00
3.108786526697520092e+00
3.105723919740732253e+00
3.118214512299513519e+00
3.113145094526523327e+00
3.108143200289223529e+00
3.109794038703145080e+00
3.108286966815335450e+00
3.115198402989781457e+00
3.105132004859676886e+00
3.105245629220769743e+00
3.115050621012960708e+00
3.108786809362387160e+00
3.100391623136415031e+00
3.102897399028653691e+00
3.112609493972962937e+00
3.102207264719376578e+00
3.099031887183720357e+00
3.103836595013794053e+00
3.101745270816517408e+00
3.102299302112360380e+00
3.108537864721105048e+00
3.102718206396438472e+00
3.105501038443333695e+00
3.096275674024710156e+00
3.094858346091893697e+00
3.099866556804631745e+00
3.109549799425785466e+00
3.104226127383208578e+00
3.096668733876484225e+00
3.091844272490428036e+00
3.101044052296411113e+00
3.093876298406508685e+00
3.105476418239751624e+00
3.097662172330532204e+00
3.093868301895037032e+00
3.103260219664154107e+00
3.099157180747854401e+00
3.091146220767912567e+00
3.093361789333764378e+00
3.097742979943122865e+00
3.096791370943241528e+00
3.089487700168772388e+00
3.101565268717723978e+00
3.092952158085527259e+00
3.085748817174170266e+00
3.094347702446449855e+00
3.088544838355765432e+00
3.088292006705897208e+00
3.091642390339133684e+00
3.093923435128141719e+00
3.086460319803401742e+00
3.088826618805132984e+00
3.101707030098536322e+00
3.086222951674356896e+00
3.083411440357865629e+00
3.081610405291281385e+00
3.098751720176581070e+00
3.088971913513519851e+00
3.080064505927811336e+00
3.084471950357745573e+00
3.078301457704080146e+00
3.095703397524105061e+00
3.081077076946135751e+00
3.079579238637102367e+00
3.091188997302968033e+00
3.080344738920910430e+00
3.079758888942939254e+00
3.089613615874245323e+00
3.076144086921591025e+00
3.078211055298056831e+00
3.084388578573630912e+00
3.083329683287411083e+00
3.074777830526679967e+00
3.088409850279436597e+00
3.075628797565857386e+00
3.071305400557092558e+00
3.080446633058142591e+00
3.078467063742529763e+00
3.081071233378295915e+00
3.080381263916098344e+00
3.071577111451963660e+00
3.081205313276845548e+00
3.076629545560281453e+00
3.075802548957841775e+00
3.083090762973032639e+00
3.069992659107587230e+00
3.080207313401297942e+00
3.082673753657190208e+00
3.067369624481759427e+00
3.079953629790166403e+00
3.066043605090098101e+00
3.069469583497985266e+00
3.072624296764689955e+00
3.077682265013951479e+00
3.077754571063731515e+00
3.063965980208417150e+00
3.069231057588260203e+00
3.067317395729558083e+00
3.071816460225706535e+00
3.070234993530570833e+00
3.068086543768294927e+00
3.070711875835565152e+00
3.071258103018477570e+00
3.066780091992234336e+00
3.075026692441275245e+00
3.065406799953745320e+00
3.060542778261301944e+00
3.072351504065281791e+00
3.066010738129351765e+00
3.063943714453994716e+00
3.071524882174740956e+00
3.063486702462796973e+00
3.057136117089870098e+00
3.065898909940939276e+00
3.061846754805417348e+00
3.074039486158489876e+00
3.057803957052691146e+00
3.063276757505368320e+00
3.060662633108466313e+00
3.073939397823113762e+00
3.060023621294202467e+00
3.056374850460298997e+00
3.062481196315630871e+00
3.057903860953128383e+00
3.054914262477353315e+00
3.064043384369560474e+00
3.062612523204670367e+00
3.056010320154298299e+00
3.054341589908518007e+00
3.058816316435363891e+00
3.053687814228339903e+00
3.054007803745613980e+00
3.057454939813860406e+00
3.053758807015853005e+00
3.064993976698046296e+00
3.056700454813604750e+00
3.052027043459623723e+00
3.061819534315748381e+00
3.048586838035280522e+00
3.053447305100549070e+00
3.049346625588173154e+00
3.059208003485805794e+00
3.049704331437262272e+00
3.048913873756261328e+00
3.047506341561313281e+00
3.054789984070326536e+00
3.054059526130769697e+00
3.045473161466972556e+00
3.049187540717713585e+00
3.045639985143908657e+00
3.046539399349754262e+00
3.055415717195157033e+00
3.052775581557737983e+00
3.047068235597999220e+00
3.045016654679441270e+00
3.039887349092870839e+00
3.054170541138466977e+00
3.048096121791707080e+00
3.044667340892406759e+00
3.043056364376869993e+00
3.044177784352176008e+00
3.055348776690726353e+00
3.036822827126938407e+00
3.043243107961429050e+00
3.045950389845568651e+00
3.037996708694163939e+00
3.046632120973017610e+00
3.048440083946389212e+00
3.040567249495000457e+00
3.036742801133338165e+00
3.050419286243577499e+00
3.039600684707536971e+00
3.035484693768396358e+00
3.034198747844224275e+00
3.048385515074316654e+00
3.038278981471453477e+00
3.033215508652393755e+00
3.035991372797305576e+00
3.040618194519878248e+00
3.046327650523790620e+00
3.036478990087237761e+00
3.037807542763147683e+00
3.034730787396854979e+00
3.046536268573921458e+00
3.035892967775269735e+00
3.035891421935389634e+00
3.030403920791473027e+00
3.040588795342501260e+00
3.030287204116375310e+00
3.026607360739423935e+00
3.039231403492911099e+00
3.037161271357103232e+00
3.030980279762975460e+00
3.034201577665319061e+00
3.044472965586436874e+00
3.029684748392455163e+00
3.026497205195501028e+00
3.026760906025999898e+00
3.041488489790041161e+00
3.034607688834176642e+00
3.026874881455620780e+00
3.033283254393740691e+00
3.035781011720873224e+00
3.027708664641358016e+00
3.023717461616065361e+00
3.029075557477929781e+00
3.034566156951260307e+00
3.028538902512533770e+00
3.023072529565438149e+00
3.024793256088310400e+00
3.036066926920860443e+00
3.021123760750413112e+00
3.023750790694289758e+00
3.031641536809408066e+00
3.019511660804230502e+00
3.020239687619554303e+00
3.035506363156700527e+00
3.022693562275887036e+00
3.019088270481523839e+00
3.027498700064285675e+00
3.025637370746542931e+00
3.016655394070486107e+00
3.022793651176208130e+00
3.024784952480827016e+00
3.020117505599186902e+00
3.020532947746199071e+00
3.028453497429772767e+00
3.016171995976867581e+00
3.017869662934022035e+00
3.019028953778492674e+00
3.015876396271668369e+00
3.028211561107457594e+00
3.014076194059419844e+00
3.023502528102330444e+00
3.014475727495646851e+00
3.010504436398433015e+00
3.018032975801479001e+00
3.016770075427695375e+00
3.025940948030266586e+00
3.017730957426621785e+00
3.007941243486463634e+00
3.023909785992676458e+00
3.012245585493577238e+00
3.010452373540656978e+00
3.007291446283856029e+00
3.021842653842825133e+00
3.007729738769620909e+00
3.004179926462466899e+00
3.028334202408819564e+00
3.002421867198652894e+00
3.014971745900518751e+00
3.010307321582799123e+00
3.010371378022529409e+00
3.021310052106381594e+00
3.003156410166335721e+00
3.009092256077669614e+00
3.006316485353546231e+00
3.003998339211161994e+00
3.013639765378130608e+00
3.003758288014090727e+00
3.000756838110490321e+00
3.005712800836479293e+00
3.013858283986023512e+00
3.004831048423439288e+00
3.008555688399720207e+00
3.003404818728327097e+00
3.016741908286911578e+00
3.003090978642649400e+00
3.010054162518778664e+00
3.000183386989131673e+00
2.997736748520791306e+00
2.999302488142629119e+00
3.002698968462346851e+00
3.006702745834662682e+00
3.004156869211969560e+00
3.001530679558029657e+00
3.001860911851537583e+00
2.999556034124054804e+00
3.006156055476664424e+00
2.991697657479740258e+00
2.995935584580344813e+00
3.005968946666147001e+00
2.992906461971797327e+00
3.007826621129842781e+00
2.997465907348766390e+00
2.994324865417322457e+00
2.996358617105315592e+00
3.003592494355554976e+00
2.996766846349226299e+00
2.991743237362188168e+00
3.001407990699684891e+00
2.994612073334069979e+00
2.995521068525816233e+00
2.994859417295506976e+00
2.998619145647882789e+00
2.995625062500664182e+00
2.991255556612025135e+00
3.004794549709749685e+00
2.992648016987654369e+00
2.984881385414726918e+00
2.991840831146933777e+00
2.994687002505623141e+00
2.999181141573586284e+00
2.992067031198613947e+00
2.981942416305187304e+00
2.999593197180850712e+00
2.985461819661610061e+00
2.991382255564784654e+00
2.992239790600370153e+00
2.995118119514300847e+00
2.990410299011719619e+00
2.981334827807218257e+00
2.991216828942354855e+00
2.993863617811546529e+00
2.986860608717794907e+00
2.985917835577451385e+00
2.983098578899146869e+00
2.994394714932917534e+00
2.981647410026867728e+00
2.975659712337941354e+00
2.989827181259357314e+00
2.980473743134937958e+00
2.994719236529558959e+00
2.982472294037951333e+00
2.976497411091670653e+00
2.986930772673968892e+00
2.992990708049795501e+00
2.977050060248586760e+00
2.977357190631074957e+00
2.983008403068122760e+00
2.983219769815441680e+00
2.974350676280423045e+00
2.986344426628283255e+00
2.987351025274601835e+00
2.980461373292951688e+00
2.975035198935537029e+00
2.975651695480502568e+00
2.978067055859314305e+00
2.972368188603784489e+00
2.975800259057541197e+00
2.986681320232646542e+00
2.977894609653837676e+00
2.971420018738454072e+00
2.979849176878369033e+00
2.971318003968295596e+00
2.979777319518539969e+00
2.987176436858238748e+00
2.970007528626471327e+00
2.974107461370593786e+00
2.969163570574155031e+00
2.972297428038979561e+00
2.982150802431714265e+00
2.971632804860220300e+00
2.964293127044158371e+00
2.972118447524129792e+00
2.972262481123779221e+00
2.974683657757723143e+00
2.981465061337443156e+00
2.967970007036370372e+00
2.966720472295933053e+00
2.970301390998101976e+00
2.970780020374073072e+00
2.975438885764565722e+00
2.966858080568515188e+00
2.962747080658632459e+00
2.964725952761114502e+00
2.971546756196655092e+00
2.969107180664572798e+00
2.963799092167452187e+00
2.962893987041962163e+00
2.966853109738135430e+00
2.964029460057719501e+00
2.961426605872919282e+00
2.971695274716413149e+00
2.965366248799068405e+00
2.960104506815437464e+00
2.963299714426055775e+00
2.961649790210667543e+00
2.956404209073600242e+00
2.968276798770670855e+00
2.961187680535376288e+00
2.959354085665282685e+00
2.966287952460894939e+00
2.961058300799184639e+00
2.966206736746155759e+00
2.956509535183410531e+00
2.960398354369926821e+00
2.956984776469586240e+00
2.962603063503803202e+00
2.954239279683177344e+00
2.969719258794926375e+00
2.952318963102593230e+00
2.955901654562477443e+00
2.950962647999393340e+00
2.953028506126465391e+00
2.964958095119038628e+00
2.955304507969741312e+00
2.958054133852000778e+00
2.956645710368074997e+00
2.959097996406619302e+00
2.961256800839734193e+00
2.953557361024434780e+00
2.945757133380500381e+00
2.955153212795316175e+00
2.952333799991351260e+00
2.956074065048145627e+00
2.952036912087255160e+00
2.951888899770294117e+00
2.952516024825819319e+00
2.953872206807082179e+00
2.955792687148676823e+00
2.951299386898625254e+00
2.945208651082859674e+00
2.951162151463348149e+00
2.955788770956759848e+00
2.951232152895512328e+00
2.949004427551564778e+00
2.946804841117563800e+00
2.944864480278133190e+00
2.948909600783170770e+00
2.949881797301924902e+00
2.947877411054085073e+00
2.943890935298546285e+00
2.945047033610131759e+00
2.956450140800659820e+00
2.951220740729953551e+00
2.950253160702970501e+00
2.943333795577560696e+00
2.943023465475779421e+00
2.950933567983017536e+00
2.944795992099615844e+00
2.943430805257472471e+00
2.943408600427402266e+00
2.946005858098851959e+00
2.950699621974554265e+00
2.942093397172353963e+00
2.943655922480360232e+00
2.941945575863666118e+00
2.943931500640218246e+00
2.956138559360959928e+00
2.944019841572746099e+00
2.935911172041807404e+00
2.947719722840551615e+00
2.935945901780220080e+00
2.940344898402781126e+00
2.937729305593256068e+00
2.944281487293018973e+00
2.947007572651753282e+00
2.939058629891164287e+00
2.939394297104833242e+00
2.944949664164588032e+00
2.938204951779644247e+00
2.931530747326359432e+00
2.941347322290118527e+00
2.939484838561667868e+00
2.945252508656900137e+00
2.936509708979057720e+00
2.931203086096344723e+00
2.938916503348382836e+00
2.946604106204003148e+00
2.935591366220645870e+00
2.941858307417568152e+00
2.934313276496823164e+00
2.937938013266882198e+00
2.930212417453219587e+00
2.932738280075767978e+00
2.936043139553160319e+00
2.934003771926796844e+00
2.937828732013402000e+00
2.931260373975289379e+00
2.932092456538728076e+00
2.937662388740783559e+00
2.940602762778554702e+00
2.931172527515708115e+00
2.928233606917601151e+00
2.941362745133801582e+00
2.930257963249312425e+00
2.930973622106080256e+00
2.928378706328385928e+00
2.928418146878021044e+00
2.937497753526546074e+00
2.930110311168768078e+00
2.929350333577712906e+00
2.934591086044540997e+00
2.932503470493971420e+00
2.935567137051780406e+00
2.925253748358889627e+00
2.925681939807908361e+00
2.925150814996992921e+00
2.938241238331233962e+00
2.926059562813927872e+00
2.923902182117563697e+00
2.925492069653185201e+00
2.937904995388403773e+00
2.924546462163623683e+00
2.923485079951513743e+00
2.926504731055278086e+00
2.924830722440139752e+00
2.925138947303626225e+00
2.933609726965432873e+00
2.922291110934037928e+00
2.916849365685652007e+00
2.934168461180659548e+00
2.919381988657919980e+00
2.922487948891985265e+00
2.923369779280671210e+00
2.935245233098870088e+00
2.917267611225747626e+00
2.924725223878171132e+00
2.919348420475791794e+00
2.925631810162861779e+00
2.928670185067895559e+00
2.924167362941307857e+00
2.913183879599301918e+00
2.933028915779652745e+00
2.916802833243723470e+00
2.919509454937447401e+00
2.922921496163571664e+00
2.923490293517095662e+00
2.927048992536624539e+00
2.920406170960086811e+00
2.917834891600338043e+00
2.916978809754676494e+00
2.929649851309600539e+00
2.916288527467786107e+00
2.916252538916475956e+00
2.914278733059715076e+00
2.917210597585231824e+00
2.923555403036125711e+00
2.916328227534707995e+00
2.920558553976153160e+00
2.913915951799939563e+00
2.912188848222134752e+00
2.917807262299649818e+00
2.918671344831332615e+00
2.913326931951511156e+00
2.907059604708317480e+00
2.915829174705443894e+00
2.915992414271938227e+00
2.919719889869619944e+00
2.912799696471983335e+00
2.909722342793530370e+00
2.923577331820466085e+00
2.907698502759808790e+00
2.908677157979349559e+00
2.910838101207412265e+00
2.920576355207938235e+00
2.911618199177888666e+00
2.904672336753592266e+00
2.927586645095373807e+00
2.911853973851986854e+00
2.908923665444094198e+00
2.912112030309648603e+00
2.906078975090895966e+00
2.915720671939407094e+00
2.907479120410386475e+00
2.902820286801022220e+00
2.913521058142736209e+00
2.916049376280752004e+00
2.913322564751642307e+00
2.909988409314902214e+00
2.910383975803117362e+00
2.906607663616484150e+00
2.913523480519882636e+00
2.900485765183046905e+00
2.907534733207135957e+00
2.904694795697764231e+00
2.909064820807698570e+00
2.899069810602622255e+00
2.920421434561645047e+00
2.901440061329839892e+00
2.907056158083243247e+00
2.903626827380591191e+00
2.912729717474000779e+00
2.902241341019299981e+00
2.905400407983811828e+00
2.902240625476720126e+00
2.914956284912583850e+00
2.901276558806093586e+00
2.900451018100940193e+00
2.902487863233156329e+00
2.914167756583533997e+00
2.895125461485596574e+00
2.907481170513281032e+00
2.902054131546509819e+00
2.901803884510645304e+00
2.907343869665271807e+00
2.897472649993623861e+00
2.896755144808587534e+00
2.900335628584069791e+00
2.896399658252120535e+00
2.910302823375682468e+00
2.895847553663652985e+00
2.898231828999533466e+00
2.901246799428899070e+00
2.903156820197292820e+00
2.898496380683723839e+00
2.909746220102263248e+00
2.895153938541180860e+00
2.893829368891622789e+00
2.897393975966325641e+00
2.904685234399538629e+00
2.891739935010031903e+00
2.894502267296142239e+00
2.903920116749809210e+00
2.894394763959671213e+00
2.892896410747372027e+00
2.900618243053930456e+00
2.895281804186914609e+00
2.896801254992489305e+00
2.889699841504190569e+00
2.894234776014743105e+00
2.894531162413745751e+00
2.905016917128808718e+00
2.892530043328392253e+00
2.893020914578082969e+00
2.894296341183423493e+00
2.897250220160640044e+00
2.893030758242939537e+00
2.898332770642225498e+00
2.893984405333207111e+00
2.892236807989382541e+00
2.892179519718366176e+00
2.891580879925042868e+00
2.897962425435407940e+00
2.885464844124108641e+00
2.906975358796829223e+00
2.886886610114659302e+00
2.884966969329915809e+00
2.897976198950424465e+00
2.900099385385848993e+00
2.882782079637363992e+00
2.885547303616574411e+00
2.889106123962209338e+00
2.888245550648970816e+00
2.900743473641264725e+00
2.881090435321903342e+00
2.884738207830336076e+00
2.891622885196621695e+00
2.890599385200223637e+00
2.886403746990464203e+00
2.898686825863554972e+00
2.895357050844002078e+00
2.886283369961365697e+00
2.890783656720655070e+00
2.885840007819886477e+00
2.889356124993833319e+00
2.882527902814276288e+00
2.881353339260922741e+00
2.890046400156854656e+00
2.886560191025386413e+00
2.881315675394658271e+00
2.891434766388096378e+00
2.892766088935365687e+00
2.883192136738660150e+00
2.883690456795394041e+00
2.879459889580221699e+00
2.885191617416342336e+00
2.892106143237203053e+00
2.882095657256532828e+00
2.881936642940902349e+00
2.884547472240928556e+00
2.889870925545901859e+00
2.894070384541791441e+00
2.885692674880442343e+00
2.882799104951972780e+00
2.878996769992965721e+00
2.881794766678188680e+00
2.881199731714729761e+00
2.882984619883614652e+00
2.879404153837613389e+00
2.886728884693589237e+00
2.886490017154973220e+00
2.878177244465753848e+00
2.882546894541435645e+00
2.881699314854650140e+00
2.875380883736932347e+00
2.887351674949224289e+00
2.875738164433917277e+00
2.876477151471972693e+00
2.888268661585595254e+00
2.876380024295013715e+00
2.878516367786691177e+00
2.872463581824419521e+00
2.879176750026186671e+00
2.875900292698297722e+00
2.869679123288497280e+00
2.887059192821851195e+00
2.872719384897138628e+00
2.873515404102494397e+00
2.876647487111883894e+00
2.881655948972666081e+00
2.885164712549034505e+00
2.870082708395491178e+00
2.878297137589207466e+00
2.871401073971721285e+00
2.873566152887327974e+00
2.874437787136065570e+00
2.887602400713867201e+00
2.868036056744698303e+00
2.872954221046434498e+00
2.873514583031734571e+00
