3.421938852358833287e+02
9.207848597124099399e+01
6.902504693855757978e+01
6.213349632409856582e+01
5.809987640181362423e+01
5.416615183898219499e+01
4.978804593041774496e+01
4.460791953946776545e+01
3.824415797799945693e+01
3.052627941461968319e+01
2.235680589000455143e+01
1.616035038907900301e+01
1.297421300210606177e+01
1.149855876812496014e+01
1.061338532403863333e+01
9.961465855213264220e+00
9.443441637205008732e+00
9.000102076051451405e+00
8.615803197670180325e+00
8.274022499769598582e+00
7.969338472580855814e+00
7.693970331560567644e+00
7.435309708028900566e+00
7.197043891936940163e+00
6.977977067583900350e+00
6.775159295542813709e+00
6.586967235081213623e+00
6.415617740860068530e+00
6.256838952992876735e+00
6.110837543917799763e+00
5.973046193512003832e+00
5.844529290452815218e+00
5.725320978991266685e+00
5.613023410308489503e+00
5.509024910433648614e+00
5.408540195884665280e+00
5.313623841586337271e+00
5.223238526896373912e+00
5.135895095480818462e+00
5.053665159499318271e+00
4.974876532319580491e+00
4.909375164259698110e+00
4.844578637694822554e+00
4.781130026643109154e+00
4.721732747476668379e+00
4.663953787499774961e+00
4.608320330427971179e+00
4.556279822263253898e+00
4.506926586600255469e+00
4.461742886268619479e+00
4.414995527552941113e+00
4.372421421506117234e+00
4.331757117590052886e+00
4.292607349028550345e+00
4.255222013505350453e+00
4.218761899847797814e+00
4.182331148723576142e+00
4.149278945134332375e+00
4.117258388933632496e+00
4.085051769855840398e+00
4.053277762079130930e+00
4.024741322181532688e+00
3.994662589669769392e+00
3.967283188247487491e+00
3.942612618573163363e+00
3.915929968571316255e+00
3.890453252101137682e+00
3.865424327051881992e+00
3.842600283970568409e+00
3.819007085859899675e+00
3.797447762958404471e+00
3.774477652680575002e+00
3.753252644634624158e+00
3.732186072290430534e+00
3.712253555471974664e+00
3.691333865559533578e+00
3.673613372664050303e+00
3.654119717883320462e+00
3.635040364141072899e+00
3.618079618333687630e+00
3.598059479348855394e+00
3.578967884698039281e+00
3.560669574092646616e+00
3.542681309548988633e+00
3.525323264346731378e+00
3.505495111745574377e+00
3.489561369856689854e+00
3.471306956504383479e+00
3.455877341082729703e+00
3.440371390446364419e+00
3.424521173087224923e+00
3.411269835333291756e+00
3.395293169444698833e+00
3.379039434963315713e+00
3.366420198470579717e+00
3.351917701846780506e+00
3.338657121780638448e+00
3.324726047851946475e+00
3.310578089033766602e+00
3.297559392832817071e+00
3.284224258902237903e+00
3.270517092479952481e+00
3.257519788111955972e+00
3.242572521983448919e+00
3.231216713523769268e+00
3.217346472151560999e+00
3.205346227494541456e+00
3.192345925666067785e+00
3.180962645602003036e+00
3.170339766600795528e+00
3.158569003073305126e+00
3.146375842522962429e+00
3.134797201291374069e+00
3.124966703269035140e+00
3.112511733894957278e+00
3.101495066924183419e+00
3.090499158831269799e+00
3.082856668397791378e+00
3.070850758476971976e+00
3.062278268325897557e+00
3.052091536064504229e+00
3.043175628641860531e+00
3.033311270935554305e+00
3.020984390784537510e+00
3.013343956533446999e+00
3.004623708707255592e+00
2.996378243257999952e+00
2.985175531604876031e+00
2.977461107007530305e+00
2.970389399233852590e+00
2.962266657878098730e+00
2.954389956766645842e+00
2.948052539094355939e+00
2.939853076784837427e+00
2.933376019058220319e+00
2.925119762435459236e+00
2.919832750118010356e+00
2.913795951057077449e+00
2.905812681696687605e+00
2.899280554980634417e+00
2.893305813396979342e+00
2.888417262482021020e+00
2.880155898033371908e+00
2.872311465746525183e+00
2.866597313048830475e+00
2.861314328705798715e+00
2.853981861966170985e+00
2.848696444295824914e+00
2.841976867687268982e+00
2.837323673890344455e+00
2.831585055907074988e+00
2.825086089012525559e+00
2.820485981753938720e+00
2.813775545735594630e+00
2.808735547165670976e+00
2.803131249181622930e+00
2.799946967371898410e+00
2.792673671656222378e+00
2.788229027975969387e+00
2.783171865817081869e+00
2.779950087245885992e+00
2.774514874995134495e+00
2.768918652536619618e+00
2.764101234632739601e+00
2.758089996114007292e+00
2.753270689303304763e+00
2.748565806008422374e+00
2.743461704849256222e+00
2.739450703645788909e+00
2.735020630255648566e+00
2.728943075331949242e+00
2.725606317092116537e+00
2.721161290662788446e+00
2.718017665069169198e+00
2.713986742314717038e+00
2.710297587502143557e+00
2.705488756847167053e+00
2.703288001289654741e+00
2.699095948683870372e+00
2.693719049860543446e+00
2.691060953110017362e+00
2.687050139862662945e+00
2.682689998719421709e+00
2.679060766888238465e+00
2.675911971957967594e+00
2.671735998267312784e+00
2.669698355090471598e+00
2.664052255112238310e+00
2.662043045592393575e+00
2.657163380013089604e+00
2.654297889949600364e+00
2.652177011679703433e+00
2.645957920781893069e+00
2.642681882974725394e+00
2.637143545127576427e+00
2.632683472161121863e+00
2.628920278327417481e+00
2.623341032621616886e+00
2.621489669410756118e+00
2.616216893663315890e+00
2.610497190603214168e+00
2.608261682771353396e+00
2.605308501356467410e+00
2.600579562575776382e+00
2.598647052941203128e+00
2.593059496666125785e+00
2.589980564989095679e+00
2.587384580497661180e+00
2.584113204914445294e+00
2.579220633530752149e+00
2.577423818389594778e+00
2.573480421526104678e+00
2.569783657257326048e+00
2.567048084658942741e+00
2.565602442219824919e+00
2.560274626836104961e+00
2.558716589380808593e+00
2.553551293190075899e+00
2.552359718437224423e+00
2.548722713423627440e+00
2.545237161870215647e+00
2.542765199857184744e+00
2.540311371025830489e+00
2.538172682970343264e+00
2.534800075286454124e+00
2.531350620687493169e+00
2.529644110989799355e+00
2.526683961748160900e+00
2.524087289012587387e+00
2.521696734962244779e+00
2.516931604835182856e+00
2.515328759488980825e+00
2.514090449509555292e+00
2.507681631173686476e+00
2.508452796262377493e+00
2.504369300440088431e+00
2.501916023908978826e+00
2.500294140325622028e+00
2.494716066546949662e+00
2.493640651762488503e+00
2.493488333969263948e+00
2.486711753962379312e+00
2.487654938863233856e+00
2.481818967304855406e+00
2.481266727832955432e+00
2.479163878386934972e+00
2.476025937660858656e+00
2.472046433161474877e+00
2.469289353469475756e+00
2.468252060766493727e+00
2.464676344484483028e+00
2.460713409125705908e+00
2.459239573337745011e+00
2.454497093101970950e+00
2.453678912101512122e+00
2.451356620162604916e+00
2.449017683377213039e+00
2.446430897542235972e+00
2.443635452332583835e+00
2.440471738451430728e+00
2.438849745015652992e+00
2.435856705694265933e+00
2.432500832788467182e+00
2.431672104744779350e+00
2.427889807580967396e+00
2.427760399323073415e+00
2.423883156374925907e+00
2.422099219856304053e+00
2.419858134470852296e+00
2.416849188708797058e+00
2.411463236842371405e+00
2.410657282687800329e+00
2.408653725164924264e+00
2.407179080155308348e+00
2.401688889639556734e+00
2.400447743133012235e+00
2.398094837711769234e+00
2.396489648358187896e+00
2.393536687550720909e+00
2.391738392007804581e+00
2.390008005158784865e+00
2.387207096071943813e+00
2.384903944741575632e+00
2.381899971180030384e+00
2.381374575035692054e+00
2.378008053513998910e+00
2.377062927130617620e+00
2.374047275041811123e+00
2.374215509942873226e+00
2.370505192055325505e+00
2.367581569290272192e+00
2.365021193732071314e+00
2.363804937219532665e+00
2.361913786644983748e+00
2.359919087792591963e+00
2.357303726780994868e+00
2.355052842326565088e+00
2.353269852653572691e+00
2.351138854726902760e+00
2.349384371449747988e+00
2.347619205983954682e+00
2.344109785595509976e+00
2.341396001232113111e+00
2.339747626836666594e+00
2.336816992888161248e+00
2.334669486643540015e+00
2.331019964077661211e+00
2.330418038515615464e+00
2.327857063055429609e+00
2.325207816899102831e+00
2.323328199569269170e+00
2.321127240216893650e+00
2.318362683967567062e+00
2.317507868517324265e+00
2.314475397613180441e+00
2.314425816001729697e+00
2.311110584902076770e+00
2.310033890947781110e+00
2.308173522136105049e+00
2.306225062489820399e+00
2.305106915221248443e+00
2.302168948589868869e+00
2.300914900647909267e+00
2.298282709549452019e+00
2.296127345336782533e+00
2.294590560991017103e+00
2.290786362216356675e+00
2.291409885370832455e+00
2.289403237709727978e+00
2.285066726135239978e+00
2.284989367065635602e+00
2.284031582389299597e+00
2.280390662969430604e+00
2.277692816595221270e+00
2.279309695645870715e+00
2.274332202116482460e+00
2.271972466053009398e+00
2.273992823624647830e+00
2.268156650416476072e+00
2.265555294313160939e+00
2.263240725662168717e+00
2.263700699257733095e+00
2.260749489466582496e+00
2.259466592940879703e+00
2.257123725045892648e+00
2.254732541947932489e+00
2.252512078719844713e+00
2.251064325321746828e+00
2.250440604344482232e+00
2.248152830712309314e+00
2.243234319174826297e+00
2.243708482474800814e+00
2.243435379834219034e+00
2.240478920629119575e+00
2.238263469103171754e+00
2.236054642690980199e+00
2.235536863838883725e+00
2.229891727784064859e+00
2.228599903287292960e+00
2.225888741798527803e+00
2.229863158660459366e+00
2.225664430176125475e+00
2.221893870761776135e+00
2.218440383427799922e+00
2.215579341158463222e+00
2.211644286341106547e+00
2.213316885740815199e+00
2.206538553033839278e+00
2.207551995710617998e+00
2.203159014530415849e+00
2.204248109215763751e+00
2.195670424503040952e+00
2.199653740158371118e+00
2.191078829716206933e+00
2.194241812405457459e+00
2.188359709536003894e+00
2.192233391669201836e+00
2.187369288376637133e+00
2.186567873905068016e+00
2.182196345914874769e+00
2.177393399695426890e+00
2.183375457486750992e+00
2.175313482751551231e+00
2.173658111768508316e+00
2.176991819746841195e+00
2.170083145211083586e+00
2.173534613463544929e+00
2.163982112606569697e+00
2.161826717583284374e+00
2.160549412751627596e+00
2.159564663002988549e+00
2.157057610182259832e+00
2.155774616754203787e+00
2.152000659078816991e+00
2.149549659581484029e+00
2.151726679828826594e+00
2.147296046302707317e+00
2.145637507909810449e+00
2.142843224414000769e+00
2.145050179444892624e+00
2.144151121199965981e+00
2.139269380626577899e+00
2.136889662423724356e+00
2.137588541418925292e+00
2.135509019116127227e+00
2.133066833201994417e+00
2.133070866280942557e+00
2.129272804629290583e+00
2.128320913892839616e+00
2.126676013319309444e+00
2.126800950842625770e+00
2.124257640849501527e+00
2.123817037396423135e+00
2.119498732718403389e+00
2.119874376572961960e+00
2.118007330734349658e+00
2.117900742871236641e+00
2.113249583820879351e+00
2.112688430640309090e+00
2.111683905537787620e+00
2.116301552482173332e+00
2.107548813183883762e+00
2.105347858669778915e+00
2.105867389185201777e+00
2.106790574284004958e+00
2.101955767226634020e+00
2.101853986623815285e+00
2.104896372165279583e+00
2.102731849300416567e+00
2.097182567992867064e+00
2.094849274925054683e+00
2.101332242302999642e+00
2.093248166710163449e+00
2.090046710721068290e+00
2.096301277238822092e+00
2.094325712075072676e+00
2.085558523923538576e+00
2.086701835699970697e+00
2.089212045726226652e+00
2.084428034148217534e+00
2.086547529539934942e+00
2.079144977268404304e+00
2.081328645929663601e+00
2.077298504028526782e+00
2.075463295690842092e+00
2.079359196603948856e+00
2.078634397879851381e+00
2.070626999886809649e+00
2.076437403736948628e+00
2.066021828730439047e+00
2.070830386316429017e+00
2.065224735824502833e+00
2.069220026334372520e+00
2.057793160085928275e+00
2.062772864808753770e+00
2.054576559360162147e+00
2.062819420068898069e+00
2.055926101477725698e+00
2.059219291702636401e+00
2.051964975497889920e+00
2.049513211470375129e+00
2.053710348196707169e+00
2.046636354867306107e+00
2.054073048096412446e+00
2.042939958045987936e+00
2.049302651640708461e+00
2.038811642825473225e+00
2.046092655886744716e+00
2.038692904601115519e+00
2.042864719988577438e+00
2.035659322829233897e+00
2.033801711282785529e+00
2.032576555550486663e+00
2.038628546350934823e+00
2.028876678982960424e+00
2.029898228956549477e+00
2.025719821806942988e+00
2.034115763187869685e+00
2.022834099427139876e+00
2.028155374794755161e+00
2.020534490136431494e+00
2.020225165873454021e+00
2.026580652706135410e+00
2.014004593269090648e+00
2.021292783222375267e+00
2.015286535166966431e+00
2.013418233652734202e+00
2.017226748159132388e+00
2.009420639632255590e+00
2.014452524583261628e+00
2.008703954966508665e+00
2.004242989486924920e+00
2.012055652009108186e+00
2.003027650076814048e+00
2.002057603912790196e+00
2.008362807271142358e+00
1.998667282639746245e+00
1.997926347191696372e+00
1.995303499919690582e+00
1.993895377975516858e+00
2.001257947658083847e+00
1.992504622185580665e+00
1.989882099942167359e+00
1.991210193724614941e+00
1.988404555324397194e+00
1.993418768499624960e+00
1.984990834030919693e+00
1.985158508841013747e+00
1.986145198225072406e+00
1.987757849638377650e+00
1.984682265529998046e+00
1.979081315033230482e+00
1.985197433770261810e+00
1.977409873760227477e+00
1.985229791842406888e+00
1.974285602560290398e+00
1.974873083366638582e+00
1.972824515541041324e+00
1.973867397483790809e+00
1.972179825282883714e+00
1.971900857901575987e+00
1.968531916727262576e+00
1.967690412038867409e+00
1.967405000393745773e+00
1.966166759337240277e+00
1.962306036645906859e+00
1.964940841175892627e+00
1.961650999520082150e+00
1.961494942178126477e+00
1.965959407084394650e+00
1.955838511316062345e+00
1.961530822481525549e+00
1.957202881387832383e+00
1.953016668605963124e+00
1.955061010309145253e+00
1.952321705449481470e+00
1.949896989583860263e+00
1.948666331979714839e+00
1.955372980854878540e+00
1.945901726754736494e+00
1.947648327579277749e+00
1.943982393423852706e+00
1.945191944843253085e+00
1.943639464597695543e+00
1.947097079477292603e+00
1.940341607650512445e+00
1.938095243145041779e+00
1.945119504941488442e+00
1.938414805738631008e+00
1.934816242202682446e+00
1.941155880158786040e+00
1.930321212129523012e+00
1.932129941722026123e+00
1.930437523118331278e+00
1.935321649594912152e+00
1.924457494055187956e+00
1.925017593336470823e+00
1.931379359087022074e+00
1.922646142935814373e+00
1.925518713936799520e+00
1.923399964994624733e+00
1.917443500695045655e+00
1.923745820694706454e+00
1.920341767977954639e+00
1.915188217723502007e+00
1.918800664705395453e+00
1.919904453976274183e+00
1.917120943933054988e+00
1.912190929585128041e+00
1.914864295898435431e+00
1.910377423334471692e+00
1.913423880582564962e+00
1.910680550824249258e+00
1.911409852012277755e+00
1.909907386947048868e+00
1.912306791602527367e+00
1.909308418654343642e+00
1.898394012279791987e+00
1.908027547672112689e+00
1.904069145557618858e+00
1.903175702009705761e+00
1.902768272111766024e+00
1.901842417005292551e+00
1.901420165542038632e+00
1.897753545861300184e+00
1.898864352543279566e+00
1.898374279086394445e+00
1.897803552428486862e+00
1.895947004536083780e+00
1.895099929979387809e+00
1.893080872634353762e+00
1.894067012816018414e+00
1.892363491778136897e+00
1.887881644283715188e+00
1.890364291769572880e+00
1.889877326519848522e+00
1.888291694269021326e+00
1.886424494262685547e+00
1.886623263412746665e+00
1.887774429579690993e+00
1.882054291459844819e+00
1.883237246567752043e+00
1.883623876325517976e+00
1.881789519125169230e+00
1.881656005576343160e+00
1.881445821766280391e+00
1.877626295094948050e+00
1.877559776711738460e+00
1.876001168074468817e+00
1.874634917503046339e+00
1.875505379946086348e+00
1.874354862471429684e+00
1.875370275610401594e+00
1.873391695000183654e+00
1.871299248707186891e+00
1.872167913444112708e+00
1.872277889173998844e+00
1.872096915894751135e+00
1.870892648926293589e+00
1.869940621168603379e+00
1.866373812485710326e+00
1.865673737647616237e+00
1.865311512066270438e+00
1.864581856256402270e+00
1.867452096860066524e+00
1.862315179764537865e+00
1.863056109061147714e+00
1.861296986222227501e+00
1.858063890737318147e+00
1.860102335419611785e+00
1.860218836410603815e+00
1.855532712671527973e+00
1.858623415717330252e+00
1.855817847990971048e+00
1.852912159835586436e+00
1.853885963423282268e+00
1.851359994116897445e+00
1.851177379083270624e+00
1.849520143476110823e+00
1.852320802014911783e+00
1.847903873642332329e+00
1.847527829873668148e+00
1.850136500883161839e+00
1.844776191393013631e+00
1.846112495085508121e+00
1.847311311787937838e+00
1.844605561348785505e+00
1.841916744910295556e+00
1.842551916547662927e+00
1.841843382369183102e+00
1.839712966325892651e+00
1.839565663550597252e+00
1.837469641080312854e+00
1.838596805896460795e+00
1.838432542340054932e+00
1.835184480730986278e+00
1.834780598025991694e+00
1.834353620846088662e+00
1.834127097942170215e+00
1.831673639921728380e+00
1.835073240179031950e+00
1.835372625929645229e+00
1.834482761095906023e+00
1.829954422757019694e+00
1.833160912512116658e+00
1.831185648035665858e+00
1.830083828102693877e+00
1.830813288759718382e+00
1.828718539485848060e+00
1.826869247748454717e+00
1.826747229440724984e+00
1.823938845952335130e+00
1.826870682353090247e+00
1.825936681373724335e+00
1.826462276584583044e+00
1.822943838362243163e+00
1.824169665288845055e+00
1.820360799455764900e+00
1.823220194487306323e+00
1.820728143259987997e+00
1.817175941179718590e+00
1.818621309936146124e+00
1.814146336145412874e+00
1.818809674660756714e+00
1.815298943570291756e+00
1.816844001637490047e+00
1.813551365905246682e+00
1.814254547246748395e+00
1.814339126100995792e+00
1.809756050470696431e+00
1.812996775198114863e+00
1.810493708392609813e+00
1.809946409677806178e+00
1.809148145800435037e+00
1.809935122263064633e+00
1.809230420001293860e+00
1.806220829589494370e+00
1.808335263467908627e+00
1.805995809812926289e+00
1.803278208444432318e+00
1.802020529004092042e+00
1.803551413307312501e+00
1.802431806064629383e+00
1.803670647769340718e+00
1.797426196375354612e+00
1.801876612729812033e+00
1.801625373129933649e+00
1.794603175686208862e+00
1.800710987201598501e+00
1.795741419043130449e+00
1.794382687498877749e+00
1.793933787972425753e+00
1.794563541843926968e+00
1.794713763226001069e+00
1.789977363566669810e+00
1.792124606661038122e+00
1.788350116394320510e+00
1.789959068046554691e+00
1.789778472823199573e+00
1.789236540034814249e+00
1.784078517789734697e+00
1.786966962681908022e+00
1.788214703330494260e+00
1.785587270814158911e+00
1.783621877137259615e+00
1.783590064571926037e+00
1.780481028118400033e+00
1.781336708151821879e+00
1.781194831986662175e+00
1.778723634981835167e+00
1.777543827926532982e+00
1.777020596075981951e+00
1.773480308717855003e+00
1.776245237463096371e+00
1.773527217948661638e+00
1.774276936420005057e+00
1.771008486056503850e+00
1.771270331405475851e+00
1.771093936199749086e+00
1.770220237863654900e+00
1.769667311992987324e+00
1.768929921682781625e+00
1.769001129035425945e+00
1.766126486039301113e+00
1.762520709309665312e+00
1.763907391909795841e+00
1.766571892021130852e+00
1.761206032680804112e+00
1.764970652656676853e+00
1.761605606991238693e+00
1.759415096801777656e+00
1.758672252871914532e+00
1.759839621972425716e+00
1.758155240196700220e+00
1.759681657669512234e+00
1.756338695593898658e+00
1.759057855198409515e+00
1.756529469709819935e+00
1.752695598083116257e+00
1.753775039611367381e+00
1.753941334562565402e+00
1.752310963471143346e+00
1.751800948589243623e+00
1.749493638122715966e+00
1.749625589696663930e+00
1.750696958858860341e+00
1.748514560624819358e+00
1.748426298435129533e+00
1.749243372313843414e+00
1.749468090764687345e+00
1.749301051013240738e+00
1.748357022135969663e+00
1.747293404452035626e+00
1.748722480072673058e+00
1.747294837389097077e+00
1.745600864037138544e+00
1.744517969113436706e+00
1.742832404577020045e+00
1.741701783726961272e+00
1.743366450343710738e+00
1.739402404218052700e+00
1.740803806007988896e+00
1.739709221147386797e+00
1.740500079810500145e+00
1.739557843962847405e+00
1.738964146038802339e+00
1.736141216643283913e+00
1.735703901370397206e+00
1.735522843673801496e+00
1.736420936828517503e+00
1.734986036239259510e+00
1.733386447867234281e+00
1.731311798416582670e+00
1.733539079696542196e+00
1.729696300798632569e+00
1.732767510932142763e+00
1.729260599564726775e+00
1.728784682882959167e+00
1.727453448342990194e+00
1.730183926573728881e+00
1.723873328318838993e+00
1.724115240942992067e+00
1.723544692316989702e+00
1.724601591810731138e+00
1.723034853032054725e+00
1.723889410373132591e+00
1.723863089111788094e+00
1.721695536475057464e+00
1.718947647417160995e+00
1.719423502876531451e+00
1.718015253741423942e+00
1.719104513811387180e+00
1.714190826158809244e+00
1.717914749753114201e+00
1.714114401283403311e+00
1.716625067858681186e+00
1.715823355609824574e+00
1.714811382443341303e+00
1.713932862575797245e+00
1.710877954230140441e+00
1.712950209858570938e+00
1.710959262519539115e+00
1.709620757555925463e+00
1.709816326605709591e+00
1.708918732061760037e+00
1.706046661580644885e+00
1.705931120608551899e+00
1.705575117532101892e+00
1.705149834918012308e+00
1.703966580197675329e+00
1.706217878320043679e+00
1.703456337546176869e+00
1.703705750844616063e+00
1.703532941307724036e+00
1.701014279046493272e+00
1.700267484555043396e+00
1.699826828381700183e+00
1.697526323816457072e+00
1.698972430113879106e+00
1.699558952912037846e+00
1.697357164010306230e+00
1.696812424405844455e+00
1.698135787973282573e+00
1.694209002137739839e+00
1.695926275030936958e+00
1.690408753288909383e+00
1.692341188512207495e+00
1.694379174107636388e+00
1.690708082187283523e+00
1.689416416005998123e+00
1.690919076379413966e+00
1.690421144649999485e+00
1.691755557826154499e+00
1.688557873592867686e+00
1.687179474170390714e+00
1.688993918806566130e+00
1.686250135449854248e+00
1.685838088665878587e+00
1.683568648499397469e+00
1.683098900368091622e+00
1.685689431587716891e+00
1.683564803915382990e+00
1.680689872987897848e+00
1.680753617687404722e+00
1.682848599516897581e+00
1.681423087135586192e+00
1.680284554075649917e+00
1.677347669840058009e+00
1.679775279790834297e+00
1.679288554197482908e+00
1.677723688835278004e+00
1.675956834384010996e+00
1.677267897623145876e+00
1.673095418927306177e+00
1.672873875047579340e+00
1.674681958519721903e+00
1.675737222237579926e+00
1.673316708895827398e+00
1.671094079142532385e+00
1.673760863037942359e+00
1.670464215391908702e+00
1.668787828964698905e+00
1.669074305756278465e+00
1.668708853277666604e+00
1.665369585930087881e+00
1.667008657934632154e+00
1.668571202367086670e+00
1.666244652110052682e+00
1.662407555155418715e+00
1.664490424604059049e+00
1.664794710983422243e+00
1.663747220369772739e+00
1.660802103985635769e+00
1.663673442826320681e+00
1.661596643022997588e+00
1.660303908744821255e+00
1.661512714017464143e+00
1.659553156011607911e+00
1.656596043595859102e+00
1.657288175316759871e+00
1.661040012994157822e+00
1.657394659789715119e+00
1.655020381849754862e+00
1.654118397396907580e+00
1.656047809015382732e+00
1.653642952167838631e+00
1.652093082935691015e+00
1.653550570735096814e+00
1.650655682758785714e+00
1.653098398320437923e+00
1.650993187870979595e+00
1.649020400335551306e+00
1.648551612125997323e+00
1.650230372013743896e+00
1.647860363019253205e+00
1.645241252713447899e+00
1.646244027577745017e+00
1.645625999442201115e+00
1.645604865019581586e+00
1.644635913242657788e+00
1.641192449546014620e+00
1.642628583566439149e+00
1.642960722539297924e+00
1.641236219062516488e+00
1.638567790603506324e+00
1.642608047468084642e+00
1.642215741667779616e+00
1.640251625170650485e+00
1.640827523296789048e+00
1.631212276116011495e+00
1.638162469127131260e+00
1.635197347057900652e+00
1.638326477953051530e+00
1.639819800765313529e+00
1.634011509903502413e+00
1.631799756251407274e+00
1.628776957133387659e+00
1.634655979246195434e+00
1.629890381308796821e+00
1.625907131500760050e+00
1.631354356539267414e+00
1.629917383497591521e+00
1.626347099061467461e+00
1.630297598342856924e+00
1.629245966687059344e+00
1.620716925627317062e+00
1.625203521924334593e+00
1.622552403281760869e+00
1.627364427810520597e+00
1.631809881756997926e+00
1.628839448946406421e+00
1.628202301735238500e+00
1.627853549302921143e+00
1.624387245391620382e+00
1.626346592082783760e+00
1.625017121983867163e+00
1.618226909374136824e+00
1.623198289823477580e+00
1.612634142206395671e+00
1.623227152353350577e+00
1.613585102248976666e+00
1.623570690711659381e+00
1.620708026929934986e+00
1.623518845803481936e+00
1.608309032912421666e+00
1.617982071851109760e+00
1.611088168037694279e+00
1.622167134517854770e+00
1.618096073752551156e+00
1.606138206538594515e+00
1.620335927750484961e+00
1.608714756339312935e+00
1.608998550401480543e+00
1.610376673494225086e+00
1.614946029828080887e+00
1.614995620557239109e+00
1.618739061708351246e+00
1.602820275798341187e+00
1.608830562296545308e+00
1.607096474222135418e+00
1.611779072447530270e+00
1.603817320534616009e+00
1.601584575765073071e+00
1.613432050598931689e+00
1.603971586192695531e+00
1.598030203553870487e+00
1.610482456657697403e+00
1.610980151858531384e+00
1.602960512825056805e+00
1.606921282530637818e+00
1.599640169257366962e+00
1.601733476534226597e+00
1.607813153141626428e+00
1.595328198282395249e+00
1.605386230878824705e+00
1.600591882538500821e+00
1.597529719792516900e+00
1.597314106825182378e+00
1.597398447565651525e+00
1.608880937082999729e+00
1.594506418809182202e+00
1.595357060271722638e+00
1.603693706748604342e+00
1.599750374726954805e+00
1.592327474412043031e+00
1.592550512477832525e+00
1.604198672494050237e+00
1.594066981328505328e+00
1.591071495598992414e+00
1.594229784502405600e+00
1.589419571829629563e+00
1.589136313269759126e+00
1.593005641799181360e+00
1.596586901532847547e+00
1.589864899512045682e+00
1.589668044029367344e+00
1.590291539446307745e+00
1.586374422728993316e+00
1.587385658607560091e+00
1.586661934263122298e+00
1.588900421720186751e+00
1.585788174891596292e+00
1.584797032295868879e+00
1.587129118154184892e+00
1.584484906294248541e+00
1.583218318277850090e+00
1.584650321959285568e+00
1.585395196706497423e+00
1.586903697976901784e+00
1.581004893723996885e+00
1.580518180385313221e+00
1.581969463129044629e+00
1.582505945163373617e+00
1.580138027572220549e+00
1.579645432267498206e+00
1.582831299422070126e+00
1.578409313321971652e+00
1.577385058607654544e+00
1.576693080431348593e+00
1.580055820124860455e+00
1.579660029972410173e+00
1.575510571907614343e+00
1.575491725485716366e+00
1.579817179734689825e+00
1.575804461547830826e+00
1.576849271445721401e+00
1.578092461857574902e+00
1.574235442382073913e+00
1.576996583470153368e+00
1.573630409810562902e+00
1.573833339819123545e+00
1.574270644546145625e+00
1.573000876812666204e+00
1.576198339837761475e+00
1.571408363620816928e+00
1.574117889413972238e+00
1.569909583726863511e+00
1.569452918305045186e+00
1.572782139128144463e+00
1.573554930915345151e+00
1.567521837474280533e+00
1.572110815397449235e+00
1.573369292213239845e+00
1.570993635440098180e+00
1.569115217630640879e+00
1.569818945886392036e+00
1.568018936494267157e+00
1.566659556627497452e+00
1.570655546261862101e+00
1.566065747147487031e+00
1.563648249195829676e+00
1.567959526729933328e+00
1.568201765789941193e+00
1.563396297409370250e+00
1.563879572181427369e+00
1.560886775962480710e+00
1.569830971741813963e+00
1.563501365442454771e+00
1.563172790886587116e+00
1.558979711416208724e+00
1.563692006890452957e+00
1.565242554310821488e+00
1.559651499896512306e+00
1.560833937596706411e+00
1.559210812244843369e+00
1.564542320208729853e+00
1.559151470733877387e+00
1.563756848059149052e+00
1.562974749679145292e+00
1.557313395488852947e+00
1.561846967476462789e+00
1.557522390191640183e+00
1.556462537697884230e+00
1.556133801025535002e+00
1.558398334964313570e+00
1.557187985201750946e+00
1.559870037368960682e+00
1.557160782011381306e+00
1.553698352076302136e+00
1.559418876994863146e+00
1.553871564869640620e+00
1.557794842381303724e+00
1.553078482265630056e+00
1.556241706801681168e+00
1.550111804060289700e+00
1.554954481293618906e+00
1.553755338732956792e+00
1.550691343544694512e+00
1.553232966219631139e+00
1.552871012052652100e+00
1.552838837551321127e+00
1.554817862254462613e+00
1.548597734523306402e+00
1.551231137994059983e+00
1.547287222026192177e+00
1.549730003148138024e+00
1.548599040261054105e+00
1.551277780136864237e+00
1.551037593368070011e+00
1.546819513658610257e+00
1.548984019513129917e+00
1.548442863748622278e+00
1.548922859819618303e+00
1.545640885473818615e+00
1.548617423387708358e+00
1.546886836505748208e+00
1.547143320379516851e+00
1.541465128128318263e+00
1.545849233509217768e+00
1.542502601456250177e+00
1.544616218179514222e+00
1.545079604838488274e+00
1.542109829323258685e+00
1.541098465622019686e+00
1.547268789209147011e+00
1.540352408504594095e+00
1.540620868927177201e+00
1.540548951637343178e+00
1.539305606579122854e+00
1.538817601612000097e+00
1.536316147492588824e+00
1.542857556390228924e+00
1.539549313527123209e+00
1.541001572887311211e+00
1.537904558994313442e+00
1.539113267173792154e+00
1.534846147177840514e+00
1.537576538746953103e+00
1.538093405767389399e+00
1.537436956530864762e+00
1.536352614577184639e+00
1.533750763369922332e+00
1.534839238540877560e+00
1.533222850987365993e+00
1.538404413824776107e+00
1.531530211589243740e+00
1.536397304128105823e+00
1.534809954649629882e+00
1.534989246365443316e+00
1.533224978264642324e+00
1.531635259788950210e+00
1.530025247951235734e+00
1.529909876027035098e+00
1.535389695557805245e+00
1.526444469833883266e+00
1.541925711556980216e+00
1.531020114100420493e+00
1.529376377051454794e+00
1.531422430974617610e+00
1.528632052705950484e+00
1.529411294996889437e+00
1.528445560310393470e+00
1.527953968539956797e+00
1.524476139773912164e+00
1.526829237131170247e+00
1.527002877651004953e+00
1.526962034944200353e+00
1.526480406307114235e+00
1.526857483022204809e+00
1.526554929210309330e+00
1.525965480856028345e+00
1.525963818004108852e+00
1.523426629100758101e+00
1.521892095188436933e+00
1.525452100424297575e+00
1.523503589772065681e+00
1.521183364550343420e+00
1.521021145894790649e+00
1.522135945636524212e+00
1.528482660900954082e+00
1.525470800998238508e+00
1.519550402978627091e+00
1.522725980219775010e+00
1.527000933478614764e+00
1.524213262815517389e+00
1.526275039943582934e+00
1.525453871900495528e+00
1.524619972317692307e+00
1.526094741079943473e+00
1.520339007027759592e+00
1.524471341075082087e+00
1.520377444898469932e+00
1.520552735175411341e+00
1.521100798821811706e+00
1.520460691292748079e+00
1.516496528613147321e+00
1.518604691207462887e+00
1.521378738185449331e+00
1.517293266780985972e+00
1.518686543418360513e+00
1.518743265755307492e+00
1.516678777682842538e+00
1.515706048154142449e+00
1.517412042059116617e+00
1.519159012717647528e+00
1.516524692982495592e+00
1.518920449166702547e+00
1.513225707855957891e+00
1.514442352227890254e+00
1.518422015699375294e+00
1.515674160974212592e+00
1.514554751559581414e+00
1.514181076230771916e+00
1.511082218672996191e+00
1.517758649015431338e+00
1.514018839493424862e+00
1.515037977978355821e+00
1.512947337071608445e+00
1.510985195185590380e+00
1.511311876693295142e+00
1.511339813050751379e+00
1.514802225284702653e+00
1.507694389089251574e+00
1.513801950575567545e+00
1.510922972135220421e+00
1.504032784074748719e+00
1.514364809680653678e+00
1.497837321718937353e+00
1.508050806038337299e+00
1.510128303609532763e+00
1.507252171315956346e+00
1.504769821500883120e+00
1.508989194925186128e+00
1.506390593101402331e+00
1.497399463555709076e+00
1.504687955569728564e+00
1.508453910127571573e+00
1.505152598305344869e+00
1.494095647893944223e+00
1.505697568673004083e+00
1.504782210073963400e+00
1.492241817905199275e+00
1.504982638874815093e+00
1.494733705289698733e+00
1.501274707886252280e+00
1.502398388545904462e+00
1.507041312283552204e+00
1.496905415716661913e+00
1.497717348778112800e+00
1.489181809860642636e+00
1.499419916592404922e+00
1.500791194753143820e+00
1.502483727819887038e+00
1.495719582186088248e+00
1.501756551054880484e+00
1.485554877853492606e+00
1.499573963911011942e+00
1.488114581200716158e+00
1.495604070245960315e+00
1.498779717228112096e+00
1.495654656123297288e+00
1.487299688480627324e+00
1.492447375947679289e+00
1.492790882238062666e+00
1.497809257489250312e+00
1.493612596659970038e+00
1.484978397284440588e+00
1.496612599681561129e+00
1.484210301095436835e+00
1.492365625975074828e+00
1.491480757856930905e+00
1.494230798538035421e+00
1.481307260975002649e+00
1.490682688288383462e+00
1.496236341824002336e+00
1.486561675764047408e+00
1.489588654885041441e+00
1.489194245548411066e+00
1.484601186531990580e+00
1.490201514825067131e+00
1.488994397711289386e+00
1.492569942541229322e+00
1.486510133198425843e+00
1.481146906801538377e+00
1.484823109050436463e+00
1.487344226845632944e+00
1.482657058223266988e+00
1.477170496494657703e+00
1.478218795872095148e+00
1.484367214343577990e+00
1.485036953486601696e+00
1.487383264549551720e+00
1.474780828424876455e+00
1.488448352846118317e+00
1.485882368950205423e+00
1.480023931362020706e+00
1.482428714444409712e+00
1.484061796873421102e+00
1.473143582308906074e+00
1.483177729801125722e+00
1.483218292161557317e+00
1.470355488857856940e+00
1.485646186895664522e+00
1.473878219984912974e+00
1.483598982324794591e+00
1.471760513402025294e+00
1.481742156268110122e+00
1.470834309038604459e+00
1.479632002381658040e+00
1.482387098240366852e+00
1.471283398908040718e+00
1.479065505891838272e+00
1.478075925602521101e+00
1.471196840467907441e+00
1.470353947570304465e+00
1.475776886666544607e+00
1.482787061781787985e+00
1.466472162975732685e+00
1.473290517317286330e+00
1.479299737193348951e+00
1.466666852708099489e+00
1.477884620495706791e+00
1.480252046346527628e+00
1.470165165326074330e+00
1.465450542923256050e+00
1.479363787010928410e+00
1.463768239034936913e+00
1.471160991211370117e+00
1.476347847874315056e+00
1.465138573627946750e+00
1.471315667985074072e+00
1.475042481749392564e+00
1.468638911943620728e+00
1.463305374432718020e+00
1.470250456336069433e+00
1.471942641141056995e+00
1.459747743580425583e+00
1.467711546694112412e+00
1.473869318613904467e+00
1.465890072894384444e+00
1.460542188738526148e+00
1.467868178228358689e+00
1.470855787822291871e+00
1.464386991832983709e+00
1.462008941832815045e+00
1.468950556534560192e+00
1.458359362920172542e+00
1.474473186264879887e+00
1.458324222848776053e+00
1.470613008227725338e+00
1.458835448265408452e+00
1.466979036833676142e+00
1.462304664420473577e+00
1.457978625208283363e+00
1.463688416640462009e+00
1.462790743328657106e+00
1.467580596341560017e+00
1.461448438143495565e+00
1.456143035777623274e+00
1.461602235277748685e+00
1.467519930272176643e+00
1.454565568408413556e+00
1.465261786897412710e+00
1.456140227246556895e+00
1.460806093100320835e+00
1.461082758864653330e+00
1.463747343874046258e+00
1.455009264011586145e+00
1.452313734431943226e+00
1.466269147967991016e+00
1.455639629068431029e+00
1.459554067293379775e+00
1.460712527814052697e+00
1.453652887505531899e+00
1.460555841094850704e+00
1.463812607461704163e+00
1.455229058725000080e+00
1.450436376271529548e+00
1.462879305096234317e+00
1.449728283804346374e+00
1.461868832521002526e+00
1.453046254740819831e+00
1.448818448579905160e+00
1.454112789237561598e+00
1.461883995511473522e+00
1.448149925905716673e+00
1.460472333263076905e+00
1.450956876817433461e+00
1.455362343299853478e+00
1.447206299224838455e+00
1.459953716148520764e+00
1.446010255067558425e+00
1.456206643335494100e+00
1.445078749612247693e+00
1.455697042054869383e+00
1.458609180430885166e+00
1.448313702492333599e+00
1.454915348256646146e+00
1.448016000579788853e+00
1.454207540612222571e+00
1.448548841651226882e+00
1.444477808433877408e+00
1.450455033104610658e+00
1.456190358714400945e+00
1.448655503382396903e+00
1.443673508181950060e+00
1.455839222063510796e+00
1.442652151361016655e+00
1.453563762063816434e+00
1.441717102610157175e+00
1.455969291446118197e+00
1.445713947488795226e+00
1.444209294491939355e+00
1.455061839161360560e+00
1.442013136603049084e+00
1.448251479445910483e+00
1.450315068108166905e+00
1.446093488237711222e+00
1.443531250312520164e+00
1.450846135152036753e+00
1.442248776926894349e+00
1.442695489528802000e+00
1.451511088598538501e+00
1.446410753048041675e+00
1.436983752388641067e+00
1.438448483943593814e+00
1.437207714862865915e+00
1.450446445889159719e+00
1.446724118406054416e+00
1.449372693021689473e+00
1.438628741457970373e+00
1.434917488231513216e+00
1.441222650030580921e+00
1.435663697253565685e+00
1.447978153789383660e+00
1.442368835421331985e+00
1.443808908577252970e+00
1.437635912041171471e+00
1.444531585026425979e+00
1.434928818263476513e+00
1.441026518849494620e+00
1.430788996301679106e+00
1.445511085903199655e+00
1.433994736043231688e+00
1.440256368258059583e+00
1.446719843131688998e+00
1.440054121963975753e+00
1.434499380747105368e+00
1.434615840492938110e+00
1.430127391259867986e+00
1.446252366282191781e+00
1.432828457099873498e+00
1.440504405180671244e+00
1.436052042881656776e+00
1.436972383099675232e+00
1.435294128259010593e+00
1.435701551082997129e+00
1.428636454240266529e+00
1.447504709793014044e+00
1.434040002519985535e+00
1.430348634045049083e+00
1.444675431236579044e+00
1.429399384536354844e+00
1.437624035723571003e+00
1.435399609303937174e+00
1.429282279500541764e+00
1.434020946500933036e+00
1.432407445319636707e+00
1.441152616675810405e+00
1.429422340388329937e+00
1.439687293997419681e+00
1.429286815099408470e+00
1.427821481832021178e+00
1.438532704569110088e+00
1.430546687308015708e+00
1.424710581666847053e+00
1.428445585211617574e+00
1.433132644285053159e+00
1.431084738008485902e+00
1.430609491415124834e+00
1.428345095758545069e+00
1.423928902795821516e+00
1.426829960167126821e+00
1.427921750572078041e+00
1.423932178477883559e+00
1.426885452437063107e+00
1.423810516099209167e+00
1.427383266014291996e+00
1.426877648507034024e+00
1.427036412235039409e+00
1.427397375910590016e+00
1.427477450571347006e+00
1.425201581115346450e+00
1.425531082567838448e+00
1.427408524854062000e+00
1.425281200726626452e+00
1.425203934921576154e+00
1.422048344408133547e+00
1.425462044381551108e+00
1.423890218290052578e+00
1.425055804559694161e+00
1.418490199017987452e+00
1.427178081255415565e+00
1.422553450068409164e+00
1.421935200292010704e+00
1.421489948144529336e+00
1.425179998260031944e+00
1.424076551081072894e+00
1.422994165526969779e+00
1.424827537667318955e+00
1.414007937693888550e+00
1.421567370241819894e+00
1.414894817421326501e+00
1.422083446025240505e+00
1.420981642846771642e+00
1.421539665904907102e+00
1.418801623544779567e+00
1.419318353738930005e+00
1.422372380131583514e+00
1.418547410081750781e+00
1.416408156677788410e+00
1.422061108943227348e+00
1.418973817844580543e+00
1.415876291717821589e+00
1.411698117711176037e+00
1.420783344728750563e+00
1.412942570124491981e+00
1.414957083086601841e+00
1.419194879392530417e+00
1.416368343180003819e+00
1.417471141397893541e+00
1.416014110053798847e+00
1.415228246524432132e+00
1.416872826604108404e+00
1.417776393670362678e+00
1.416016951483000552e+00
1.408792765360916688e+00
1.419757061607481496e+00
1.414396592041135881e+00
1.412633649011096004e+00
1.414536449919992611e+00
1.417775226669984567e+00
1.414699213603789696e+00
1.416890569426113133e+00
1.413058090035751890e+00
1.409117400890448346e+00
1.417212018755822145e+00
1.413081027733649186e+00
1.415194584382848397e+00
1.405793802813848137e+00
1.414525705618620455e+00
1.409136176074367475e+00
1.411829434173800024e+00
1.414755355654478519e+00
1.408324550341401471e+00
1.410504575715693987e+00
1.414608924720695660e+00
1.409593735598734687e+00
1.412601979193041979e+00
1.410036885340900659e+00
1.413922907747613422e+00
1.402633467663991995e+00
1.408926743362054035e+00
1.408414869387556445e+00
1.409083943592564170e+00
1.410333831140167637e+00
1.409849770750222886e+00
1.405535905689490273e+00
1.407228572663092647e+00
1.406805376613242897e+00
1.407570392017624572e+00
1.405857603707023840e+00
1.408991135265332595e+00
1.406311777320081058e+00
1.409499733625773743e+00
1.407250057799531939e+00
1.405166864927375414e+00
1.408134944623775420e+00
1.402786727391986732e+00
1.401791948208082284e+00
1.407527379335841822e+00
1.403606720115475381e+00
1.403964388934823004e+00
1.408604477939041422e+00
1.400847557155900480e+00
1.406792111256023103e+00
1.405033644472115428e+00
1.398913852183712558e+00
1.403788707059836272e+00
1.402915876278613583e+00
1.395362312606462041e+00
1.407274958730094783e+00
1.401740899911745997e+00
1.404061871806912221e+00
1.396966512204167898e+00
1.401649683614262898e+00
1.400993586536940283e+00
1.400680113085483791e+00
1.403215165184291457e+00
1.397966265839102329e+00
1.401023347635190319e+00
1.397454370998222783e+00
1.400467748797642686e+00
1.397972638037799697e+00
1.400086656834243826e+00
1.393930840264698157e+00
1.396043202590247390e+00
1.394816605423769174e+00
1.400226236174348715e+00
1.392254294721194663e+00
1.396365444756565433e+00
1.399558555807158156e+00
1.397811829175773068e+00
1.393524129464134509e+00
1.399902893765016643e+00
1.397882223683636793e+00
1.397264042545250717e+00
1.389444035389558296e+00
1.396025397006644075e+00
1.393754262328346316e+00
1.397250625011325909e+00
1.390687991678441371e+00
1.396268723413984558e+00
1.391622072290674472e+00
1.397241976748955894e+00
1.395204002465191495e+00
1.395386180099168039e+00
1.389756835657600220e+00
1.394133050127602580e+00
1.392853097898404391e+00
1.394153324597184884e+00
1.386968541569161273e+00
1.393823436935472726e+00
1.394982642281604512e+00
1.383026942553328142e+00
1.393382474520088010e+00
1.385838967648399089e+00
1.396176523611409870e+00
1.385583697954083426e+00
1.391329648233216476e+00
1.388476682828303721e+00
1.391239341981133082e+00
1.390674200750591005e+00
1.387426385186846689e+00
1.384582269080298689e+00
1.391285272898774794e+00
1.387406608842664868e+00
1.391224219157876751e+00
1.391779892094850979e+00
1.385182806809537759e+00
1.382713906553729055e+00
1.387088634877839510e+00
1.388362995696975188e+00
1.389737682442016897e+00
1.402613098092305499e+00
1.389553666528915876e+00
1.389565020556556396e+00
1.384064057224710709e+00
1.381323527573129484e+00
1.386735696169288268e+00
1.381961024415325978e+00
1.382850505915852457e+00
1.383788186682162191e+00
1.382583738086788472e+00
1.382700900731383520e+00
1.387880657093892856e+00
1.397559107753021612e+00
1.382206020564439308e+00
1.387233865191301208e+00
1.382030718357243559e+00
1.380871922243842365e+00
1.382108436910943317e+00
1.380933913216166209e+00
1.383983920846773019e+00
1.382948706407580941e+00
1.382272482818914350e+00
1.396368688472185760e+00
1.387708406293625130e+00
1.378556793568294969e+00
1.380806441227560022e+00
1.377435051279404910e+00
1.377859210835997494e+00
1.377124161489097665e+00
1.393445715127429096e+00
1.380168926624989467e+00
1.396158787893272191e+00
1.378027903615750560e+00
1.375001152162000251e+00
1.377830485361335677e+00
1.395618130764491482e+00
1.375695754275417793e+00
1.395844285939810137e+00
1.379425326997523404e+00
1.377178272381579083e+00
1.374845820639528426e+00
1.397052694412114660e+00
1.377377630318376234e+00
1.392171858336015866e+00
1.375067950268935357e+00
1.377595947098911644e+00
1.379072884956470846e+00
1.369346839023122264e+00
1.389995466226054299e+00
1.377417072395249908e+00
1.389404684434808468e+00
1.372709424260737388e+00
1.372917722357239745e+00
1.373971108290872323e+00
1.391864891904385670e+00
1.371036391268641408e+00
1.388853312335995405e+00
1.372869239550637444e+00
1.372254984527194521e+00
1.389463830802547095e+00
1.374511767152682529e+00
1.386067984015911136e+00
1.368076198213151962e+00
1.389958546022039165e+00
1.372721326639296135e+00
1.369173779368964894e+00
1.387346402666489453e+00
1.373382588648065061e+00
1.385509480494040879e+00
1.365574833365984730e+00
1.390394964555822455e+00
1.370331544318284189e+00
1.368950849806874537e+00
1.366498641198992781e+00
1.386903957652587005e+00
1.365626563039905150e+00
1.364544095219581976e+00
1.367083552928761270e+00
1.362937792342353127e+00
1.382819529422685934e+00
1.366639011350773147e+00
1.382093453161787444e+00
1.380796317319826771e+00
1.368691683331863862e+00
1.361609822854547458e+00
1.385885127118384963e+00
1.365397912739393149e+00
1.369443228035602367e+00
1.379194543156737618e+00
1.368040909917434655e+00
1.365262678537651375e+00
1.383149184942300325e+00
1.362591666096055754e+00
1.382203188616766498e+00
1.363711556232404254e+00
1.380198613016961007e+00
1.376357685489941529e+00
1.361570619899277190e+00
1.379628925561459551e+00
1.362024548385737388e+00
1.359302722358557647e+00
1.379762643341767570e+00
1.363371891292958438e+00
1.377900792554250353e+00
1.360236191613600765e+00
1.378344638441912240e+00
1.376635060284263856e+00
1.357411758971612370e+00
1.361621001806386566e+00
1.374180164170563989e+00
1.378294097741069590e+00
1.373222974727206003e+00
1.359043180080388602e+00
1.373977349909156098e+00
1.375823903051633268e+00
1.356935791682928327e+00
1.374632692596659211e+00
1.358405266377191944e+00
1.356508893042266628e+00
1.364434229975057589e+00
1.372057330190823210e+00
1.353588221958305082e+00
1.375534348071435486e+00
1.370676580280359991e+00
1.356601712068127297e+00
1.358110165588419127e+00
1.372331978678165365e+00
1.356058555500386342e+00
1.370965266118929327e+00
1.372943039419559419e+00
1.369589598792718910e+00
1.352381697920827852e+00
1.353516349893189252e+00
1.369474411104590006e+00
1.369771738028368047e+00
1.353558991778478271e+00
1.370169454409350118e+00
1.364890501228465114e+00
1.351101779502599243e+00
1.354144477101569821e+00
1.367198258852766690e+00
1.368849361747236593e+00
1.353104047838562529e+00
1.366751403185242131e+00
1.364130363924784595e+00
1.367897275473289431e+00
1.347918181995947373e+00
1.368391357976846301e+00
1.346643852672434472e+00
1.365619584208379811e+00
1.349142367521198649e+00
1.364309716703124620e+00
1.365576339053105714e+00
1.350846555312235076e+00
1.366930044633284602e+00
1.346618754074399460e+00
1.360970906403863756e+00
1.365934735277261725e+00
1.361008710371248709e+00
1.360251135893741470e+00
1.349743329103782585e+00
1.362213395234569857e+00
1.343265191945414161e+00
1.343830451845067664e+00
1.361579166103207283e+00
1.360316404189632955e+00
1.366151415508949363e+00
1.358852239356564295e+00
1.345038374382929947e+00
1.360859348160390780e+00
1.360048888273464707e+00
1.345780334444513615e+00
1.358081924606355351e+00
1.359555474984363466e+00
1.345320566273316532e+00
1.359068944422491265e+00
1.357232044621476952e+00
1.355107542140751464e+00
1.342305257571835497e+00
1.356557200566035348e+00
1.358046300558976016e+00
1.359071172108897274e+00
1.354301722485863557e+00
1.343989457433860002e+00
1.357562482365886281e+00
1.358783795132141980e+00
1.339521468246640312e+00
1.354165414593396122e+00
1.357873825622309072e+00
1.355403203221755115e+00
1.353446376206191237e+00
1.356102799454179886e+00
1.352336791474779254e+00
1.340445449846389581e+00
1.355270573521338173e+00
1.337840457542389450e+00
1.354113246509468738e+00
1.358045506531358804e+00
1.354181621109887823e+00
1.354096497841868363e+00
1.335861374857199024e+00
1.349134748690149266e+00
1.353234447510128780e+00
1.355939368428938474e+00
1.336747884326001445e+00
1.357763332332737605e+00
1.340049676469568851e+00
1.346206517813932857e+00
1.348376375949830175e+00
1.336366564685109282e+00
1.351056800514302436e+00
1.354957888571389546e+00
1.349954580882539057e+00
1.331446746183850394e+00
1.350471958800754324e+00
1.347855345023118767e+00
1.349605338543159450e+00
1.336473030595454636e+00
1.347565879322594640e+00
1.336605996934758123e+00
1.347239398130686716e+00
1.348963614435342073e+00
1.347205253673593894e+00
1.348672793149062299e+00
1.336586636339154088e+00
1.352853527431631342e+00
1.347261076749354913e+00
1.343485435446262644e+00
1.346503783750687688e+00
1.346694090590656812e+00
1.337045791958774599e+00
1.330837946674785277e+00
1.344953161848324141e+00
1.345015227139109371e+00
1.345840370664300067e+00
1.345350321012884764e+00
1.345286972719519580e+00
1.329809901268867334e+00
1.346242637857093749e+00
1.342055721571447480e+00
1.331512679901803109e+00
1.347678095998283032e+00
1.339715401070899148e+00
1.343750426628712802e+00
1.329581369360027576e+00
1.345710153285587074e+00
1.345530706183282632e+00
1.347677785385631211e+00
1.327717098375336358e+00
1.348278936621832846e+00
1.342758663690864607e+00
1.324370135456811814e+00
1.339413210562686585e+00
1.343015699332565704e+00
1.339332322022657396e+00
1.342484480996276597e+00
1.325743984997964198e+00
1.340051004962089065e+00
1.343175941787889016e+00
1.342102571627633800e+00
1.339277076945038614e+00
1.338875394601443558e+00
1.334376698781749360e+00
1.339225574166270638e+00
1.340250851915073538e+00
1.335449225129533346e+00
1.337128930734471366e+00
1.323097614442958037e+00
1.340889633730421027e+00
1.338626229433230508e+00
1.318220347533841430e+00
1.323077204801222706e+00
1.340376599890651166e+00
1.333206714604839860e+00
1.334381753181438368e+00
1.325221683763935232e+00
1.337347489417061830e+00
1.337529051214221942e+00
1.336741063738916102e+00
1.317958666323883810e+00
1.337173822657057976e+00
1.340055785231032415e+00
1.334627456160573766e+00
1.337185660476045923e+00
1.332474418482306078e+00
1.331303929365754035e+00
1.316059346975946509e+00
1.317697718035222954e+00
1.332696959649674717e+00
1.337627163659935947e+00
1.316173291051523142e+00
1.323921454928987940e+00
1.328186979597239636e+00
1.339954839790191032e+00
1.334863425341611842e+00
1.320888512603551890e+00
1.334104641811716396e+00
1.329802265301056385e+00
1.332682235145919547e+00
1.316506831574373981e+00
1.321403057985564677e+00
1.328534971065572723e+00
1.330942119947826408e+00
1.313740452361761735e+00
1.329664487739987688e+00
1.318232180438782875e+00
1.331197617410814216e+00
1.315501978792039894e+00
1.334266361799831602e+00
1.313311845834864267e+00
1.333304039994023915e+00
1.330822705711107057e+00
1.330656116138043021e+00
1.318936085982413742e+00
1.325648314444282549e+00
1.328935741549604588e+00
1.314372792267702872e+00
1.332263387934864429e+00
1.331313381306270971e+00
1.315218043266596526e+00
1.331277234321042391e+00
1.317455132464446121e+00
1.324481983077407499e+00
1.328769058761525068e+00
1.329376914847600233e+00
1.308359951445992486e+00
1.331990681499710893e+00
1.328943499770352643e+00
1.308095798711851776e+00
1.326575445821149613e+00
1.331351925905594369e+00
1.328274701633953114e+00
1.328751085674098276e+00
1.325868424444027971e+00
1.316207879127469393e+00
1.319817556197217856e+00
1.327343121613005161e+00
1.329704873089794237e+00
1.325654867134442361e+00
1.324071089219572839e+00
1.311843037774316878e+00
1.306305758404652906e+00
1.321218023765144745e+00
1.311455540792360708e+00
1.328253866509373049e+00
1.328111084825361443e+00
1.324866315299334518e+00
1.310356785775409483e+00
1.329624428785720847e+00
1.321738604607404444e+00
1.323027478378695276e+00
1.329859542534606254e+00
1.304650933156337400e+00
1.324186773934893147e+00
1.326072266460896820e+00
1.305463985432350649e+00
1.323765291791099585e+00
1.323037302738643062e+00
1.322967546761829594e+00
1.313615748959598317e+00
1.317813646365785907e+00
1.326281542502698141e+00
1.322081184397674525e+00
1.326324119943767643e+00
1.323905529481302690e+00
1.327156490369615360e+00
1.322423145059541838e+00
1.321302752778783951e+00
1.318536466034170740e+00
1.306548725924247423e+00
1.317553057918068982e+00
1.326273031890069065e+00
1.320641048190890787e+00
1.320983915753171090e+00
1.300738105272289280e+00
1.319929628480226658e+00
1.322245392889511262e+00
1.323419576539233367e+00
1.318976365400247319e+00
1.316992597785178853e+00
1.306752544164278884e+00
1.316936723559070321e+00
1.317750685828912083e+00
1.322478022604970604e+00
