1.460616934327699710e+03
4.346954202854737446e+02
3.082350806593320272e+02
2.739907950927049001e+02
2.469718318110305972e+02
2.232911410875561842e+02
2.011450269965191353e+02
1.793028835538050316e+02
1.564974583538239301e+02
1.309487782423405804e+02
1.015638091699715773e+02
7.307549155461980206e+01
5.101077664958099689e+01
3.822767522961273556e+01
3.171216435451429660e+01
2.776466604494983059e+01
2.490926101234147438e+01
2.268651838711374680e+01
2.088147262286688743e+01
1.938923404132663819e+01
1.809681759297120607e+01
1.694979114687286526e+01
1.590511039205009070e+01
1.494865631269100525e+01
1.406873426546723316e+01
1.327240821724317321e+01
1.255513752220070067e+01
1.190874952017101940e+01
1.131450270114703471e+01
1.076203569337734223e+01
1.024963098775775983e+01
9.774227186719098626e+00
9.331986794775792404e+00
8.929914858539913070e+00
8.563622084772500642e+00
8.235500374569193482e+00
7.944937610997029331e+00
7.674087872588653880e+00
7.429651505598468653e+00
7.213057486080763248e+00
7.013350494509498212e+00
6.832261662661553991e+00
6.665527649259438192e+00
6.511843380744437582e+00
6.371224338345229832e+00
6.241416606455065796e+00
6.123473368884457813e+00
6.015718048395608086e+00
5.912677838360139937e+00
5.816753580787828781e+00
5.727854817968103696e+00
5.644019790679327464e+00
5.565440698004921138e+00
5.490569789202051076e+00
5.421330246682674492e+00
5.354910515048274533e+00
5.291162372329409891e+00
5.231979806990586290e+00
5.174133598604027107e+00
5.120811799815400356e+00
5.069693630088242031e+00
5.021050049259072168e+00
4.974384685343457235e+00
4.931084203346924433e+00
4.888370426512321565e+00
4.848052576097525268e+00
4.808656838546667700e+00
4.772991319940268262e+00
4.739317790029922151e+00
4.706583003282815092e+00
4.676223862312149038e+00
4.646887582845591780e+00
4.618960220700332187e+00
4.590314385219374849e+00
4.563418041453799923e+00
4.536754345843614367e+00
4.509855083576398194e+00
4.485471126488161708e+00
4.461313867810189571e+00
4.438160968102486947e+00
4.417231387926380926e+00
4.394688326291159797e+00
4.375091714052596892e+00
4.355170461145814187e+00
4.336013906814031316e+00
4.316506036989803619e+00
4.298890076740797817e+00
4.281062464167613157e+00
4.265453675114120102e+00
4.247418535266048956e+00
4.232158561892262583e+00
4.214621786765741618e+00
4.200568027980591701e+00
4.184363207761361281e+00
4.169279249572526602e+00
4.155350365384790301e+00
4.141188600529789099e+00
4.127562166125449572e+00
4.112529778141596815e+00
4.099771549929971393e+00
4.087005802654359421e+00
4.073850148586152464e+00
4.062079940126989364e+00
4.049775344608728567e+00
4.038490494392773300e+00
4.026314420590110466e+00
4.014614682741398433e+00
4.002819381417148215e+00
3.991714626683116496e+00
3.980373163074076626e+00
3.969812403562199776e+00
3.956660958578230858e+00
3.945636278627230542e+00
3.933629055491789206e+00
3.923360277534690965e+00
3.911488863495104606e+00
3.901410323290879223e+00
3.890880468430683692e+00
3.879876156480905891e+00
3.869090516994119877e+00
3.858810494252086443e+00
3.847320127630027287e+00
3.837195327827794156e+00
3.826221964398042186e+00
3.815026593463821225e+00
3.804451999965785536e+00
3.794309281687719082e+00
3.785650933713363031e+00
3.774966326296237185e+00
3.764421764130394976e+00
3.755261479297682836e+00
3.746184999927007819e+00
3.737425838649736320e+00
3.729707114134825030e+00
3.720508895111179104e+00
3.711646065803261951e+00
3.704381299059767318e+00
3.695582673171667221e+00
3.688603724920382465e+00
3.680007696450628085e+00
3.673142600359873722e+00
3.665440739841535844e+00
3.657229415592459176e+00
3.648777290615649260e+00
3.640877029194049541e+00
3.632861927908436872e+00
3.625491474101712353e+00
3.618911237606002640e+00
3.609785992775401908e+00
3.602419254455956565e+00
3.594364675784419205e+00
3.587028553185089397e+00
3.580162432890844126e+00
3.573302967956163645e+00
3.566756757946553336e+00
3.559554894428732297e+00
3.553413723411677605e+00
3.546286719243020524e+00
3.540817294778783264e+00
3.533803334001381469e+00
3.526327972115046894e+00
3.521590898602516617e+00
3.514260986453431546e+00
3.508309217505462652e+00
3.502230012263403136e+00
3.496262353057464356e+00
3.489517097364974507e+00
3.484443752158197682e+00
3.477191506860293657e+00
3.471717610441161117e+00
3.463670781569426094e+00
3.458106044250149669e+00
3.450757770413057646e+00
3.445027867589641968e+00
3.438457510457998634e+00
3.432363529901963251e+00
3.425983806560355394e+00
3.418867194412596788e+00
3.413294491804574005e+00
3.405940187360908755e+00
3.400357231197995489e+00
3.394435444502672539e+00
3.387378793379839603e+00
3.381726173744105335e+00
3.374397506786431133e+00
3.367804476971425931e+00
3.362705604323221298e+00
3.356782617955656800e+00
3.351265074305240788e+00
3.345740163941997025e+00
3.340601461088955393e+00
3.334272542433291520e+00
3.329209956626341782e+00
3.323896551525674870e+00
3.317060199573227397e+00
3.312862473352182757e+00
3.305249723085366131e+00
3.300326960062655246e+00
3.295875503800816730e+00
3.290257207928362959e+00
3.285151640769027548e+00
3.280731100558863744e+00
3.274255222207032912e+00
3.270733836086311630e+00
3.266968250668018214e+00
3.261913591236567100e+00
3.257429910233721859e+00
3.253050134364310342e+00
3.248908989171340522e+00
3.244079097685739654e+00
3.240847643367826603e+00
3.235246163725069124e+00
3.231695307415110019e+00
3.227362977663565946e+00
3.222429126776251262e+00
3.220200497920970406e+00
3.215907784183965834e+00
3.212291256224052205e+00
3.207840585649656351e+00
3.204644687716232454e+00
3.200145796042588753e+00
3.196554590360622061e+00
3.194269882277549044e+00
3.189408909583062002e+00
3.186920234605080449e+00
3.182938337248837346e+00
3.179527147331009385e+00
3.176572950080894131e+00
3.170501271928158449e+00
3.168804296247350383e+00
3.165253945275720238e+00
3.161464918136053015e+00
3.157154537471655420e+00
3.154838338303223466e+00
3.150802086625455800e+00
3.147700090748124513e+00
3.143955883145340024e+00
3.141103913973585904e+00
3.137769264090749299e+00
3.134303395531773173e+00
3.130445564818966631e+00
3.127499325944956610e+00
3.123903129225880093e+00
3.120705829222363281e+00
3.117591501008567523e+00
3.114360416124604569e+00
3.111179827830133249e+00
3.107912387069347915e+00
3.105095649482779052e+00
3.101740127054142260e+00
3.098097859038172697e+00
3.095824160199290631e+00
3.092565453503515638e+00
3.089114781536506538e+00
3.086907864129056822e+00
3.082774394455992439e+00
3.080354366865109217e+00
3.077202207287902169e+00
3.074435025410103606e+00
3.071486282542937207e+00
3.068616380994267256e+00
3.066842970124406875e+00
3.063896241347733085e+00
3.060866757402109339e+00
3.057759639604530566e+00
3.056453346420555661e+00
3.053994472367800750e+00
3.051797289215047115e+00
3.048199844950538751e+00
3.045603496398094467e+00
3.042888655083817895e+00
3.040496693693922392e+00
3.038306050387775681e+00
3.034851814466283049e+00
3.032635119233690002e+00
3.030965675138913351e+00
3.027706547109382473e+00
3.023382128825599313e+00
3.022497776866577279e+00
3.019218502597636355e+00
3.017159066712433724e+00
3.013655736475292723e+00
3.011883445010762994e+00
3.009706443406936049e+00
3.007493118322441372e+00
3.003499903751171818e+00
3.002844466420846903e+00
3.000156714433869443e+00
2.997061695758814981e+00
2.995473797737378430e+00
2.992570614095882764e+00
2.990499747074671699e+00
2.987981727818870947e+00
2.985492392132080397e+00
2.983557077615790476e+00
2.980638267485890225e+00
2.978218653314316899e+00
2.976284674776250139e+00
2.974339920720264541e+00
2.971759452828146575e+00
2.968866992806340033e+00
2.966774966942665959e+00
2.963961030360900306e+00
2.961713125496856946e+00
2.958320341255527897e+00
2.955177361216659637e+00
2.953305008321864378e+00
2.950167751020725593e+00
2.948028965631473763e+00
2.944918249824902912e+00
2.943286418937710369e+00
2.941405080884207379e+00
2.939151205450892146e+00
2.936707207657507368e+00
2.933981351270710913e+00
2.932243203793525321e+00
2.931410420000001071e+00
2.928204686868724149e+00
2.925958924247689552e+00
2.923995369920616039e+00
2.921326644494875335e+00
2.919319922019413927e+00
2.917785681271894305e+00
2.915706395356818081e+00
2.912285804808155021e+00
2.911298043458844020e+00
2.908620001834216762e+00
2.906531984060233942e+00
2.904287450600623544e+00
2.902615622678325291e+00
2.899786740895212045e+00
2.898725955371349361e+00
2.895540126550798288e+00
2.893647304198923464e+00
2.891829638644555889e+00
2.889106557877341164e+00
2.886077464343960841e+00
2.885013250396944340e+00
2.882011072889250958e+00
2.879590285671524086e+00
2.877571919373596021e+00
2.874805471407651414e+00
2.872776464918084471e+00
2.870733892739694593e+00
2.868954094761327678e+00
2.864820639757344356e+00
2.864541411524665460e+00
2.862014264784822348e+00
2.860151368535590155e+00
2.857772110510707453e+00
2.856429444990950639e+00
2.853697232832987485e+00
2.853049043602874590e+00
2.850558227202112604e+00
2.849171165191949573e+00
2.847118136242591024e+00
2.845382450409548181e+00
2.843439736377431970e+00
2.841529818718874001e+00
2.840046340706428030e+00
2.838030378060390380e+00
2.837143338543251403e+00
2.833687299721697528e+00
2.832784948662755653e+00
2.830824965526316905e+00
2.828888806219346908e+00
2.828269974941008513e+00
2.825819955684995666e+00
2.824741962263713990e+00
2.821693526105816918e+00
2.820903055390251435e+00
2.818067032433447583e+00
2.817519280599964926e+00
2.814790813214886001e+00
2.813942818737189100e+00
2.811734836122496972e+00
2.810374260580354999e+00
2.808457977513733272e+00
2.807477223942013822e+00
2.805170716272483489e+00
2.803353735710335304e+00
2.802019741610504600e+00
2.800649245008347332e+00
2.798169047675151067e+00
2.796612804367408334e+00
2.794468045753289331e+00
2.793128294128424116e+00
2.791121962105427290e+00
2.789065181852925068e+00
2.788027307047140635e+00
2.786078937012054890e+00
2.784607664034007168e+00
2.782739774439617619e+00
2.781521353301823041e+00
2.780179640606178282e+00
2.778681923526409303e+00
2.776780321687457587e+00
2.774582957317175858e+00
2.772968829644220090e+00
2.772354209337499764e+00
2.770720973453254299e+00
2.768478908269580874e+00
2.767172819674956319e+00
2.765738245245081828e+00
2.763849603665255117e+00
2.762255462035360321e+00
2.760523154822295933e+00
2.758958821840305831e+00
2.757931494574835440e+00
2.755078714367915627e+00
2.755222572391164082e+00
2.752103896498104607e+00
2.752044192262035782e+00
2.749805772252561287e+00
2.748731968598689956e+00
2.747350411439018814e+00
2.745513729113243429e+00
2.745132318401299454e+00
2.742658831050530654e+00
2.741797199496994519e+00
2.740926049637902651e+00
2.739155759997178308e+00
2.736948738174963314e+00
2.736916852708679571e+00
2.734766057037344211e+00
2.734464081111783074e+00
2.732521854675325823e+00
2.731429716578367195e+00
2.729878501832894155e+00
2.728796576483575986e+00
2.727632180416772467e+00
2.726092084048306941e+00
2.724657277610537331e+00
2.723532695477037802e+00
2.722330040643774041e+00
2.720405233143234458e+00
2.720854499768021739e+00
2.718263950840158483e+00
2.717903083227860339e+00
2.715035475992017666e+00
2.715473454363150907e+00
2.712464545366392699e+00
2.712277613242106700e+00
2.710692234782930310e+00
2.709219225028806743e+00
2.708695118543645197e+00
2.706924484825310895e+00
2.706104320491861781e+00
2.703693988652805302e+00
2.703786503712718226e+00
2.701973659527509231e+00
2.700334586879253873e+00
2.701017873072139697e+00
2.697964781400424172e+00
2.697961979921433606e+00
2.695609273167148157e+00
2.695376884450170873e+00
2.694305521547281757e+00
2.693781434905133221e+00
2.692333535018956781e+00
2.691398222850841293e+00
2.690656413691607352e+00
2.688521890640152012e+00
2.687389262538925738e+00
2.686414463106677530e+00
2.684570297040828279e+00
2.684143541208857453e+00
2.681523792270769757e+00
2.681845747599746588e+00
2.680073312335788938e+00
2.678673778442711484e+00
2.678089274744689163e+00
2.675652955286996981e+00
2.676143845032598723e+00
2.673322171097572308e+00
2.673324734911222578e+00
2.671408153804760488e+00
2.671399517143732805e+00
2.668810504376950998e+00
2.668463927901299826e+00
2.666580369228483960e+00
2.665854896589031409e+00
2.665310204351468482e+00
2.663811023543685153e+00
2.662627144551317659e+00
2.661500941896453032e+00
2.660275533145356253e+00
2.659259137467946399e+00
2.657412769919749174e+00
2.657169682738035554e+00
2.655735154968444700e+00
2.655951691479087273e+00
2.653746412628231521e+00
2.652611487752228658e+00
2.652375694497282055e+00
2.649873965882029392e+00
2.650684969421199799e+00
2.648607820295245663e+00
2.647432199371329009e+00
2.647109559240534704e+00
2.645863129053157792e+00
2.644713240555680134e+00
2.643061479046931783e+00
2.643319186639775165e+00
2.641741198615353614e+00
2.641027314053992381e+00
2.640938231202411224e+00
2.638798910014393595e+00
2.638375205031065374e+00
2.637894842265728901e+00
2.635658322158436651e+00
2.636379108543487337e+00
2.634053991796992733e+00
2.633913983441098505e+00
2.633267064645755884e+00
2.631311308919868974e+00
2.631481386280952517e+00
2.628771420541097470e+00
2.628528556803561234e+00
2.627447663897507280e+00
2.626082969097251141e+00
2.625796632975771150e+00
2.623828896856418957e+00
2.623668603162326640e+00
2.623548272767445511e+00
2.621403388233105591e+00
2.621025762220579480e+00
2.619528127180355437e+00
2.618319458531278343e+00
2.617235758926696576e+00
2.617549734973095621e+00
2.614998812839834930e+00
2.614404295811371792e+00
2.613497208914771885e+00
2.611979968271339825e+00
2.611781883700325935e+00
2.610230242650615207e+00
2.609596513127520723e+00
2.607222551004802380e+00
2.608301025794586447e+00
2.606089361939186055e+00
2.606144139577476704e+00
2.604438112401306515e+00
2.604371251973421675e+00
2.602297137732008991e+00
2.601347510484403713e+00
2.601406397797412229e+00
2.599568528566893022e+00
2.598899640183088167e+00
2.598137641887470206e+00
2.596466373404033856e+00
2.595693183678921212e+00
2.595433401108484528e+00
2.594005927792027766e+00
2.592838918100591972e+00
2.592564878011728080e+00
2.591007735215753449e+00
2.590154500492890310e+00
2.588958249656786226e+00
2.587261469111788337e+00
2.587393683446568726e+00
2.586874494202756392e+00
2.585053829526244851e+00
2.584759063173790672e+00
2.583394260637675188e+00
2.581941593720243677e+00
2.580796631128174923e+00
2.580852152409920830e+00
2.578631671830118766e+00
2.578245032975631457e+00
2.576954392895418611e+00
2.576406572322557320e+00
2.574774462970318201e+00
2.574089857166347972e+00
2.573697550292198155e+00
2.570812240951263483e+00
2.571770624358463930e+00
2.569029372419942003e+00
2.569199280572742605e+00
2.567258210663809770e+00
2.566294905524793446e+00
2.566065825683516266e+00
2.564035180256108770e+00
2.562684599079762648e+00
2.563046421538823783e+00
2.560300866334072278e+00
2.560802791606136442e+00
2.559011457656116928e+00
2.557869217492236391e+00
2.557174655491127435e+00
2.555840824892819274e+00
2.555142006742117111e+00
2.554156205915422806e+00
2.552532585582149682e+00
2.552803674292095870e+00
2.550231836057522017e+00
2.550333867712261782e+00
2.549985780618289954e+00
2.547578642483857791e+00
2.548456833556230539e+00
2.546201015600931594e+00
2.544754889995730185e+00
2.543919362435994369e+00
2.542493452140555998e+00
2.542550243579003055e+00
2.539559459848555800e+00
2.539909508217049083e+00
2.537746568235800915e+00
2.535472830251708221e+00
2.534560606005790806e+00
2.534265260726636715e+00
2.531890414553089830e+00
2.530928751208644467e+00
2.529265584156011215e+00
2.528060815753951918e+00
2.526850152025776008e+00
2.524522868546703602e+00
2.524146428821860244e+00
2.523109862118643854e+00
2.522006598400652333e+00
2.518483307377275882e+00
2.518519562457566696e+00
2.516193242570127886e+00
2.516978358144303041e+00
2.514483828558453649e+00
2.512590468229420004e+00
2.513061703445547579e+00
2.510738591023273347e+00
2.509338373354350171e+00
2.508906894651172337e+00
2.507868304745933585e+00
2.505912292315615630e+00
2.505666009996317722e+00
2.504534177610856727e+00
2.503427523332778293e+00
2.501501202544016422e+00
2.500612380726366712e+00
2.499435238801423154e+00
2.498434792951616856e+00
2.498593366735835541e+00
2.496183841282999971e+00
2.495855266340292644e+00
2.494059078345597591e+00
2.493922952846574503e+00
2.491127465343794700e+00
2.491265386349660105e+00
2.487915464349689021e+00
2.489375650496199466e+00
2.488303954259547091e+00
2.486603335153096506e+00
2.486564572042422316e+00
2.484446138104535517e+00
2.485072864668137260e+00
2.482591787256799964e+00
2.481944604552086542e+00
2.481025097264246693e+00
2.480716457047156265e+00
2.479050930017403065e+00
2.477877167979474660e+00
2.476838226590937886e+00
2.477173258576183201e+00
2.475518595185784765e+00
2.473745080154927667e+00
2.474092856964079878e+00
2.473441365256076274e+00
2.471524828759165349e+00
2.471487776255520075e+00
2.470256247409483130e+00
2.469555540231762603e+00
2.467289336464637550e+00
2.467239037154145720e+00
2.466573430621978869e+00
2.465814496521286703e+00
2.463821060695841059e+00
2.463288981776436071e+00
2.461830880085479567e+00
2.461557127585952021e+00
2.460944562624358678e+00
2.459630282314735794e+00
2.458923577056304044e+00
2.457866552446978048e+00
2.455648323933794064e+00
2.456872614532520149e+00
2.455416720992298796e+00
2.454511582890301913e+00
2.453867863864994003e+00
2.453381711732831594e+00
2.452282240462793528e+00
2.450992833212676913e+00
2.450313304831348571e+00
2.448982894353382012e+00
2.449020021423768956e+00
2.447038868272338075e+00
2.447484322773239906e+00
2.445597058696690862e+00
2.443996282112166352e+00
2.443791149977995403e+00
2.444277552005927223e+00
2.441419179315898358e+00
2.442513908439298831e+00
2.439772912980278541e+00
2.441162943091878201e+00
2.438663241697543338e+00
2.438333586982805112e+00
2.437411491987484524e+00
2.435793722087069124e+00
2.436960139869238873e+00
2.434266493689481781e+00
2.434592999795157642e+00
2.433733952016121194e+00
2.431568916548108028e+00
2.432989280347852112e+00
2.429835025636872370e+00
2.430445677114417613e+00
2.429315094140871434e+00
2.428744758561211636e+00
2.429269620512461980e+00
2.426152413277297359e+00
2.425940836686085511e+00
2.426729534185507742e+00
2.424076795049199706e+00
2.423805485750852640e+00
2.422873909057434272e+00
2.422242547512940991e+00
2.421772159659576484e+00
2.420835828829365877e+00
2.420638285120907174e+00
2.418471121305576510e+00
2.418839693199689389e+00
2.417578268941940056e+00
2.417309162822750768e+00
2.417337716187966556e+00
2.414907302517191656e+00
2.415881339794164084e+00
2.414355541341043132e+00
2.414333043220279418e+00
2.412649979470276040e+00
2.413232164701622828e+00
2.411971322921639072e+00
2.412040951897048036e+00
2.411146571519223070e+00
2.410083116705368234e+00
2.408421742897203455e+00
2.410274835612391087e+00
2.408140024145786651e+00
2.407454650150350428e+00
2.407942805797261610e+00
2.406770978116231863e+00
2.405620670174525966e+00
2.405716526198636629e+00
2.405444037741100605e+00
2.403025505309798415e+00
2.404367648861325701e+00
2.402210690905988599e+00
2.403308428913786710e+00
2.402243614760731560e+00
2.401408538762973333e+00
2.400213276488913916e+00
2.399772272366412107e+00
2.398951690517416413e+00
2.398966927035304675e+00
2.396886008567701953e+00
2.398716041568288215e+00
2.396028448580403314e+00
2.396784398007295369e+00
2.395290222840635419e+00
2.394793509398775111e+00
2.394613620768684559e+00
2.394255831231648646e+00
2.393701336080809039e+00
2.392331372218068797e+00
2.393781678604324004e+00
2.390990164358196335e+00
2.391382408302988427e+00
2.390401998237792647e+00
2.389766353800343079e+00
2.389751178844974344e+00
2.388441113615333400e+00
2.388677275802854272e+00
2.386420076203201290e+00
2.387373554735808145e+00
2.386536978450637836e+00
2.385928132624984155e+00
2.385026494156240684e+00
2.383831366526071083e+00
2.384617041778837709e+00
2.383257920100228855e+00
2.382510778723506473e+00
2.381495479602201204e+00
2.381233604467983600e+00
2.380917777214924147e+00
2.380146936874629748e+00
2.378652574461387115e+00
2.379051814856450342e+00
2.378895771641386325e+00
2.377897842903000214e+00
2.376641977682447671e+00
2.377485578446733694e+00
2.376578632163915739e+00
2.375897051703387941e+00
2.375094663232187653e+00
2.374659117386073159e+00
2.374472349662232418e+00
2.374226044154147175e+00
2.372295989648086856e+00
2.372970893909126300e+00
2.372164761898720275e+00
2.371744905238111212e+00
2.370828408605988091e+00
2.370561650869895232e+00
2.370580439575147746e+00
2.369474969599912217e+00
2.369573958729015217e+00
2.369565180626598266e+00
2.368634951716254378e+00
2.368226840458846016e+00
2.367043782008345865e+00
2.367536314133295239e+00
2.367933997390068601e+00
2.365776359477878454e+00
2.366688766848961567e+00
2.365808420824504044e+00
2.365488003848909226e+00
2.364760020153595210e+00
2.364682626174758440e+00
2.363106768022841475e+00
2.362894563412815785e+00
2.364033092315237727e+00
2.362613975878572248e+00
2.363159939638551865e+00
2.361527279694483283e+00
2.362538016238652450e+00
2.360869120442542268e+00
2.361441815289887725e+00
2.360451863754112090e+00
2.359615846881600199e+00
2.358909825741195121e+00
2.358541153866033913e+00
2.359811659803588313e+00
2.357861109678635270e+00
2.358084441086943261e+00
2.357423066428287139e+00
2.357359519194345054e+00
2.355841145464049102e+00
2.357494052572708387e+00
2.354769356649736078e+00
2.354541043091974206e+00
2.355926212069056724e+00
2.354357401588214938e+00
2.353690434780690399e+00
2.354139625692947657e+00
2.352852226216993969e+00
2.352050534462276854e+00
2.352648133612773584e+00
2.352340137913656815e+00
2.350933641329915336e+00
2.350637909397589542e+00
2.351629123859792170e+00
2.350013599776866968e+00
2.349595176304017041e+00
2.350267021914401511e+00
2.348430001601354178e+00
2.349864522820509283e+00
2.347250028527877230e+00
2.348503990621996884e+00
2.347520325317329792e+00
2.346668591032997853e+00
2.347688874131222736e+00
2.346947781462159988e+00
2.346320445201124372e+00
2.345996742467513219e+00
2.344864072745378003e+00
2.345526643006922374e+00
2.344299449369360300e+00
2.344923079338129046e+00
2.344300231001919865e+00
2.343860656683849353e+00
2.343642067502954340e+00
2.342864860633377067e+00
2.342956052199863137e+00
2.342501452307129473e+00
2.342565755493062341e+00
2.341533832849993502e+00
2.341145446710854117e+00
2.340783607978675906e+00
2.341059247385388620e+00
2.339084980133872893e+00
2.339885929583854551e+00
2.339820627616937099e+00
2.338956540182162147e+00
2.338770887185689151e+00
2.339007589586061364e+00
2.338584728779987465e+00
2.337135653266545265e+00
2.337702593981162202e+00
2.338057948540879227e+00
2.336816340966775041e+00
2.336649321084109499e+00
2.336604457748658437e+00
2.336354811571290657e+00
2.335445724487735131e+00
2.335832429300241042e+00
2.335553459920784558e+00
2.334362749945684268e+00
2.334603225066658627e+00
2.334164736156631115e+00
2.333990280261225791e+00
2.333101421157261601e+00
2.333150502922153091e+00
2.332936582782600521e+00
2.332672650316063301e+00
2.331452844923640466e+00
2.331702809928558384e+00
2.330741730391463040e+00
2.331332380427033613e+00
2.330183573814663234e+00
2.330221357086664558e+00
2.330627169580437918e+00
2.328988084673305092e+00
2.329101647115832563e+00
2.328595969701122037e+00
2.327875566592362500e+00
2.328169604402595461e+00
2.327312784371756038e+00
2.326514883665693478e+00
2.326620326985081366e+00
2.326335616097461756e+00
2.325078599088262532e+00
2.325581042197641501e+00
2.325044029320538552e+00
2.324496653847611949e+00
2.323863605408370336e+00
2.324079606284356281e+00
2.323198653951576098e+00
2.323075661037567574e+00
2.322136539517019482e+00
2.321820294809467278e+00
2.322877653181065316e+00
2.320961311912626446e+00
2.320911488734284323e+00
2.320471603341177413e+00
2.321050021694905485e+00
2.320181193226077632e+00
2.319261388240562827e+00
2.320482495082147434e+00
2.319089725858869855e+00
2.318588064674409033e+00
2.318392791368882211e+00
2.318214443813490178e+00
2.317623071503095655e+00
2.317803500740376332e+00
2.316358736306530997e+00
2.316838408775191649e+00
2.316378736086808221e+00
2.315681443333376777e+00
2.315866512212723993e+00
2.314984028476768874e+00
2.314436794822914312e+00
2.314438119267111738e+00
2.314075380686402728e+00
2.312799299435633227e+00
2.313617002876080964e+00
2.312975625697538895e+00
2.312570517676427073e+00
2.312220627727946010e+00
2.313034044465315020e+00
2.311162831457084899e+00
2.312185124739525310e+00
2.310741265676041767e+00
2.310627061820114125e+00
2.310235387396198714e+00
2.311010311688491470e+00
2.309197602493665791e+00
2.309406640408864231e+00
2.308953607123083174e+00
2.308727280102476964e+00
2.308428606523145188e+00
2.308126264369406488e+00
2.306948512249318295e+00
2.308316326696390863e+00
2.306744007265614460e+00
2.306868518118065037e+00
2.305983829657965778e+00
2.305997810001263026e+00
2.305579585994401715e+00
2.305116378873662608e+00
2.304983709228802358e+00
2.305101196081073223e+00
2.304192942632270036e+00
2.303718203958426081e+00
2.304303293419767140e+00
2.303041844196698218e+00
2.304104170413132202e+00
2.302045705204737391e+00
2.302950540637368260e+00
2.302335645942868769e+00
2.302300476394152806e+00
2.301203095350536021e+00
2.301487019269046641e+00
2.301489797339897780e+00
2.300119330365279158e+00
2.301298048139874375e+00
2.300036369854644214e+00
2.300146263269257307e+00
2.300082615955840293e+00
2.299599431990782872e+00
2.298666556399795891e+00
2.299162685481134449e+00
2.298121197813162819e+00
2.298318687825104512e+00
2.298195141744186820e+00
2.297830656186021336e+00
2.297112123417270446e+00
2.297349922958925372e+00
2.297333494575767077e+00
2.296583488299628772e+00
2.297681104260210105e+00
2.295965183924421726e+00
2.296425116993798810e+00
2.295624365418579949e+00
2.296272833465955454e+00
2.295764690121548046e+00
2.294972441755527282e+00
2.294799642332931544e+00
2.294381271845312931e+00
2.295878167485642773e+00
2.293274106145878566e+00
2.293728686257703320e+00
2.294125309283634895e+00
2.293126627643465643e+00
2.292934805058294501e+00
2.294242327359501399e+00
2.291651118406489385e+00
2.292911206198964713e+00
2.291925295162358545e+00
2.291439394740704572e+00
2.291857737168226716e+00
2.291142531095522017e+00
2.291170939206807144e+00
2.290813840962292236e+00
2.289846552679780878e+00
2.289571402407356793e+00
2.288682821545551693e+00
2.288858908699181072e+00
2.289041587897246099e+00
2.288768255182009437e+00
2.287611383560084199e+00
2.288369560994149676e+00
2.287151315185991240e+00
2.286526152853646021e+00
2.286798944373927167e+00
2.286689150374014101e+00
2.286579099195581222e+00
2.286556086206583682e+00
2.285600874080087497e+00
2.286014576883796057e+00
2.285406576697508019e+00
2.285617747882946915e+00
2.284774517218958412e+00
2.284950652634905044e+00
2.283702323656948696e+00
2.284350931373096305e+00
2.283942828719196960e+00
2.283592453983340320e+00
2.283331239775864052e+00
2.282602097830501719e+00
2.282622959391984008e+00
2.281878140961269175e+00
2.283064928468834243e+00
2.281497061585870956e+00
2.281760770014494177e+00
2.281361625141828497e+00
2.280727892364574849e+00
2.281131179572362999e+00
2.279920943076836348e+00
2.280765117988829527e+00
2.279572153084456598e+00
2.279868749436057218e+00
2.280575334713363489e+00
2.278421017433940321e+00
2.279890103554063518e+00
2.278324292062747336e+00
2.278288031069648056e+00
2.279145202983209995e+00
2.277706522749884055e+00
2.277483999938109349e+00
2.277791707078840489e+00
2.277191701063629115e+00
2.277594030813977710e+00
2.276226553273061004e+00
2.276751187213581051e+00
2.276398358837122604e+00
2.275961072684729025e+00
2.275921709590610131e+00
2.275312029025934990e+00
2.275615889373816980e+00
2.274555138541900501e+00
2.274660934870007978e+00
2.275130446113353688e+00
2.274500790164540209e+00
2.273976512565884622e+00
2.273255707013428051e+00
2.273927277187219431e+00
2.272770925568412093e+00
2.273297737405040042e+00
2.272942514027609828e+00
2.272569393858692610e+00
2.272502756244315858e+00
2.272006820701287122e+00
2.271539122953729617e+00
2.271487177640115984e+00
2.271204070478202830e+00
2.269820294178562126e+00
2.271510687405755125e+00
2.269942843494855200e+00
2.269478898089027030e+00
2.269999271417887154e+00
2.268931248171447201e+00
2.269147088591176420e+00
2.269408430351552930e+00
2.268574631057283852e+00
2.267925628532203142e+00
2.268297745993621994e+00
2.267443859607769507e+00
2.268095722885860699e+00
2.266825586453871999e+00
2.267745285253496057e+00
2.266978401137242471e+00
2.266536281853939183e+00
2.266629876015665790e+00
2.266367203402585240e+00
2.265536632406796702e+00
2.265878349831079053e+00
2.265627699603780965e+00
2.264634133988667308e+00
2.265543225310155950e+00
2.264335007513648801e+00
2.264645863118044389e+00
2.264523805984882454e+00
2.264203560839148199e+00
2.263823421635242639e+00
2.264413323694192126e+00
2.262725118586794260e+00
2.264313985406460894e+00
2.262274913838839829e+00
2.262874714681009092e+00
2.263068846778688581e+00
2.262568339374392057e+00
2.261621233540227482e+00
2.262727735671906881e+00
2.261208275164554138e+00
2.261814715822801691e+00
2.261708088254238191e+00
2.261327271367610692e+00
2.260903495335446767e+00
2.260570602697433706e+00
2.260160132818115120e+00
2.261076757459317133e+00
2.258944883484145016e+00
2.260223624268434595e+00
2.259033035721123461e+00
2.258790792981045570e+00
2.259148912843150114e+00
2.258468597399599265e+00
2.258009755929834661e+00
2.259018290962067521e+00
2.257788370537594513e+00
2.258423572575039451e+00
2.257312545259276160e+00
2.256844931764797391e+00
2.257796381736066227e+00
2.256294112498685944e+00
2.257254749651453007e+00
2.256268866041098775e+00
2.255891162588551158e+00
2.255787858236224075e+00
2.255508568371991096e+00
2.255056463908140962e+00
2.255157343880436649e+00
2.254852487123445659e+00
2.255049545358494889e+00
2.253572094791512548e+00
2.254321716319477975e+00
2.253348518883036444e+00
2.253613135346534069e+00
2.254103256816593515e+00
2.252197408505287601e+00
2.254065201211683966e+00
2.251446662923972664e+00
2.252165903096658095e+00
2.252165372791269160e+00
2.250890984083390389e+00
2.251409374888531989e+00
2.250527115546643309e+00
2.250663674595184016e+00
2.250389545892238274e+00
2.249859027337129280e+00
2.250614859335039242e+00
2.248763393655177634e+00
2.249315703892217133e+00
2.249164786553857542e+00
2.248743771518471046e+00
2.248064310437496882e+00
2.248172766492719798e+00
2.247770938180544409e+00
2.247612000123898390e+00
2.247066101462042553e+00
2.247447505074185781e+00
2.246584561415179149e+00
2.246707506678610855e+00
2.246489733685710366e+00
2.246714039295024445e+00
2.245335224200953217e+00
2.245988773693211815e+00
2.246152142811104646e+00
2.245165242843695896e+00
2.243781113510089575e+00
2.245116245987438752e+00
2.243921963917768547e+00
2.244275431335158721e+00
2.243335993812015872e+00
2.243752164593084242e+00
2.242961394549246368e+00
2.242969041070707714e+00
2.242965002444587075e+00
2.242242422079265385e+00
2.242376156348924177e+00
2.241949413800030211e+00
2.241794420142479982e+00
2.241633253773173795e+00
2.240118045228594923e+00
2.240931466329659116e+00
2.240560162912803133e+00
2.240346014746816827e+00
2.239550759909322952e+00
2.239490985370906184e+00
2.239645574349201862e+00
2.238182360954676042e+00
2.238858614530147673e+00
2.238471989970500786e+00
2.236922388432197817e+00
2.236901006587991958e+00
2.235877758520502301e+00
2.236574785743101312e+00
2.235351264028224261e+00
2.235227520702136150e+00
2.235115322252818171e+00
2.234561549663737434e+00
2.233885825492571531e+00
2.234859596516263647e+00
2.232959581845495922e+00
2.234322548402076780e+00
2.233092765065873397e+00
2.233266534957480953e+00
2.233259615237295659e+00
2.231130551086653924e+00
2.233246109519110068e+00
2.231505841916856969e+00
2.232211120067109533e+00
2.230699514534387529e+00
2.231186756232261370e+00
2.231037287441906880e+00
2.230982376148431978e+00
2.230186515755141041e+00
2.230139241280457263e+00
2.230505897607443444e+00
2.229797536691323412e+00
2.229018357459610744e+00
2.229533571210723597e+00
2.229154387886685740e+00
2.229671743247842119e+00
2.228462179539438814e+00
2.229258449161004574e+00
2.228322614198108287e+00
2.228727597531129145e+00
2.227734070092120877e+00
2.228058518609914884e+00
2.227775552517808233e+00
2.228049763164705599e+00
2.226733461730987074e+00
2.227561618155484258e+00
2.226184477787971350e+00
2.226397798233486824e+00
2.226955738208100666e+00
2.226692951792266228e+00
2.225959053272895449e+00
2.225723242563895532e+00
2.225196890544253403e+00
2.225761392940418748e+00
2.225761422228060837e+00
2.225047404588439637e+00
2.224477998037049709e+00
2.224795205738696602e+00
2.223980166237924383e+00
2.224294387320446376e+00
2.224475224730771750e+00
2.224477606435863564e+00
2.223237727620260618e+00
2.224299833741766097e+00
2.223496021012158153e+00
2.222418851666928763e+00
2.222943471022623907e+00
2.221340466382542456e+00
2.222298144647546270e+00
2.221755509567535647e+00
2.221974004897425026e+00
2.221180544498761122e+00
2.221083563797370264e+00
2.221825535751886349e+00
2.221265698460885396e+00
2.220148983068160220e+00
2.221115447751876637e+00
2.220044777757622878e+00
2.220992793015154287e+00
2.219618646508460635e+00
2.219422755241532208e+00
2.218959395178385474e+00
2.219594110459994774e+00
2.218972361395721293e+00
2.219195268749838412e+00
2.218168345223806348e+00
2.219561993565924318e+00
2.218137422663694291e+00
2.218436186147579203e+00
2.217467359449167841e+00
2.218229556883711595e+00
2.217429324681370328e+00
2.217806568736410355e+00
2.217135429392267820e+00
2.217616971920347790e+00
2.216339614027913907e+00
2.216771828947143419e+00
2.216306848732914947e+00
2.216506133666467093e+00
2.216339354417988350e+00
2.215709502100364769e+00
2.215929638419834813e+00
2.215241062473779277e+00
2.215303824612634198e+00
2.215492099236971324e+00
2.214451495965283012e+00
2.215049123913411577e+00
2.214567415788091242e+00
2.214621427310634605e+00
2.213681004743788261e+00
2.214658127329388382e+00
2.213872807138348442e+00
2.213226931054139701e+00
2.213198643891333361e+00
2.213059599997075466e+00
2.213568887917788164e+00
2.212920250921702525e+00
2.212507554001476695e+00
2.212959370871839582e+00
2.211213427891875138e+00
2.212486292086380590e+00
2.211972376314059741e+00
2.211484205179262919e+00
2.211713222255528688e+00
2.211402414891783241e+00
2.210801676505945945e+00
2.211399280785597110e+00
2.210024976008484909e+00
2.210591787762011151e+00
2.210022952717979106e+00
2.210341084083438545e+00
2.209622706083456567e+00
2.210237521717109299e+00
2.209119808338099400e+00
2.210895685297806779e+00
2.207663912842861009e+00
2.209987172349419549e+00
2.208975570062298832e+00
2.209131875609561479e+00
2.207705270884968929e+00
2.209854923671528137e+00
2.207923861864472759e+00
2.208500959038773637e+00
2.208461264334437235e+00
2.208256063956757664e+00
2.206826499670435204e+00
2.208767223765643273e+00
2.206892857574880740e+00
2.207724778890230777e+00
2.207354973625704542e+00
2.207611890887961170e+00
2.206247568358902900e+00
2.207150689400507293e+00
2.206647710922457151e+00
2.205977752080897414e+00
2.205544490345558106e+00
2.206970792449327590e+00
2.205025804226832253e+00
2.206233079121048046e+00
2.205342244684673769e+00
2.205626435383002626e+00
2.204754919320731421e+00
2.205103368215826976e+00
2.204089389119361808e+00
2.204792530807484940e+00
2.204410350402695951e+00
2.204083218274902389e+00
2.204146705808140982e+00
2.204100687585093699e+00
2.202544529640271254e+00
2.204204111246828024e+00
2.202682492576487849e+00
2.202814157320118760e+00
2.202370225902086975e+00
2.202749420400696323e+00
2.201597736764994817e+00
2.203141224495806849e+00
2.201114053888474142e+00
2.202497664121444654e+00
2.201290102013102601e+00
2.201879678270755480e+00
2.200802062727049258e+00
2.201136500065120849e+00
2.200979571028886195e+00
2.200804413533591575e+00
2.201316310420680988e+00
2.200395027710592810e+00
2.200045369372133131e+00
2.200471620903081682e+00
2.200071270670587609e+00
2.199534055706673374e+00
2.200192764160806114e+00
2.199510504103290742e+00
2.198249622732631359e+00
2.199892573367864479e+00
2.197754256208595436e+00
2.199725026116656768e+00
2.198206946543453721e+00
2.197815129791104383e+00
2.197877084136925507e+00
2.198678905614176671e+00
2.197675717864170597e+00
2.197891688454654879e+00
2.197100185128164629e+00
2.196702133755946473e+00
2.196901410972232238e+00
2.197324167110441540e+00
2.196260021039923238e+00
2.196865537286469383e+00
2.196156742324946176e+00
2.196501300423481240e+00
2.195827258514177149e+00
2.196105506350912506e+00
2.195165077250099017e+00
2.195960183400477828e+00
2.195594989790934815e+00
2.195659325254180505e+00
2.195014590026217682e+00
2.195031338969897661e+00
2.194648673627483060e+00
2.194828401426983877e+00
2.194160395901652461e+00
2.193851036773069030e+00
2.194219680647452098e+00
2.194330030100843043e+00
2.193540590477901286e+00
2.193804547382491865e+00
2.193774127474797719e+00
2.193885642801800984e+00
2.193079280126077890e+00
2.192825359864335688e+00
2.193068769449219690e+00
2.192894067912837031e+00
2.193631040590751979e+00
2.192318175211910081e+00
2.192764660887378980e+00
2.191563106716108766e+00
2.192662402579734326e+00
2.192050405512655065e+00
2.192412247143716630e+00
2.191339299920038730e+00
2.191566776590160082e+00
2.191200456693970011e+00
2.191034806613115560e+00
2.192184927085273571e+00
2.190458712705437350e+00
2.190389347340740755e+00
2.190325557919652777e+00
2.191261172038315497e+00
2.190593842036916872e+00
2.190111936879783894e+00
2.189617573535473039e+00
2.190266316591868989e+00
2.189201942376704846e+00
2.189750421707706618e+00
2.189971730561990793e+00
2.188380569682894183e+00
2.189639082683391802e+00
2.188783457562046397e+00
2.189524373459686757e+00
2.188622916745571967e+00
2.188460818841997391e+00
2.188307776746965860e+00
2.188187722004738323e+00
2.188018003791382782e+00
2.188571254487457818e+00
2.187541518889726699e+00
2.188474898873584706e+00
2.187291358545517372e+00
2.187255377359730080e+00
2.187583677206672572e+00
2.187477059776857136e+00
2.186961833618110251e+00
2.186232231876318988e+00
2.186559370920625245e+00
2.186884591538255762e+00
2.185550932392817725e+00
2.186549139861253099e+00
2.186147268734166982e+00
2.184713608958360975e+00
2.185219508753681428e+00
2.185225618090196331e+00
2.185055817277020918e+00
2.185101265911570945e+00
2.183991924912478400e+00
2.185083535255186948e+00
2.183399275252515093e+00
2.184269286539556543e+00
2.184269274554835771e+00
2.183806809001163085e+00
2.183790192285549825e+00
2.183329347948100185e+00
2.183678848933620298e+00
2.183154052470705597e+00
2.182475902816595426e+00
2.183284904590190312e+00
2.182345424994722283e+00
2.183470204469534881e+00
2.181574529795858641e+00
2.182842500694657684e+00
2.182096777194830750e+00
2.181957399005382658e+00
2.182130276192570051e+00
2.181258444653812578e+00
2.181352884843138273e+00
2.180951054465808614e+00
2.181807070827551875e+00
2.180526000884608795e+00
2.181123648306555474e+00
2.180364568380916968e+00
2.180586180443517819e+00
2.180278535041908938e+00
2.180799686241587043e+00
2.179320024126704780e+00
2.180410483061195226e+00
2.180162631902437198e+00
2.178626163479651545e+00
2.180263735786292845e+00
2.178631386589185315e+00
2.180442992581459460e+00
2.178424288480589777e+00
2.179752649707103362e+00
2.178846626274729470e+00
2.179195547696750168e+00
2.178279692375685528e+00
2.179321507035672401e+00
2.177847528591806636e+00
2.178973419367784548e+00
2.178171133786089619e+00
2.178407088695557103e+00
2.177285047020681041e+00
2.177835692830359715e+00
2.177515885156266595e+00
2.176961321888235101e+00
2.177592000289376717e+00
2.177359787547541448e+00
2.176953511781245076e+00
2.176989765063223281e+00
2.176571110804218279e+00
2.177068248442975751e+00
2.177344451413495197e+00
2.175626505447286529e+00
2.176321666837644386e+00
2.175486007224356477e+00
2.176422611186880740e+00
2.175700950323431915e+00
2.175476062658301846e+00
2.175885933356017432e+00
2.175560392018376366e+00
2.174775119473075780e+00
2.175453578981422442e+00
2.173939461576216647e+00
2.175693944394101909e+00
2.174359738774534367e+00
2.174387824375415335e+00
2.174791036806578592e+00
2.173792164604966271e+00
2.173917204445650952e+00
2.174532271251399251e+00
2.173435748738525852e+00
2.172957414372448159e+00
2.173606982828214296e+00
2.172658564920548319e+00
2.173425461912557477e+00
2.172793370799816604e+00
2.173273564896639254e+00
2.172035176923596822e+00
2.171749923241557134e+00
2.171369008237836962e+00
2.172152050105315535e+00
2.170224968249994557e+00
2.171558143123429208e+00
2.170869874040638692e+00
2.169956279855955739e+00
2.170429139831299814e+00
2.169468429987490676e+00
2.169429644591902129e+00
2.169639154074532339e+00
2.169168792262868628e+00
2.168577202096935608e+00
2.168338326094819912e+00
2.167903336733542741e+00
2.167799927675184701e+00
2.167848254646263850e+00
2.167715867287854259e+00
2.166387598167634376e+00
2.166794505278767158e+00
2.167011823835380380e+00
2.165847809356097109e+00
2.165924011951819494e+00
2.166791102025495963e+00
2.165503302065120206e+00
2.164809235794610931e+00
2.165036215589301261e+00
2.164939620137837029e+00
2.164183800289116721e+00
2.165380175394591156e+00
2.163887271716432359e+00
2.164227152787918662e+00
2.163953919133682735e+00
2.164657962818671066e+00
2.163439638350725058e+00
2.163975813879027932e+00
2.162873338072109686e+00
2.163315985241758277e+00
2.163603297320354724e+00
2.162679307717391364e+00
2.163420461955928076e+00
2.162184579322386835e+00
2.162412820633901056e+00
2.162033343285964637e+00
2.162845774074525274e+00
2.161966325772341602e+00
2.161134332306778205e+00
2.161873562845162411e+00
2.161148354250648218e+00
2.161496372092809981e+00
2.161994706505919517e+00
2.160190300944024866e+00
2.161514679464483724e+00
2.160275058767891387e+00
2.161108012979152893e+00
2.160318424087389388e+00
2.160402548625029784e+00
2.159944017810035977e+00
2.159509731992286685e+00
2.160250133314447929e+00
2.160124051939012801e+00
2.158582417275246801e+00
2.159674716340413525e+00
2.159238322364370521e+00
2.159067870742983786e+00
2.158709458887795751e+00
2.159284515518046010e+00
2.157782048676910147e+00
2.159115464562242348e+00
2.158047729049625385e+00
2.158344211579696914e+00
2.158135227915437326e+00
2.157491317945719356e+00
2.157754947952411850e+00
2.156927726934256828e+00
2.158301664016352817e+00
2.156950629628394900e+00
2.157727511139432064e+00
2.156726620763420144e+00
2.157332828453670803e+00
2.157027463663927058e+00
2.156748036401138435e+00
2.156296053815179636e+00
2.156322143602223296e+00
2.155969524866096609e+00
2.155817457069955534e+00
2.156250509967424289e+00
2.154921930239238836e+00
2.155580255095073117e+00
2.155370813642899286e+00
2.155093616727677297e+00
2.154688110925239819e+00
2.155060516672541393e+00
2.154043022114099148e+00
2.154769379406290319e+00
2.154367696657730757e+00
2.153857462293456315e+00
2.153699359302454930e+00
2.153673105028572454e+00
2.153810632003291925e+00
2.152655026014731021e+00
2.154071541019162872e+00
2.152803184557833038e+00
2.152350933182569204e+00
2.152895827493090497e+00
2.152142984512102952e+00
2.152280111845893185e+00
2.152672250800147680e+00
2.151893099583503499e+00
2.151445631180845641e+00
2.152301418787103682e+00
2.151237732332921038e+00
2.150737068948027186e+00
2.151280902266865969e+00
2.151219104315309050e+00
2.150485991196190216e+00
2.150767218452061424e+00
2.150267336186753475e+00
2.149494221737757282e+00
2.150814293485875606e+00
2.150244395837647815e+00
2.150267823770244835e+00
2.149767294424071107e+00
2.150037816180452754e+00
2.149655441874151141e+00
2.149158065068100587e+00
2.148657108354353973e+00
2.148994183613756714e+00
2.149151326179279398e+00
2.149029662611044333e+00
2.148291495627393299e+00
2.148036607761737660e+00
2.148171256328737844e+00
2.147768217736172769e+00
2.147937803628826803e+00
2.147354004913853753e+00
2.148035204928571584e+00
2.147224020953188095e+00
2.148220023758542041e+00
2.146723964068922186e+00
2.146725206523126595e+00
2.147547032623581931e+00
2.146488581038180410e+00
2.146344766587223063e+00
2.146103992296023222e+00
2.145963239828289293e+00
2.145975332199788976e+00
2.145545748300438316e+00
2.145391890346274533e+00
2.145635227508285947e+00
2.145420189425232049e+00
2.145424398030987945e+00
2.144846420576046686e+00
2.144320848548004310e+00
2.144172016344249254e+00
2.144904322503559335e+00
2.144896028572926827e+00
2.143931788494227053e+00
2.144796552031289494e+00
2.144369549902638283e+00
2.144109867093942245e+00
2.144300315260875056e+00
2.143461852613782970e+00
2.142991715706919820e+00
2.143260018116848631e+00
2.143117502346707948e+00
2.142425498179887366e+00
2.142044436642737359e+00
2.142819384804686589e+00
2.142137326872263881e+00
2.141975339097443864e+00
2.142300962409450005e+00
2.141273297741731252e+00
2.141357787159025694e+00
2.140791171051630304e+00
2.140872085875156206e+00
2.141263274495069258e+00
2.141000105809883536e+00
2.140325474340248224e+00
2.140505165150033751e+00
2.140339747555453087e+00
2.140422432518085838e+00
2.139633080830143808e+00
2.140040500839410775e+00
2.140513901499768057e+00
2.138794920469463623e+00
2.139845015593900612e+00
2.140072520142887846e+00
2.138890888501145060e+00
2.139002121867281225e+00
2.139410547229150250e+00
2.138789380864465794e+00
2.138491754559877389e+00
2.138416271622009202e+00
2.138669941262762553e+00
2.138443307909822622e+00
2.138022962536810567e+00
2.138651383466161793e+00
2.137773140114854087e+00
2.136556919140812028e+00
2.137408620687808014e+00
2.137655614650121105e+00
2.137118430164451244e+00
2.137441021189139700e+00
2.136891525081438648e+00
2.136947019321682184e+00
2.137026373425132686e+00
2.136614497312397276e+00
2.136693047066430484e+00
2.136660449025649999e+00
2.136329956500641725e+00
2.136652315436183613e+00
2.136722379224651469e+00
2.135706424057189690e+00
2.136066712712116011e+00
2.135665169680926123e+00
2.135764036526488052e+00
2.135206816047900968e+00
2.135397632928504486e+00
2.134820814370099740e+00
2.134391979890344793e+00
2.134141663961368618e+00
2.134733066031706539e+00
2.134466784138268292e+00
2.133981675634477160e+00
2.133599444726695715e+00
2.134626769734965457e+00
2.132482604694569073e+00
2.133069762891409482e+00
2.132902536262568205e+00
2.132581392158086953e+00
2.132934398899944739e+00
2.131889112833841970e+00
2.132539756868870207e+00
2.132140834182107536e+00
2.131635035721313631e+00
2.131669133949639861e+00
2.131531597128081490e+00
2.130868562323438020e+00
2.131908350705025157e+00
2.130708137466380325e+00
2.130843937708611691e+00
2.130810017899763764e+00
2.130116419854104048e+00
2.129827537272431570e+00
2.130451659407845089e+00
2.129396051208735319e+00
2.129336449254354502e+00
2.129702714975350464e+00
2.128978580269877074e+00
2.129319146984896438e+00
2.129155130302597954e+00
2.128856709078511766e+00
2.128356272511786162e+00
2.128708476562520158e+00
2.128609006750011190e+00
2.127749426484345729e+00
2.128317823085544180e+00
2.127542457124182551e+00
2.128136483673265467e+00
2.128402437130380243e+00
2.127104675980828308e+00
2.126871260104996608e+00
2.127267479564775243e+00
2.127539010154756216e+00
2.126914527348340300e+00
2.126268002499736465e+00
2.125691730220844899e+00
2.126446727072781595e+00
2.126151710918265270e+00
2.125469173323292882e+00
2.125683940815528583e+00
2.124844995642438228e+00
2.124978047308049955e+00
2.124721538676670018e+00
2.124566617879316777e+00
2.124532610219004525e+00
2.124629478224647094e+00
2.124132107309720130e+00
2.123917708519991621e+00
2.123897535061872066e+00
2.123719176107466300e+00
2.124167901478111187e+00
2.124327197961323410e+00
2.123396027587725943e+00
2.123420306357641341e+00
2.124005437839289190e+00
2.122973807704628069e+00
2.123052754147458199e+00
2.123257324615505315e+00
2.122602561762229723e+00
2.123322375118590788e+00
2.122399477973723858e+00
2.122460476856978140e+00
2.122115355428102923e+00
2.122211623177765460e+00
2.121726867438654462e+00
2.121863939563100043e+00
2.121871528067353463e+00
2.121028727991126850e+00
2.122059638412351568e+00
2.121530979109091497e+00
2.121008265738576259e+00
2.120548645328546922e+00
2.120470635224141809e+00
2.120471532554212057e+00
2.120154509672783849e+00
2.120304828684165255e+00
2.120670198308737042e+00
2.120182804150502864e+00
2.120232957440768118e+00
2.120288058780392060e+00
2.119297323590552562e+00
2.119356355948890158e+00
2.119048092993213395e+00
2.119600619324253810e+00
2.119500029369723482e+00
2.119242848600465301e+00
2.118719857673881268e+00
2.119043814731833120e+00
2.118784194555861866e+00
2.118652719918793448e+00
2.118427132921838041e+00
2.118352639616299715e+00
2.118606885006144136e+00
2.117949097817839910e+00
2.117919267127920779e+00
2.118026749552293975e+00
2.117111229243106241e+00
2.117685303643552341e+00
2.116984716540279532e+00
2.117210688648247352e+00
2.116717034242344031e+00
2.116510844155359727e+00
2.117190167492546404e+00
2.116353605993852582e+00
2.116498225015665202e+00
2.116074376306202875e+00
2.116728245894832661e+00
2.115963315571354642e+00
2.115690134961869528e+00
2.115814757200146445e+00
2.114756271979766122e+00
2.115885636062474706e+00
2.114480731806087643e+00
2.115414756711711419e+00
2.114102425418121545e+00
2.114407918921834995e+00
2.114008561952455789e+00
2.113541274880888832e+00
2.114011222316388494e+00
2.113525009700170543e+00
2.113210903259985063e+00
2.113395347593391982e+00
2.113177455743283417e+00
2.112954732346620457e+00
2.113075480247135207e+00
2.112613012074950447e+00
2.112359622185130625e+00
2.112178307206867167e+00
2.112653190347970611e+00
2.111803434720767481e+00
2.111605696435886248e+00
2.111800810566109021e+00
2.111732796389334421e+00
2.111176338876185721e+00
2.111505034741892661e+00
2.111351781759888802e+00
2.110501288183074031e+00
2.110986394439680502e+00
2.110889914121128363e+00
2.110705290512289611e+00
2.110767132814365343e+00
2.110046340737834480e+00
2.110751694855154792e+00
2.110225512381206148e+00
2.110481406290066975e+00
2.109867371759274413e+00
2.110361312978807913e+00
2.109275806820728238e+00
2.110233631419098810e+00
2.109577696179733231e+00
2.109342707968011599e+00
2.109368935024342306e+00
2.109499336662354896e+00
2.109299750735794010e+00
2.108545441592551306e+00
2.109265298665241151e+00
2.108465558848663601e+00
2.109166885021276361e+00
2.108309842049204352e+00
2.108844960407986857e+00
2.107598331633948607e+00
2.108146366619873202e+00
2.108085957298706070e+00
2.107753528957890587e+00
2.107961846983157361e+00
2.107251676457098544e+00
2.107460968356473785e+00
2.106924281252601894e+00
2.106881755491999630e+00
2.106359583368991206e+00
2.106554113369861536e+00
2.106284605380825958e+00
2.106586692232137459e+00
2.106048822056957537e+00
2.105981813212377318e+00
2.105876885202873083e+00
2.105466794554773813e+00
2.105750900538161829e+00
2.105471846323292429e+00
2.105105507310337742e+00
2.105650030684125262e+00
2.104928850539063756e+00
2.105469508321790695e+00
2.104438376555866075e+00
2.104874433365097719e+00
2.104827696893550204e+00
2.104744244109496787e+00
2.103929644183738734e+00
2.104714256294771602e+00
2.103744629476569816e+00
2.103604424450883581e+00
2.103795512140498758e+00
2.103877386569513508e+00
2.103035007009599777e+00
2.103113144028688097e+00
2.103062013439653821e+00
2.102477813434700860e+00
2.103058168730956634e+00
2.102334624673859675e+00
2.102313792607233722e+00
2.102356999703538953e+00
2.101345581838553134e+00
2.102342568900781306e+00
2.101702603861401730e+00
2.101498623323195147e+00
2.101454903021756859e+00
2.101291867062784480e+00
2.101479584304777770e+00
2.101678914367921980e+00
2.100368131165153862e+00
2.100915853349822005e+00
2.101230523485408508e+00
2.100295893798534763e+00
2.100635081636835100e+00
