8.912798810617806566e+02
2.544662876314159519e+02
1.814113474298492577e+02
1.622071135172580227e+02
1.505814607377193965e+02
1.398629249001612038e+02
1.290374494599591344e+02
1.175476070247792109e+02
1.050521723598599095e+02
9.143639992445660880e+01
7.714326064435995534e+01
6.283416520115438431e+01
5.027231399579984128e+01
4.130585319040105219e+01
3.551867965579454989e+01
3.155945135056830964e+01
2.854188959849524210e+01
2.610528393791730295e+01
2.406104782107364670e+01
2.229597196128142755e+01
2.075926442768545854e+01
1.944869977780600934e+01
1.830789716439916148e+01
1.728646036498590988e+01
1.637263564099581004e+01
1.556608376206525435e+01
1.484394178491179339e+01
1.419002657633610376e+01
1.360540382799488235e+01
1.308865971541240469e+01
1.262952454653029655e+01
1.221653816300264594e+01
1.184428106011854531e+01
1.151309928889604350e+01
1.120974799398336152e+01
1.094387780886149564e+01
1.070758812045183994e+01
1.047188217850993830e+01
1.025308928933296393e+01
1.004880259313248736e+01
9.858879981054680997e+00
9.677121245465144739e+00
9.507385559957372223e+00
9.342186631592172219e+00
9.189926188011940056e+00
9.055059959037835782e+00
8.920145792794789585e+00
8.801180407385894355e+00
8.688973641575048035e+00
8.576424162047997513e+00
8.472167840448539877e+00
8.372783365156832858e+00
8.281632534678218249e+00
8.196423706737794745e+00
8.116242126273261803e+00
8.046439560168542116e+00
7.974490553501574652e+00
7.904072131811261670e+00
7.838986636771230643e+00
7.777692378076345392e+00
7.720568899958139220e+00
7.669001721275098937e+00
7.612760046417842652e+00
7.565595064392578450e+00
7.519017114115114531e+00
7.471515653577401217e+00
7.428347575187494556e+00
7.386363038348521037e+00
7.344338395725908519e+00
7.305147877245143917e+00
7.270213263785932689e+00
7.236214069508817737e+00
7.198220228806389009e+00
7.168084389743024865e+00
7.136633833991446352e+00
7.104024685385159188e+00
7.077111604147343193e+00
7.044454673097876984e+00
7.013138209691057057e+00
6.988832207338371738e+00
6.958050476492686265e+00
6.927021919564783303e+00
6.896533314679277105e+00
6.879343776546661182e+00
6.850574851095697859e+00
6.826204087047592850e+00
6.806513580916405459e+00
6.779724549147491786e+00
6.760506114452017101e+00
6.733696135543831396e+00
6.716721304588896935e+00
6.693421775824915265e+00
6.667516235243073908e+00
6.652287415519343661e+00
6.629244305825299222e+00
6.607449003605594839e+00
6.590573149201762959e+00
6.568000471991766176e+00
6.551658064399067172e+00
6.530446462848451539e+00
6.512370941150265047e+00
6.500772027311271017e+00
6.475751003017435004e+00
6.461954187823992335e+00
6.444918553115795312e+00
6.428226458679771049e+00
6.413377721150769872e+00
6.395364299654726636e+00
6.377071492099649852e+00
6.358741626987153950e+00
6.339990095568450279e+00
6.322139641283228251e+00
6.305508834141630992e+00
6.289650004446195375e+00
6.270485806220437830e+00
6.254391090494266336e+00
6.240577968803170172e+00
6.224384702427692595e+00
6.209170112348690651e+00
6.195625507710595947e+00
6.187490846763407326e+00
6.172733956752733953e+00
6.159269252949737705e+00
6.142997258728120080e+00
6.132264697196418091e+00
6.123394810666234811e+00
6.103129331169928840e+00
6.094135575554724404e+00
6.075770253746262561e+00
6.071544784990553723e+00
6.060513200552342994e+00
6.042247999471235254e+00
6.037959944336038554e+00
6.022368657771604461e+00
6.009553000801868272e+00
6.009372934445697645e+00
5.989490744330201899e+00
5.976419529230232008e+00
5.966628927574794794e+00
5.955268183471002175e+00
5.951994529565570069e+00
5.936320584143604862e+00
5.924422537601667926e+00
5.908234761766689047e+00
5.906436794106718402e+00
5.886395772470681464e+00
5.882972172380323883e+00
5.865463366381608701e+00
5.848530906371696148e+00
5.846355805746719092e+00
5.829292212040747323e+00
5.820115120410599197e+00
5.808893811036466737e+00
5.798442329860438171e+00
5.783417963095158321e+00
5.774750440105240301e+00
5.763559934249212091e+00
5.754575513169377210e+00
5.740950432587987429e+00
5.735035865909520858e+00
5.724256953610929344e+00
5.715894229131898818e+00
5.702476720028491819e+00
5.698991813313724286e+00
5.692084161790323726e+00
5.670923769551998284e+00
5.662947658355325764e+00
5.656134955953286969e+00
5.640335986581525241e+00
5.641594381537991865e+00
5.633566075759916636e+00
5.614291232091722428e+00
5.611442805155526514e+00
5.615460630724897761e+00
5.593847261810566351e+00
5.582094785112335700e+00
5.568579225557975576e+00
5.568779178291606513e+00
5.551710724047040912e+00
5.562816130376688761e+00
5.531151904481375503e+00
5.533406473198307474e+00
5.505688440443926801e+00
5.512943150765059919e+00
5.493236618839064000e+00
5.499996708044828431e+00
5.465560026850735831e+00
5.464611818224914153e+00
5.460026227216855155e+00
5.450435719052858730e+00
5.445176724894563058e+00
5.427651121367439657e+00
5.424523321045416679e+00
5.401288886287500368e+00
5.407569182894088833e+00
5.396976894824915938e+00
5.379365683362865802e+00
5.376136877999652341e+00
5.361598376360281470e+00
5.360071812198682117e+00
5.344702138150974058e+00
5.347833047384448868e+00
5.332967176059024261e+00
5.316370562074093975e+00
5.317875133718058756e+00
5.304474981164000624e+00
5.287859362130055807e+00
5.291264698308604686e+00
5.273891540421946189e+00
5.279860054853243945e+00
5.265711628940164424e+00
5.263328903554406857e+00
5.261573787374044464e+00
5.240855738182609969e+00
5.236532810855097253e+00
5.237000649837384003e+00
5.232055266953476114e+00
5.224802611504917316e+00
5.207911239197540176e+00
5.205541371036491505e+00
5.214126863412036350e+00
5.193898781090370953e+00
5.197337916653955503e+00
5.176214394012695230e+00
5.183264535102286352e+00
5.166135415009445175e+00
5.153229277774650896e+00
5.156247536543408394e+00
5.150982969243973919e+00
5.145000954262376247e+00
5.139461904548348059e+00
5.126809823713553982e+00
5.120440729473488162e+00
5.113417693939923403e+00
5.114079402633762150e+00
5.099348210357463884e+00
5.092457843640867843e+00
5.092917544656525131e+00
5.087731308669379615e+00
5.066021842381091211e+00
5.081624445550640523e+00
5.050778239894613719e+00
5.072378788189429777e+00
5.041036378221973813e+00
5.051494145808123726e+00
5.040602665356875178e+00
5.045963727373371732e+00
5.029848323671964216e+00
5.018614164230215557e+00
5.026646143987758997e+00
5.020294205950742494e+00
5.009105871510517893e+00
5.000721789133799611e+00
4.990917790629976203e+00
4.999023068042563800e+00
4.988266209576043941e+00
4.972588122843192515e+00
4.975207108501924047e+00
4.975719372545037267e+00
4.967372620346655943e+00
4.955807062639902227e+00
4.949836296399771740e+00
4.949500778787316868e+00
4.941861323618606860e+00
4.926471651918473249e+00
4.924543305335649990e+00
4.927565258461421571e+00
4.918084318747085071e+00
4.897298046061935750e+00
4.912354832376246705e+00
4.908390627583933075e+00
4.908061381787594435e+00
4.890383372722865829e+00
4.878013821755932788e+00
4.873570005044094877e+00
4.887361195246938017e+00
4.876293409483601238e+00
4.857108092731828641e+00
4.861424783257292326e+00
4.860639396971628834e+00
4.858434977372486863e+00
4.847412844617175587e+00
4.851786833073295391e+00
4.839793242677472129e+00
4.826842018269649870e+00
4.824840428859741515e+00
4.835109258515102759e+00
4.811396972120490112e+00
4.811631679223804525e+00
4.800907259240830172e+00
4.817651812615125095e+00
4.798556851748653429e+00
4.791799089522037924e+00
4.792491485281952457e+00
4.792460711449995081e+00
4.770798045638794171e+00
4.786083912694505393e+00
4.794784639636337609e+00
4.768032400384348612e+00
4.761977307942967919e+00
4.750196145089156552e+00
4.759289092992844417e+00
4.740570007115377571e+00
4.763327538475931711e+00
4.736785764052066305e+00
4.759265386399779807e+00
4.745303826983205298e+00
4.716242930346134621e+00
4.724473556322668522e+00
4.708104888816531108e+00
4.729774640166801269e+00
4.723266264808906989e+00
4.703761676502945299e+00
4.693216943394511453e+00
4.726917991258442697e+00
4.725538775500887745e+00
4.666093355525451791e+00
4.677411082425788180e+00
4.663772259625501349e+00
4.680477616760891024e+00
4.658313992573970275e+00
4.677224523635434394e+00
4.672004326785315520e+00
4.695783148042548483e+00
4.685503575384491803e+00
4.629502591448179771e+00
4.646964086534810079e+00
4.627203913539163160e+00
4.626727905011041919e+00
4.623423587805196355e+00
4.628677749869599012e+00
4.614173549235753846e+00
4.641508478891362088e+00
4.650367573763455553e+00
4.589750323559306899e+00
4.570371393032384155e+00
4.583250301633946755e+00
4.564353537857923193e+00
4.568478616366653533e+00
4.564635943972382925e+00
4.562249087745276377e+00
4.558725620287018110e+00
4.569210439177759930e+00
4.579265163159333518e+00
4.567146497877927480e+00
4.589036804023288063e+00
4.552698523647771722e+00
4.526444351507127983e+00
4.537355322381210421e+00
4.509558251155789677e+00
4.532784405238261094e+00
4.529085080402155405e+00
4.558735304971528457e+00
4.575907345544348637e+00
4.523529986956630999e+00
4.522227401386506251e+00
4.504756487804512766e+00
4.487408703524191189e+00
4.486118867467154381e+00
4.492757882270502101e+00
4.484717830826448370e+00
4.475231329134203406e+00
4.490978038895332425e+00
4.534062373252386813e+00
4.544876251711004400e+00
4.548248367167331274e+00
4.469042192536598179e+00
4.485175732520053415e+00
4.465883053187503116e+00
4.470086435323092466e+00
4.451792640478628549e+00
4.502791739690438000e+00
4.516003278434904011e+00
4.539625034078907717e+00
4.492059425442873177e+00
4.537725721185731587e+00
4.481223859756270578e+00
4.485954055957905418e+00
4.444538231059214972e+00
4.468859812119029051e+00
4.433845100473777556e+00
4.443970516679816463e+00
4.407994449745930687e+00
4.434354068934223569e+00
4.398934408550211117e+00
4.440809532461464926e+00
4.406743015802752517e+00
4.437498704873697797e+00
4.401417444114451349e+00
4.442497192668041883e+00
4.416799461576534469e+00
4.441583838696786302e+00
4.407417634809958074e+00
4.372941345192027818e+00
4.346888790003467840e+00
4.370697067384962331e+00
4.350030250330413573e+00
4.400414720280670267e+00
4.418799846988422431e+00
4.412256568159382830e+00
4.390663152074194109e+00
4.400557061085403454e+00
4.364573944228677504e+00
4.390253650680081776e+00
4.356472860245498957e+00
4.334813213039878654e+00
4.319752833251627067e+00
4.323812874602485756e+00
4.317192958557789062e+00
4.337406007521548368e+00
4.323009585165645596e+00
4.356460839687575692e+00
4.362069882568614609e+00
4.430822364077660502e+00
4.427847377536765272e+00
4.368456491898019323e+00
4.334257825657803487e+00
4.282648695776360981e+00
4.286236631355699878e+00
4.275952342002981688e+00
4.267297280072845922e+00
4.279636041961090598e+00
4.275477443067668304e+00
4.270033337097112636e+00
4.276162245032388398e+00
4.259122553219836682e+00
4.277976015589630698e+00
4.322773529980382001e+00
4.277594872446958796e+00
4.262741204405318562e+00
4.245711615921382354e+00
4.322872092763510032e+00
4.333881591903639752e+00
4.337582119954324966e+00
4.320393795231836087e+00
4.255441798564357114e+00
4.220404873163245973e+00
4.234377081734094439e+00
4.238675857726794227e+00
4.238844085835978603e+00
4.245315377743694718e+00
4.285271998244316372e+00
4.332009354972893966e+00
4.194402780406614184e+00
4.217791549589599676e+00
4.193738512347439773e+00
4.199351009134669077e+00
4.192621404878795310e+00
4.198306074135637722e+00
4.198611709432032768e+00
4.206951415763941604e+00
4.227136175426408293e+00
4.179877136230460088e+00
4.190048821595209638e+00
4.204518795032144318e+00
4.223523086185063669e+00
4.236564755770615420e+00
4.263720675625561007e+00
4.295630637707457566e+00
4.156375008391187009e+00
4.156017561918500469e+00
4.173971930155469856e+00
4.155581856299161991e+00
4.205030935404673542e+00
4.208095456432791259e+00
4.186269711487247136e+00
4.149016136761983553e+00
4.167233638058400302e+00
4.162290409467221508e+00
4.231229204640964525e+00
4.273153925432486844e+00
4.121888258375059344e+00
4.162224081491106453e+00
4.125769248909493037e+00
4.114781134103941973e+00
4.162817889861577747e+00
4.154687706490983068e+00
4.210534525936885153e+00
4.240775197035474342e+00
4.155158540365584408e+00
4.129708112969470157e+00
4.152648857366345148e+00
4.133755387578617935e+00
4.118941951763340548e+00
4.102105759902694437e+00
4.140676172166847913e+00
4.139271205605074222e+00
4.105345797403079366e+00
4.086964960371165745e+00
4.103342882194141339e+00
4.090381527417707552e+00
4.115427115409635128e+00
4.144970766082330726e+00
4.116742938294114751e+00
4.091712953335655989e+00
4.082307409071149529e+00
4.064721199592510104e+00
4.055310328268226350e+00
4.101400138622047997e+00
4.127172724571759765e+00
4.065178397375988517e+00
4.080493634547599946e+00
4.082398664559651280e+00
4.128918247962062082e+00
4.085115036038871494e+00
4.073201220130116873e+00
4.083062897414487580e+00
4.097132349078508540e+00
4.098336544207504595e+00
4.055389226048972340e+00
4.051421860384957441e+00
4.054407967621569853e+00
4.049295472100977733e+00
4.029746216858694829e+00
4.058423673399794929e+00
4.013816521939608251e+00
4.045775748914684833e+00
4.021662909996156721e+00
4.018255317209273869e+00
4.000360554481806830e+00
4.025665233954889288e+00
4.075556972138303813e+00
3.992255087486296095e+00
4.027901466278391851e+00
4.061085149443629305e+00
3.995719836001900394e+00
4.032671428825752358e+00
4.041372503712188369e+00
4.056366357534446188e+00
4.045388098532378685e+00
3.977174371016237497e+00
3.956746287043347632e+00
3.974085916337312785e+00
3.981945864824570691e+00
3.977857105609262423e+00
3.954467215669875912e+00
3.974790116300152665e+00
4.008436005042809391e+00
4.017094672494567753e+00
4.020954329085332013e+00
4.030828064350353124e+00
4.060593363979155157e+00
3.965933587211620814e+00
3.930784178786876026e+00
3.944762970519633427e+00
3.976429500327814726e+00
4.017770328855633011e+00
4.017859196961504509e+00
3.999740319878502870e+00
4.012205701684412595e+00
4.008136738483552897e+00
3.983543036824114481e+00
3.964455133590340186e+00
3.943557455269706580e+00
3.964156858641709746e+00
3.960023302598860706e+00
3.961357281912959660e+00
3.952439889257428618e+00
3.969711533531114611e+00
3.945423240691679823e+00
3.945986997712246591e+00
3.928992772932364819e+00
3.956223839719971380e+00
3.916227488059267348e+00
3.913584104781402839e+00
3.889909102753675629e+00
3.928586956858696411e+00
3.894679559694984139e+00
3.918742225428577530e+00
3.943163576880111876e+00
4.007709182021850225e+00
4.019166761419403322e+00
3.912831410713502933e+00
3.874763155106263568e+00
3.886506363076147164e+00
3.877480937128385374e+00
3.888062787501363360e+00
3.881895202732467798e+00
3.885045732364612814e+00
3.872714761266124128e+00
3.884579529833394052e+00
3.882571497274947436e+00
3.861901979214994896e+00
3.854111312580924764e+00
3.883950913255100890e+00
3.874998781362778644e+00
3.888668672045728414e+00
3.879084165256903916e+00
3.852559465683658146e+00
3.837671920893291233e+00
3.853346497052204445e+00
3.832137605127660773e+00
3.853368232034434460e+00
3.866023486776999363e+00
3.862992498399649310e+00
3.853453314221722437e+00
3.858829244078812781e+00
3.918595545784793188e+00
3.867083470580729099e+00
3.877506030162346295e+00
3.850776865216462230e+00
3.848068518582179909e+00
3.856215406576600113e+00
3.808459373336187781e+00
3.835038903164541768e+00
3.853740788827512365e+00
3.810568684294571629e+00
3.813848505587956961e+00
3.806624053466609592e+00
3.803538469461633653e+00
3.809555673457649672e+00
3.847236238298557875e+00
3.855387860096310515e+00
3.827865685077986413e+00
3.848794899749633291e+00
3.820554773122335490e+00
3.827134015846855863e+00
3.803180507159430679e+00
3.783406611584542834e+00
3.780067090157950727e+00
3.781317354863457325e+00
3.797355972569912641e+00
3.810025159204805778e+00
3.793154890733088980e+00
3.759675894947367869e+00
3.783832902802965581e+00
3.790334764437621740e+00
3.791052999404064039e+00
3.772999356528302428e+00
3.803120409878604224e+00
3.797569970237535397e+00
3.812016918484025130e+00
3.846751559800647868e+00
3.917612861903136956e+00
3.753249255345002311e+00
3.741840081099671256e+00
3.726009852943681366e+00
3.759272162116631844e+00
3.759931834431528674e+00
3.774958425776727911e+00
3.745103693936801648e+00
3.762493474283865158e+00
3.794661271344674347e+00
3.797578604303229799e+00
3.738514131757860515e+00
3.780337696558948135e+00
3.873605192409069087e+00
3.778534821875195959e+00
3.745681606418385101e+00
3.765358002167026541e+00
3.860629066478510563e+00
3.741822928541124416e+00
3.713810055516709951e+00
3.741368919808036875e+00
3.724677297122763964e+00
3.734859469814328481e+00
3.727370291015539294e+00
3.719587970575070290e+00
3.711739120568115613e+00
3.697887096257827633e+00
3.705972393019704381e+00
3.711194618111866461e+00
3.728435435424928723e+00
3.790709465653042898e+00
3.853495401081114213e+00
3.737736996780458565e+00
3.688545956932188563e+00
3.699538489134862385e+00
3.689656164808626126e+00
3.697191400385106963e+00
3.678101999494318264e+00
3.682955049608273246e+00
3.682744618700503292e+00
3.685774236485408029e+00
3.695185531085000363e+00
3.724500427689562354e+00
3.809791255238879959e+00
3.873476775153585905e+00
3.701200734120785096e+00
3.709468458515656319e+00
3.700350216656362434e+00
3.669507827889689100e+00
3.675506657466549587e+00
3.671328397179393743e+00
3.690824864552754381e+00
3.674472940506035901e+00
3.669096679187720866e+00
3.667868254626831970e+00
3.675779253173021122e+00
3.691667956543388751e+00
3.688591292481679051e+00
3.657957572954556813e+00
3.681392530212456382e+00
3.675319421786333418e+00
3.665315469321840158e+00
3.645189817860863712e+00
3.641681905818499487e+00
3.645462995321041344e+00
3.674548222540062969e+00
3.740373686640740658e+00
3.776390721648463344e+00
3.760408724937404301e+00
3.668927804378729007e+00
3.640667959677989174e+00
3.632205934357239929e+00
3.613965397836435667e+00
3.620168633388313850e+00
3.620794004282255951e+00
3.621544519999666534e+00
3.614558236536785429e+00
3.616258648207878679e+00
3.633805383814584289e+00
3.641641171666395227e+00
3.662929584727466548e+00
3.775315364958642395e+00
3.747226364056208681e+00
3.692562774925839619e+00
3.619833710429690043e+00
3.595014467900619071e+00
3.598498520972823300e+00
3.603213655997702602e+00
3.605065356369907548e+00
3.600963476633127769e+00
3.598049199925547725e+00
3.595307088341335611e+00
3.605747558751190240e+00
3.633500071692311817e+00
3.632161829252552376e+00
3.659164033514693770e+00
3.651574306153909877e+00
3.653081008134468011e+00
3.723044409423540646e+00
3.685237737923515056e+00
3.690397484384192239e+00
3.677687054117479537e+00
3.634943243490916132e+00
3.629171240130845799e+00
3.599295026810333642e+00
3.569261065239415220e+00
3.572671622578460049e+00
3.555567835439642721e+00
3.553404025219589979e+00
3.557330889802283291e+00
3.550551907473681101e+00
3.558143371084067752e+00
3.567988113772106118e+00
3.580556389742087120e+00
3.568703671990720139e+00
3.575075884997973574e+00
3.634788898256050782e+00
3.617507378185059963e+00
3.612451681926378999e+00
3.585979656934901172e+00
3.595736877393377551e+00
3.555687466796963125e+00
3.549674695442947669e+00
3.553898874403050190e+00
3.557788093375512606e+00
3.562071465806129211e+00
3.611208167646611233e+00
3.655121953289811376e+00
3.623445230040719167e+00
3.650759559101235840e+00
3.626245337927324286e+00
3.620591751785211088e+00
3.626581826059978919e+00
3.580944555027450793e+00
3.540908714168482518e+00
3.505109593541499535e+00
3.514696277055673335e+00
3.502258867871699710e+00
3.513025353172607890e+00
3.512430924848597869e+00
3.518988570854341358e+00
3.543817110758025191e+00
3.586311812479328509e+00
3.657553281586086502e+00
3.570523651936609699e+00
3.639075099102516031e+00
3.543986258736146144e+00
3.543051821212921837e+00
3.524689949058325222e+00
3.515437483199960855e+00
3.501732238652386808e+00
3.523928822950524786e+00
3.514157278269998130e+00
3.503435868302987810e+00
3.501714029597797317e+00
3.504611200264233783e+00
3.514132083983968258e+00
3.560714180866755285e+00
3.571926819095850192e+00
3.677280144282796481e+00
3.590154638826787092e+00
3.614756954370020647e+00
3.540269632767223840e+00
3.537561429036596206e+00
3.508337877169604990e+00
3.483248395336731917e+00
3.516235175158302528e+00
3.516759577119253688e+00
3.505436438913527297e+00
3.498407363855581931e+00
3.524486415194632016e+00
3.553826282924536617e+00
3.542758740907083759e+00
3.523307310540763737e+00
3.470168466117355965e+00
3.465638786557625028e+00
3.466295857752009990e+00
3.461011674830167806e+00
3.467478222728340942e+00
3.470054159944913508e+00
3.485363674671905443e+00
3.496427003448665527e+00
3.547162777769505837e+00
3.549236517535801383e+00
3.559529974381900441e+00
3.437575791998349839e+00
3.461879515000095164e+00
3.454892186075277483e+00
3.453936143124579417e+00
3.452752407098020893e+00
3.470123140528897476e+00
3.470669071214041335e+00
3.495362612138865455e+00
3.527894072951206272e+00
3.489374797588074895e+00
3.481717006898872313e+00
3.545342138528386755e+00
3.460718833654984561e+00
3.457467978857269753e+00
3.428795836325962298e+00
3.463604070362165999e+00
3.478841939759501400e+00
3.480817927836955317e+00
3.468522546725907318e+00
3.427703732810284176e+00
3.429389428758097491e+00
3.439007719903160787e+00
3.440640650989264415e+00
3.468817200999942951e+00
3.465747101136482655e+00
3.526644219493340060e+00
3.581955234024293944e+00
3.434455240444513890e+00
3.403376155658956126e+00
3.411983249891244352e+00
3.396092715485082181e+00
3.411579489619925187e+00
3.396176873907017946e+00
3.407221867470492160e+00
3.402244862703623252e+00
3.462679089654034925e+00
3.474573009583464156e+00
3.475604313851534233e+00
3.483301346230360807e+00
3.502648085160434466e+00
3.431535566976154694e+00
3.391707335446872307e+00
3.393641134206258680e+00
3.425637630452147420e+00
3.415853389545810526e+00
3.378126364079975463e+00
3.430644299073382086e+00
3.465921586402949561e+00
3.432263846518069261e+00
3.443065984250373024e+00
3.485316718151379334e+00
3.461605553972422644e+00
3.396291654132044702e+00
3.363056277546200068e+00
3.373202515140585334e+00
3.363629960563541577e+00
3.381035526188798546e+00
3.403975847111823327e+00
3.391663552924208513e+00
3.494185932923986826e+00
3.575016661876686097e+00
3.424478586577485828e+00
3.374416958422255419e+00
3.380688480070013657e+00
3.376892467374707607e+00
3.416425754249504010e+00
3.424251733094613837e+00
3.391111048113842230e+00
3.390955724603575305e+00
3.366958658309331387e+00
3.378894122166979930e+00
3.390938413230913273e+00
3.400658259546605944e+00
3.367295504025489716e+00
3.392600526544450545e+00
3.401752463163032925e+00
3.389029955336143374e+00
3.341123643716288338e+00
3.375883112310069212e+00
3.377524979804944039e+00
3.416335988121767642e+00
3.472015194737867905e+00
3.368095709040120678e+00
3.357294337026045739e+00
3.356039070300275373e+00
3.339239945551834676e+00
3.342861214886239107e+00
3.336566654754429262e+00
3.361243234844309313e+00
3.420422965829430506e+00
3.395546711898856262e+00
3.387574709274710383e+00
3.364110011211734363e+00
3.362080773626030084e+00
3.416260702899047264e+00
3.370640696747276621e+00
3.345249705579293575e+00
3.322716125582767521e+00
3.321394577557338579e+00
3.338583684565651577e+00
3.352979537716298974e+00
3.415399390238169630e+00
3.396631844489075291e+00
3.369009054110952306e+00
3.311648082599306875e+00
3.325976620353362723e+00
3.320274630311389696e+00
3.325837999592859973e+00
3.387441954093628027e+00
3.383755924573874196e+00
3.310363370860493148e+00
3.320077726197387502e+00
3.319988374686151378e+00
3.314628127011129965e+00
3.340243153957123123e+00
3.367906759758586777e+00
3.366357697169844343e+00
3.299813741721818072e+00
3.316844564576786780e+00
3.296415816683039512e+00
3.330088217979344734e+00
3.358257168795883985e+00
3.391950171264957792e+00
3.293874362780691456e+00
3.302700176082226324e+00
3.295704549363014380e+00
3.313638442364576608e+00
3.287216832122827004e+00
3.323660650998132127e+00
3.319077736245972687e+00
3.351463758103463420e+00
3.312597311739261752e+00
3.264033192312306486e+00
3.277406648485712282e+00
3.292287720438181520e+00
3.319024034553811120e+00
3.317337897763044108e+00
3.301293780178039317e+00
3.292143395910996251e+00
3.325747365255347976e+00
3.405095323767231452e+00
3.382020388596543636e+00
3.285496115670090589e+00
3.287259624722314921e+00
3.275209459783826826e+00
3.255158813837559340e+00
3.268753683202274107e+00
3.265926714447488610e+00
3.261535341053991122e+00
3.329377164460012306e+00
3.362489066958709305e+00
3.287053898647671613e+00
3.283689087504760185e+00
3.254779942459069986e+00
3.256888342557388683e+00
3.255932139809990300e+00
3.309668276529142972e+00
3.317859907300530597e+00
3.409702153072214248e+00
3.317486997960477524e+00
3.371721038406076953e+00
3.293517466063295540e+00
3.248207768353944314e+00
3.251314747611439682e+00
3.245198802587982545e+00
3.228144531856605770e+00
3.242636446968762964e+00
3.229727266126090957e+00
3.262809487637180705e+00
3.282659364709848759e+00
3.278226524186010682e+00
3.275913348358364896e+00
3.242769583956917945e+00
3.253698814620878732e+00
3.253176663979806094e+00
3.255277234952014709e+00
3.285168583655239782e+00
3.275624361988783040e+00
3.293885950747281743e+00
3.256949521771117073e+00
3.249905292048037797e+00
3.243144364433430571e+00
3.250082834029375700e+00
3.227961583035246829e+00
3.277403664087826574e+00
3.290754625953203671e+00
3.334897952873347560e+00
3.316675320140420435e+00
3.222677753447752647e+00
3.217963800404142649e+00
3.205988419426337277e+00
3.222959332459512272e+00
3.271314343404861713e+00
3.258782400018123138e+00
3.277603454464122823e+00
3.278835710994384645e+00
3.226408011049853641e+00
3.215469832559612939e+00
3.239631826109162560e+00
3.236138493820185147e+00
3.237672759775779507e+00
3.222051319064392683e+00
3.208737838034339429e+00
3.188155505149380620e+00
3.218304602684863180e+00
3.326232394934400816e+00
3.323726786682990930e+00
3.223829576974177602e+00
3.247080616942481512e+00
3.223323795395501623e+00
3.201911804789435489e+00
3.207455651316898582e+00
3.206601847333022892e+00
3.240697055028787688e+00
3.267761163648613021e+00
3.263742310265324686e+00
3.273959081242172164e+00
3.215426394161905232e+00
3.202501637651742339e+00
3.179587543342397904e+00
3.183598461249566469e+00
3.188301964980265524e+00
3.183892339232755830e+00
3.252406161474806989e+00
3.365558659370860184e+00
3.341544833441394857e+00
3.209357475605368659e+00
3.171311025988786003e+00
3.177987899881871581e+00
3.181588741148228205e+00
3.179188134719253878e+00
3.168204838873206253e+00
3.174566591222001577e+00
3.191789829567154069e+00
3.178759925813323672e+00
3.200438148505359237e+00
3.192895190261005656e+00
3.281199305193936766e+00
3.236834550478060013e+00
3.268492500664483824e+00
3.270696753162023018e+00
3.235755842044535147e+00
3.165032870637096263e+00
3.162177968733019373e+00
3.146003456081896132e+00
3.150638899361780876e+00
3.152563965452697570e+00
3.177425316503983854e+00
3.165016761604750872e+00
3.255524558243734656e+00
3.246262946561410789e+00
3.210521148184826146e+00
3.200232147809495498e+00
3.139274781953865556e+00
3.146701489478469949e+00
3.167180530207690747e+00
3.152787932399845783e+00
3.148904439331669636e+00
3.161390159268176792e+00
3.181771970328620469e+00
3.238006705604254964e+00
3.217759834269960706e+00
3.164075705751342227e+00
3.146342211192252325e+00
3.136207282357818205e+00
3.144373617535288989e+00
3.164560301882392235e+00
3.182514534361561065e+00
3.202456858460058342e+00
3.189876594419028155e+00
3.213788384767694239e+00
3.131319178308725970e+00
3.144946996731084354e+00
3.164886840106838406e+00
3.197299007533036974e+00
3.269078729638859926e+00
3.162141373214081952e+00
3.153265083178004247e+00
3.130267869060470165e+00
3.117204711631057723e+00
3.123696967118979373e+00
3.109540058762972681e+00
3.207117106736253831e+00
3.243977219650915345e+00
3.197929588622620667e+00
3.156312587770313538e+00
3.091316983218140191e+00
3.118040594704060364e+00
3.130074856877730127e+00
3.105082971024582417e+00
3.128112355103713327e+00
3.135148533675585103e+00
3.158846829726608352e+00
3.161119436748281775e+00
3.163514035009300063e+00
3.190898220797652840e+00
3.145012482763626327e+00
3.122691415513223490e+00
3.162401222637561293e+00
3.149654377846140108e+00
3.158654283025095211e+00
3.135762086219413991e+00
3.138739646739397315e+00
3.114245400785282225e+00
3.151374119841730437e+00
3.156728791225528852e+00
3.152990177912989633e+00
3.158597333840985844e+00
3.123053637410443173e+00
3.084852727650669646e+00
3.097470057314783087e+00
3.118208223087549413e+00
3.087096466293560937e+00
3.218977014444961871e+00
3.126267311114365288e+00
3.113187759207821870e+00
3.131349843603235872e+00
3.090070370721963666e+00
3.124199182517048978e+00
3.114370412552402101e+00
3.124683150284821576e+00
3.152232293758582937e+00
3.099097023553521790e+00
3.139843955107325613e+00
3.083292424713885094e+00
3.090532907043268551e+00
3.129569191710483533e+00
3.116074005322547080e+00
3.116033512355200319e+00
3.107671440503290583e+00
3.091932207954326994e+00
3.092443953189604855e+00
3.057825114197272764e+00
3.068940303106684642e+00
3.134088481186713349e+00
3.102936038869503310e+00
3.177510154454409985e+00
3.164687808432525173e+00
3.126245950100573268e+00
3.060914695230765759e+00
3.073080348796485950e+00
3.061155015654772438e+00
3.070693644855342352e+00
3.058307937964764189e+00
3.084709032802424034e+00
3.099654583291464593e+00
3.078120462566907189e+00
3.068641175657528475e+00
3.072373980952821437e+00
3.060795336625611540e+00
3.184878360341532488e+00
3.149371792751558541e+00
3.079569570857464189e+00
3.056050535283681757e+00
3.062869144077227990e+00
3.062557815015114926e+00
3.058894524390465719e+00
3.092514033041293686e+00
3.081994017241706185e+00
3.100860651542422630e+00
3.073507152699225475e+00
3.101365612738479438e+00
3.121912694262242383e+00
3.094707323533955279e+00
3.055835646810275197e+00
3.075902018267899773e+00
3.069986522197798440e+00
3.058277280202771120e+00
3.058098468236232659e+00
3.113780142758148628e+00
3.058574163540104252e+00
3.062661109780703494e+00
3.106882709764015260e+00
3.062760409283391549e+00
3.055035645110588671e+00
3.035772046835676807e+00
3.034731937723460504e+00
3.040695702278248813e+00
3.049912603817343193e+00
3.089075961500211687e+00
3.150003386626460067e+00
3.144111951815926176e+00
3.050557490266195160e+00
3.028090667450194839e+00
3.050329791138722157e+00
3.028968461467110629e+00
3.019642580342977833e+00
3.037695364237768647e+00
3.080836670213573658e+00
3.084948661575167339e+00
3.086294933344245095e+00
3.055613199908745248e+00
3.020583104542062802e+00
3.030906779900540915e+00
3.030698644558961430e+00
3.038639487130941674e+00
3.075353081753046336e+00
3.150793133441476268e+00
3.102270252930660277e+00
3.042164373987192416e+00
3.017400383594202040e+00
3.017896982569336473e+00
3.034572574018125746e+00
3.026565981081750234e+00
2.984367982295537569e+00
3.032775619648032883e+00
3.011519444696038050e+00
3.017157255288323459e+00
2.994436259657234700e+00
3.010019128643834474e+00
3.020043318013737377e+00
3.057517245564512098e+00
3.101110079601726799e+00
3.109204259880172128e+00
3.026981316587306292e+00
2.994869701066677603e+00
3.005720332558578178e+00
3.013875556315376958e+00
3.008451672975628099e+00
3.033612193423655068e+00
3.018475200950286652e+00
3.071544001747361197e+00
3.020338475808514556e+00
2.999509293676485111e+00
3.033669079917832523e+00
3.007702191615007070e+00
2.995199865779477832e+00
3.015510502577204210e+00
2.982171659881713399e+00
3.003520866913637288e+00
3.079648431313749768e+00
3.013823571861581119e+00
3.007216887545325346e+00
3.001669386882898749e+00
2.982152328779132944e+00
2.987416908151207195e+00
2.980627614608016174e+00
3.062907614486836128e+00
3.050290206635074330e+00
3.019172362527639653e+00
3.016610855518047529e+00
3.003257079671487251e+00
3.000209268905850823e+00
3.005135600528943129e+00
2.984438374529684967e+00
3.022594677612660430e+00
3.014721890387011882e+00
2.976010088867154568e+00
3.006737443267191612e+00
3.008974535013627882e+00
2.975591414233146992e+00
2.986637695819414073e+00
3.034060673031264699e+00
3.021862004255725154e+00
2.972436976421084953e+00
2.979407580475986972e+00
2.977046293072181271e+00
2.993952691491458040e+00
3.021034412964242133e+00
2.983614100005737679e+00
3.055162715336617207e+00
2.997548820129009695e+00
3.012814646262929497e+00
2.976762272128178122e+00
2.965560128524852956e+00
2.961522761206563548e+00
2.950699479557763016e+00
2.974797732843710296e+00
2.951976723988999129e+00
2.987124534348224003e+00
3.019197204694365144e+00
3.023016519058754792e+00
3.027264736010394586e+00
2.955437718953247472e+00
2.985847899967575270e+00
2.967753444861994438e+00
2.953946763667154141e+00
2.955020171910598847e+00
2.955592627667451566e+00
2.951896357896135026e+00
2.977679848181403077e+00
2.973873845216445932e+00
2.979666685152571493e+00
2.975493342211298131e+00
2.979184790923122161e+00
2.949396346183881690e+00
2.942500477488392274e+00
3.023891931950086320e+00
3.044729782256962114e+00
3.040510287749302876e+00
2.941045206013158886e+00
2.937603737738147203e+00
2.939479905205034882e+00
2.923309162132051497e+00
2.942028037525581841e+00
2.920650389436101779e+00
2.944170432155981398e+00
2.956783507705819769e+00
2.986716318923543501e+00
3.034229874274790628e+00
2.978863088978777274e+00
2.949139520196652153e+00
2.966056542664281537e+00
2.932432286875393146e+00
2.897768470448738309e+00
2.949801019758564014e+00
2.946856740812833220e+00
2.940429863452689307e+00
2.951001213260328271e+00
2.949702821736510217e+00
2.968473193091375695e+00
3.015570320535903459e+00
2.950520219936034749e+00
2.918314833583055101e+00
2.918507678714007181e+00
2.934867386534999678e+00
2.918463957320547753e+00
2.890467311990899901e+00
2.955045906783769993e+00
2.963351976483062700e+00
2.972221062708397810e+00
2.929073518467945281e+00
2.958804899386686227e+00
2.977487825471629268e+00
2.936078191203863152e+00
2.946930961850793285e+00
2.932585430005421490e+00
2.939351432766569960e+00
2.902364101071296165e+00
2.916677933685619450e+00
2.895932823546108370e+00
2.907165308815061966e+00
2.909143250205273201e+00
2.935302316889283336e+00
2.950757519493608871e+00
2.940450740160615251e+00
3.028676740808569523e+00
3.021729658648380390e+00
2.954013193763813661e+00
2.936094817092592901e+00
2.903073893605854661e+00
2.891537406567740831e+00
2.923937591836252015e+00
2.899213380298233833e+00
2.906536218080441714e+00
2.900214156674083110e+00
2.941660764413000617e+00
2.895357155906658875e+00
2.924014055325681483e+00
2.926142612824633726e+00
2.912846201550368885e+00
2.911420602753320708e+00
2.911997074410172193e+00
2.921322295995311791e+00
2.916727772027323251e+00
2.942152164874987097e+00
2.919332154580496663e+00
2.942379859707434431e+00
2.927977173145620782e+00
2.918997772631840792e+00
2.901737291697715548e+00
2.868301465681267093e+00
2.884303071731241008e+00
2.903117064754556775e+00
2.911487428666563293e+00
2.936583780728369231e+00
2.969141160854345873e+00
2.917252805779994684e+00
2.913107079604298821e+00
2.876798136581495413e+00
2.897897800549703362e+00
2.903465494324003249e+00
2.874072259134441865e+00
2.907828892198744075e+00
2.931014283103067886e+00
2.897918181938745619e+00
2.865957348581471553e+00
2.876883966554069527e+00
2.898300784157280763e+00
2.904362401652877512e+00
2.896878442005695664e+00
2.890599026263548144e+00
2.893022370981006564e+00
2.874749313325640099e+00
2.861344647002391994e+00
2.928706094800295645e+00
2.884041158776757374e+00
2.890193978754501458e+00
2.874448223333818220e+00
2.954956809035127918e+00
2.946541939642774555e+00
2.868780322419484108e+00
2.848107883562839504e+00
2.876125721776053634e+00
2.888255905118164879e+00
2.872130118397292264e+00
2.875643043275324828e+00
2.893806597291218363e+00
2.882507594854478494e+00
2.862929487710891507e+00
2.869313871716905329e+00
2.859422641396579312e+00
2.854566321864736356e+00
2.875396610386369289e+00
2.947208576678929770e+00
2.904051463346961182e+00
2.875114697560478216e+00
2.861603361862715023e+00
2.866386351334866855e+00
2.865990169538864318e+00
2.903425116051115307e+00
2.853866053064206820e+00
2.863807696896543131e+00
2.829704240063700471e+00
2.874602175191190323e+00
2.858922288407494516e+00
2.854524429515066686e+00
2.930802759057673956e+00
3.061676248796414868e+00
3.028379126644853425e+00
2.996992468961602096e+00
2.836823548791946425e+00
2.833230296747049071e+00
2.841866092577495451e+00
2.821875987006599473e+00
2.840802768072058893e+00
2.823848816384266325e+00
2.839495561510965160e+00
2.823117003590491336e+00
2.850440712713865565e+00
2.838989577724791769e+00
2.836100808925546612e+00
2.833300985289932239e+00
2.851850398339787152e+00
2.862521585652766820e+00
2.874968412764657533e+00
2.855592541311187560e+00
2.943680869640270092e+00
2.858242795770085554e+00
2.830690858639002272e+00
2.841369698980949821e+00
2.831551642876851460e+00
2.868682056986199935e+00
2.892673535004190999e+00
2.877638621295091514e+00
2.845001615704653819e+00
2.823015560443419503e+00
2.841442767662812230e+00
2.828889966060923467e+00
2.873474721328066916e+00
2.851539163353679740e+00
2.855714628279197864e+00
2.838661549103958404e+00
2.892204085281982362e+00
2.825900911525738746e+00
2.929133436737673790e+00
2.847312659274115365e+00
2.812920355157155772e+00
2.852973861850042869e+00
2.846011599305281248e+00
2.870120851098389991e+00
2.873510238673294026e+00
2.843703359546115639e+00
2.831124619293870381e+00
2.835458520877848443e+00
2.836983383676962234e+00
2.840588118506504500e+00
2.808570946471636187e+00
2.835366014751324215e+00
2.850772001641312503e+00
2.827519276975936080e+00
2.912771540015242522e+00
2.901777508842708908e+00
2.837952591495571664e+00
2.794447908683263648e+00
2.830092400468359415e+00
2.823238316427201244e+00
2.837091494671461600e+00
2.829358877458245658e+00
2.842019382205592581e+00
2.830682160219922583e+00
2.846815560804517364e+00
2.854550774372446753e+00
2.824405898291059813e+00
2.795570331683721932e+00
2.818905440252729377e+00
2.819550821127004614e+00
2.845603045233935813e+00
2.843743602931969150e+00
2.802233557114786944e+00
2.803522223990217110e+00
2.813201567675517989e+00
2.809556475352052107e+00
2.815725989447978694e+00
2.827654707625599340e+00
2.837041575137357885e+00
2.849383711629057903e+00
2.841300035167762861e+00
2.855097826278072404e+00
2.823776071623745665e+00
2.833148248343292153e+00
2.796947705494106984e+00
2.829697641045484158e+00
2.828408508971721247e+00
2.806912961512431082e+00
2.777471720793991850e+00
2.792300161650226542e+00
2.823165093804481440e+00
2.823204784568920545e+00
2.811811570117651371e+00
2.819385898414251468e+00
2.789391977741899620e+00
2.794249908343328315e+00
2.783527978760078625e+00
2.800231575980720589e+00
2.827801355028557229e+00
2.798847726739250419e+00
2.840098913583238627e+00
2.823152522633986194e+00
2.829182942870380746e+00
2.826316768097021370e+00
2.797040437738113727e+00
2.832842600736660277e+00
2.800351378317620377e+00
2.815800890786230415e+00
2.803918915234782983e+00
2.790726397740156184e+00
2.782169432790291719e+00
2.813077118789656605e+00
2.778462969989131892e+00
2.770390147286635241e+00
2.815709439236983247e+00
2.807107113248142216e+00
2.849973432969010734e+00
2.793179807552319982e+00
2.823823066534419279e+00
2.819702769122022890e+00
2.779996794010695993e+00
2.798143569164187383e+00
2.787436103454092873e+00
2.785769969980989469e+00
2.777960729335606782e+00
2.807997763288630821e+00
2.781069299319478549e+00
2.779009998458785713e+00
2.803285667046358398e+00
2.766741166979066247e+00
2.792138578987981123e+00
2.777241745276298968e+00
2.806168529272657253e+00
2.796359521338178222e+00
2.777472935642640639e+00
2.785859343201433802e+00
2.804297722502479662e+00
2.794804260462401047e+00
2.841870361054969596e+00
2.815203752895516498e+00
2.752430843750957035e+00
2.809665266668183836e+00
2.775319322876901751e+00
2.870864363690531107e+00
2.890251832970516244e+00
2.810901366663145939e+00
2.868513573016610696e+00
2.794412859709030084e+00
2.768513729353204500e+00
2.752194663910456196e+00
2.743405465210793093e+00
2.757427312263150743e+00
2.756712301533243537e+00
2.765238787814006560e+00
2.769953470532699580e+00
2.765922030783131813e+00
2.773884904902534032e+00
2.770668085362194333e+00
2.786986511019450052e+00
2.778899644082900355e+00
2.750933144132053698e+00
2.779532055493580511e+00
2.770811576979982593e+00
2.776278706477064429e+00
2.812267615128346332e+00
2.795679086127384139e+00
2.807834080275391386e+00
2.813699988214433123e+00
2.780114009235564065e+00
2.796965420024438931e+00
2.766189582140988090e+00
2.762927356087826691e+00
2.768024976804278836e+00
2.755497698517125116e+00
2.767076520137659923e+00
2.798256082832959013e+00
2.766948827236869857e+00
2.788892432122333176e+00
2.776272890306244800e+00
2.755352130757980245e+00
2.756477443134103922e+00
2.742710755817176160e+00
2.832434381892545261e+00
2.813260249851762484e+00
2.745627188728212875e+00
2.877249722393506293e+00
2.756959634690689942e+00
2.719812380652201877e+00
2.735406170669678616e+00
2.736073678455081204e+00
2.728062737047307618e+00
2.733531567336266122e+00
2.775868312474068400e+00
2.752446384277080771e+00
2.771230446889837662e+00
2.744526959678579292e+00
2.768721972853691593e+00
2.774443263584124963e+00
2.757290085825337300e+00
2.782985981081081306e+00
2.774332621723056391e+00
2.762311280667847146e+00
2.741634536621864626e+00
2.758717595206695794e+00
2.751607722545079238e+00
2.750549186590655282e+00
2.748441080837837003e+00
2.757841671430801167e+00
2.781294933982085826e+00
2.740537933384729286e+00
2.742574081028955391e+00
2.818978373851029673e+00
2.724536302642991625e+00
2.822322021579882101e+00
2.795724605533732809e+00
2.777718607774321669e+00
2.735058501300640099e+00
2.746871403278708712e+00
2.766070884013026809e+00
2.732292168801656818e+00
2.717046026236513701e+00
2.740997933618144256e+00
2.733827077190674970e+00
2.775458334083450662e+00
2.790257133022750136e+00
2.757683081737084763e+00
2.775316355559795500e+00
2.733483435405016149e+00
2.727665348871944673e+00
2.742156099214070775e+00
2.715079261155530332e+00
2.717352185068795389e+00
2.746140390341755833e+00
2.754234433812203786e+00
2.748113224471081306e+00
2.758566329844013953e+00
2.742466849208007762e+00
2.733036741301161143e+00
2.787473353640356422e+00
2.727444490592650705e+00
2.754924113294405341e+00
2.748252386419600679e+00
2.710323914987016192e+00
2.714185352612860314e+00
2.719069758962728844e+00
2.735813119985674557e+00
2.755416600008599559e+00
2.735533011824824445e+00
2.736914621999468888e+00
2.852336334602568524e+00
2.735584695833943147e+00
2.732987685060812577e+00
2.703633575992084648e+00
2.706222503272638136e+00
2.730734440147767561e+00
2.700785683170093154e+00
2.818440323273401216e+00
2.747533678703931503e+00
2.773366995884730013e+00
2.700437629386767124e+00
2.741156193250517958e+00
2.709945878632403105e+00
2.728142270006452375e+00
2.723223569014251666e+00
2.698226178096274186e+00
2.705819137605304903e+00
2.800565212216502786e+00
2.740131662975440197e+00
2.717631947929708858e+00
2.687821297085176919e+00
2.704212087215323468e+00
2.712859991809458027e+00
2.703537448533884557e+00
2.713572063792870193e+00
2.778443027363882933e+00
2.756385257939113487e+00
2.702528704145771954e+00
2.700168117618576336e+00
2.694232376357302616e+00
2.725611122866783642e+00
2.714975728307775782e+00
2.697062709737581887e+00
2.714126364611209041e+00
2.725077255022474887e+00
2.711175616723660031e+00
2.691472910268196017e+00
2.723989382570879858e+00
2.724648393684480308e+00
2.744661073909218985e+00
2.710941690074977206e+00
2.765185047102070914e+00
2.705990339612508677e+00
2.707915152660067548e+00
2.716405402592474871e+00
2.703046116210285010e+00
2.687951928636271859e+00
2.727748129032929736e+00
2.702919840986068412e+00
2.698387477295917325e+00
2.718752643738644892e+00
2.754631080378227015e+00
2.705147907255061934e+00
2.807688780820299268e+00
2.697648116791034667e+00
2.799035209479922681e+00
2.726580643129441484e+00
2.685113888370498358e+00
2.684736974935082898e+00
2.682825779428325674e+00
2.670928167396529052e+00
2.688299136802640543e+00
2.692575646131549316e+00
2.690805832432218825e+00
2.746046172714533551e+00
2.716602774192161451e+00
2.713834071452430496e+00
2.727023244382157596e+00
2.710153664390727357e+00
2.705449451357762936e+00
2.728505140532750506e+00
2.683428007815205962e+00
2.668266749320217901e+00
2.738485411209453435e+00
2.680003275312599964e+00
2.716925482550966553e+00
2.710380925031088850e+00
2.697553303324764062e+00
2.695618299560966324e+00
2.680694511049340534e+00
2.689520577431721460e+00
2.719642962901132055e+00
2.691060219064302927e+00
2.699713580803932089e+00
2.679714620176098183e+00
2.693049847581561185e+00
2.739596747053809178e+00
2.693498724216515594e+00
2.678362840560833291e+00
2.687158387687523131e+00
2.703166520479883150e+00
2.685399522917467419e+00
2.678495171269767550e+00
2.689848518726805082e+00
2.729113095907178987e+00
2.719417164802225617e+00
2.708765002447471204e+00
2.660120697729993378e+00
2.675867611110386068e+00
2.667878222836449709e+00
2.673190837197056080e+00
2.691693634872187602e+00
2.693272388525925098e+00
2.715634460929569283e+00
2.716282098919531762e+00
2.683539758872724335e+00
2.701625217481361307e+00
2.727158131452922518e+00
2.741845736991704641e+00
2.678772057260550010e+00
2.703925566666898650e+00
2.682405211519238719e+00
2.646061915263078657e+00
2.663051220982704859e+00
2.659613567454114591e+00
2.665164650442299443e+00
2.695730254381909941e+00
2.672493310842934289e+00
2.683759928213326873e+00
2.656194842161229808e+00
2.775567927145078162e+00
2.776074509179288441e+00
2.697831094839498789e+00
2.680526547212216837e+00
2.645490360945105035e+00
2.653213264212522127e+00
2.655236970333294977e+00
2.622005777084708278e+00
2.669228328265395689e+00
2.666760877016252973e+00
2.703613176278327757e+00
2.658737696996191335e+00
2.646622824830503706e+00
2.648756124798773648e+00
2.677500157443684969e+00
2.685806771289044992e+00
2.725977037950624293e+00
2.765537373551154587e+00
2.691711184199411466e+00
2.664091921806964969e+00
2.690986884089604292e+00
2.691873757474801732e+00
2.660899874214693650e+00
2.655148396566276769e+00
2.650636156913388497e+00
2.682601991850591006e+00
2.649870976623898589e+00
2.641432031217963328e+00
2.658201523541650069e+00
2.648261386513682147e+00
2.731686814975274213e+00
2.747832081749141508e+00
2.656666879404475434e+00
2.648304220719492008e+00
2.640715878624739776e+00
2.676882667394488990e+00
2.672271685712102052e+00
2.646008924355565117e+00
2.723804595937657780e+00
2.650073987885392057e+00
2.725774810894556310e+00
2.693004689412380248e+00
2.648623891825405696e+00
2.633186768582791437e+00
2.633950042507769762e+00
2.699013816155689138e+00
2.683717894506318036e+00
2.659105731294071795e+00
2.708974353226051957e+00
2.682646849910955922e+00
2.675924755935510380e+00
2.659668228687288583e+00
2.639853788367962917e+00
2.645695513567540846e+00
2.634880989465389955e+00
2.633650446274591328e+00
2.614667804870686840e+00
2.661556692665895785e+00
2.642352189802909646e+00
2.665064448200988423e+00
2.676249398856827000e+00
2.696363380217800199e+00
2.677912403673328612e+00
2.660238465587597911e+00
2.634414253514550275e+00
2.647566331891475500e+00
2.649017185759258819e+00
2.635990977707761918e+00
2.670121433638042330e+00
2.709083551218909758e+00
2.660306160602183834e+00
2.634766600099488709e+00
2.642110552347507468e+00
2.640064176174549360e+00
2.628886328898706548e+00
2.631710080952631259e+00
2.629048615825678503e+00
2.657313613677419362e+00
2.697701297476632565e+00
2.652211228193855685e+00
2.642556425005607945e+00
2.642438048350895130e+00
2.694257494981305623e+00
2.708695331735031520e+00
2.675921568951629581e+00
2.685687508168320026e+00
2.675322303019276315e+00
2.652787157509362004e+00
2.659371624470674433e+00
2.620657783094474613e+00
2.671279471987284548e+00
2.628763999964955911e+00
2.646542228449134448e+00
2.628475478108324381e+00
2.635312620065461964e+00
2.649744549330262267e+00
2.653472597397612986e+00
2.627312483876160343e+00
2.641999293910975766e+00
2.659997953771708890e+00
2.650187509834501576e+00
2.658615078778127305e+00
2.621390637812852642e+00
2.687619408453012948e+00
2.703008870878707004e+00
2.642359880733038402e+00
2.630714413927778050e+00
2.657790354631775820e+00
2.623669178704016058e+00
2.639032145429342169e+00
2.643381281634710867e+00
2.618104069007256118e+00
2.625813644592082330e+00
2.620826455640600461e+00
2.620073203471109835e+00
2.617260783529542056e+00
2.637299200775414132e+00
2.625837039577009868e+00
2.678997344959494598e+00
2.634748791095857801e+00
2.689925526381464760e+00
2.680230831223713750e+00
2.622385279261180369e+00
2.682872228745068810e+00
2.655206795254606345e+00
2.625981858327775420e+00
2.608840371028933180e+00
2.594928805159771645e+00
2.600325550119912954e+00
2.603062612970515222e+00
2.640602005476315739e+00
2.596047297928586239e+00
2.605359935748302380e+00
2.648227785595309580e+00
2.620060599275989777e+00
2.657877468912793972e+00
2.635888065518613654e+00
2.633658671009963204e+00
2.609885909756878508e+00
2.628193331506902819e+00
2.619110490310566419e+00
2.638574559141654063e+00
2.724819728478630854e+00
2.646671419058018948e+00
2.661778064669073185e+00
2.611814691551101575e+00
2.634775474175314880e+00
2.597596593369249529e+00
2.582280759479207433e+00
2.604188994837330018e+00
2.593694259631255772e+00
2.617996023159820052e+00
2.653467645628403204e+00
2.677840937959722112e+00
2.678939775398083700e+00
2.602682910179228148e+00
2.613798298117995245e+00
2.593269286286413067e+00
2.586585447541144500e+00
2.630741296386251538e+00
2.598369906194412327e+00
2.639739671413104283e+00
2.645396500465918788e+00
2.595164628412616192e+00
2.616930852748287517e+00
2.617765473542835952e+00
2.597284742124945645e+00
2.595869915959149843e+00
2.605765346695965601e+00
2.657531424019594191e+00
2.651697390182986336e+00
2.619998859756976550e+00
2.596453126363916564e+00
2.630272212453440783e+00
2.650585326499683259e+00
2.639040215983083915e+00
2.658655252825230075e+00
2.592409537042340784e+00
2.612005303508660337e+00
2.585225090423291405e+00
2.588038777569134918e+00
2.590308021786525750e+00
2.593406762432305168e+00
2.604845373403813724e+00
2.628579351297266609e+00
2.669022668308410839e+00
2.634192110541205611e+00
2.695192338859711878e+00
2.632095888818079654e+00
2.633452615743452352e+00
2.628282170448743127e+00
2.584548710199817023e+00
2.574838520668818909e+00
2.574634663713073035e+00
2.576080767289167905e+00
2.581261818759613913e+00
2.584796042785543868e+00
2.570995060063944404e+00
2.570710530045159370e+00
2.609428955326096311e+00
2.680091113957306703e+00
2.635679445346359895e+00
2.596330440159877462e+00
2.590807317177714619e+00
2.618282231751679401e+00
2.617650878540235038e+00
2.628160655105935106e+00
2.637634022723935878e+00
2.616955993502489530e+00
2.579106474303133112e+00
2.603294730628531450e+00
2.590456930105630828e+00
2.562127760731136572e+00
2.580274125586115908e+00
2.595512362461932288e+00
2.578668190679132444e+00
2.674573312961283644e+00
2.699567383464050341e+00
2.629941445729420124e+00
2.608832804394541682e+00
2.576852739443893814e+00
2.565820475561496838e+00
2.581048545712155029e+00
2.568606631710953270e+00
2.573804047520507066e+00
2.561944662505502013e+00
2.580086277317951371e+00
2.667146960911046971e+00
2.678657027185797901e+00
2.587627662169138976e+00
2.611316726057008264e+00
2.630817715328279682e+00
2.633453388965786957e+00
2.558088233004855994e+00
2.581503080971843556e+00
2.607648441845210829e+00
2.595787758080217333e+00
2.606851360062357958e+00
2.567204001353843079e+00
2.644387957430860858e+00
2.602551135512360947e+00
2.607257669886912765e+00
2.554806141227086602e+00
2.615555879779468018e+00
