4.037903509102890780e+02
1.151617797517373418e+02
9.491074549211855071e+01
8.449135965794532410e+01
7.205625946836613593e+01
5.044621101180661071e+01
2.297611424288908566e+01
8.637044839393597684e+00
5.727886335903618509e+00
4.997745622593451564e+00
4.487415203407183029e+00
4.045431228610885555e+00
3.654495912898274579e+00
3.308565771104182485e+00
3.008417687321963907e+00
2.753491929428981688e+00
2.539663441634623542e+00
2.363592258624913178e+00
2.219040727812249703e+00
2.100174114572921802e+00
2.002058477867985964e+00
1.920916711029182489e+00
1.853478374774743420e+00
1.794994096965323749e+00
1.742253412642688071e+00
1.694664629426265945e+00
1.652856018279339478e+00
1.616057153996108831e+00
1.582577380005578682e+00
1.550126500852883282e+00
1.520757612558082394e+00
1.491341758356672598e+00
1.464717146979277684e+00
1.439829637769335369e+00
1.417075059784973945e+00
1.396586657937746834e+00
1.375158654475639786e+00
1.356268120841243929e+00
1.338932017110624484e+00
1.323422150734807179e+00
1.307753756612787699e+00
1.292318481527755081e+00
1.278585189251673082e+00
1.265395515090427914e+00
1.252813591564668094e+00
1.239929258274357959e+00
1.228257320078030235e+00
1.217397040958755339e+00
1.205947130864983619e+00
1.195703530561661676e+00
1.185679456563114353e+00
1.176602147308348778e+00
1.166860539531558105e+00
1.156773014439957503e+00
1.148939092244982918e+00
1.140282506529195716e+00
1.130656552457417030e+00
1.121665891497450662e+00
1.115315870555387168e+00
1.106322373226907185e+00
1.097078476982984219e+00
1.091674438376003531e+00
1.085084863418781076e+00
1.077489622377832079e+00
1.069478322362763079e+00
1.065673277689955567e+00
1.057546811839149115e+00
1.050889806533122250e+00
1.047163464287802048e+00
1.042398381607100522e+00
1.035245195536141471e+00
1.030615372550488962e+00
1.026126278661630753e+00
1.020736171228423084e+00
1.013643355920784694e+00
1.011376915794087727e+00
1.005430029260804714e+00
9.986953461984485747e-01
9.962261452865606159e-01
9.914669401440412422e-01
9.846764117454130938e-01
9.820702325743421168e-01
9.767946012579221682e-01
9.737625826457377842e-01
9.705434955987826129e-01
9.636320303582316393e-01
9.622261702929012506e-01
9.565186457466937631e-01
9.537321529527393871e-01
9.502156824767609145e-01
9.443086155740716414e-01
9.418951239770585460e-01
9.380755248625307630e-01
9.335069772433292057e-01
9.321879796373983007e-01
9.269386587200472150e-01
9.232719583155923893e-01
9.194896851530250936e-01
9.150570119061823826e-01
9.151907519490500853e-01
9.085322043525150271e-01
9.059403281368482164e-01
9.034858056039426488e-01
8.999804795484958042e-01
8.954602881360252953e-01
8.946072635803868911e-01
8.903314416341968629e-01
8.876209526890690427e-01
8.862275490044032589e-01
8.820937890229824108e-01
8.803933780839193757e-01
8.781178110160832162e-01
8.752179050696050622e-01
8.720823162335428202e-01
8.706518916463327207e-01
8.645670296677799849e-01
8.647787860214081190e-01
8.621705349882877734e-01
8.594521538514806602e-01
8.579740785430135519e-01
8.540311429384209729e-01
8.516848739777712618e-01
8.523461423006039039e-01
8.455244121834649684e-01
8.464712638942430978e-01
8.443153204514164401e-01
8.421119311640956617e-01
8.390926253686802339e-01
8.379277738031376543e-01
8.353614399096809251e-01
8.316624559586570653e-01
8.323650254424116435e-01
8.303792462358344784e-01
8.258746826214348191e-01
8.271606783055034384e-01
8.228323025874150209e-01
8.218444493812228080e-01
8.195081136498877372e-01
8.200694217695994048e-01
8.150577174455576612e-01
8.136425729944519736e-01
8.131980141827606090e-01
8.096172402390972023e-01
8.106648431774629016e-01
8.068470974491703807e-01
8.056141364640200253e-01
8.026860672719676737e-01
8.025922783103488500e-01
7.987374608745283489e-01
8.009399534611706395e-01
7.959620740224208069e-01
7.959621949600954594e-01
7.930218749591165794e-01
7.913139801836241993e-01
7.898767523550277447e-01
7.891139819513287579e-01
7.863083511429825867e-01
7.848824987419833477e-01
7.808573367580731173e-01
7.835628079427948700e-01
7.791902044051468579e-01
7.779813146726839435e-01
7.782120734455374444e-01
7.725452442015156018e-01
7.742509429191236636e-01
7.715817117616419196e-01
7.702916022282567665e-01
7.688006592729097477e-01
7.672371379562554772e-01
7.648246028310156097e-01
7.638192607405017709e-01
7.632483590575812604e-01
7.604028111864068462e-01
7.598943461937333055e-01
7.561226177403373994e-01
7.567461672355256797e-01
7.557361462983357425e-01
7.532279718058249030e-01
7.524296070160173544e-01
7.508366298736551814e-01
7.493560329684747501e-01
7.482350329467526429e-01
7.464062650690648226e-01
7.444326633222031475e-01
7.433517786945579298e-01
7.428525362125398823e-01
7.399919307766835708e-01
7.398425990041118672e-01
7.384011293237146001e-01
7.371016042316235195e-01
7.355418011617919083e-01
7.362664938420029337e-01
7.327430830849448462e-01
7.335048850935036446e-01
7.303317776725872790e-01
7.274281509102076271e-01
7.291918283934887279e-01
7.281332568185795440e-01
7.271619683120181810e-01
7.259319101279899655e-01
7.236612154632130478e-01
7.236086137402070184e-01
7.231311630790218103e-01
7.207881476993902581e-01
7.180837272519928760e-01
7.201458028950792345e-01
7.173059270049851888e-01
7.151546152389758326e-01
7.154829901798506198e-01
7.156782746349789059e-01
7.139702944344040736e-01
7.113048898957319288e-01
7.114745304413282456e-01
7.088093775254457052e-01
7.108196557503868585e-01
7.087477706942205691e-01
7.084433722222708285e-01
7.040903280057234648e-01
7.071830087504725748e-01
7.044415723349061187e-01
7.015517817570123826e-01
7.042634886747604073e-01
7.006836446467038515e-01
6.984775343631808298e-01
7.009293492968815542e-01
6.979865702883659706e-01
6.948832171095572496e-01
6.975152664051064155e-01
6.953649398017786032e-01
6.922571156158182637e-01
6.935329141795056884e-01
6.946717205176190513e-01
6.879521597256651466e-01
6.907703434931741215e-01
6.889252256673938923e-01
6.861427374480998376e-01
6.874712426626214956e-01
6.831272251954244590e-01
6.835687581432722260e-01
6.800101893508149198e-01
6.832176200704944691e-01
6.777344782433595283e-01
6.794172869004119208e-01
6.762140760649096860e-01
6.779067350041655393e-01
6.726021473559117281e-01
6.774117009403851641e-01
6.703034104213677624e-01
6.732273600919808088e-01
6.699363262581162770e-01
6.703832194962133784e-01
6.686192645666571011e-01
6.672582732337480893e-01
6.645804504064857232e-01
6.647732408859837738e-01
6.659507501786222639e-01
6.624799436914806661e-01
6.642832384122249190e-01
6.593003787926899895e-01
6.645170857665080311e-01
6.570960146908542132e-01
6.601007382096534259e-01
6.577095588731535214e-01
6.584101940509341500e-01
6.559262502546209239e-01
6.572542179139958529e-01
6.532637404646403079e-01
6.554830763652818026e-01
6.504097014917707975e-01
6.516214634891831503e-01
6.522997286559144570e-01
6.502885317477081761e-01
6.511251534941489005e-01
6.489197327930913417e-01
6.492058957428820110e-01
6.458935216856028783e-01
6.482458456671019720e-01
6.446314982959188145e-01
6.446906969916200714e-01
6.463690739084393400e-01
6.423628645706269680e-01
6.422950884592121268e-01
6.425311023115648501e-01
6.408418848425410097e-01
6.413852030603505172e-01
6.388947586692178549e-01
6.389773045521113248e-01
6.377045989658494118e-01
6.372368450616476832e-01
6.380076510386671895e-01
6.340626523139781812e-01
6.370695724364191515e-01
6.342876989690823253e-01
6.327969712929485402e-01
6.358544685862818069e-01
6.310516535444432584e-01
6.301889662022784888e-01
6.340533687657791129e-01
6.299013412434290027e-01
6.292409525900667377e-01
6.266631501205859323e-01
6.314285768434043655e-01
6.263677272946848174e-01
6.244022401974920200e-01
6.269527269713029982e-01
6.252630250887339924e-01
6.228120608583693762e-01
6.268784731925637344e-01
6.220587589057339217e-01
6.218050745249257272e-01
6.211073765998375018e-01
6.230569398651695234e-01
6.199051346092260273e-01
6.183401179262970615e-01
6.191541194819956129e-01
6.170240840230855062e-01
6.184766845870776075e-01
6.164634332733961442e-01
6.183363159650256957e-01
6.145509055333916448e-01
6.123338888622957832e-01
6.147846703595792883e-01
6.126584086554300868e-01
6.131098315286236389e-01
6.108308099051870110e-01
6.101325011556500977e-01
6.124472491229003834e-01
6.101617470525784181e-01
6.100081498386018541e-01
6.086173590363365138e-01
6.071164459264993818e-01
6.082177631796362727e-01
6.057431510174170475e-01
6.099219952227074026e-01
6.041196199942245881e-01
6.028213226661272017e-01
6.035858516411444219e-01
6.035924553990853481e-01
6.026186088077186698e-01
6.015469016598283813e-01
6.019083592919690640e-01
6.012016814414939958e-01
5.980925403988636146e-01
6.019287002586107826e-01
5.949712793882391271e-01
5.982321386952202946e-01
5.989880429752784119e-01
5.987084538685468749e-01
5.967811365398276724e-01
5.971409782757363116e-01
5.964895993342503866e-01
5.933956502477092387e-01
5.936385935541432790e-01
5.911834396508737210e-01
5.929824210974231624e-01
5.925526260670207490e-01
5.923102409681516578e-01
5.898343246970045861e-01
5.866549648295856789e-01
5.891294572851740741e-01
5.880252953104331270e-01
5.901903522166481730e-01
5.830377322176780730e-01
5.851866918278785246e-01
5.831029386265381698e-01
5.845089731061697824e-01
5.835622414220201781e-01
5.835183515369529728e-01
5.820444634746186896e-01
5.797583100843194392e-01
5.852260189123134060e-01
5.791132649418201384e-01
5.808258684659319826e-01
5.788498444676634103e-01
5.777423490950345242e-01
5.796138043501141146e-01
5.780482191249589619e-01
5.761432124221871343e-01
5.780915797278521895e-01
5.725588780056819482e-01
5.760971446025284770e-01
5.715477240374163825e-01
5.777921365649280050e-01
5.739123181461233125e-01
5.700004862020479068e-01
5.739879330551113101e-01
5.723129195412709480e-01
5.735581516808284652e-01
5.697170267322356763e-01
5.708942403942212085e-01
5.706873378984064216e-01
5.691579186251394251e-01
5.655012350293610046e-01
5.700221466095932721e-01
5.681619545292778684e-01
5.653126412220282893e-01
5.686548223027985127e-01
5.661238239770178815e-01
5.641083550338679142e-01
5.663509335080337825e-01
5.633567011161021432e-01
5.636761454192895648e-01
5.645067339463160083e-01
5.637071672117331955e-01
5.615872739960047211e-01
5.615566781428835696e-01
5.632210617272285225e-01
5.608989405410812479e-01
5.607006483578541589e-01
5.604515566436555352e-01
5.572168007255795530e-01
5.593831623441162249e-01
5.586892578945609200e-01
5.589533304714165984e-01
5.569907580600667041e-01
5.553291563342868109e-01
5.569909167895831237e-01
5.566948407227972906e-01
5.523227732962869840e-01
5.555646260255800994e-01
5.522755710388370654e-01
5.552735279671325852e-01
5.504989677379484858e-01
5.538538031504269821e-01
5.529006740687756327e-01
5.503547552609550086e-01
5.524901084028940312e-01
5.506532743856292766e-01
5.466328407089497965e-01
5.502180349014450522e-01
5.490300221423088933e-01
5.492219042303494447e-01
5.470473609997187348e-01
5.458482160412200246e-01
5.476002582672810926e-01
5.474420963952816299e-01
5.476610692621529664e-01
5.443714209146761629e-01
5.475487663959746065e-01
5.456282703587495009e-01
5.445636610852342407e-01
5.418622813480434841e-01
5.460843863456240621e-01
5.443178024425993078e-01
5.420755162588303255e-01
5.444952885277708488e-01
5.400517675672568130e-01
5.425364177756503148e-01
5.408103680854683404e-01
5.406320624417597642e-01
5.417867847839726858e-01
5.406173561398400773e-01
5.383389062880737930e-01
5.409856136992491349e-01
5.373909298489890629e-01
5.380921317505250601e-01
5.383946065201560272e-01
5.386463878010404605e-01
5.352500367174379825e-01
5.368597534872735499e-01
5.390003500549790383e-01
5.340935917732057003e-01
5.356340029451230889e-01
5.347502245841135871e-01
5.354050509496126597e-01
5.370810084376628213e-01
5.349944694303164772e-01
5.306693640315490734e-01
5.352020668915732360e-01
5.322268154280652697e-01
5.347038940594979195e-01
5.296943598469430192e-01
5.329915046745697937e-01
5.319811731438212066e-01
5.314593097645434749e-01
5.297143895749998332e-01
5.339912584060678702e-01
5.290029529535907882e-01
5.296177280533863607e-01
5.299672267828515748e-01
5.294410923697762117e-01
5.276220213346839438e-01
5.287733039211438557e-01
5.285485224694679296e-01
5.276123671404110427e-01
5.255740194004470123e-01
5.291801957292230352e-01
5.234440460948296403e-01
5.256608355221988882e-01
5.273098889856241422e-01
5.287313530959735219e-01
5.252015223074458783e-01
5.257263873789732589e-01
5.244828234595174665e-01
5.281856848608760258e-01
5.231344894747941288e-01
5.243711047495488442e-01
5.251264749254767050e-01
5.218015159175324325e-01
5.221921662849332568e-01
5.226035962914727939e-01
5.241990451944416041e-01
5.216215568353038678e-01
5.217103179927242707e-01
5.249856028658334006e-01
5.201910057606702331e-01
5.215434339508683292e-01
5.199782058806864393e-01
5.216141280023613991e-01
5.226905107039332421e-01
5.221604816873395283e-01
5.221540571135381281e-01
5.179942231443737111e-01
5.211276716103073747e-01
5.183538468867477933e-01
5.191082933425988921e-01
5.199773603498523133e-01
5.177978162557067554e-01
5.193005034760663774e-01
5.200589014194451076e-01
5.161657289069044863e-01
5.169051958916812683e-01
5.192136436770317109e-01
5.153303856075631684e-01
5.150389801702699444e-01
5.165301355109676029e-01
5.146957913571875709e-01
5.176284539040817423e-01
5.160767623638439217e-01
5.171485838594821471e-01
5.158575317254462389e-01
5.129018343623032994e-01
5.141884353502735872e-01
5.167421639393440236e-01
5.139030309148165943e-01
5.166638286195772700e-01
5.134590608862376060e-01
5.129370408102186252e-01
5.136022334298327996e-01
5.113467664425956904e-01
5.152005271688994137e-01
5.144414660100521397e-01
5.136767711457334018e-01
5.114869022213431871e-01
5.134439237239953879e-01
5.108550768621762384e-01
5.118171626321962320e-01
5.120912180650677437e-01
5.090748912246922941e-01
5.144660953929260927e-01
5.114634464576149897e-01
5.095664676947122551e-01
5.115890371790184910e-01
5.095027367002403773e-01
5.098878409232707742e-01
5.125341649185057857e-01
5.092891011462955531e-01
5.108161086099232140e-01
5.079747077777110320e-01
5.084115132307861495e-01
5.094005677444819469e-01
5.111584318519887260e-01
5.106065022834488376e-01
5.089628158230914412e-01
5.064371478233230528e-01
5.090223584684443470e-01
5.087368318471697792e-01
5.066943059468819177e-01
5.062230623635673998e-01
5.087119831486432986e-01
5.072074003820641330e-01
5.079686624373170867e-01
5.051352305771737994e-01
5.086658983619228858e-01
5.069074232610327746e-01
5.044674104498240164e-01
5.065766953635757464e-01
5.065142441518984961e-01
5.070773228333492755e-01
5.070997952838263156e-01
5.050861619221556076e-01
5.044995143495279999e-01
5.051807326549431210e-01
5.068710799303938197e-01
5.054249317601222646e-01
5.066438136774281675e-01
5.058565817854563385e-01
5.047991096099578856e-01
5.036624399593574442e-01
5.031745764218891193e-01
5.037533485352437834e-01
5.026838898210874707e-01
5.043349440292834718e-01
5.022587661457232899e-01
5.047308591960628643e-01
5.044065059280474772e-01
5.038916183365250712e-01
5.037404552165526406e-01
5.024402425559338914e-01
5.043368348203906004e-01
5.019988273309928806e-01
5.010903255914223031e-01
5.013771709426267931e-01
5.020130600709694635e-01
5.014380415557322390e-01
5.025917521695902890e-01
5.012967964166081813e-01
4.983019157488326467e-01
5.038323592310288701e-01
5.014650365779841357e-01
5.008873571874141728e-01
5.018110034678370246e-01
4.995998740157701623e-01
4.987545942735420179e-01
5.016759488837335690e-01
4.986041617979481977e-01
4.986207582435556174e-01
4.994959719181130686e-01
5.000317873530232271e-01
5.029757876431532049e-01
4.954440997137072311e-01
5.007792328200312282e-01
5.009597063388792071e-01
4.969772159178211246e-01
5.002117740288344327e-01
4.974290395088226124e-01
4.982982274062958683e-01
4.988913681117897458e-01
4.989494571132626621e-01
4.985324881515975637e-01
4.978720303544938441e-01
4.956830817273705780e-01
4.959050276134012170e-01
4.979346495979958820e-01
4.985163456480756761e-01
4.947309246601163113e-01
4.967910962647373307e-01
4.955211672649850740e-01
4.952777034455348448e-01
4.951185759172385126e-01
4.972828343910982163e-01
4.972514086935467259e-01
4.955509927523697455e-01
4.944743880162966732e-01
4.947761016913999055e-01
4.964186735118558680e-01
4.932040485996520007e-01
4.961897410853401413e-01
4.957561355331642772e-01
4.921409686074505463e-01
4.965761692049668885e-01
4.946813565192799689e-01
4.937729448821293055e-01
4.938241569627613292e-01
4.923465259698496799e-01
4.943753516416196647e-01
4.958907368625358192e-01
4.936080741186152920e-01
4.945629834264144153e-01
4.942368746814047586e-01
4.925665397693466119e-01
4.905339771897658796e-01
4.948837013956903785e-01
4.905079395617230609e-01
4.933551347064008552e-01
4.931685046688585317e-01
4.903162130819232467e-01
4.926915715090763315e-01
4.923010327802104236e-01
4.928867576311737331e-01
4.931491472157679135e-01
4.892158235034017033e-01
4.917590930735448729e-01
4.933994772690901698e-01
4.905520370102667838e-01
4.890876887719530774e-01
4.929549058290925712e-01
4.898829776163776129e-01
4.891536260942468961e-01
4.883716457763034313e-01
4.912250893713798749e-01
4.896494285626556420e-01
4.892544953664839658e-01
4.881667485402362838e-01
4.916302697776821495e-01
4.898723597984342426e-01
4.878131096302830705e-01
4.895036914497903902e-01
4.893773496157288183e-01
4.898031172735541894e-01
4.903463934510901012e-01
4.879902959696157949e-01
4.883048441383122662e-01
4.881421242166245622e-01
4.906863238508139546e-01
4.894252268814451301e-01
4.891581111806293514e-01
4.890437743019819261e-01
4.861907128754334173e-01
4.879484561932989628e-01
4.861556099304301104e-01
4.879903649808791655e-01
4.884266544168148205e-01
4.872287586959928585e-01
4.865332431760551191e-01
4.850173326332058443e-01
4.884496749017122053e-01
4.860460148824490290e-01
4.881259450623076646e-01
4.847199011996641826e-01
4.876077057404608617e-01
4.857345243759697007e-01
4.868390578008203740e-01
4.860157102967053167e-01
4.861629350536078586e-01
4.827823988557760071e-01
4.861046694768269005e-01
4.868164227880248940e-01
4.848768579515065902e-01
4.837750804883576561e-01
4.858496889131909691e-01
4.857092988148190571e-01
4.859748136489378534e-01
4.829009232156542542e-01
4.838954910548828869e-01
4.818789323950843362e-01
4.847018225645032818e-01
4.844861976974241813e-01
4.843866981312552333e-01
4.817525593634294778e-01
4.846037730152755185e-01
4.842485461320026885e-01
4.843800014480715288e-01
4.827088068391833242e-01
4.837033300765103960e-01
4.833144493339842085e-01
4.823634327576058478e-01
4.811688192428570932e-01
4.842100193700214494e-01
4.795263581082551685e-01
4.836374962510643361e-01
4.822395021898592815e-01
4.829997831067736613e-01
4.839383384807492416e-01
4.827612220083085659e-01
4.811648243120818513e-01
4.825749861425883691e-01
4.806996644152770060e-01
4.801268676694014914e-01
4.823669548187004552e-01
4.834707153047566042e-01
4.809768084086455953e-01
4.809531835157196955e-01
4.776418089422417856e-01
4.815499334299713219e-01
4.805927205204790220e-01
4.830429052781435861e-01
4.819984386932319453e-01
4.790516395872472799e-01
4.810919797099593165e-01
4.814278728445088862e-01
4.784749899249226002e-01
4.804403525116102691e-01
4.757930435578023309e-01
4.801823700784438320e-01
4.797933012322141422e-01
4.796142132114717960e-01
4.772536499805796750e-01
4.799784103110845135e-01
4.775359921285837750e-01
4.780577770399243587e-01
4.794118235125495175e-01
4.787291648620614626e-01
4.778000860404295058e-01
4.764575708258833586e-01
4.781857043535711060e-01
4.779972833553976508e-01
4.753694811520796093e-01
4.798909674109183565e-01
4.777140533151680302e-01
4.793192294619048610e-01
4.764810119195288518e-01
4.767809530260317952e-01
4.783344064325081302e-01
4.760445552376132983e-01
4.783189220621573146e-01
4.768758792197371199e-01
4.755485952326458654e-01
4.767379390478905243e-01
4.768067837026311317e-01
4.737084581163760189e-01
4.750065715947058287e-01
4.756969594613626451e-01
4.758260630006719283e-01
4.767311630110300791e-01
4.781733051050675587e-01
4.738720531534962865e-01
4.746497936865847755e-01
4.782417666121221989e-01
4.763937367813373958e-01
4.750276502974838944e-01
4.721738297268007201e-01
4.747447561347842293e-01
4.755057655999957444e-01
4.727557143735279244e-01
4.765971228191303033e-01
4.727981774022516070e-01
4.738553621645358316e-01
4.750352103414213212e-01
4.743026235139511382e-01
4.742022578453167214e-01
4.714404168873802536e-01
4.755438310633609000e-01
4.732923602369898952e-01
4.760812782802998355e-01
4.755532246315249956e-01
4.751445195071897221e-01
4.709072517092561250e-01
4.729487546108323559e-01
4.745789682257563480e-01
4.714587402351618217e-01
4.737156314041499061e-01
4.716536768669334356e-01
4.727094789312722423e-01
4.733361214341224588e-01
4.698347824436731046e-01
4.718879299591218213e-01
4.703846067294993882e-01
4.754597469056582870e-01
4.752794484079700954e-01
4.711729920492395696e-01
4.708056613035967453e-01
4.707259446307607842e-01
4.729950336416555712e-01
4.740312657259195261e-01
4.738623520286608382e-01
4.724087743071195278e-01
4.732803336052428533e-01
4.726263820967653295e-01
4.712180234048002347e-01
4.721578624821511916e-01
4.704526432016997162e-01
4.739089121967088869e-01
4.711912202791306847e-01
4.717082452393297487e-01
4.714771948761687370e-01
4.680923569085194136e-01
4.696145595914804072e-01
4.712014342077417983e-01
4.717817072110037646e-01
4.715445130374556482e-01
4.693151762382525849e-01
4.684554813289752428e-01
4.718363450473033738e-01
4.697617389486141715e-01
4.670853224892639877e-01
4.691029442927326376e-01
4.689205028903183359e-01
4.723168151601367382e-01
4.694435873600097398e-01
4.691416009143327681e-01
4.696887065971176445e-01
4.686123288379786533e-01
4.679110455777523714e-01
4.694757953112616011e-01
4.688253430246391851e-01
4.704355916515595148e-01
4.678436701855821500e-01
4.697519644677199402e-01
4.665445579804619602e-01
4.680468260073793463e-01
4.665943780727133117e-01
4.681996800169355155e-01
4.684704327090368214e-01
4.691628956670555461e-01
4.683391239736052758e-01
4.647265677287357732e-01
4.678004799022304483e-01
4.669267818684696980e-01
4.674460920198442171e-01
4.655834865615715579e-01
4.674309924009139028e-01
4.666351995911250938e-01
4.680694579903482144e-01
4.670445834659053275e-01
4.628015699352084344e-01
4.655716064065441029e-01
4.636924163126275311e-01
4.667392273553055415e-01
4.647227765602081617e-01
4.661865493150738615e-01
4.617050264834424156e-01
4.669539431896389536e-01
4.654337711356975049e-01
4.654384610707690828e-01
4.656631747074036487e-01
4.658965340150618695e-01
4.655595828085151155e-01
4.654947796938965765e-01
4.651256959512792832e-01
4.646204557503221810e-01
4.647501278901990385e-01
4.630997611566063377e-01
4.646886241341912638e-01
4.639259087591761088e-01
4.629676813122151624e-01
4.619086891068679424e-01
4.635348544595651599e-01
4.631536621400025311e-01
4.606132242202161109e-01
4.641275071298764376e-01
4.637878433214721041e-01
4.638587640716665406e-01
4.626202705875026022e-01
4.634527787512682795e-01
4.596241171357362543e-01
4.630998311007633039e-01
4.623219913041864970e-01
4.635933630035966035e-01
4.627711663178282198e-01
4.596799338704500859e-01
4.631578611595801309e-01
4.625787509449767465e-01
4.628335036546319947e-01
4.606408688470293167e-01
4.634173469459030859e-01
4.605672878226192979e-01
4.581122723826460685e-01
4.612748935431259523e-01
4.600253010745030680e-01
4.638971538551257545e-01
4.600460649371785338e-01
4.602452483593059696e-01
4.581788731320606822e-01
4.610389942901891858e-01
4.593387022995789604e-01
4.622348372959479978e-01
4.597712429591594430e-01
4.584371511544309552e-01
4.621742143359839905e-01
4.597362609406793754e-01
4.602760993246858834e-01
4.595032377263086332e-01
4.582564055343558151e-01
4.560907347289167579e-01
4.581550224807385274e-01
4.590196802221881422e-01
4.580388797962988701e-01
4.572858906299187010e-01
4.567564346741653236e-01
4.548900275989939956e-01
4.561646066871940519e-01
4.546238918415648755e-01
4.557059057265466784e-01
4.556730906381795676e-01
4.523802163933964837e-01
4.568659212436350647e-01
4.544935307899058974e-01
4.548971636028313337e-01
4.520177683777732991e-01
4.564772082421503785e-01
4.520831823976832475e-01
4.549483515553567892e-01
4.515777743015742529e-01
4.546708912345444609e-01
4.545110321658170083e-01
4.524625497262226848e-01
4.545206594221407603e-01
4.548857182711398828e-01
4.541719113531142438e-01
4.530583300236900590e-01
4.545994795731526650e-01
4.534468549551700089e-01
4.526962395059050959e-01
4.533644444385551697e-01
4.544945500545096162e-01
4.533327100540727739e-01
4.545272796639074908e-01
4.521709645904825048e-01
4.510983822905112461e-01
4.532562346260145536e-01
4.530594982480983801e-01
4.527862556968176855e-01
4.479413019433783893e-01
4.531851667321916133e-01
4.523378651376594450e-01
4.538874590883490989e-01
4.514713445438600647e-01
4.523923665348228429e-01
4.518125947331381731e-01
4.531538119576103973e-01
4.493995816691240264e-01
4.528372390308212925e-01
4.510326166400320802e-01
4.528624576502049970e-01
4.530256428095790766e-01
4.530675619992823866e-01
4.528325134998598123e-01
4.498498830947278981e-01
4.503551031499810064e-01
4.501024318668993551e-01
4.504075449802180664e-01
4.496219574610613168e-01
4.517291427390364711e-01
4.513016790610922535e-01
4.508271186077520976e-01
4.516767200611150890e-01
4.483246312597667926e-01
4.496625104393855987e-01
4.496052459484918828e-01
4.507314636510346695e-01
4.487126562264642793e-01
4.509818474623616957e-01
4.500708099935761819e-01
4.499843761316985602e-01
4.505138409133084831e-01
4.511152361824404267e-01
4.504332230407210869e-01
4.475998208370022824e-01
4.511315352016644353e-01
4.500849508154807777e-01
4.490144153999327536e-01
4.542796069503906575e-01
4.478154443578015176e-01
4.503498456951880446e-01
4.527907036596407475e-01
4.484932514144105986e-01
4.522506616894371168e-01
4.487741836973584419e-01
4.527563019126515376e-01
4.493048367133700705e-01
4.527156788014951583e-01
4.503986185462102720e-01
4.499953033263234814e-01
4.499204963641831312e-01
4.476672912841714869e-01
4.523907709750089601e-01
4.506052547600052360e-01
4.469031486780222218e-01
4.492463612926415606e-01
4.494936996840636634e-01
4.512513882179560176e-01
4.486324733959350941e-01
4.517122151928605334e-01
4.499232598774218217e-01
4.491249393081001018e-01
4.488806678975215125e-01
4.500714794244650707e-01
4.493042171333356816e-01
4.504115612584968509e-01
4.475388634947576327e-01
4.492516197933089650e-01
4.449863992764804266e-01
4.492036281008577880e-01
4.472891905477525687e-01
4.484644684257106939e-01
4.489087698210240673e-01
4.466370751332104372e-01
4.497389017997158178e-01
4.480998800355564526e-01
4.470453835168521350e-01
4.485811322380313659e-01
4.479773738739991074e-01
4.487181484334498704e-01
4.483732317531538558e-01
4.436716665672055804e-01
4.484262632260935799e-01
4.470433543296596923e-01
4.475713562247318755e-01
4.441882546550783295e-01
4.474068925942145114e-01
4.462347681781240194e-01
4.472073358002088828e-01
4.457763107827272808e-01
4.457515284689330115e-01
4.476049858105748958e-01
4.457201980477324965e-01
4.473296750647453579e-01
4.457134350967658087e-01
4.443681390010694732e-01
4.490231457878097743e-01
4.465509559840458720e-01
4.451463201569998418e-01
4.466066691831703239e-01
4.443537504242032754e-01
4.446077741098892755e-01
4.445744516897702225e-01
4.458971208935558206e-01
4.457510085168725489e-01
4.452927028110422736e-01
4.448835094578293958e-01
4.452991180637562718e-01
4.409082395741188432e-01
4.465283366047833602e-01
4.452391373477234127e-01
4.431846114461566732e-01
4.465154527785917260e-01
4.458809311691604993e-01
4.464095738278593406e-01
4.445881942583884139e-01
4.427864715013159480e-01
4.444422860260774377e-01
4.434853593198293531e-01
4.449470585809658929e-01
4.439156005496006085e-01
4.439330258757934189e-01
4.446085216830795162e-01
4.431458741936299961e-01
4.451474115698211276e-01
4.436260964596179246e-01
4.427177039415303716e-01
4.445333502120337177e-01
4.436332666696098936e-01
4.429445738500153440e-01
4.433771435513540471e-01
4.393845854136042006e-01
4.441057923092687765e-01
4.414561059613070770e-01
4.400743339554402112e-01
4.450997393581406780e-01
4.418605834352844486e-01
4.426902413624825283e-01
4.430909146102073870e-01
4.443052386974706836e-01
4.418205095533918048e-01
4.414339930972503989e-01
4.430781200832107913e-01
4.426851667061764140e-01
4.386230869626152606e-01
4.413455351285793249e-01
4.422303142788117647e-01
4.404188328057521140e-01
4.431463684548082593e-01
4.411452893914595830e-01
4.424284228367907912e-01
4.422815721342881479e-01
4.404210401066026570e-01
4.395986011003475968e-01
4.421251030999528986e-01
4.412743000585417907e-01
4.416304370750832597e-01
4.415964524116544054e-01
4.405511882272577506e-01
4.387330897588361811e-01
4.415136006855643891e-01
4.424625040171579204e-01
4.417090307182000575e-01
4.370736158959355744e-01
4.401834259766602142e-01
4.397782713546018463e-01
4.386668401819757701e-01
4.403886771248877730e-01
4.405861056423638900e-01
4.402800967622315653e-01
4.404048222567414350e-01
4.404345452927813653e-01
4.390321389850604938e-01
4.406206171245746206e-01
4.384540765684681318e-01
4.376887671232592703e-01
4.384724032953735140e-01
4.423825848562886187e-01
4.390736871045968770e-01
4.386906396988100032e-01
4.391717931415560217e-01
4.375891052485533783e-01
4.416027014484074642e-01
4.395196989018061995e-01
4.357014668337066410e-01
4.406542446840334137e-01
4.394152724168964297e-01
4.375076318294439104e-01
4.398766050110915482e-01
4.395404889220916878e-01
4.375102920023858366e-01
4.377116775536888382e-01
4.384490119660691132e-01
4.376439566708594242e-01
4.379355226480208252e-01
4.371839308868761265e-01
4.365801413173300838e-01
4.395413765174376874e-01
4.382531033224110750e-01
4.371538898255848959e-01
4.392373401738204897e-01
4.377812125474403460e-01
4.376835912801775308e-01
4.376075440187037202e-01
4.384895005680160551e-01
4.363380770606195003e-01
4.346387628110839896e-01
4.371160301319463315e-01
4.367076978545070265e-01
4.385762694104398673e-01
4.386270839733216742e-01
4.372441624009910655e-01
4.343067343705163119e-01
4.394295857975731856e-01
4.359800124212291350e-01
4.383110915835393140e-01
4.362074097803125272e-01
4.350262260715628826e-01
4.346315881620170241e-01
4.384173119061307022e-01
4.349887988435353070e-01
4.372932278820949037e-01
4.378434708318121316e-01
4.354412260613919616e-01
4.356104673636322921e-01
4.360508546575718736e-01
4.348247195279945632e-01
4.369897335203486999e-01
4.340866390414229170e-01
4.379250496365165168e-01
4.371416307738869023e-01
4.360134844728981718e-01
4.326874355173560005e-01
4.371857302294625547e-01
4.345556955851550551e-01
4.367228467444950191e-01
4.342064393104136388e-01
4.382409475374283159e-01
4.351090719887787395e-01
4.353678735275245404e-01
4.373569641907431027e-01
4.367307678672798232e-01
4.316395204573144628e-01
4.357613744757151686e-01
4.336186546149421450e-01
4.349081521747610313e-01
4.356205306483145190e-01
4.332398296320518205e-01
4.365142144500469001e-01
4.338614610923042236e-01
4.340059161952327660e-01
4.359136181894702200e-01
4.329474467164469709e-01
4.338938921279233418e-01
4.361549249396514116e-01
4.326024477785435085e-01
4.355876664893316708e-01
4.331274179947945391e-01
4.363216854945866641e-01
4.342074833734372308e-01
4.346904805647191505e-01
4.343517409033141874e-01
4.352092726981962034e-01
4.344144634190610366e-01
4.349738057702332017e-01
4.351725061928328753e-01
4.312802913551638806e-01
4.349655723630623250e-01
4.348371261714316649e-01
4.314691895306291269e-01
4.354579663615665841e-01
4.309991258095566269e-01
4.355538083051637144e-01
4.320591838424391873e-01
4.325271468834562261e-01
4.338989704805264469e-01
4.327777867318885474e-01
4.342130193074935640e-01
4.332961643983889721e-01
4.327671214432995406e-01
4.350298206048596739e-01
4.354649360869722874e-01
4.309016893946160387e-01
4.342210931781451677e-01
4.332358852993021259e-01
4.325231871307119724e-01
4.344242561333012120e-01
4.327929303284585583e-01
4.302081162342212273e-01
4.290865752077913098e-01
4.333768117386112562e-01
4.313973807939407989e-01
4.316858010678343294e-01
4.325932876576827346e-01
4.346059752523694919e-01
4.308888412310287186e-01
4.331297778746316940e-01
4.301628185393325254e-01
4.329821962797683610e-01
4.330885613024329506e-01
4.322815385136111188e-01
4.330769404286315960e-01
4.314035214222669001e-01
4.338860553631556094e-01
4.326016990469296331e-01
4.314973807557476726e-01
4.325496610105679651e-01
4.329251538003806576e-01
4.311687297522211471e-01
4.307985388711856323e-01
4.322079213370883521e-01
4.331254083825635259e-01
4.326579824137024577e-01
4.282412143890629852e-01
4.312160003233255767e-01
4.316566945746430073e-01
4.291022293022268008e-01
4.334133398323917752e-01
4.320829377198809329e-01
4.314185365587403509e-01
4.317602732563032841e-01
4.283164507738349003e-01
4.314214626265936992e-01
4.321658959289385593e-01
4.296590806735450241e-01
4.320342941522423708e-01
4.306556297804312039e-01
4.324329540376969927e-01
4.308741926870585104e-01
4.280423815113458819e-01
4.308190811314021595e-01
4.293921019174612996e-01
4.318999982853894970e-01
4.293971681721984734e-01
4.325878282521369300e-01
4.312132957962870883e-01
4.305117045199542969e-01
4.298665277222455394e-01
4.304330520437011365e-01
4.273532503816852013e-01
4.296950347283701177e-01
4.304982652925962161e-01
4.297019176027168097e-01
4.312372297518451414e-01
4.282953809119023902e-01
4.299745420276606112e-01
4.271338368317347811e-01
4.306625972820073422e-01
4.298876555413109757e-01
4.292803130225470998e-01
4.292198128942734670e-01
4.314220870908566652e-01
4.291354287108983812e-01
4.295231191221849376e-01
4.278755537270991227e-01
4.285900009451120152e-01
4.310261754547348723e-01
4.289714819443574689e-01
4.287457521169971142e-01
4.300633873539564944e-01
4.289055917856604006e-01
4.295918288726114365e-01
4.278405520603389967e-01
4.271019810367469027e-01
4.298683227113765937e-01
4.275017311882475801e-01
4.284370205049309877e-01
4.279896461635752658e-01
4.278138334753695537e-01
4.308336997951390246e-01
4.267810115909597690e-01
4.301933096082777852e-01
4.266029874283284173e-01
4.300773194634867624e-01
4.287666999162816350e-01
4.285611602420191235e-01
4.280670517980603162e-01
4.288307697035413923e-01
4.275731228875473966e-01
4.284942467581656644e-01
4.262065093992289389e-01
4.266887025751596174e-01
4.287106519915950265e-01
4.270965747949646563e-01
4.301990234357965792e-01
4.293882393103725659e-01
4.260577951578709555e-01
4.283419385577427740e-01
4.271653358565035141e-01
4.260450956762196761e-01
4.296382305805121482e-01
4.272348099596661175e-01
4.271763961966557610e-01
4.268026056966300885e-01
4.256129627471748056e-01
4.279506839079372793e-01
4.262831476384542628e-01
4.270436103647827775e-01
4.269056711774022461e-01
4.254955177741474581e-01
4.286690848946348442e-01
4.244006752903490276e-01
4.298212485029011543e-01
4.270527232587803534e-01
4.261836036988697063e-01
4.265121436060038129e-01
4.267855489814034176e-01
4.267107342465154551e-01
4.274318092150219961e-01
4.269552923572170755e-01
4.262493506401434096e-01
4.290652865765360868e-01
4.258339041188208829e-01
4.264056518593271616e-01
4.248546927050396160e-01
4.281134050500767230e-01
4.273843716639402768e-01
4.263165380489519207e-01
4.259551581491935468e-01
4.275719607573995606e-01
4.247519767110173317e-01
4.247159751556308649e-01
4.243235459263871578e-01
4.282443034186131370e-01
4.258607013339910097e-01
4.261259991683262194e-01
4.259638113635227374e-01
4.253502605507042400e-01
4.264659001610073830e-01
4.252944783749735280e-01
4.246239155625075035e-01
4.271080820223498442e-01
4.264902988049411037e-01
4.260142353040860530e-01
4.266737671713884961e-01
4.261516565787693556e-01
4.248184664719559245e-01
4.252414295441093728e-01
4.227196069288896574e-01
4.264886803980292296e-01
4.264803375758277615e-01
4.227610526563394533e-01
4.253408015372387996e-01
4.258135066293489701e-01
4.266459183391992371e-01
4.275129962299128450e-01
4.248858387201122633e-01
4.256554310802804220e-01
4.232922854319297046e-01
4.248267870602873142e-01
4.249654839167220088e-01
4.256480421081444976e-01
4.251155119337715060e-01
4.269016649033288147e-01
4.247479263705653540e-01
4.268699513264435086e-01
4.222594768935636900e-01
4.242835174897113260e-01
4.230451280818536275e-01
4.254777805241869992e-01
4.257633768644970562e-01
4.266831411820295461e-01
4.250226481124264599e-01
4.242930140732263933e-01
4.226242727340637217e-01
4.259836012217740886e-01
4.248927658137700569e-01
4.218179723267829195e-01
4.255745152115186225e-01
4.262130490244864234e-01
4.241870655901922027e-01
4.272909093970991279e-01
4.237778227842755041e-01
4.237863401725547874e-01
4.235214423567608688e-01
4.261917386228455951e-01
4.253432588333029840e-01
4.247474000549273376e-01
4.253038582850843796e-01
4.249227684550629935e-01
4.232779071919989811e-01
4.261827069503200671e-01
4.238697537735902077e-01
4.231650752292395734e-01
4.229906533055951545e-01
4.245356062553933274e-01
4.220921992269623391e-01
4.243816101601958213e-01
4.231649070270436241e-01
4.245725264264539334e-01
4.221993617736080062e-01
4.233920248045944246e-01
4.234951704900585256e-01
4.218409008966215734e-01
4.251443762621418543e-01
4.261577040425815199e-01
4.225611555319372381e-01
4.251084560119652855e-01
4.218521859150326514e-01
4.256511134789283113e-01
4.253471847665859507e-01
4.225172748178171456e-01
4.222995204892588395e-01
4.219586236376858257e-01
4.222778354853399807e-01
4.252713551670252445e-01
4.227293266011654116e-01
4.247669405294594580e-01
4.239508336857563120e-01
4.235460453869564490e-01
4.233762985307474302e-01
4.245298253654315457e-01
4.217473728511911824e-01
4.215656799795041709e-01
4.226692819149497904e-01
4.240300388411131771e-01
4.217106689617289850e-01
4.252657295486187983e-01
4.213189684719795824e-01
4.225235988111186725e-01
4.251443180432271096e-01
4.262405186702727389e-01
4.227563275934493880e-01
4.246383558347904263e-01
4.225593639829951509e-01
4.228130308371999546e-01
4.229276334873832699e-01
4.206068942598217841e-01
4.227755961537461027e-01
4.219265037520784634e-01
4.220048604273931581e-01
4.243955571958346051e-01
4.248976286228859922e-01
4.243882827100194377e-01
4.231604668465639985e-01
4.231229688048723236e-01
4.222858779398270257e-01
4.225163015954571666e-01
4.177662805298448245e-01
4.226298823859951370e-01
4.245057784394183353e-01
4.251832583705525970e-01
4.226394460022611099e-01
4.232014023376462486e-01
4.210395108808953069e-01
4.236494008019679458e-01
4.192503684861887958e-01
4.243827746605290385e-01
4.227384474978049256e-01
4.223534814301621032e-01
4.217281935433143669e-01
4.219190488488060442e-01
4.223829620266473239e-01
4.241247069758567467e-01
4.241731862470831671e-01
4.199419393151580526e-01
4.219751208173669332e-01
4.226170148466586451e-01
4.199369238916281777e-01
4.222692487733627487e-01
4.223288641217877726e-01
4.221984472960333412e-01
4.234409601149655700e-01
4.199631958882506511e-01
4.206665885254268211e-01
4.230592843148344162e-01
4.211280272276872183e-01
4.192121699913688992e-01
4.212384335987344186e-01
4.199151378464892059e-01
4.206682263984904413e-01
4.226005481924480223e-01
4.239833585659653625e-01
4.197059836050360260e-01
4.212365629646890319e-01
4.200055584638728856e-01
4.217206270257211620e-01
4.231033786060477975e-01
4.174565368748963667e-01
4.222574590064859801e-01
4.225126900786764783e-01
4.177189212826995512e-01
4.184759250936398445e-01
4.206824056731739980e-01
4.201722308980643805e-01
4.223002737919612781e-01
4.198372525958389279e-01
4.208141773089770221e-01
4.203001078008951619e-01
4.197819631692822906e-01
4.199286516912134615e-01
4.217108800814934333e-01
4.190226210909381854e-01
4.199990226701186269e-01
4.198148220484437254e-01
4.219620762038900907e-01
4.195022457565846796e-01
4.215742234028703739e-01
4.198224194424727274e-01
4.174357536037013872e-01
4.193046636339385347e-01
4.205492573675679857e-01
4.195258001211354948e-01
4.196634031920345453e-01
4.166780805171653168e-01
4.200345146628044479e-01
4.211700956743445468e-01
4.191337925375635542e-01
4.215911683259919163e-01
4.199818879291965512e-01
4.187771414297030148e-01
4.215663811474706368e-01
4.183181763597800806e-01
4.189041934291540259e-01
4.217525492818557376e-01
4.170725325421286711e-01
4.195447974676145275e-01
4.168136427119502052e-01
4.201180303544662098e-01
4.214394252785660933e-01
4.203882647950727414e-01
4.196819151642077750e-01
4.220222361427288793e-01
4.164882245398835448e-01
4.205621686406410542e-01
4.163745074640896049e-01
4.198445196948112912e-01
4.212345260420062298e-01
4.188303571320401986e-01
4.186083972932011510e-01
4.173996436475910787e-01
4.190338485772568955e-01
4.215204539251307669e-01
4.184065086376855813e-01
4.219270861440911902e-01
4.199676361706041749e-01
4.172360694360647826e-01
4.190926772797164968e-01
4.204061536859549641e-01
4.176818682022253593e-01
4.188611700200008392e-01
4.185872235935521601e-01
4.198679943762515521e-01
4.160701688702531098e-01
4.195970254926877918e-01
4.181845584953896577e-01
4.209710695064774466e-01
4.162780422661429558e-01
4.184057001933893516e-01
4.214136294649802328e-01
4.174149828552509156e-01
4.189465654643835801e-01
4.184566933882089557e-01
4.174747029550203714e-01
4.187873861334441838e-01
4.177116755794179626e-01
4.162961750398606608e-01
4.199052684151760584e-01
4.193447425019978803e-01
4.180741385193100235e-01
4.187440979270911079e-01
4.186273439949880770e-01
4.174703504158240874e-01
4.150426076157134325e-01
4.175405932004358500e-01
4.201870704566457171e-01
4.141744332283579522e-01
4.202322966884042832e-01
4.166607580288436696e-01
4.195889252079532672e-01
4.205482064529280639e-01
4.163681669048445166e-01
4.162004399574772973e-01
4.168759633624711802e-01
4.198820413026769782e-01
4.172128519197729202e-01
4.195784823436556343e-01
4.171476307934167127e-01
4.175505887334793331e-01
4.184493993932094646e-01
4.160925136407462865e-01
4.150316666904733665e-01
4.188866682223543747e-01
4.184457027850604915e-01
4.160369258084644084e-01
4.144821315719818267e-01
4.161502884811603686e-01
4.189630779516437253e-01
4.211785632132895585e-01
4.135381420633749694e-01
4.182917261828029698e-01
4.177096567268061000e-01
4.144066042886214718e-01
4.147568993400258530e-01
4.166558069043121981e-01
4.203723142631616838e-01
4.179148599460461022e-01
4.176975300681280423e-01
4.164578342660098520e-01
4.163398069564330228e-01
4.180616126331502258e-01
4.181948530921790197e-01
4.141069475219367746e-01
4.152039377882763560e-01
4.163199585786748202e-01
4.179418502666361612e-01
4.149684268800630238e-01
4.149304545674811773e-01
4.163739127332842238e-01
4.147254412457354600e-01
4.159404960441865917e-01
4.189673169961619092e-01
4.187932003205727671e-01
4.149945710030686352e-01
4.168048568914105023e-01
4.138537921271467912e-01
4.136364008247546131e-01
4.149220896536809922e-01
4.184319016954231585e-01
4.150541066637214449e-01
4.154285745166413357e-01
4.177955269603839672e-01
4.129867993105844071e-01
4.182683081274107817e-01
4.153537492817665489e-01
4.191551372565880951e-01
4.141365011178201883e-01
4.145196589852097602e-01
4.140537037762848649e-01
4.148395057190084056e-01
4.184690010809808958e-01
4.200769409519787279e-01
4.175297942744378710e-01
4.150807701135690309e-01
4.146244723105023122e-01
4.170775772099031276e-01
4.129120843788361417e-01
4.164257946224508289e-01
4.157184899797778943e-01
4.173891473573205224e-01
4.144020052994563108e-01
4.143224070053867503e-01
4.161491409279300391e-01
4.180249630599956467e-01
4.123484480535617447e-01
4.137789929980708048e-01
4.174320608422028012e-01
4.158873471678402045e-01
4.127047055248047602e-01
4.128152225610874915e-01
4.150801974976667252e-01
4.125448237393397055e-01
4.144630048322174853e-01
4.152543999683009912e-01
4.131741606064534555e-01
4.150571794224153233e-01
4.166143127141516689e-01
4.138396367200408155e-01
4.134744497548812903e-01
4.137794713786660528e-01
4.128504220344050846e-01
4.124836424553968151e-01
4.130002676389525895e-01
4.173592725751943955e-01
4.137725126093358963e-01
4.129372370942378523e-01
4.162702403233824455e-01
4.132239037856633157e-01
4.125238519046918739e-01
4.145229726409461191e-01
4.161214820209058751e-01
4.109846942418201032e-01
4.161757750840685000e-01
4.107418506265209657e-01
4.145318337220190164e-01
4.137084163943974269e-01
4.132490117864624501e-01
4.150776883111084725e-01
4.164087367441413612e-01
4.120804995184021990e-01
4.177657136406849325e-01
4.123511539618657795e-01
4.106705038979294176e-01
4.145245284710037947e-01
4.142832489289352549e-01
4.131001275489041280e-01
4.132836880801294410e-01
4.148182224964849230e-01
4.125804093060614353e-01
4.150761414507249114e-01
4.116490192659816305e-01
4.132124022970042332e-01
4.138158307940691394e-01
4.158713465286617006e-01
4.178343890168383368e-01
4.131722994259088289e-01
4.134931012691271390e-01
4.136275148248595990e-01
4.142765884620732142e-01
4.134136885765517522e-01
4.119544426106599988e-01
4.142555107849907325e-01
4.099179122663876296e-01
4.117629729646556380e-01
4.100124806678945855e-01
4.118153758227239281e-01
4.140306432124510327e-01
4.163152918366272992e-01
4.133214272285596902e-01
4.141633974307214472e-01
4.127219874019426027e-01
4.117977683014209522e-01
4.124006292703596976e-01
4.123271087141224811e-01
4.117984973678635030e-01
4.135825667836036668e-01
4.090614670527237262e-01
4.129816738913132390e-01
4.150105181033520441e-01
4.115309554763362798e-01
4.155356197876542979e-01
4.126690343254528770e-01
4.103882080778829544e-01
4.096334947210836241e-01
4.139023146511101037e-01
4.109752376487826875e-01
4.147398777717236640e-01
4.130497281796324249e-01
4.131820495045664399e-01
4.145324851402767963e-01
4.131755085386873971e-01
4.126237130291376953e-01
4.086652872347276144e-01
4.132094502892032506e-01
4.142550664924667392e-01
4.120212589451222041e-01
4.073261635853329676e-01
4.118943670193042639e-01
4.103895181346107202e-01
4.144000831396137952e-01
4.102342705378684840e-01
4.128091933719544859e-01
4.129464244697302888e-01
4.122332294867643854e-01
4.092554228521949056e-01
4.107286897971678119e-01
4.087569344795187742e-01
4.119164500323018729e-01
4.116043576453847774e-01
4.090343433009362428e-01
4.077883902368091285e-01
4.115070237985824497e-01
4.122937076833341208e-01
4.108072169145915997e-01
4.100546381845980304e-01
4.144404243681398259e-01
4.101000808828013100e-01
4.110201658952674642e-01
4.110444254426330324e-01
4.126502424303955530e-01
4.109205490127028626e-01
4.101597043352094851e-01
4.094547156539913302e-01
4.110845272179996512e-01
4.091030645770784013e-01
4.122355520479409896e-01
4.104010120370869541e-01
4.103607360933957948e-01
4.146601744515721055e-01
4.109802230221903385e-01
4.098992920549069385e-01
4.120347224286232124e-01
4.108561542229464680e-01
4.086294050359453034e-01
4.123897577671187253e-01
4.095169305367327151e-01
4.092480277006350087e-01
4.094309691893781022e-01
4.146726391575761839e-01
4.086809411750610965e-01
4.090100157509944379e-01
4.116783384379107402e-01
4.094359420408970052e-01
4.112292829630022628e-01
4.093075397461373721e-01
4.102698866585628434e-01
4.093795516219720376e-01
4.114754623130333910e-01
4.098856808376120653e-01
4.114026111314981748e-01
4.114934455776534938e-01
4.138652281333295435e-01
4.093490464106661619e-01
4.104232708089245452e-01
4.123691338915975169e-01
4.103575973399122834e-01
4.113103671147360085e-01
4.086134385159549964e-01
4.095927083474915631e-01
4.089076140640686696e-01
4.117110583319753547e-01
4.100140052035074478e-01
4.120351392060093709e-01
4.105838552236629191e-01
4.117459425921721206e-01
4.093678604784664610e-01
4.097932723004200639e-01
4.089891370302308204e-01
4.083659567275912949e-01
4.097890653617538015e-01
4.090239133183551368e-01
4.123451026331017011e-01
4.102059548768374753e-01
4.089168963277636237e-01
4.083673647250933292e-01
4.128338148371514804e-01
4.097362269084788289e-01
4.110149671214058387e-01
4.107593132408051684e-01
4.107208589701819013e-01
4.119822158714030458e-01
4.081907788705467222e-01
4.097115028603379727e-01
4.089122748718327927e-01
4.067263715817466263e-01
4.094071983885567700e-01
4.096556418817687284e-01
4.108647543843130800e-01
4.088143680724065643e-01
4.121479154731944039e-01
4.095328611324054457e-01
4.074945064666856687e-01
4.085434334780957411e-01
4.096523322419172719e-01
4.071701810097729801e-01
4.096741202900175405e-01
4.092292609141290338e-01
4.097130048717854134e-01
4.125943754194698609e-01
4.055389229142373764e-01
4.094225845984281187e-01
4.097786387299353628e-01
4.115375027464991953e-01
4.088844872593228597e-01
4.093680336854310653e-01
4.077069105789790648e-01
4.096747438412211006e-01
4.113376174188120848e-01
4.115844722361333141e-01
4.074717517921412901e-01
4.105079372596249221e-01
4.111064855017299013e-01
4.087854069985761840e-01
4.073312288930471259e-01
4.094462574219632223e-01
4.083784486517056389e-01
4.107492675205436927e-01
4.080899926112032117e-01
4.089693446922297304e-01
4.114863461161806235e-01
4.112760610632220648e-01
4.071553931288203199e-01
4.105885643249158057e-01
4.085894624559003319e-01
4.091179683470001494e-01
4.070808685853680164e-01
4.083522599197266789e-01
4.085716292132031136e-01
4.097007018326510597e-01
4.067225862359104549e-01
4.101953601088419998e-01
4.124161977843281979e-01
4.103472363791113575e-01
4.063830822562348732e-01
4.079344903751658258e-01
4.083081683262761996e-01
4.113982112842780592e-01
4.072974510344241073e-01
4.096660041266228514e-01
4.073589751640627199e-01
4.110250344159991909e-01
4.077038273877860441e-01
4.100016518742433114e-01
4.080796720290917334e-01
4.076246948456676011e-01
4.135770644127093054e-01
4.056799100416138004e-01
4.085360163028603497e-01
4.111307212051336646e-01
4.080966331926214052e-01
4.090972346380308267e-01
4.064069700256254247e-01
4.074839506931506872e-01
4.111924814400926276e-01
4.075215903228259773e-01
4.089831609133178225e-01
4.080891015830941382e-01
4.041685148587226828e-01
4.086551771416768730e-01
4.072321249633799600e-01
4.076839254622656727e-01
4.087697941388823697e-01
4.072835146963538766e-01
4.069725165647687937e-01
4.083467824916981459e-01
4.085889161295233607e-01
4.140889791647874296e-01
4.067622530186856267e-01
4.080945023620454748e-01
4.078934215644601236e-01
4.091346935439956756e-01
4.061403754241919017e-01
4.077120799862969380e-01
4.104256889058084945e-01
4.037322188299517500e-01
4.100436259170042175e-01
4.074765287950004589e-01
4.110417150845726564e-01
4.070529985572157172e-01
4.101576092994981271e-01
4.075177845330104631e-01
4.053947233970962571e-01
4.070765290282525317e-01
4.088637035289191535e-01
4.083928506585983720e-01
4.102338780949003616e-01
4.069170978372420588e-01
4.054694166011906797e-01
4.071297066232352768e-01
4.105316249257143224e-01
4.056269020645051904e-01
4.083693238380765589e-01
4.070771268544157717e-01
4.069621307288271983e-01
4.078222390896102945e-01
4.071767159918835421e-01
4.065955880222006935e-01
4.080261638335682672e-01
4.064728613990771788e-01
4.062517768150491482e-01
4.069468000036377542e-01
4.086681054752124287e-01
4.112000761425343431e-01
4.072376605676317762e-01
4.060576940444204364e-01
4.122898143703265794e-01
4.042483097834377315e-01
4.077418782747823656e-01
4.089887232257238825e-01
4.090483864537980963e-01
4.054964075346614294e-01
4.064891588730419336e-01
4.048497751641608744e-01
4.049684563460602127e-01
4.108792118927937498e-01
4.066902185642092271e-01
4.073160339172552935e-01
4.076716020792705009e-01
4.047546985011259424e-01
4.070259147220029461e-01
4.061106280866210727e-01
4.087151363636281065e-01
4.106038838634236687e-01
4.066463019246092103e-01
