3.799920822850940567e+02
1.119016198954342940e+02
9.136859365353718943e+01
7.967461481405187840e+01
6.519543309527136898e+01
4.463222616106610730e+01
2.017095915637099068e+01
8.052578083668453957e+00
6.034195992016679888e+00
5.105842332457544153e+00
4.398948595770076686e+00
3.864558845873033999e+00
3.471198388101516041e+00
3.183005684583722239e+00
2.956963531528229883e+00
2.768365938645902080e+00
2.608835145489077689e+00
2.471714058701742989e+00
2.352323819204033661e+00
2.246841349713790681e+00
2.154692890199239930e+00
2.072178821702701068e+00
2.001205794380843006e+00
1.938111393289957185e+00
1.883603802510434910e+00
1.835895946994051009e+00
1.793249969752552575e+00
1.755220196135906852e+00
1.720541519246560958e+00
1.690025995538989356e+00
1.660966983481290571e+00
1.635468917764439922e+00
1.610742037716316410e+00
1.588773344367900187e+00
1.567254521820365065e+00
1.547049212688848874e+00
1.527900121414523804e+00
1.508306718845451089e+00
1.490467578311188257e+00
1.472093731573837161e+00
1.456726268519389800e+00
1.440550179500248440e+00
1.424845711150886984e+00
1.409444337939505409e+00
1.397011152549114454e+00
1.384483174078211531e+00
1.371872030429278189e+00
1.360744436966842441e+00
1.350241779212704607e+00
1.338444785816412574e+00
1.326629973686718200e+00
1.313413553589074523e+00
1.302767666543328096e+00
1.290973751465549269e+00
1.280675156517093738e+00
1.270446472743587796e+00
1.259289362625448438e+00
1.250193192791851038e+00
1.240483141929558331e+00
1.230606840009555114e+00
1.222441293827123632e+00
1.212664875182126289e+00
1.204122278387372180e+00
1.196177344977260359e+00
1.187773286789065796e+00
1.180016960066612386e+00
1.172162813959103822e+00
1.166153291531763836e+00
1.159152843168803626e+00
1.151897608690606312e+00
1.146450704099903017e+00
1.138105048949277665e+00
1.132532195726351443e+00
1.125172746233419563e+00
1.119774643268575565e+00
1.112783814132214610e+00
1.106163444908401905e+00
1.101300914587888924e+00
1.095019016940313561e+00
1.089389203062604672e+00
1.083692508504778607e+00
1.076875663620830093e+00
1.071807245365532735e+00
1.065438702962873796e+00
1.060624018327697593e+00
1.053725758847650296e+00
1.049466230410689427e+00
1.044462228177373886e+00
1.039693231385463434e+00
1.035428188624060608e+00
1.031258093596313152e+00
1.025326958590577320e+00
1.021880657894345346e+00
1.016689298752998960e+00
1.011759028424987550e+00
1.007216632245928833e+00
1.002686357773899140e+00
9.985632646474913443e-01
9.937167529064740989e-01
9.907085638155906926e-01
9.858674102837433617e-01
9.811586019518775403e-01
9.751627392530269889e-01
9.729626083706016670e-01
9.669463705021384969e-01
9.642329476237655461e-01
9.587093480548668500e-01
9.556841536834065343e-01
9.528944733814673773e-01
9.470574716230867329e-01
9.440663105971244251e-01
9.417168468267324011e-01
9.368197287013009245e-01
9.337056545825906939e-01
9.316249970433329031e-01
9.262516527027330193e-01
9.230097642341389408e-01
9.203489580194159636e-01
9.182895075556888331e-01
9.130513773796024024e-01
9.099960894924860044e-01
9.067564190599214369e-01
9.042262075546778632e-01
8.999575772188216360e-01
8.965174783173246453e-01
8.919554691386301082e-01
8.895407608128710342e-01
8.869520149168658163e-01
8.825117223149930856e-01
8.793580554247529824e-01
8.763547569848691987e-01
8.731948051769933272e-01
8.702099798280257259e-01
8.683159405011787735e-01
8.674335114386407808e-01
8.625251834293264919e-01
8.614915030436941512e-01
8.578374519649160090e-01
8.553902098262687881e-01
8.528207999993089317e-01
8.516545009759584062e-01
8.480703267050316851e-01
8.480655788601443312e-01
8.451805442210300612e-01
8.421402786660462381e-01
8.386037582389697098e-01
8.381513116144341247e-01
8.367384778215702923e-01
8.326517692055049880e-01
8.312424682221110084e-01
8.303368344746554497e-01
8.250478041787970840e-01
8.257778199862170210e-01
8.233818675357672534e-01
8.204211527390045111e-01
8.183078426655495674e-01
8.160444021848626273e-01
8.161902377064826908e-01
8.119315243841508378e-01
8.105585183095426194e-01
8.079569768512068206e-01
8.065824529623624173e-01
8.048828114223600672e-01
8.037032275389065505e-01
8.010555042755292954e-01
7.975622217707011297e-01
7.969589844150916091e-01
7.952890555512519555e-01
7.928846392695666490e-01
7.901046102430887563e-01
7.902748509817789646e-01
7.890681017011162979e-01
7.858674551086693993e-01
7.837309880123005668e-01
7.833597351519180352e-01
7.806959762991771967e-01
7.807288746331293439e-01
7.773885726610156865e-01
7.772221202917960481e-01
7.735459785895888452e-01
7.743632182490736149e-01
7.714920715415892749e-01
7.693689283605845697e-01
7.692204853801102304e-01
7.655692422899798011e-01
7.660470270112393898e-01
7.657063013986643574e-01
7.608978459926659665e-01
7.608181056486366112e-01
7.598368983519717679e-01
7.594572150161700286e-01
7.593484460073559594e-01
7.566762536377344972e-01
7.549431862651148073e-01
7.540001793548897213e-01
7.540601999755299767e-01
7.509820644864967365e-01
7.513465218778391241e-01
7.479685222414115264e-01
7.500088418608719110e-01
7.448589309744136910e-01
7.460064025470508620e-01
7.421042904770237536e-01
7.404534524227940340e-01
7.407528292532759018e-01
7.396645166479499656e-01
7.371010427412979515e-01
7.364705730919781645e-01
7.352559425040962049e-01
7.325513555885607708e-01
7.310162402513958879e-01
7.310116850777820252e-01
7.304090721539969744e-01
7.287216048324441919e-01
7.277173516729039671e-01
7.265773329591888041e-01
7.232227834981329595e-01
7.248895968838883208e-01
7.218838596658696538e-01
7.228513906599611794e-01
7.198128798137246598e-01
7.188879099919608384e-01
7.177300792321018585e-01
7.179589082079033124e-01
7.169001766260688635e-01
7.128899086303616128e-01
7.155787678997439505e-01
7.136842470926109128e-01
7.125026014097642912e-01
7.123230266977610414e-01
7.071894048205219496e-01
7.100132192563720634e-01
7.067374513338796627e-01
7.068866578274328738e-01
7.052330506895591045e-01
7.046620129380091191e-01
7.030103448723442616e-01
7.014229941243838029e-01
7.032677506916477084e-01
7.011378938495761437e-01
6.996273737705166473e-01
6.989496643294188516e-01
6.974747606734851280e-01
6.957762399315891022e-01
6.971855527761237070e-01
6.952937617993737440e-01
6.939337451875307039e-01
6.934563857493841743e-01
6.945820990017531615e-01
6.924654097343072578e-01
6.895949643409657881e-01
6.910366708355736298e-01
6.896147802612541122e-01
6.888062635544421886e-01
6.879583507697151212e-01
6.857978772248438659e-01
6.888250822137989005e-01
6.844262733704634671e-01
6.820281168879157585e-01
6.838917770082000303e-01
6.797397679369262535e-01
6.806742540924960450e-01
6.790317307165888439e-01
6.795065441248694382e-01
6.777871114478647430e-01
6.766657208922843836e-01
6.784728276493597887e-01
6.748535979058224443e-01
6.739794688127029865e-01
6.736537694229886020e-01
6.737549194296948984e-01
6.720284508334701812e-01
6.732481067529024754e-01
6.690045148647495443e-01
6.686255705352951439e-01
6.712364493616195249e-01
6.673437514697253548e-01
6.642196297500283508e-01
6.657644872052604912e-01
6.663380101225019336e-01
6.653466118946197438e-01
6.639751582689074061e-01
6.630580607370800683e-01
6.632140441645670847e-01
6.617197785896765660e-01
6.580769138893763914e-01
6.606514423509602940e-01
6.589596371105228556e-01
6.566874566883188491e-01
6.547840445784388619e-01
6.562680208342077659e-01
6.555160153645785970e-01
6.559624827235227551e-01
6.524173372745319943e-01
6.540466685801132884e-01
6.523360234821503623e-01
6.494301088926698329e-01
6.518757317160646103e-01
6.504316890727904754e-01
6.505952703456251429e-01
6.478268505724423809e-01
6.500339980138847285e-01
6.446056784769252923e-01
6.478792550171642572e-01
6.446441767468105155e-01
6.448299241532585713e-01
6.429583695604824678e-01
6.450029320165940883e-01
6.416626551749003982e-01
6.416593578165178391e-01
6.409698094490564602e-01
6.406982466807753518e-01
6.383308592892223965e-01
6.373085728983340914e-01
6.404435729859894177e-01
6.381770632320981074e-01
6.370238293330523494e-01
6.358438903242781270e-01
6.328741323152127229e-01
6.379251879946135073e-01
6.341255766389383153e-01
6.320379841561080125e-01
6.334751079416989228e-01
6.320580264077958477e-01
6.310710005254699384e-01
6.305620645962365378e-01
6.307681503113339305e-01
6.299415899473171931e-01
6.320206279481044298e-01
6.245704539324922200e-01
6.310451737528364191e-01
6.257290079579632680e-01
6.256715389490553614e-01
6.269725844270311876e-01
6.249561286871416765e-01
6.241226580328893547e-01
6.235998459055759335e-01
6.255395887097253693e-01
6.233432452565094151e-01
6.206610086493197231e-01
6.223679745684554954e-01
6.198858404045822779e-01
6.201941483004631550e-01
6.202262271097095381e-01
6.215676183789545783e-01
6.199591382053246669e-01
6.185982081081548012e-01
6.180311508823027600e-01
6.170196990329991360e-01
6.204437761848005106e-01
6.153254499218464568e-01
6.173277439800551880e-01
6.149817744979544365e-01
6.163319607654823562e-01
6.144172019234035442e-01
6.149259817709458176e-01
6.129392829387563246e-01
6.140017124477027410e-01
6.144707452174055229e-01
6.106535675383715223e-01
6.110780565651613427e-01
6.107567372947337869e-01
6.133308682120580668e-01
6.109151435112480932e-01
6.113001507301329962e-01
6.062804787846123311e-01
6.086328109952893195e-01
6.086885460792568203e-01
6.084599006041176983e-01
6.079278753448044137e-01
6.045834948339265935e-01
6.054633308614583154e-01
6.055270990511183449e-01
6.039161837159615631e-01
6.045967362429746084e-01
6.037492473432275464e-01
6.022920919644473292e-01
6.049700451598568618e-01
6.037625286909266142e-01
6.047255169437658617e-01
6.002885734905724080e-01
5.996783504327573011e-01
5.984933451764348211e-01
6.001730153873271467e-01
5.990186478208953114e-01
6.008722659421313894e-01
6.023661298771357808e-01
6.017207221772741255e-01
5.978406977061146987e-01
5.981602263001908337e-01
5.987354344778322845e-01
5.982666080617021764e-01
5.961961578413926821e-01
5.982701891483906964e-01
5.977503700564384959e-01
5.986738464629007828e-01
5.960682230856330088e-01
5.947123595502016302e-01
5.929688200930832709e-01
5.946396980220548523e-01
5.943832663225478985e-01
5.930515681391478333e-01
5.918753645525011153e-01
5.926660092251433420e-01
5.950180150156122449e-01
5.932304909474070964e-01
5.934439232124468777e-01
5.911962555599602487e-01
5.903402328605701355e-01
5.904904566833358848e-01
5.910543073825701432e-01
5.924070511492994795e-01
5.886956533458905794e-01
5.903767982165363248e-01
5.893245390212519252e-01
5.890194818318318370e-01
5.874039387881330176e-01
5.874634005221509581e-01
5.879928624870328635e-01
5.894190637177936232e-01
5.865186267384419061e-01
5.881135705609810138e-01
5.873359365740861149e-01
5.862964830438146535e-01
5.855542302813830924e-01
5.854226458627128649e-01
5.857976859776293788e-01
5.850124371803177015e-01
5.857459113654087668e-01
5.840332707417881242e-01
5.849059247522417904e-01
5.843012978166592930e-01
5.823937919035625521e-01
5.807545641621266741e-01
5.828527635092599635e-01
5.824712519051611359e-01
5.820389372485437196e-01
5.805662784974187085e-01
5.802151287165716598e-01
5.820548351350129934e-01
5.790771718455719475e-01
5.809860591568567489e-01
5.805856208559900811e-01
5.778031740157549834e-01
5.793878975327210190e-01
5.788721121430097094e-01
5.775985765814165562e-01
5.792344578703271241e-01
5.764868919931994684e-01
5.788947425824430004e-01
5.757957007534982852e-01
5.764873765215920987e-01
5.756002652062410796e-01
5.764510748322507760e-01
5.754367017558070785e-01
5.754401432526380367e-01
5.742079166241401689e-01
5.749127105474807209e-01
5.747131342798116327e-01
5.747594168333621800e-01
5.730472000550705935e-01
5.733072143548733068e-01
5.724672552647522838e-01
5.738155055763243251e-01
5.724430493036591905e-01
5.698937123508357461e-01
5.719480597172229563e-01
5.723493167679941651e-01
5.719473227687482675e-01
5.692827466575859363e-01
5.715967509331557617e-01
5.692976293034285318e-01
5.699849710287486770e-01
5.700194607767751220e-01
5.693556266702173296e-01
5.689406695703662642e-01
5.686796760236649817e-01
5.675876742092192950e-01
5.688620436501269362e-01
5.675587081188935290e-01
5.641397912155764471e-01
5.668237243413672966e-01
5.682974023598273972e-01
5.649560622345568550e-01
5.664764395519475970e-01
5.655504325751846695e-01
5.655406044680546529e-01
5.653312941752118848e-01
5.646674192961996797e-01
5.639874822795257758e-01
5.641094586594211924e-01
5.639350182448829019e-01
5.620055538186746746e-01
5.635498396911913233e-01
5.632922037142749083e-01
5.627281370437546837e-01
5.634694569490907856e-01
5.630576040633257229e-01
5.619912040116984420e-01
5.617942204853878518e-01
5.614079837535278505e-01
5.626182072123154798e-01
5.589830794757001398e-01
5.603709251907221800e-01
5.611812501034367795e-01
5.608645103197099635e-01
5.597307089706212713e-01
5.591622646373760608e-01
5.590405057402337841e-01
5.595237649688604709e-01
5.588683528594043937e-01
5.577111130038110431e-01
5.602477741617043483e-01
5.552487074405479950e-01
5.577570782497568436e-01
5.552816677652093746e-01
5.594588557177283539e-01
5.586575753516176412e-01
5.569730752095061188e-01
5.549094747630359814e-01
5.555394971432520146e-01
5.561601066378168978e-01
5.549324682284796362e-01
5.559250910443988003e-01
5.547519737797678152e-01
5.550618707100600790e-01
5.543337947127390253e-01
5.530836499902423986e-01
5.543005170001619186e-01
5.545910078453909486e-01
5.543674475908841881e-01
5.538030136701165285e-01
5.505290054224573071e-01
5.507002890056477140e-01
5.538786124158281421e-01
5.502652668056482455e-01
5.525177420099712799e-01
5.522862607517616818e-01
5.502033581373636517e-01
5.518057482890554866e-01
5.491980776427510813e-01
5.508466020017880327e-01
5.497889024677355962e-01
5.501492069235317528e-01
5.455773852577948668e-01
5.464472080795134135e-01
5.501628508963255504e-01
5.467887557901818241e-01
5.476644652863794649e-01
5.460977334927931137e-01
5.465055212223212111e-01
5.461868734933154057e-01
5.470680247196840762e-01
5.472018441289411284e-01
5.439282040962633014e-01
5.437880258727361138e-01
5.454166422659240121e-01
5.453142740843727188e-01
5.428938809249803654e-01
5.447553880451326824e-01
5.436802686606432289e-01
5.435899533971997322e-01
5.462201234701409280e-01
5.438875637622145875e-01
5.428691864308975434e-01
5.439530466570794420e-01
5.414199074810387424e-01
5.427993189491325809e-01
5.427582626487112982e-01
5.408098959767181357e-01
5.422374327985292064e-01
5.425553026260810929e-01
5.377996440700788527e-01
5.414863212619773769e-01
5.418832946523413074e-01
5.390768006903199350e-01
5.400523695195753593e-01
5.399986130623229963e-01
5.382803995908445049e-01
5.404277001238434464e-01
5.373485458357371014e-01
5.408030661742800893e-01
5.354716883960344287e-01
5.403248376760297900e-01
5.373530104296924126e-01
5.392473869176567236e-01
5.368130170302259918e-01
5.362336005112892101e-01
5.382580939082119986e-01
5.376790643016094995e-01
5.366750048264736783e-01
5.375731310464796353e-01
5.358514488043512047e-01
5.350905418392563062e-01
5.369160724201326174e-01
5.362883661716201233e-01
5.352848528032977393e-01
5.358526536616660119e-01
5.366056560606964343e-01
5.340589110891483804e-01
5.380587750754329823e-01
5.322216065216510694e-01
5.338065314822013629e-01
5.325531567042139924e-01
5.369308174149490798e-01
5.344783571300484315e-01
5.336414491871451782e-01
5.360415183362877700e-01
5.334632627192484877e-01
5.331650953992103092e-01
5.316947541476086947e-01
5.338811326584173012e-01
5.304604546021606248e-01
5.317990307233726455e-01
5.348620015569742758e-01
5.306957718791148748e-01
5.289902658808555147e-01
5.327089860260895149e-01
5.331539362666605220e-01
5.302748307904042724e-01
5.312550317587758641e-01
5.304577254798071850e-01
5.329142565303248702e-01
5.313411380231179981e-01
5.291890495945063000e-01
5.302512444618832088e-01
5.288160562193052749e-01
5.309984164731295087e-01
5.296589242887049798e-01
5.298407166990928285e-01
5.249390721653121039e-01
5.306683067257723652e-01
5.287073828123273200e-01
5.297115920564560154e-01
5.289773472181286129e-01
5.286769178251722323e-01
5.279820093650939850e-01
5.286514793437231408e-01
5.293941990176095347e-01
5.293499764225424453e-01
5.259143908469411377e-01
5.231130954549109147e-01
5.275117118200792765e-01
5.254770758304569966e-01
5.268780857389222527e-01
5.258552680397631240e-01
5.265661331095573550e-01
5.245689658649650422e-01
5.252713590134261423e-01
5.272353484443447202e-01
5.253494028126883819e-01
5.237152141535602601e-01
5.229597970550569075e-01
5.250417033315920579e-01
5.228872878417972769e-01
5.221833179446290218e-01
5.242996091419173110e-01
5.241842842819142145e-01
5.229786396336676413e-01
5.208238575286722183e-01
5.242081144314630903e-01
5.211477976142165902e-01
5.225172436030008916e-01
5.218106352255579283e-01
5.226650608856563407e-01
5.227308033709446855e-01
5.233496637082692970e-01
5.220271988521504314e-01
5.224181787942842048e-01
5.214707295867869741e-01
5.223474907517543508e-01
5.205722840597135637e-01
5.217456463170982994e-01
5.202691482966294023e-01
5.179157545778944050e-01
5.229423342443159095e-01
5.218417674071702539e-01
5.206101202680667450e-01
5.197997770203559575e-01
5.176900541713299608e-01
5.203378227376397325e-01
5.210254969165267758e-01
5.202063632795793646e-01
5.180207572924584447e-01
5.180938393453382584e-01
5.168133693708013565e-01
5.183547471787667282e-01
5.179538867667473623e-01
5.179952324628261939e-01
5.183397985886472048e-01
5.202108287614842785e-01
5.195624223243039408e-01
5.170212752211781337e-01
5.159897113153464332e-01
5.200060489456509449e-01
5.148731358274106773e-01
5.179859605916704579e-01
5.172910756612533190e-01
5.159444322781028269e-01
5.187305549812512018e-01
5.176791480243877475e-01
5.161872024460653074e-01
5.161883433164012880e-01
5.150527041517102278e-01
5.157523774966236152e-01
5.168851832209276909e-01
5.143063310020358214e-01
5.183395267736436995e-01
5.146667290146222928e-01
5.167779492736794822e-01
5.140317755110935805e-01
5.162961456001272653e-01
5.168069822554436366e-01
5.143501439179674062e-01
5.159202053859439641e-01
5.153884129051534702e-01
5.134354346689466997e-01
5.144840707117120937e-01
5.157445455060286621e-01
5.140327131140732808e-01
5.123908387580023982e-01
5.155633365596430373e-01
5.148575480798949222e-01
5.132560383075935873e-01
5.138286552028660248e-01
5.115924233470160454e-01
5.153326452199130658e-01
5.126330501666417350e-01
5.127242678084551475e-01
5.116181315638326232e-01
5.147872700883716623e-01
5.126501370977958327e-01
5.148662533290240262e-01
5.109768720734648717e-01
5.134748518462463052e-01
5.091464427396096282e-01
5.124735570757187331e-01
5.115873532154826542e-01
5.083553241426451708e-01
5.115620207046300827e-01
5.131390551902917929e-01
5.106911236116535857e-01
5.129841336773935945e-01
5.113980777769873143e-01
5.110201688917982432e-01
5.074935240911265799e-01
5.095572170395028522e-01
5.130904479258672213e-01
5.081868444190670298e-01
5.092064121690939027e-01
5.136601084071056311e-01
5.098508008930245916e-01
5.093483972288359585e-01
5.129432935940611005e-01
5.102816712508215780e-01
5.093394058274837155e-01
5.095579909791009277e-01
5.068432521372437938e-01
5.106621141235703210e-01
5.101402878914270689e-01
5.084708802400136340e-01
5.089595239660615889e-01
5.088865887269833355e-01
5.102148960505911157e-01
5.062992821383319741e-01
5.076677728514333854e-01
5.113764884312789194e-01
5.069948533390199463e-01
5.083505867433713021e-01
5.066394228689607981e-01
5.095106295044176115e-01
5.076934386295580692e-01
5.112780126037448358e-01
5.062716307782210157e-01
5.073776929389574031e-01
5.074669865757730491e-01
5.088725014417360137e-01
5.061977062320559551e-01
5.087651965403693355e-01
5.055277419290479246e-01
5.072390777168481746e-01
5.072406362462164031e-01
5.050126852704411862e-01
5.076648324731762862e-01
5.051158968557544204e-01
5.065611171310006045e-01
5.060517633351331312e-01
5.075545740322521260e-01
5.061538124330774435e-01
5.061380375247570562e-01
5.073713960351112773e-01
5.055337043836238831e-01
5.060562313938681278e-01
5.064564377604411360e-01
5.035861793401171793e-01
5.061039502552002745e-01
5.048966503704154229e-01
5.062023790068508333e-01
5.044062951333266875e-01
5.069871581100490188e-01
5.054236018685094312e-01
5.037907808633811380e-01
5.027246400350952049e-01
5.061687810946694510e-01
5.016957023944667027e-01
5.046680919299298962e-01
5.038276886135487631e-01
5.027958953913544971e-01
5.053084485751965227e-01
5.048241730034279673e-01
5.050784339257515798e-01
5.022624560424041595e-01
5.023709804118442479e-01
5.052028667162872244e-01
5.019975077689139420e-01
5.042199841266462590e-01
5.010295096625375644e-01
5.027744991704277133e-01
5.028606590023311229e-01
5.007838878357105949e-01
5.017242144556374184e-01
5.004084772892577471e-01
5.021387590876543738e-01
5.001650352695035107e-01
5.015301368535346471e-01
4.996563904816033741e-01
5.021531071965491533e-01
5.007478169398935641e-01
5.016075853132662132e-01
5.005845772107024860e-01
4.989109998889227904e-01
5.012387832889341199e-01
5.002767770489198185e-01
5.007567214636778896e-01
4.975558785242111814e-01
4.987762459133185389e-01
5.005385287837682551e-01
4.974745039154350734e-01
4.994534373320120291e-01
4.997920044816703267e-01
4.965977006159132956e-01
4.995359930379628666e-01
4.996855549893897130e-01
4.971586833607923306e-01
5.001577615826300338e-01
4.952991078504549449e-01
4.992042367381996359e-01
4.972963402263806398e-01
4.976540702219545698e-01
4.968777767492371100e-01
4.984074311169546245e-01
4.950828921031122376e-01
4.978562480650389754e-01
4.985397475992265348e-01
4.971693965313054853e-01
4.940787862028259703e-01
4.989886968940173140e-01
4.958433347440828753e-01
4.960260614933722501e-01
4.947239606402935030e-01
4.955859844752613097e-01
4.967707982359177987e-01
4.947528881225478625e-01
4.975200507946664352e-01
4.949983213895352008e-01
4.949923249574912920e-01
4.942771709135078684e-01
4.959999606811682504e-01
4.948124251508861371e-01
4.956204687721627589e-01
4.975467218484916354e-01
4.941067383641459254e-01
4.916393921084645791e-01
4.944418009443871664e-01
4.954506223463488457e-01
4.935964697627449049e-01
4.906602539157447485e-01
4.970210155716744960e-01
4.908218108979733318e-01
4.936346810983578415e-01
4.942051827587971569e-01
4.947041812504178182e-01
4.931489252407937340e-01
4.920256039373904211e-01
4.949337767151931744e-01
4.920873902349232609e-01
4.921756786020858865e-01
4.931339473985003052e-01
4.924737597442292447e-01
4.934442025766969109e-01
4.945884814739687774e-01
4.922561676502703598e-01
4.918330322005980970e-01
4.920581916809429468e-01
4.914097484447206843e-01
4.911346424545913192e-01
4.931465337333223453e-01
4.899501591327735106e-01
4.904212772036811163e-01
4.921598184053844194e-01
4.938075456860096524e-01
4.901430245299628896e-01
4.925726356788890370e-01
4.910840838217893078e-01
4.904484420994512650e-01
4.895689096349522540e-01
4.896470494164644749e-01
4.892679738440285919e-01
4.920625681556747288e-01
4.887641739547547992e-01
4.894538778743295349e-01
4.905445910001333676e-01
4.903605931384555361e-01
4.892801275182477316e-01
4.903149045861868172e-01
4.881144168557975394e-01
4.881125864550161508e-01
4.896032555002188258e-01
4.871894512400946620e-01
4.887700133912265543e-01
4.888107925310194446e-01
4.856378742976847906e-01
4.914700272426258398e-01
4.884603620681697289e-01
4.879379431235080222e-01
4.855424456584311876e-01
4.879241593203111904e-01
4.883026337951046347e-01
4.869592121079489022e-01
4.878179597599630601e-01
4.850218834180299865e-01
4.866661118139053444e-01
4.902025933755700948e-01
4.855374678771411934e-01
4.873443817854650195e-01
4.879449411773742473e-01
4.856946060676403665e-01
4.868879799370725014e-01
4.856204526487939432e-01
4.857693398284094743e-01
4.876719971337878934e-01
4.864610790063433332e-01
4.870194126935507017e-01
4.865498438819699789e-01
4.853013798299907755e-01
4.842728516125555660e-01
4.870910534597779340e-01
4.861073234726389081e-01
4.842996636964014834e-01
4.827110686954101948e-01
4.853109660441491946e-01
4.871753090738036307e-01
4.845717199819108423e-01
4.857704759565684705e-01
4.865343306809261636e-01
4.849809183552433733e-01
4.857157556869809434e-01
4.836451850786493978e-01
4.830390840988392220e-01
4.844237380388349834e-01
4.846723579885203192e-01
4.825845711690557316e-01
4.838788889902188584e-01
4.861131018077265442e-01
4.846274714456970112e-01
4.831417042508454607e-01
4.835757978216998487e-01
4.851790380243512502e-01
4.843693702665090028e-01
4.810868034616384015e-01
4.833449788097612387e-01
4.822220283324563095e-01
4.825221373314014239e-01
4.818101744978415257e-01
4.822778182113710010e-01
4.824847696652082019e-01
4.830369685610342301e-01
4.812394003943354370e-01
4.823048182624372626e-01
4.796707504840408975e-01
4.815103870089858518e-01
4.809581260477522324e-01
4.817062437830113009e-01
4.811787795696462755e-01
4.799175054280859776e-01
4.822459182860523996e-01
4.813247529093480637e-01
4.801721620960866521e-01
4.793480351510251425e-01
4.802952221360599627e-01
4.809657325031704844e-01
4.813082345837235709e-01
4.806699984751320875e-01
4.793645443405672446e-01
4.782631481558518582e-01
4.803310217799682813e-01
4.801097604726394796e-01
4.788793716507540599e-01
4.810975386577789892e-01
4.800469506351252580e-01
4.774830706866612928e-01
4.783746822794270326e-01
4.797319116224347257e-01
4.792383718500142220e-01
4.797266609625554512e-01
4.769109721584945949e-01
4.780268358407985807e-01
4.771254876291526337e-01
4.790400117840660776e-01
4.770117226555364298e-01
4.789921733159383521e-01
4.772730079639684320e-01
4.805292707615200221e-01
4.747431725301304861e-01
4.784664787377116979e-01
4.744435555330075438e-01
4.804279728266926952e-01
4.769616144517743739e-01
4.746998396997657577e-01
4.778817568344903566e-01
4.788517748897712090e-01
4.768304487347192477e-01
4.719444535370953542e-01
4.776689158480217912e-01
4.756392457652418582e-01
4.765428046248985083e-01
4.769156621557165132e-01
4.739261451276206571e-01
4.747961464521154862e-01
4.740372211551589499e-01
4.789150324731155095e-01
4.756341108250978222e-01
4.729705164230854630e-01
4.761801739993689053e-01
4.765671759530594187e-01
4.726197371595330932e-01
4.749324163233428764e-01
4.786007708280530792e-01
4.753738930472755086e-01
4.753711082615384442e-01
4.727197888970855466e-01
4.725901505947738834e-01
4.780541018638277406e-01
4.729799992562327415e-01
4.743665742411886654e-01
4.722137063463312523e-01
4.745074380116691692e-01
4.749680698785983535e-01
4.717116589041161490e-01
4.706262985473825822e-01
4.733519506467636639e-01
4.765990939319297293e-01
4.739282264216682639e-01
4.713192836752825854e-01
4.733274087606344493e-01
4.726830695836105600e-01
4.743551356179374068e-01
4.737144237853580520e-01
4.721786806618502030e-01
4.719665019366384162e-01
4.715166717223739923e-01
4.724125628080884098e-01
4.734170879568018742e-01
4.728399494776280299e-01
4.702154965264831454e-01
4.733080636295756150e-01
4.731448406051797506e-01
4.700624676601883323e-01
4.705490717215721208e-01
4.733515812929338651e-01
4.726250937876848024e-01
4.696151602962581051e-01
4.709522542904183706e-01
4.718616772900824929e-01
4.698143627975462366e-01
4.709239730429626292e-01
4.719175221322660652e-01
4.698766439297323294e-01
4.704374921422607714e-01
4.696916948067299535e-01
4.725247207058408949e-01
4.681789704703560595e-01
4.682196933821305973e-01
4.717215033725976614e-01
4.700499723805345309e-01
4.685134101866391121e-01
4.703389952503507221e-01
4.691400879647153466e-01
4.696246544567235226e-01
4.709602978467324341e-01
4.682344134491551735e-01
4.688122880170735307e-01
4.679859666075414371e-01
4.695805446327035448e-01
4.661402588752198706e-01
4.710270599964967442e-01
4.666652444090813034e-01
4.694465694486593121e-01
4.716128101688922825e-01
4.665673045800780017e-01
4.700396539841669719e-01
4.671544383316805216e-01
4.683604325339305596e-01
4.687344983862444248e-01
4.664232054623247414e-01
4.675032584394829827e-01
4.692188220589226244e-01
4.670860341915148983e-01
4.669222834188569426e-01
4.656707023576767135e-01
4.669153538630139710e-01
4.675948329867929965e-01
4.674099605132620572e-01
4.680482318983237300e-01
4.664175555689004660e-01
4.670670684099607617e-01
4.659384429143407225e-01
4.690040693782324688e-01
4.648072792842047884e-01
4.681160357900102098e-01
4.665251507120124486e-01
4.655488339230496320e-01
4.669576669295942284e-01
4.646484487950153230e-01
4.672862101956640757e-01
4.652902378972942343e-01
4.648674443804519663e-01
4.668934399227075982e-01
4.664904091675454167e-01
4.671244938434104266e-01
4.620489621286949511e-01
4.652817985665720912e-01
4.662176597301595504e-01
4.645146809399579024e-01
4.633005216102283330e-01
4.649857027947756349e-01
4.647248656775315734e-01
4.652342228531193835e-01
4.640597147694902613e-01
4.649772534263355017e-01
4.631470016326492689e-01
4.628233408303659702e-01
4.661017652487733920e-01
4.643831772969628791e-01
4.640875892333960473e-01
4.629468061769478893e-01
4.626834363938432393e-01
4.669188777532598533e-01
4.616975390929557999e-01
4.622618009805771755e-01
4.633119921144510656e-01
4.638294077148538697e-01
4.615404829238959894e-01
4.630842765456702481e-01
4.626314128955715255e-01
4.647602791798084998e-01
4.653341380896225954e-01
4.621727209702903294e-01
4.620140884610222098e-01
4.631609625400803232e-01
4.640761581280277714e-01
4.618431235219822018e-01
4.613639051979002148e-01
4.622940803207190030e-01
4.604180279745013205e-01
4.643572885727436650e-01
4.626436656064663033e-01
4.621136600717746235e-01
4.624777055900881617e-01
4.605166120173079247e-01
4.603372286594691887e-01
4.608609624236136848e-01
4.626715649877699565e-01
4.614305120586457698e-01
4.637057841561016414e-01
4.583381669568122319e-01
4.606029805182685344e-01
4.616284793466967074e-01
4.586600160510990176e-01
4.633630807216034264e-01
4.607439459263911186e-01
4.634248372910255154e-01
4.620075664115997349e-01
4.561661837516983731e-01
4.618100024368671508e-01
4.605332620556772394e-01
4.612411409180657285e-01
4.580747246719078514e-01
4.581922573712829405e-01
4.617571401985025026e-01
4.611421588361820922e-01
4.604918452610318180e-01
4.620563102006178258e-01
4.567198281177060615e-01
4.594861829579194867e-01
4.601026738459679244e-01
4.594646106762440563e-01
4.558278931911759480e-01
4.598561870751734504e-01
4.620162346382085672e-01
4.570761746249438762e-01
4.579795570635400437e-01
4.611586540359133291e-01
4.568245351032618751e-01
4.575546633082152592e-01
4.606380485038008010e-01
4.580225083356073701e-01
4.586968781940434225e-01
4.603658993434749380e-01
4.575879879174554188e-01
4.585747424879910716e-01
4.569704468940460340e-01
4.572252710705147494e-01
4.582874244016825194e-01
4.572493548252085649e-01
4.561104948950980842e-01
4.590219376982294652e-01
4.571967798134470851e-01
4.561846916164778443e-01
4.551064659817977698e-01
4.577296523449451704e-01
4.575276897235268092e-01
4.573812012269721783e-01
4.581355312802016244e-01
4.560781535556859279e-01
4.551020923108242688e-01
4.552493382616000783e-01
4.571737857183044706e-01
4.582361872988969798e-01
4.558826130243225361e-01
4.560731624625576353e-01
4.577175488968840411e-01
4.540420811098275222e-01
4.520628969524223550e-01
4.579475684243944911e-01
4.566425026134699472e-01
4.553631616730138276e-01
4.559083922674275757e-01
4.579611523376347915e-01
4.542231572226516634e-01
4.550220682039190501e-01
4.556153263914948792e-01
4.541781701548747718e-01
4.554288410681432420e-01
4.531607630366731310e-01
4.546363194521030882e-01
4.561304636572039439e-01
4.537539731677284749e-01
4.565221686577178306e-01
4.525267249483806431e-01
4.568228934495154880e-01
4.548763492452811419e-01
4.542908777970171008e-01
4.542572718181174252e-01
4.512778817030921874e-01
4.568924514811181781e-01
4.526411418168540535e-01
4.519104552854200652e-01
4.576048038148481378e-01
4.528903910933109178e-01
4.536631279054223476e-01
4.531423652816192749e-01
4.539514620125914557e-01
4.534571637491746077e-01
4.550750832891409803e-01
4.510572989433662694e-01
4.540466486401531498e-01
4.527013317455696462e-01
4.534526647342561056e-01
4.534422808763932111e-01
4.526754643245793908e-01
4.512852414443234150e-01
4.545231809238721166e-01
4.528618393493830108e-01
4.520472864533473523e-01
4.535032935748957716e-01
4.505317109784121032e-01
4.516443269413137895e-01
4.534698265385305738e-01
4.520104484250504484e-01
4.535049567311287277e-01
4.510303648955437672e-01
4.479654978562618850e-01
4.550507124002328152e-01
4.505644932170648764e-01
4.544019672285006251e-01
4.517214284474912467e-01
4.505029385179173951e-01
4.532586814572028833e-01
4.532666317189865679e-01
4.513177393440708229e-01
4.519837433832054607e-01
4.506889745572339456e-01
4.498931327596019103e-01
4.526611441314351558e-01
4.519279795523096777e-01
4.502365637335346005e-01
4.511877090754736752e-01
4.500036515561716688e-01
4.525342822537076759e-01
4.475892227790537192e-01
4.519544783801545673e-01
4.475938343976968437e-01
4.535522156465942589e-01
4.489282346434271820e-01
4.525510672089119724e-01
4.485487627004158262e-01
4.475358746513826147e-01
4.524094126080662748e-01
4.484415455077663260e-01
4.491747718857101446e-01
4.491544700168086934e-01
4.484204862925234014e-01
4.492496759507771942e-01
4.486589073380470860e-01
4.474493866375049422e-01
4.533655053247587774e-01
4.492686900417712237e-01
4.522179836013524024e-01
4.463646918901661986e-01
4.478311176404605742e-01
4.491581545422091426e-01
4.496317207609192845e-01
4.494639233048443594e-01
4.492784803607889343e-01
4.476185398486694500e-01
4.466287440000271669e-01
4.514887322037826611e-01
4.469179898723512623e-01
4.478242564956103622e-01
4.485264573971508573e-01
4.477765780821461594e-01
4.499043595790919170e-01
4.452116381296212233e-01
4.484650097185213791e-01
4.493927285753275824e-01
4.500058341852610222e-01
4.459804624834993181e-01
4.453109601393757111e-01
4.481690085826379177e-01
4.472487490114200326e-01
4.477524062114114911e-01
4.485913269631982558e-01
4.453265151794176258e-01
4.470852767560364871e-01
4.465539136749546167e-01
4.458688495238918303e-01
4.495169120645707839e-01
4.451827977760861033e-01
4.471727267641817938e-01
4.480432006852331228e-01
4.476280808698844815e-01
4.451328551062327388e-01
4.474508611752446297e-01
4.441106189353019040e-01
4.473432127709597306e-01
4.457053215084950115e-01
4.478094684932620306e-01
4.470013992272464098e-01
4.470214960172838037e-01
4.470161622574951310e-01
4.462147175489893924e-01
4.443721726089858159e-01
4.474357506428320863e-01
4.426563847611986180e-01
4.477290024966691928e-01
4.450132522974570848e-01
4.450195613686695473e-01
4.464728759708508909e-01
4.464251410193691982e-01
4.440054000326194017e-01
4.453063345848958243e-01
4.460314508180692195e-01
4.415705704621963879e-01
4.466189128922351537e-01
4.440429536572414460e-01
4.448886189640345878e-01
4.443471730617998827e-01
4.433914591587935772e-01
4.465123136980158058e-01
4.469673402182396948e-01
4.430452937566640714e-01
4.424449304332289667e-01
4.451182745769699522e-01
4.453246848027629934e-01
4.439184073793460139e-01
4.434242760069128653e-01
4.462983458045046148e-01
4.433880072201215605e-01
4.457146690165321723e-01
4.445554951622712747e-01
4.472637193057862337e-01
4.416888772538280494e-01
4.477601044647069872e-01
4.426808156150897067e-01
4.428353584351065741e-01
4.436277103542352607e-01
4.425388813311196823e-01
4.434989587166513481e-01
4.436915819881022682e-01
4.453655591365270339e-01
4.474366158945162764e-01
4.407871056257384734e-01
4.406442827242986748e-01
4.432264422516938862e-01
4.422919155115980772e-01
4.414117279665866200e-01
4.405104177149667399e-01
4.445893505108864385e-01
4.438813995283960590e-01
4.404380670789076468e-01
4.415757387281009638e-01
4.444897563810066843e-01
4.414747891010804559e-01
4.466476521452014681e-01
4.429318686853522258e-01
4.420493275224885998e-01
4.415965375322598585e-01
4.460486499924443127e-01
4.400288058062409857e-01
4.421730076350489091e-01
4.430693679942630525e-01
4.414629404478329633e-01
4.432430080923335791e-01
4.404300502715558507e-01
4.409838114266255715e-01
4.437291485192715879e-01
4.408512318611585434e-01
4.405697084249467488e-01
4.443630679797476724e-01
4.391003107652871607e-01
4.402249652947590186e-01
4.405601055504778096e-01
4.424311457977940232e-01
4.450021241174184627e-01
4.403055043468414032e-01
4.429282051659118036e-01
4.389661038975734564e-01
4.403729420762707569e-01
4.437124548001591950e-01
4.453303797053164703e-01
4.383619848378919603e-01
4.392763334303375622e-01
4.420461433242608429e-01
4.389537612234764574e-01
4.451777991272127810e-01
4.378761465183815815e-01
4.386907393993067505e-01
4.420767786023433454e-01
4.447458757178635036e-01
4.386751516510499216e-01
4.376967623334432900e-01
4.451445098488839847e-01
4.382501380578278094e-01
4.442844224011107124e-01
4.365498574244379149e-01
4.379569788551455622e-01
4.405424783309668246e-01
4.387374605364426916e-01
4.443464421549362942e-01
4.361501830915293088e-01
4.386985150715230763e-01
4.441155572277354913e-01
4.364786471118628497e-01
4.400345910978529784e-01
4.391293837097780539e-01
4.365933545500606527e-01
4.393945314321680562e-01
4.407296767451781005e-01
4.396858761328103493e-01
4.382790219480810490e-01
4.373649815212194980e-01
4.410075473795753709e-01
4.364061342021900436e-01
4.403861689913529109e-01
4.350531357781506347e-01
4.368679638807947962e-01
4.407668003888881025e-01
4.402168796959500807e-01
4.354522694799214388e-01
4.362365900977460131e-01
4.370394273708236299e-01
4.400973215225589819e-01
4.361138572261635815e-01
4.398056667755008697e-01
4.334696572559397221e-01
4.378799087723557748e-01
4.424578511975407191e-01
4.364409440072387070e-01
4.366391478279688099e-01
4.351197641899183233e-01
4.366879057790398200e-01
4.405343867099649202e-01
4.347807389815586121e-01
4.371563485970579310e-01
4.370981773682270366e-01
4.343286822802823743e-01
4.369794766981914269e-01
4.406123561121563781e-01
4.352412514086509421e-01
4.341997762972903963e-01
4.369047431376034685e-01
4.346490675496010314e-01
4.435238409342952548e-01
4.332475495338805604e-01
4.349301417438801720e-01
4.323284105413433553e-01
4.414529673364642748e-01
4.336157895897823078e-01
4.345933609627057326e-01
4.346483007570660639e-01
4.393371341051947598e-01
4.352358915854661614e-01
4.325344121405907960e-01
4.347112037430132525e-01
4.374848872049162396e-01
4.335444714751531259e-01
4.361637345537710542e-01
4.316893851424954409e-01
4.341835619988563266e-01
4.336718167150477310e-01
4.353218478427505200e-01
4.339970609215618169e-01
4.330812324014385317e-01
4.359367189655432573e-01
4.327497768420776603e-01
4.346952378958041652e-01
4.309208259876499691e-01
4.323229538973861197e-01
4.323353231737620539e-01
4.355610451149362627e-01
4.337837186695456260e-01
4.352471798292875671e-01
4.330399527142814731e-01
4.303067287442310374e-01
4.319997473191047876e-01
4.356956255781209708e-01
4.299370963158712367e-01
4.322586050758284171e-01
4.332458870761821124e-01
4.343515687533174852e-01
4.318674282596403624e-01
4.317116939727581593e-01
4.310660551971693955e-01
4.312931141763677867e-01
4.319064955596086386e-01
4.293948004656220063e-01
4.307484635648862192e-01
4.307192287242680440e-01
4.308739926459652092e-01
4.364253902635868432e-01
4.290293167724353318e-01
4.294957619661908255e-01
4.316623411191655713e-01
4.371774866888242239e-01
4.274625377625337896e-01
4.303563943104607437e-01
4.333548207567905486e-01
4.294938608686913462e-01
4.303960628660567500e-01
4.303807765412526187e-01
4.287379944347142202e-01
4.351037779816826490e-01
4.281373801274610535e-01
4.352497185766062704e-01
4.278769683996099804e-01
4.285891526263665985e-01
4.319856451974549150e-01
4.268151643751611490e-01
4.310612100931168200e-01
4.270871088038820651e-01
4.303600556959697454e-01
4.334458745635352273e-01
4.281248316523891817e-01
4.328794054288712112e-01
4.286766118084373578e-01
4.303543781229444698e-01
4.276052289098875581e-01
4.315199983259311867e-01
4.275555637260183839e-01
4.280965981809271015e-01
4.280691681762496259e-01
4.314811814046926042e-01
4.316315547058226509e-01
4.271340315190010894e-01
4.248972838873774638e-01
4.284392707214170759e-01
4.344938090961998345e-01
4.273883314382158072e-01
4.277317039865679571e-01
4.294272439683374798e-01
4.271581445419145306e-01
4.279023808348306201e-01
4.291270956875182230e-01
4.286420696854869039e-01
4.273985426460807369e-01
4.328757953489789645e-01
4.276158528816955684e-01
4.271080302576733545e-01
4.292100063236715113e-01
4.288600843304620214e-01
4.283981809747995917e-01
4.317990608144787745e-01
4.286018941029838270e-01
4.251958691876775998e-01
4.273287109547508344e-01
4.222026013768784281e-01
4.283903355735629304e-01
4.319666544895050531e-01
4.260320848706700136e-01
4.283922017777104796e-01
4.269942740375350376e-01
4.262776076192227870e-01
4.330849111731304713e-01
4.261669176170231332e-01
4.279684596801542340e-01
4.298901765526811913e-01
4.242654983926462120e-01
4.272394173257045846e-01
4.254931050812426618e-01
4.280966010989407100e-01
4.264548292129364260e-01
4.291831488966653119e-01
4.263654399748479373e-01
4.294948910115938823e-01
4.240849442834744853e-01
4.271306621100472434e-01
4.303247957453581463e-01
4.271113261674872041e-01
4.261963303416261284e-01
4.267400282839199366e-01
4.258657380348309651e-01
4.243464359435999422e-01
4.248597943655010867e-01
4.333171883283921666e-01
4.245284499932261979e-01
4.240206508136807884e-01
4.281015364972464154e-01
4.269565107754995648e-01
4.255234338326785992e-01
4.259734051880456618e-01
4.239224309614730291e-01
4.256339045909712238e-01
4.251374724562511642e-01
4.265657750316783070e-01
4.244833055803325372e-01
4.263263941253437328e-01
4.304548408433161999e-01
4.245701155016883832e-01
4.284717072082028788e-01
4.252158160808715004e-01
4.240843702196997467e-01
4.250720113832867075e-01
4.242187057171762921e-01
4.278585014452648827e-01
4.299093568608975957e-01
4.243653090582636955e-01
4.238508145050687848e-01
4.255713863306410105e-01
4.236426904560091078e-01
4.276336324957319968e-01
4.229394240425447538e-01
4.256241781549205960e-01
4.220473927087474153e-01
4.277541953187973811e-01
4.282761302450182606e-01
4.227684404665596474e-01
4.228038025115630760e-01
4.296378689867578760e-01
4.244558989544795491e-01
4.242770091353267881e-01
4.287538864854376075e-01
4.210219547039331656e-01
4.255370356311602431e-01
4.232589416569753626e-01
4.240881745221694588e-01
4.246784832510746566e-01
4.260691510419586936e-01
4.259956079180052257e-01
4.258254130240525792e-01
4.205398778910180435e-01
4.250795744829831135e-01
4.262400252175377879e-01
4.230526458819854341e-01
4.292715348926985919e-01
4.208205809537601261e-01
4.263228171316111315e-01
4.226307089172587350e-01
4.246028406847867642e-01
4.211357293399637380e-01
4.221434153234289721e-01
4.241786773716171299e-01
4.253364665035966330e-01
4.235731048848992431e-01
4.230043028664059457e-01
4.233633577229653500e-01
4.217510367603995447e-01
4.273272341155359144e-01
4.198280951941824046e-01
4.258180443512752933e-01
4.208665199836541526e-01
4.199936960965129362e-01
4.206191443725304513e-01
4.200130011446458478e-01
4.288015190469625648e-01
4.216198192246185528e-01
4.198618964495131056e-01
4.213683026558388556e-01
4.214617073546615966e-01
4.263553415442205008e-01
4.217065831675976817e-01
4.204098183931653243e-01
4.230025467264662553e-01
4.243198818088849134e-01
4.191753571734231909e-01
4.195865192904078556e-01
4.251362862330160808e-01
4.209329900517735368e-01
4.224609053048848928e-01
4.208619945157933695e-01
4.202416306975802485e-01
4.257331955689092617e-01
4.252212311050393434e-01
4.207418674370725920e-01
4.176433416978950763e-01
4.218374093860691176e-01
4.225247809768300500e-01
4.200294115691951546e-01
4.232332349012124517e-01
4.227488003249483817e-01
4.171445535303755503e-01
4.191403091635255151e-01
4.207203757279124878e-01
4.221490879041714384e-01
4.209935438498913496e-01
4.185556286208797494e-01
4.181574617095099033e-01
4.228540765459207207e-01
4.186745522725730528e-01
4.211931829117397386e-01
4.236997940870346202e-01
4.171046884570628888e-01
4.270943265649421172e-01
4.188503024569716904e-01
4.181254822792217496e-01
4.234753833777999965e-01
4.223716752387745577e-01
4.188964748468035904e-01
4.193161090655126988e-01
4.192535685753548402e-01
4.211305561217333904e-01
4.182381600318603176e-01
4.218442603381489797e-01
4.166927074827720401e-01
4.230021883922155390e-01
4.194129850981887508e-01
4.220799324047097567e-01
4.166967807995355932e-01
4.181766486549345907e-01
4.217907878555568479e-01
4.214723786283991469e-01
4.215506398034897795e-01
4.164111816597745874e-01
4.193802559919448392e-01
4.250933908735348710e-01
4.220894669624051243e-01
4.165044521076260442e-01
4.193489583190079251e-01
4.202358661045231814e-01
4.167975562199373596e-01
4.186808690930072796e-01
4.159276863967320548e-01
4.270063754255311039e-01
4.175762354276566501e-01
4.170023535689559302e-01
4.170983790481281317e-01
4.165235550491597216e-01
4.229826016401876387e-01
4.201931701095187877e-01
4.205148439966199803e-01
4.157422349138459317e-01
4.205860203393834151e-01
4.204588767590671239e-01
4.167506315981105991e-01
4.180743004449637978e-01
4.181902745556894119e-01
4.230337548250570623e-01
4.230786607124015219e-01
4.140307562560376353e-01
4.187964226793017275e-01
4.176051845775729521e-01
4.186917749322034421e-01
4.150454709791961960e-01
4.200628799560470195e-01
4.194419111169596648e-01
4.180007408820667902e-01
4.160394452546610222e-01
4.218044322413583846e-01
4.164363702436078563e-01
4.160900573037560890e-01
4.186987144099219016e-01
4.210959994557699759e-01
4.144298752347499448e-01
4.201854709198137861e-01
4.149332781328582964e-01
4.177791706410656780e-01
4.222012481498297887e-01
4.147880187236519522e-01
4.171107354750310248e-01
4.220443008599614743e-01
4.161327714524996613e-01
4.155710063277917032e-01
4.218970232768650686e-01
4.175414214428581072e-01
4.180369752663681826e-01
4.180694651937291173e-01
4.156019324021007488e-01
4.189590674596372355e-01
4.199262971357723973e-01
4.143361638900806554e-01
4.189203956375373017e-01
4.146776418918189377e-01
4.211625475405083585e-01
4.161874336986502443e-01
4.143236157547741105e-01
4.159468540598997843e-01
4.157189899745110107e-01
4.210640296238254421e-01
4.140428635857001383e-01
4.164842115878253370e-01
4.147075230042356897e-01
4.168072291478678859e-01
4.194749876908718811e-01
4.153117830142520894e-01
4.155879907719066679e-01
4.178855950140294984e-01
4.188051782379527133e-01
4.126336078275620323e-01
4.191342534936466913e-01
4.161214170324065154e-01
4.143318218844920242e-01
4.197666070447899078e-01
4.169034562796694598e-01
4.148430751664642369e-01
4.136476424436535404e-01
4.151410868962471246e-01
4.140275776345967995e-01
4.169405340361136414e-01
4.126179716393289509e-01
4.185036534242000950e-01
4.155288231925156062e-01
4.139936835612298971e-01
4.203846242642126918e-01
4.154604204782670895e-01
4.136122862819929247e-01
4.175023483236785515e-01
4.148222161090128757e-01
4.126973531084567326e-01
4.192583233445572044e-01
4.137114626763682690e-01
4.143091606174232333e-01
4.162233718518415504e-01
4.209404683003922787e-01
4.136493614941538222e-01
4.144344116190029070e-01
4.142998304756566053e-01
4.114441087226053395e-01
4.142206193958143934e-01
4.144861422344451873e-01
4.208189855528478573e-01
4.110518351612795218e-01
4.210651640633327752e-01
4.139009864720037402e-01
4.178528022703629219e-01
4.136203347997046698e-01
4.161626333199455741e-01
4.104885489408017230e-01
4.150088005384324763e-01
4.164990214260211321e-01
4.159051943444189714e-01
4.145934237532449274e-01
4.105551279369463735e-01
4.180993223848649687e-01
4.156738642529252403e-01
4.141942910722711813e-01
4.120703334740105639e-01
4.226654886746843420e-01
4.109410554843353491e-01
4.148151916182638010e-01
4.130678996841326001e-01
4.129050620543002759e-01
4.124255345905981085e-01
4.164461085283994168e-01
4.098398623805654672e-01
4.192195112427214987e-01
4.118343014003854052e-01
4.138315873062761718e-01
4.140578354364891633e-01
4.155548239777899777e-01
4.106463840095419537e-01
4.136551871681875547e-01
4.129147049995499086e-01
4.107132863939831346e-01
4.226453035956047599e-01
4.102347336720387205e-01
4.147831479562862911e-01
4.128937198547366072e-01
4.206693320446530659e-01
4.117538722269287743e-01
4.154306425439750483e-01
4.104733158469546228e-01
4.111594812104233942e-01
4.148496567387440215e-01
4.159073225722356715e-01
4.134268934832303621e-01
4.108081458246709006e-01
4.151808984940690284e-01
4.184609070930372376e-01
4.114228389462793456e-01
4.116494314218741568e-01
4.122927429483247419e-01
4.094966793418591267e-01
4.156759959045037700e-01
4.165322655632255344e-01
4.089125662864465105e-01
4.103509824682214924e-01
4.145307506646933593e-01
4.076477149589368687e-01
4.148983767759315544e-01
4.144634700866813848e-01
4.116256746697284918e-01
4.108777232634563403e-01
4.170600090706087504e-01
4.091500408995176752e-01
4.130110188638120849e-01
4.168472608951550029e-01
4.098134227425857534e-01
4.107127230338514234e-01
4.148313171098357288e-01
4.122215646055708560e-01
4.110955779776355179e-01
4.161277997399301931e-01
4.114501162327945383e-01
4.113985918486295912e-01
4.123018048959188886e-01
4.093432063770998108e-01
4.126363821049247593e-01
4.142946657960944190e-01
4.166482986379839715e-01
4.110735286086146245e-01
4.140795000654020064e-01
4.100047728798156821e-01
4.128651759094623674e-01
4.130403620004288734e-01
4.082342723298668097e-01
4.104775070584336105e-01
4.096866413311665567e-01
4.176254441653879934e-01
4.082968589902479795e-01
4.096026662400233387e-01
4.151000535111028511e-01
4.101743127136279199e-01
4.160267893461919719e-01
4.093103263500342259e-01
4.108975641833080839e-01
4.152587948648835958e-01
4.083395204819006419e-01
4.125495467817203998e-01
4.143950621111065491e-01
4.100232919629553385e-01
4.091438080851506065e-01
4.108139635819610391e-01
4.124820019967159745e-01
4.102445872011289407e-01
4.097327826824075925e-01
4.136602060446410989e-01
4.106379932102501851e-01
4.094537974607523889e-01
4.217398033802198243e-01
4.074631909886198833e-01
4.078343367208625558e-01
4.118104763441288174e-01
4.139064330609514286e-01
4.076813722264862050e-01
4.093518115228151344e-01
4.102320703347087094e-01
4.076785526222521661e-01
4.118847046914013155e-01
4.081713806423343804e-01
4.178608824446595205e-01
4.080158287765882630e-01
4.139755483217137932e-01
4.078200379620398053e-01
4.117996951098149006e-01
4.077417477141014324e-01
4.087792797669973499e-01
4.112300795514554630e-01
4.081679041084962378e-01
4.136096657854955172e-01
4.106239716240920878e-01
4.086928407646210348e-01
4.113106630054952362e-01
4.090221109549661560e-01
4.110653787128198400e-01
4.062416952053209407e-01
4.121843197227235134e-01
4.152575628415999809e-01
4.103470980802610968e-01
4.047468337695765417e-01
4.095369452027090573e-01
4.151768060007409722e-01
4.080794082529862199e-01
4.125700977370901357e-01
4.072854064908339455e-01
4.130877313629477410e-01
4.053949478700757392e-01
4.128532758124631719e-01
4.065427133467885423e-01
4.156427346545987778e-01
4.082126114821705287e-01
4.062689654397077521e-01
4.096833110763757890e-01
4.110396340746317878e-01
4.067932396935398653e-01
4.095563083849225738e-01
4.104330562787552039e-01
4.102033821227086818e-01
4.044584551161658492e-01
4.124441235790203830e-01
4.058752550294762451e-01
4.091668656707218577e-01
4.097903414541847478e-01
4.105284237892882770e-01
4.064621589182835226e-01
4.190130060391674127e-01
4.074103650047521952e-01
4.046863701896952770e-01
4.140988700420323299e-01
4.065577579301229982e-01
4.119794263076890228e-01
4.068385613794312516e-01
4.095305872885240395e-01
4.114923327535716102e-01
4.087324458231227919e-01
4.069165732020054160e-01
4.068564335474667004e-01
4.138868474321963364e-01
4.071280448551908293e-01
