3.405606972313981942e+02
6.635261692619089047e+01
5.053926735680263249e+01
4.330803660998484617e+01
3.890053805319517721e+01
3.531612148664468265e+01
3.167860135025581414e+01
2.717271060658447368e+01
2.160446329267797339e+01
1.562057833806616181e+01
9.995287548261130084e+00
6.401779072708574603e+00
4.796950900150442898e+00
4.110052382367192614e+00
3.689958930591334951e+00
3.394904635974642204e+00
3.167231472331027309e+00
2.979399903818177098e+00
2.820227425841503877e+00
2.685561959612622118e+00
2.569362927869039304e+00
2.468551803914225129e+00
2.380784883116648043e+00
2.303662869798368540e+00
2.237289871352878823e+00
2.178621844423928255e+00
2.126203227843131316e+00
2.079097342067206089e+00
2.036107221994941874e+00
1.997603229469679498e+00
1.962638887620589578e+00
1.930841464203923552e+00
1.901837748896679559e+00
1.875770467736855629e+00
1.851582544825481014e+00
1.829602266138922628e+00
1.809317027613853712e+00
1.790799485585858442e+00
1.773716388840437252e+00
1.757877667781440723e+00
1.742989981609703198e+00
1.728930911454784392e+00
1.715597524266521567e+00
1.703088698867348372e+00
1.691261492853352477e+00
1.680219672523963759e+00
1.669587918253888859e+00
1.658959138278840229e+00
1.648963066643992503e+00
1.639470333021699977e+00
1.629527151370064209e+00
1.619460488072610005e+00
1.610558822407184509e+00
1.601544189243038430e+00
1.592796887630738567e+00
1.584491792523206932e+00
1.576384251412849435e+00
1.568922749743419942e+00
1.560687239631154855e+00
1.551636221811322214e+00
1.541164121138988152e+00
1.533058998312001764e+00
1.525925196003366402e+00
1.519365455003266474e+00
1.513513021117821822e+00
1.507822893562805744e+00
1.502706438918318677e+00
1.497754840017487821e+00
1.493327473075179990e+00
1.488789504560691590e+00
1.484483717302544470e+00
1.480375460662362697e+00
1.476626650793381623e+00
1.472939401951152583e+00
1.469399244776105062e+00
1.466144219156328310e+00
1.462851088503411612e+00
1.459681499272164062e+00
1.456364790094887729e+00
1.453539687004769654e+00
1.450643819822589720e+00
1.447569059437226580e+00
1.444711731615161421e+00
1.442191046866073911e+00
1.439383153043906738e+00
1.436628750880983185e+00
1.433529657400615109e+00
1.430869833963378968e+00
1.428139533479892753e+00
1.425339676767330088e+00
1.422707410339996370e+00
1.420008499542569469e+00
1.417470504062917636e+00
1.414924763064460800e+00
1.412632315947239148e+00
1.409986669343888721e+00
1.407665334076739327e+00
1.405351613426464974e+00
1.403110412515606642e+00
1.400790020369254485e+00
1.398601344881319264e+00
1.396385370477903898e+00
1.394440161873380157e+00
1.392395431246242987e+00
1.390502814241880714e+00
1.388478924082577004e+00
1.386636926086675325e+00
1.384621039625855365e+00
1.382625134163629754e+00
1.380347247637711883e+00
1.378609950210259116e+00
1.376679361020032077e+00
1.374803003641854593e+00
1.373149414289655423e+00
1.371441629382239791e+00
1.370071666621331508e+00
1.368367615089016498e+00
1.367001318739661686e+00
1.365623579529081644e+00
1.363914205606970631e+00
1.362644749300418567e+00
1.361044570411191090e+00
1.359864434076556661e+00
1.358455677610866497e+00
1.356978884944607833e+00
1.355721019820237627e+00
1.354189107551158067e+00
1.352902962385980956e+00
1.351510519753916340e+00
1.350435472984107266e+00
1.349115460373324638e+00
1.347908091990901669e+00
1.346689888478960428e+00
1.345440983114507993e+00
1.344453637928710421e+00
1.343092493011527777e+00
1.342040141351594551e+00
1.340992694568888588e+00
1.339866700474550365e+00
1.338639481530987885e+00
1.337683843769797098e+00
1.336806052197550665e+00
1.335847561750920010e+00
1.334792425332836485e+00
1.333885409847250791e+00
1.332785141806016149e+00
1.331866332149118870e+00
1.330859228628624047e+00
1.329708728115985394e+00
1.328745032930481740e+00
1.327326962376414121e+00
1.326354688715975172e+00
1.325053591897133121e+00
1.323825184060022808e+00
1.322744749054610480e+00
1.321748617258798442e+00
1.320752813743617304e+00
1.319710297183582126e+00
1.318808049746087896e+00
1.317820342817871415e+00
1.316979431127112132e+00
1.315917686582845025e+00
1.315146882369729209e+00
1.314083632960852066e+00
1.313118625803282757e+00
1.312214204099082515e+00
1.311000466253826602e+00
1.310355727033967632e+00
1.309007351708074474e+00
1.308169037913301525e+00
1.307296152171455228e+00
1.306313626273742257e+00
1.305220883050720593e+00
1.304251051003736617e+00
1.303161908120530343e+00
1.302304046776580071e+00
1.301355494634777399e+00
1.300473131995036002e+00
1.299472381442669189e+00
1.298806921989408725e+00
1.297918583232358980e+00
1.296708376280937269e+00
1.296152804620246846e+00
1.295389710074889900e+00
1.294486459926466493e+00
1.293677603173246871e+00
1.292764777596447923e+00
1.292528320458409485e+00
1.291622357477808736e+00
1.290652494463502054e+00
1.290401348394433656e+00
1.289359899660926789e+00
1.288627053390956290e+00
1.287798955046988603e+00
1.287140460591199798e+00
1.286245213815546906e+00
1.285317059255754346e+00
1.284341395240935491e+00
1.284745899470143948e+00
1.283648551112011926e+00
1.282542755785375466e+00
1.281884811711949235e+00
1.281124183280275552e+00
1.280264922130432970e+00
1.280315153599066447e+00
1.279565532138312367e+00
1.279807374702937040e+00
1.278932800696221062e+00
1.278255974560671637e+00
1.277606032116750390e+00
1.277187651192612572e+00
1.276369979910902286e+00
1.275764612573383472e+00
1.275029665264387768e+00
1.274441241695362548e+00
1.273653715497593764e+00
1.273061202315412199e+00
1.272244729576719191e+00
1.271581563635689527e+00
1.270967900312585774e+00
1.270374750065431879e+00
1.269849588339062363e+00
1.269260554400869712e+00
1.268858305005889919e+00
1.268199967586019383e+00
1.267620889001741080e+00
1.267156102552476460e+00
1.266512264619684247e+00
1.266107689328616948e+00
1.265083290389595883e+00
1.264751256767020271e+00
1.264147435467976699e+00
1.263755323846484035e+00
1.263260414806772092e+00
1.262822296178393255e+00
1.262320767091044571e+00
1.261762253426112368e+00
1.261368387813611935e+00
1.260883515209526351e+00
1.260344829834817659e+00
1.260001149392284248e+00
1.259413560064680526e+00
1.259030624830505429e+00
1.258508950982716756e+00
1.258103154840281457e+00
1.257537323646836347e+00
1.257191231739604342e+00
1.256701826748021888e+00
1.256213670340257549e+00
1.255677178415380846e+00
1.255388030993336956e+00
1.255017472350430596e+00
1.254546616537104642e+00
1.254051610796014904e+00
1.253705113620205758e+00
1.253230285976131730e+00
1.252908571512023839e+00
1.252302486328770836e+00
1.251993052655747674e+00
1.251513641982791469e+00
1.251163606835812958e+00
1.250760933934708996e+00
1.250274612997979373e+00
1.249746977156592553e+00
1.249377598943114398e+00
1.248983906697130886e+00
1.248676072136236437e+00
1.248122823193266173e+00
1.247747501930110969e+00
1.247545397897957598e+00
1.246818952664038305e+00
1.246505430708302553e+00
1.246419777920805494e+00
1.245887908641195807e+00
1.245586064715963115e+00
1.244999771726389648e+00
1.244928440799407454e+00
1.244406605503175056e+00
1.244338546338218165e+00
1.243678409237338522e+00
1.243606446925750619e+00
1.243163203313330412e+00
1.242961608103177573e+00
1.242430053422593161e+00
1.242200032258994336e+00
1.241817029234843384e+00
1.241398768189009738e+00
1.241013870651068940e+00
1.240605969607179837e+00
1.240274195882115960e+00
1.239958122887790504e+00
1.239771717527965444e+00
1.239344672486400789e+00
1.239087046872216380e+00
1.238660421287053781e+00
1.238443362235164491e+00
1.237853603352634613e+00
1.237689065783198705e+00
1.237346117628137732e+00
1.237046421855587885e+00
1.236732902652621924e+00
1.236478647510855344e+00
1.236031614453106942e+00
1.235809100608567634e+00
1.235291115390444006e+00
1.234922637694029879e+00
1.234730454464000760e+00
1.234333505943151499e+00
1.234068001558223271e+00
1.233746791571889601e+00
1.233554743308092450e+00
1.233168737697961648e+00
1.232964259874796964e+00
1.232675974414089159e+00
1.232273063727539419e+00
1.232042039618739482e+00
1.231724584495014430e+00
1.231557492725265490e+00
1.231303782991736595e+00
1.231102754943719457e+00
1.230823877462584814e+00
1.230543871632510333e+00
1.230280826911458680e+00
1.230276265726717222e+00
1.229838339473685371e+00
1.229637277625933001e+00
1.229377108690390408e+00
1.229130711271940513e+00
1.228837043943178609e+00
1.228631100973046841e+00
1.228352468309019896e+00
1.228229073122809378e+00
1.227916549945136104e+00
1.227432564982428920e+00
1.227417913562421026e+00
1.226589856044042248e+00
1.226739237769051361e+00
1.226484332632131080e+00
1.226651944274181449e+00
1.226225934102891157e+00
1.226233602746636064e+00
1.226090304216674198e+00
1.225907143913878228e+00
1.225655256636096091e+00
1.225329810627460603e+00
1.225304335418138990e+00
1.224927448666874197e+00
1.224914354941310846e+00
1.224217887126378468e+00
1.224046504089635334e+00
1.224149597116169996e+00
1.223928158974741720e+00
1.223475586645289548e+00
1.223495100579844896e+00
1.223282607927050680e+00
1.223255827922686167e+00
1.222763092476187197e+00
1.222460466924263578e+00
1.222228323384048521e+00
1.222034502793652333e+00
1.221866975014030077e+00
1.221870011623463315e+00
1.221596215844434008e+00
1.221423412187538249e+00
1.221315972202800859e+00
1.221197225365845185e+00
1.220895355183154951e+00
1.220763059262765404e+00
1.220675355302235809e+00
1.220446653543024285e+00
1.220258863957744078e+00
1.220007658614694845e+00
1.219559349982533902e+00
1.219746028210971778e+00
1.219513779021297983e+00
1.219382880634451327e+00
1.218834434702549041e+00
1.218981575425235553e+00
1.218506003073154931e+00
1.218730474563331834e+00
1.218187053347756121e+00
1.218297764836659303e+00
1.218128777523128425e+00
1.217757040844102745e+00
1.217421004654140049e+00
1.217233391520170072e+00
1.217219041586252715e+00
1.216949043717319823e+00
1.216875624412318890e+00
1.216714907341011953e+00
1.216820448157225787e+00
1.216321161117588812e+00
1.216448540613203733e+00
1.216057785356873922e+00
1.216191924931056656e+00
1.216049160417700614e+00
1.215715634002316747e+00
1.215552133967950699e+00
1.215383961616893771e+00
1.215407497982866403e+00
1.215273686717694757e+00
1.215091108052271940e+00
1.214960834173840931e+00
1.214997381721663716e+00
1.214687271562000292e+00
1.214583698461619177e+00
1.214544615217777901e+00
1.214135327259345365e+00
1.214342411213797268e+00
1.214252213998839647e+00
1.214044109849562458e+00
1.214048912248895773e+00
1.213906012701499337e+00
1.213857422545015607e+00
1.213622294026970083e+00
1.213462569377055322e+00
1.213338393077214361e+00
1.213128658479699862e+00
1.213143899025125760e+00
1.212876135253248444e+00
1.212876009779829234e+00
1.212646353032343693e+00
1.212538170889241984e+00
1.212372443701049241e+00
1.212181148807790487e+00
1.212334137378395349e+00
1.212223184297545719e+00
1.212039696808768108e+00
1.211927866792350983e+00
1.211769660632575407e+00
1.211857190207340507e+00
1.211658075054166117e+00
1.211577027033728271e+00
1.211393885592338737e+00
1.211345753369024836e+00
1.211316311469771145e+00
1.211202397584206780e+00
1.211050025910636263e+00
1.210987078479180079e+00
1.210642439342801913e+00
1.210699776930582283e+00
1.210648953911039216e+00
1.210579493587010225e+00
1.210342709917765269e+00
1.210213985969673223e+00
1.210223662477160511e+00
1.209974956233180299e+00
1.210066591463070163e+00
1.209807210532971133e+00
1.209784289862567253e+00
1.209679382978203988e+00
1.209497390353707402e+00
1.209414962095047619e+00
1.209463284610394762e+00
1.209369404709332407e+00
1.209067311218839036e+00
1.209023764003077650e+00
1.208855695910495909e+00
1.208956254866342839e+00
1.208679912654502031e+00
1.208751139391629925e+00
1.208474766508684795e+00
1.208587042989498261e+00
1.208317011143406949e+00
1.208445946929594728e+00
1.208304366721847378e+00
1.208204638101316286e+00
1.208117269523810267e+00
1.207909512460095147e+00
1.207897716095181151e+00
1.207815735178048078e+00
1.207622881421656302e+00
1.207622634102122117e+00
1.207444453222192182e+00
1.207252278529046707e+00
1.207190498471367723e+00
1.207154195381464179e+00
1.207159580537928711e+00
1.206909494828927398e+00
1.206762477567052017e+00
1.206776066365745192e+00
1.206580704861908826e+00
1.206383782627199475e+00
1.206410038847478328e+00
1.206179921320539972e+00
1.206272398588300154e+00
1.206073464312100496e+00
1.205937577828694041e+00
1.205898888833317972e+00
1.205649233119987507e+00
1.205641158802254642e+00
1.205620567630962592e+00
1.205422676008579996e+00
1.205335749904039799e+00
1.205324115380582484e+00
1.205044295801946719e+00
1.205105592314059226e+00
1.204944062638386049e+00
1.204831271437208029e+00
1.204707662863563788e+00
1.204746685258398342e+00
1.204473046571137296e+00
1.204450981392348741e+00
1.204304788586800345e+00
1.204146066441645901e+00
1.204101439788448191e+00
1.203958766263562019e+00
1.203715516590226020e+00
1.203736366716811057e+00
1.203621422407895158e+00
1.203345452303520302e+00
1.203299715030609063e+00
1.203135637825899051e+00
1.202869747799107047e+00
1.202851937787130732e+00
1.202692460372297933e+00
1.202536770345388861e+00
1.202446393386863432e+00
1.202321962779322240e+00
1.202224143051348726e+00
1.202053634677285876e+00
1.202015545896526039e+00
1.201923712769848107e+00
1.201859514879236368e+00
1.201830023459349750e+00
1.201606225078096113e+00
1.201555824161570474e+00
1.201497686559039435e+00
1.201410420567331716e+00
1.201341561170217620e+00
1.201243709401182302e+00
1.201268637601849765e+00
1.201118830249498837e+00
1.201061054263294015e+00
1.200973011311753824e+00
1.200810706683298923e+00
1.200759169020782835e+00
1.200667678936848004e+00
1.200496601578863620e+00
1.200539652693522363e+00
1.200466384883651427e+00
1.200410396809566294e+00
1.200262433737809387e+00
1.200181399287103323e+00
1.200073461880369008e+00
1.200156332820633276e+00
1.199908562462450368e+00
1.199981578265534754e+00
1.199832117934203746e+00
1.199757859299048102e+00
1.199764976134637839e+00
1.199504059669305622e+00
1.199658605549337453e+00
1.199433699053386260e+00
1.199344894773968884e+00
1.199158839167866697e+00
1.199195688490390710e+00
1.199337236023935827e+00
1.199224843722731082e+00
1.199269908737940815e+00
1.199122544632133414e+00
1.198975600942906672e+00
1.199013271926638646e+00
1.198936090334726146e+00
1.198820343219710649e+00
1.198768747154290271e+00
1.198638909853033008e+00
1.198758496763367765e+00
1.198443860347404355e+00
1.198339496505673507e+00
1.198257151938173060e+00
1.198378406877272484e+00
1.198302799506721472e+00
1.198294471784159265e+00
1.198125397676481851e+00
1.198091691075733101e+00
1.198021505132894182e+00
1.197987836158217911e+00
1.197890666699346296e+00
1.197701757817874801e+00
1.197689386056312477e+00
1.197574715980816995e+00
1.197527231366628309e+00
1.197499618139447053e+00
1.197427348493320221e+00
1.197316109344951363e+00
1.197299382614138485e+00
1.197229551886501708e+00
1.197111411087813382e+00
1.197127727709049072e+00
1.197097563732284486e+00
1.196931005322430019e+00
1.196799032933526741e+00
1.196762239284073770e+00
1.196655212801031043e+00
1.196627094511084399e+00
1.196516126365063881e+00
1.196547226777334272e+00
1.196371992826762654e+00
1.196411912931464983e+00
1.196269806125239699e+00
1.195959346994059036e+00
1.196145094324838398e+00
1.196072552476456385e+00
1.196001673022478951e+00
1.195947789542741058e+00
1.195937551846716351e+00
1.195760541006410271e+00
1.195513864480381994e+00
1.195587642610403512e+00
1.195552807117942207e+00
1.195505887599403572e+00
1.195389583636857767e+00
1.195302995359602161e+00
1.195334074142038405e+00
1.195274566607955835e+00
1.195238011706038161e+00
1.195079712750080514e+00
1.194905373451735642e+00
1.194994689768199558e+00
1.194618857779888410e+00
1.194807303154844957e+00
1.194540670126437387e+00
1.194777173968073036e+00
1.194395064821595520e+00
1.194517530380145631e+00
1.194268759324348173e+00
1.194486561097413135e+00
1.194127310549567555e+00
1.194278399317117989e+00
1.194355580668316374e+00
1.194175539817492471e+00
1.193954812151773792e+00
1.194166217925469509e+00
1.194021496013399020e+00
1.193861579459874145e+00
1.193943116790881387e+00
1.193701235602479871e+00
1.193609307330235625e+00
1.193714897967794064e+00
1.193550443669838534e+00
1.193678195329154867e+00
1.193553593118040768e+00
1.193347471906800905e+00
1.193440639796904179e+00
1.193255388660214189e+00
1.193295626346455807e+00
1.193198657751786351e+00
1.193246714150430821e+00
1.193013935815651516e+00
1.193138888016093579e+00
1.192970466332860413e+00
1.192819113007524523e+00
1.192829578632277343e+00
1.192726898412940439e+00
1.192774607898549499e+00
1.192498231359669703e+00
1.192719034799940125e+00
1.192576754919086435e+00
1.192474074848857368e+00
1.192517944136556318e+00
1.192411279088631426e+00
1.192192626929889476e+00
1.192420917744861031e+00
1.192078966957447639e+00
1.192225558860173562e+00
1.192251733337670094e+00
1.191756866703266748e+00
1.192122800753835810e+00
1.191987674591200363e+00
1.191785974567821205e+00
1.191989288061463981e+00
1.191647661261532098e+00
1.191724673421372227e+00
1.191543512594847032e+00
1.191595317668283194e+00
1.191395243854852737e+00
1.191525664920485061e+00
1.191176048368011609e+00
1.191534872281445834e+00
1.191053521302141593e+00
1.191330942479469135e+00
1.191012360503945322e+00
1.190965762822423946e+00
1.191138605876788548e+00
1.191042771970314940e+00
1.190779365433116688e+00
1.190959166927511470e+00
1.190847312954426807e+00
1.190847436394193437e+00
1.190698103818637277e+00
1.190746017136969925e+00
1.190517959085162447e+00
1.190386812193009680e+00
1.190575919274958316e+00
1.190456953620831149e+00
1.190640518733077968e+00
1.190225155311594785e+00
1.190182673126145563e+00
1.190328568755240513e+00
1.190386036261636526e+00
1.190149375786667463e+00
1.190193694555221615e+00
1.189950853040912415e+00
1.190304026934631665e+00
1.190133357263267966e+00
1.189861238096958429e+00
1.189839397549208533e+00
1.189883471029165252e+00
1.189677683102727590e+00
1.189704820807342855e+00
1.189812202555524445e+00
1.189676230571475424e+00
1.189843890312028973e+00
1.189573241147453331e+00
1.189547557814553569e+00
1.189319794257364560e+00
1.189473402172893435e+00
1.189710114217559012e+00
1.189499823707541593e+00
1.189516002880299128e+00
1.189415823215014933e+00
1.189365810202098306e+00
1.189467279815617173e+00
1.189491258363054804e+00
1.189263974719976691e+00
1.189136301249940741e+00
1.189157592185811296e+00
1.189394489241279329e+00
1.189237091161789328e+00
1.189151449715387887e+00
1.188789601563952303e+00
1.189514135876322376e+00
1.189009780481738554e+00
1.188755450534012104e+00
1.189323848014845586e+00
1.188515666848692698e+00
1.189177694170942434e+00
1.188145275631259823e+00
1.189149883099992921e+00
1.188432032393736959e+00
1.188511476676847867e+00
1.188545590158937904e+00
1.188904864738034250e+00
1.188423949316496975e+00
1.188481056526848212e+00
1.188399797773692423e+00
1.188163976097207808e+00
1.188291427548484380e+00
1.188152159565589061e+00
1.188747830036394726e+00
1.187948884749614242e+00
1.188044407637314004e+00
1.188171463945429496e+00
1.188015355791475658e+00
1.187822422096679764e+00
1.187972929350604723e+00
1.187992787374966497e+00
1.187899890293633520e+00
1.187725564809114065e+00
1.187951749948960467e+00
1.187888849747218423e+00
1.187800215892426126e+00
1.187720940283010451e+00
1.187591592095262216e+00
1.187575741279675023e+00
1.187490593727096755e+00
1.187462853122752238e+00
1.187244089592478291e+00
1.187193130753188219e+00
1.187313730082412588e+00
1.187333116011046075e+00
1.187101477432056296e+00
1.187204436932568941e+00
1.187125157946398835e+00
1.187041870098302310e+00
1.187056258067343828e+00
1.187111720992753305e+00
1.186971899199002811e+00
1.186867312416069575e+00
1.186842533620333207e+00
1.186656569592481336e+00
1.186674971575260917e+00
1.186784709328219112e+00
1.186599993722676993e+00
1.186519897700232473e+00
1.186489252875079004e+00
1.186665829600372257e+00
1.186534624262073345e+00
1.187151697624158286e+00
1.186406352347857185e+00
1.186295445416605032e+00
1.186287396926478221e+00
1.187001001279612611e+00
1.186339092416400787e+00
1.186343590826873129e+00
1.186293003768236654e+00
1.186059317650728806e+00
1.186038430088720341e+00
1.186095907688341056e+00
1.186031292473145760e+00
1.185881337651127021e+00
1.185754711352320578e+00
1.185759611476411068e+00
1.185944962480086184e+00
1.186012137466552874e+00
1.186261539591479286e+00
1.185771029905950513e+00
1.185730410078762453e+00
1.185997463465460644e+00
1.185713953518965580e+00
1.185933250743749445e+00
1.185479996602011088e+00
1.185574646946251587e+00
1.185122461710584441e+00
1.185390901321763613e+00
1.185358386052037583e+00
1.185038362594165395e+00
1.184626775264235876e+00
1.184533669015673141e+00
1.184894809684339689e+00
1.184390093165771374e+00
1.184414383039545271e+00
1.184814424670268318e+00
1.184156317984414342e+00
1.184725390517134658e+00
1.184028035689515646e+00
1.184524348827430851e+00
1.183983596454323939e+00
1.183846477114978590e+00
1.184173835632119642e+00
1.183635426488374831e+00
1.183541432697223117e+00
1.183629032295778538e+00
1.183517241947318555e+00
1.183523609895977380e+00
1.183265172240255181e+00
1.183316884847975370e+00
1.183152394512718253e+00
1.183143052366489867e+00
1.182920575528935148e+00
1.183189673488376448e+00
1.183352709341811693e+00
1.182519484652104547e+00
1.182990649695297547e+00
1.182954855435043973e+00
1.182901285975370920e+00
1.182577524504015321e+00
1.182485483330020015e+00
1.182907709247401629e+00
1.182512558669637448e+00
1.182917370144811464e+00
1.182332356553914332e+00
1.182810466682435058e+00
1.182258457792513928e+00
1.182612150663803430e+00
1.182059334032768083e+00
1.181983894690553427e+00
1.182713119012070324e+00
1.182015005930236784e+00
1.182154173654405893e+00
1.181987832856311593e+00
1.181818107730491674e+00
1.182154135140726092e+00
1.181540238407112087e+00
1.181533062988196603e+00
1.181671050278379376e+00
1.181436695068432075e+00
1.181567491938853687e+00
1.181534333101007528e+00
1.181654156503794129e+00
1.181490099110721337e+00
1.181474354535924975e+00
1.181389907021315411e+00
1.181241328049349448e+00
1.180908849698216523e+00
1.180915329600284558e+00
1.181092495547311882e+00
1.181184669557470368e+00
1.180679142614819765e+00
1.180925813010594183e+00
1.180499549499507195e+00
1.180556055630356926e+00
1.180342787191720255e+00
1.180562841565808263e+00
1.180231631603306797e+00
1.180568284005488078e+00
1.180079210239022292e+00
1.180208790803439767e+00
1.179875545117948787e+00
1.179753501034674246e+00
1.179799960101458600e+00
1.179728427715356576e+00
1.179812884271940421e+00
1.179614997616944327e+00
1.179517656975886508e+00
1.179941460952407928e+00
1.179412366134021894e+00
1.179291927086804526e+00
1.179324815762777812e+00
1.179278455176093088e+00
1.179524512537298619e+00
1.179091469098624056e+00
1.179183352631884452e+00
1.179159602372172211e+00
1.179024441649338728e+00
1.178956461664790512e+00
1.179184093553182100e+00
1.178913394105838508e+00
1.178838726725965902e+00
1.178749350123953876e+00
1.178656515302110241e+00
1.178548568273066754e+00
1.178558210695609398e+00
1.178588866809299640e+00
1.178458684717280214e+00
1.178412179192579901e+00
1.178410617439836328e+00
1.178427783053846545e+00
1.178183346279224608e+00
1.178239052054925962e+00
1.178147255263848558e+00
1.178064212734544425e+00
1.178158762006419336e+00
1.178042429556048543e+00
1.178096332679765768e+00
1.177888308251116012e+00
1.177862866521171226e+00
1.177840429133410138e+00
1.177819318984164587e+00
1.177718355363292835e+00
1.177678050829386258e+00
1.177719377939610901e+00
1.177757444073256998e+00
1.177610607306370349e+00
1.177562319729332119e+00
1.177402849569987753e+00
1.177470022902753044e+00
1.177721496215181407e+00
1.177267063916443979e+00
1.177239953190458488e+00
1.177274055137130793e+00
1.177414896452845694e+00
1.177491192136224329e+00
1.177043516954486835e+00
1.176965929954712609e+00
1.176972264504697163e+00
1.176890469778193227e+00
1.177113370759992339e+00
1.176761239250645241e+00
1.176869091035212200e+00
1.176760143198914532e+00
1.176621713262905100e+00
1.176631714037767784e+00
1.176638730013295442e+00
1.176517757738067216e+00
1.176617509183972787e+00
1.176441203445724559e+00
1.176445335446944407e+00
1.176527005276675419e+00
1.176281127667137438e+00
1.176324399550312316e+00
1.176293049761971687e+00
1.176278259040713481e+00
1.176149740242765196e+00
1.176151844679778957e+00
1.176127575340230713e+00
1.176003613526656277e+00
1.176147165682468687e+00
1.176077489078959593e+00
1.175884036289157164e+00
1.175837710995758956e+00
1.175751034876372891e+00
1.175796033817724684e+00
1.175845866904448478e+00
1.175776014257214230e+00
1.175797385343556378e+00
1.175766633602273181e+00
1.175680893612890854e+00
1.175529278160909019e+00
1.175599622766885455e+00
1.175717676349551377e+00
1.175660775341444086e+00
1.175491821029767125e+00
1.175431298545696723e+00
1.175350891225577898e+00
1.175438431538204709e+00
1.175489566231972871e+00
1.175226943122865464e+00
1.175169489698395298e+00
1.175130786221996404e+00
1.175152871678369682e+00
1.175087600984690672e+00
1.175072203262342407e+00
1.174933247626274602e+00
1.174966194888909188e+00
1.174964766043196329e+00
1.174711845407004018e+00
1.174844690265400615e+00
1.174614544867888410e+00
1.174803047149989732e+00
1.174801813210674561e+00
1.174736185536364497e+00
1.174685183329231775e+00
1.174672597472915525e+00
1.174540272918686235e+00
1.174494611804539845e+00
1.174535415323915144e+00
1.174497688428650433e+00
1.174493989337668909e+00
1.174386317239999977e+00
1.174381287527104023e+00
1.174322569290660034e+00
1.174332909509659517e+00
1.174309301349544254e+00
1.174265366390848664e+00
1.174145965815440285e+00
1.174138570631140910e+00
1.174119850533717591e+00
1.174074469911913443e+00
1.174101017391786739e+00
1.173975491525188763e+00
1.173969370263824308e+00
1.173849899454426415e+00
1.173895773502075857e+00
1.173872949787028164e+00
1.173819584055638243e+00
1.173823765497760574e+00
1.173747209425175964e+00
1.173638439244302445e+00
1.173754279149516133e+00
1.173614827858313836e+00
1.173567655628287021e+00
1.173657319276370847e+00
1.173592219984691987e+00
1.173591860650910368e+00
1.173504504379599078e+00
1.173597576088048600e+00
1.173490113090206233e+00
1.173418346138317636e+00
1.173511333015439417e+00
1.173365491289420026e+00
1.173342959969944532e+00
1.173265151309897059e+00
1.173318780454129628e+00
1.173222863199296473e+00
1.173309801677934194e+00
1.173183357855138720e+00
1.173116570261413028e+00
1.173166636489121117e+00
1.173103960128414114e+00
1.173035688933730558e+00
1.173012103039765774e+00
1.172933396281310214e+00
1.173095220811094963e+00
1.173002058433023853e+00
1.172990327765345731e+00
1.172905769440186985e+00
1.172862729722413233e+00
1.172826553943945749e+00
1.173043715938588694e+00
1.172843060978983276e+00
1.172598897708544641e+00
1.172854095143850417e+00
1.172826648470514987e+00
1.172671632223471372e+00
1.172805452122632985e+00
1.172374218251767131e+00
1.172561355312152331e+00
1.172519831286198633e+00
1.172505804725748613e+00
1.172465106297251980e+00
1.172387690823912587e+00
1.172617122177715521e+00
1.172266706135709269e+00
1.172257914683523916e+00
1.172489743190522793e+00
1.172317027605432660e+00
1.172170146885592734e+00
1.172056057851138311e+00
1.172263232384482157e+00
1.172247188248180638e+00
1.171992614157873369e+00
1.172085205852756440e+00
1.171973279034303150e+00
1.172015040017210241e+00
1.171765612151035141e+00
1.171738621626690735e+00
1.171849933208127803e+00
1.171744156398710546e+00
1.171743278235362729e+00
1.171730167755297591e+00
1.171567772735125468e+00
1.171640448402835544e+00
1.171692283402793411e+00
1.171517605527637063e+00
1.171399132717698466e+00
1.171433433980401118e+00
1.171222103106032586e+00
1.171379045912285255e+00
1.171241366927797900e+00
1.171354768940934710e+00
1.171123612003799774e+00
1.171210505924179968e+00
1.171234186381115761e+00
1.171008173075176906e+00
1.171038106857394956e+00
1.170932188754615799e+00
1.171118210101188994e+00
1.170761138256731559e+00
1.170846256080201320e+00
1.170810201422926466e+00
1.170687803644088198e+00
1.170732609504603783e+00
1.170510885597604744e+00
1.170546852249709557e+00
1.170501982000725860e+00
1.170513930445987505e+00
1.170434635205501284e+00
1.170386019460143867e+00
1.170340027404846994e+00
1.170468312024858681e+00
1.170415104051870214e+00
1.170251802736287372e+00
1.170166145415488801e+00
1.170263705216774364e+00
1.170126688013631844e+00
1.170250272831610650e+00
1.170068025476800555e+00
1.170054215689796395e+00
1.169979011905058153e+00
1.170268275230636368e+00
1.170075097934521802e+00
1.169864228093927538e+00
1.169866944673290998e+00
1.169911452156761067e+00
1.169846886438704603e+00
1.169730640408610078e+00
1.169692869487509723e+00
1.169661450344052112e+00
1.169704636123655384e+00
1.169901307050412287e+00
1.169626197980431881e+00
1.169682468044086709e+00
1.169499872133579199e+00
1.169525575479090529e+00
1.169437762882087339e+00
1.169515520993951174e+00
1.169537907643207753e+00
1.169568762668718787e+00
1.169293378739925560e+00
1.169499664991419108e+00
1.169244564605855574e+00
1.169334743138478849e+00
1.169374353439237346e+00
1.169371477197585163e+00
1.169145049518047763e+00
1.169139513669190888e+00
1.169065938140749772e+00
1.169175003524761669e+00
1.169074162238195713e+00
1.169106990215867281e+00
1.169110135100294601e+00
1.168922896366707320e+00
1.168883602065232896e+00
1.169146037584576803e+00
1.169013860330693655e+00
1.168915933819212549e+00
1.169007139651646598e+00
1.169038796102605415e+00
1.168669300362209063e+00
1.168791426334325312e+00
1.168947224736581525e+00
1.168709254666835173e+00
1.168545086193406357e+00
1.168649956568218240e+00
1.168524282840561090e+00
1.168495191720756887e+00
1.168795285635676695e+00
1.168588295702656321e+00
1.168418291726026625e+00
1.168439708850303349e+00
1.168340578945820996e+00
1.168384001482481560e+00
1.168350547501118220e+00
1.168526562842375993e+00
1.168235168598662055e+00
1.168332205850383110e+00
1.168239773229170941e+00
1.168437492934212285e+00
1.168210121634649878e+00
1.168493245219035526e+00
1.168291016038294439e+00
1.168129851942124375e+00
1.167910153721865241e+00
1.168102425546633238e+00
1.167867737378611714e+00
1.167501364690737953e+00
1.167503575037328378e+00
1.167597013257776650e+00
1.167536451753296456e+00
1.167460827228198550e+00
1.167328370173101204e+00
1.167437029439871710e+00
1.167368983928251502e+00
1.167225649736229220e+00
1.167210701964359609e+00
1.167008919579297865e+00
1.166977307306390488e+00
1.167199257766273979e+00
1.166954174975191938e+00
1.166863177888194381e+00
1.166761237718816124e+00
1.166882451390525155e+00
1.166653745785535934e+00
1.166686606746034194e+00
1.166321992731264912e+00
1.166669452114849070e+00
1.166430826059468684e+00
1.166535051031043491e+00
1.166492881599257903e+00
1.166465076156519176e+00
1.166350033203130243e+00
1.166204343115407660e+00
1.166437695387497975e+00
1.166148401607155938e+00
1.166397951702352165e+00
1.166063079116010925e+00
1.166044476085495551e+00
1.165857399825061202e+00
1.166124812463381621e+00
1.165800749919911228e+00
1.165975790187993910e+00
1.165753237097252759e+00
1.165703697551600859e+00
1.166439892350215723e+00
1.166285611954246404e+00
1.165860487700155712e+00
1.165706139615565684e+00
1.165943065189465111e+00
1.166229403729701186e+00
1.165821530813094586e+00
1.165609081957083459e+00
1.165678258519520893e+00
1.165651287356663346e+00
1.165599541000970740e+00
1.165663916569267045e+00
1.165465008645113043e+00
1.165509741630651908e+00
1.165491575491267362e+00
1.165496242816177253e+00
1.165297286710375024e+00
1.165218761639799538e+00
1.165400914145915179e+00
1.165285292375976889e+00
1.165280137106721847e+00
1.165359089669978587e+00
1.165212280250569332e+00
1.165012286071727354e+00
1.165207344929300115e+00
1.165076479287784794e+00
1.164900707418171422e+00
1.165094619162727607e+00
1.164905007565474104e+00
1.164963586083709535e+00
1.164836761669911569e+00
1.164654011054244265e+00
1.164820076099507773e+00
1.164662336700886369e+00
1.164534337879902681e+00
1.164662429109431629e+00
1.164579151245620281e+00
1.164416494333294638e+00
1.164610854831483078e+00
1.164580488999462426e+00
1.164516734132572617e+00
1.164573778219741840e+00
1.164709730370672158e+00
1.164461952157037627e+00
1.164412505258507036e+00
1.164487567216063058e+00
1.164377192988651499e+00
1.164284761139245949e+00
1.164386560214538235e+00
1.164575743387526563e+00
1.164354927088870895e+00
1.164192879929532909e+00
1.164373718606545705e+00
1.164008903538467532e+00
1.164394002785557714e+00
1.164124962501654093e+00
1.164405492406286102e+00
1.164284877740775270e+00
1.164148975904094163e+00
1.163951344124658727e+00
1.164130897029399092e+00
1.164333080257596409e+00
1.163990642645358786e+00
1.163854091672650304e+00
1.163975244317420721e+00
1.163684661443486146e+00
1.163751358217486542e+00
1.163632483723036515e+00
1.163858343542747642e+00
1.163510963713919155e+00
1.163606318971471598e+00
1.163801464198674251e+00
1.163560020360763891e+00
1.163691442703523427e+00
1.163889378384383999e+00
1.163578010344580749e+00
1.163593709004652643e+00
1.163536939141568860e+00
1.163716098410789712e+00
1.163493854206564038e+00
1.163606459157342954e+00
1.163521159588933651e+00
1.163504388238489229e+00
1.163036866970045269e+00
1.163366192726932313e+00
1.163015965297201637e+00
1.163120760232628337e+00
1.163188254759245810e+00
1.162928443067011042e+00
1.162999821946503420e+00
1.163124109708384868e+00
1.162957962165490411e+00
1.162915511678011660e+00
1.162711865377165532e+00
1.162748262142556888e+00
1.163042580983813190e+00
1.162698132529637052e+00
1.162654596017091535e+00
1.162609777186174531e+00
1.162974486840166577e+00
1.162719244896535775e+00
1.162630536135212500e+00
1.162537952253507756e+00
1.162828163357609856e+00
1.162427539626898598e+00
1.162490130424203238e+00
1.162473416603016840e+00
1.162582110743117125e+00
1.162621999513675730e+00
1.162514034076755465e+00
1.162395773979805202e+00
1.162369947686855198e+00
1.162281840121217824e+00
1.162394167681556567e+00
1.162056149137189021e+00
1.162309092529015819e+00
1.162213386798499615e+00
1.162372209437023907e+00
1.162488444430475054e+00
1.162034531638780566e+00
1.162159442963438316e+00
1.162027258394232154e+00
1.162127159836573886e+00
1.161872989079882901e+00
1.161989382547494953e+00
1.161804171105206729e+00
1.162036120810497231e+00
1.161745537764807823e+00
1.161949650698288261e+00
1.161549312242646348e+00
1.162010946266435862e+00
1.161826117856654905e+00
1.161937089401228640e+00
1.161901586718660839e+00
1.161645447004615805e+00
1.161907191578619880e+00
1.161699214164595206e+00
1.161796705699625010e+00
1.161576146357949479e+00
1.161419225497134500e+00
1.161644011428929923e+00
1.161709833089784372e+00
1.161499878822495058e+00
1.161408820605622561e+00
1.161447516526682655e+00
1.161408031636179894e+00
1.161362946837692478e+00
1.161082871180998399e+00
1.160918748633433140e+00
1.160818182479973704e+00
1.161100291639292958e+00
1.161345915971921494e+00
1.160898614922404759e+00
1.161174894412368319e+00
1.161194077803824998e+00
1.161052188826881659e+00
1.160725657355779816e+00
1.160621272131171944e+00
1.160666426512414473e+00
1.160856992135432586e+00
1.160784939643371594e+00
1.160597388240204531e+00
1.160701420782543014e+00
1.160441209857144607e+00
1.160492530907962339e+00
1.160703647734919963e+00
1.160484098762607275e+00
1.160281574915968061e+00
1.160252423246391329e+00
1.160356487582705709e+00
1.160459429609220550e+00
1.160438936071633398e+00
1.160399696105284928e+00
1.160313066119327496e+00
1.160239827668459567e+00
1.160078458037082649e+00
1.160023598292319269e+00
1.160085757157166109e+00
1.159958109264725756e+00
1.159830653305922832e+00
1.159856950361090266e+00
1.159904825210088974e+00
1.159824970951735867e+00
1.159872551912411565e+00
1.159496618822743574e+00
1.159951360881464888e+00
1.159706620317948023e+00
1.159664585429502681e+00
1.159532229361711186e+00
1.159625629899792676e+00
1.159473021888146826e+00
1.159587398902728106e+00
1.159324817003347885e+00
1.159615137786496497e+00
1.159230357070215156e+00
1.159731804473684180e+00
1.159403669714710317e+00
1.159385060563582037e+00
1.159333097282202685e+00
1.159815459281307470e+00
1.159394365900072499e+00
1.159201955025875863e+00
1.159282494491578497e+00
1.159245739361801864e+00
1.159519262286088148e+00
1.159101496869112236e+00
1.159330988161607179e+00
1.159044518893349585e+00
1.159116636755207264e+00
1.159112912338041257e+00
1.158902388893278790e+00
1.159146435659088148e+00
1.158838293993589730e+00
1.158922738777738326e+00
1.158914021655445215e+00
1.158708485610162153e+00
1.158935614879918807e+00
1.158492834646203562e+00
1.158742422608394218e+00
1.158484290143968032e+00
1.158631168359510299e+00
1.158486134136027301e+00
1.158527700433250596e+00
1.158483779315295781e+00
1.158332011815591533e+00
1.158373072095959300e+00
1.158453805767649891e+00
1.158100181405734563e+00
1.158331664986254506e+00
1.158140192427032034e+00
1.158110598644419342e+00
1.158186323228068471e+00
1.158174191391332153e+00
1.157984847642629989e+00
1.157975088401263397e+00
1.158168628468669636e+00
1.158087112219603698e+00
1.158295361345532237e+00
1.158046150535810837e+00
1.157814650136306911e+00
1.157896916491746531e+00
1.157972242275109531e+00
1.158055260595336700e+00
1.157758835886315785e+00
1.158159287309783236e+00
1.157613909117421125e+00
1.157777595013817384e+00
1.157826055778696128e+00
1.157539260942050507e+00
1.157556928194936940e+00
1.157446152552918273e+00
1.157523011986894890e+00
1.157644456032342006e+00
1.157513576513732989e+00
1.157216587898304505e+00
1.157339711713238906e+00
1.157424564171637638e+00
1.157332715537362278e+00
1.157237117628378220e+00
1.157456628171326551e+00
1.157218346986972568e+00
1.157280548300801071e+00
1.157203049701886810e+00
1.157259287265280046e+00
1.157230181186265527e+00
1.157194373586156066e+00
1.157158176949953710e+00
1.157268019884120536e+00
1.157142649219579766e+00
1.157128392949030360e+00
1.157099704067457102e+00
1.157125787714933685e+00
1.156899800454097571e+00
1.156930350128116958e+00
1.157223296030598814e+00
1.156935496221641602e+00
1.157080634971419109e+00
1.157078169038209037e+00
1.156954094295052915e+00
1.157054968427775998e+00
1.156977441274673390e+00
1.157050387920866008e+00
1.156914572657898654e+00
1.156655906039464554e+00
1.156867792982479992e+00
1.156652448188560278e+00
1.156827631332256301e+00
1.156728264514133464e+00
1.156869569508362394e+00
1.156791944820336093e+00
1.156789229239297390e+00
1.156805299673198784e+00
1.156734581653483751e+00
1.156735389186959839e+00
1.156744124899183435e+00
1.156642951139102982e+00
1.156522487585682324e+00
1.156404007371206522e+00
1.156732898026690659e+00
1.156686645948809877e+00
1.156337407916732118e+00
1.156578339940661504e+00
1.156540392935311745e+00
1.156540307833204384e+00
1.156563544950547584e+00
1.156465178408787819e+00
1.156652405809973638e+00
1.156260623728596171e+00
1.156060833192096071e+00
1.156387028273951900e+00
1.156459218431991287e+00
1.156457780953581649e+00
1.156249540580297941e+00
1.156479825849409115e+00
1.156457564027750351e+00
1.156255110193822988e+00
1.156149514942734768e+00
1.156066241364820835e+00
1.156225303025263607e+00
1.156070977565321511e+00
1.156151046148307771e+00
1.156067924458486829e+00
1.156027790954844425e+00
1.156371025081293746e+00
1.156224188650836426e+00
1.156448059473520695e+00
1.156146994335955469e+00
1.155895517691091223e+00
1.156077517578596003e+00
1.156021136836606011e+00
1.155566639319901112e+00
1.156166173643571771e+00
1.156143756652241894e+00
1.155978467105801544e+00
1.156579787515492175e+00
1.156013530946702783e+00
1.155942099907736997e+00
1.155988578317155735e+00
1.156266830602180162e+00
1.155984913591411978e+00
1.156057147705205512e+00
1.156085894531740044e+00
1.155913663604922759e+00
1.156057611785137773e+00
1.155928220075394197e+00
1.155640431501613330e+00
1.155986367765065248e+00
1.156447556001687138e+00
1.155930446176698601e+00
1.155986119555592495e+00
1.155739592020789575e+00
1.155853366840278840e+00
1.155871044727648567e+00
1.155675896418633997e+00
1.156181645147164483e+00
1.156028958500282311e+00
1.155883499120697877e+00
1.155847454209750103e+00
1.155603018314865560e+00
1.155500311838441485e+00
1.155868798633514105e+00
1.155311318592804337e+00
1.155469428462744697e+00
1.156029972865537436e+00
1.155645968185196049e+00
1.155476851390937698e+00
1.155282409251621845e+00
1.156094108052038827e+00
1.155513631768425142e+00
1.155408597529304249e+00
1.155603498363315884e+00
1.155637326015642063e+00
1.155283726626856966e+00
1.155552421969970434e+00
1.155427050521216303e+00
1.155583321824096066e+00
1.155063489930525877e+00
1.154861686574431001e+00
1.154802188483848413e+00
1.155243893411491696e+00
1.154920303021359507e+00
1.155138283945940314e+00
1.155139553733681490e+00
1.155156883304393256e+00
1.154715814754209591e+00
1.155298749334977559e+00
1.154828342854431478e+00
1.154618843324317856e+00
1.154840846300172919e+00
1.154567693609878321e+00
1.154839036427222076e+00
1.154495379966627544e+00
1.154457858657285785e+00
1.154674417377368201e+00
1.154808492678891296e+00
1.154649743220127478e+00
1.154493727361710187e+00
1.154325806058386528e+00
1.154788630267550298e+00
1.154409661266613707e+00
1.154075719351901563e+00
1.154505234618791842e+00
1.154208770127119088e+00
1.154647941518681886e+00
1.154290467763519512e+00
1.154160290171996506e+00
1.154115400712952377e+00
1.155046785616783867e+00
1.154425766880932347e+00
1.154151314392935834e+00
1.154311813309793378e+00
1.154314386933091185e+00
1.154231537843717348e+00
1.154480423142805856e+00
1.154301452184942400e+00
1.153992945052473740e+00
1.154285799377613886e+00
1.154742949473860580e+00
1.154312367541235673e+00
1.153890085292532897e+00
1.154119857566826779e+00
1.153700154959761859e+00
1.154439449807898255e+00
1.154033636847535016e+00
1.154468229770439391e+00
1.154037617057266374e+00
1.154052342955511845e+00
1.154107362076712162e+00
1.154111736646477482e+00
1.154309020182091361e+00
1.153916357886401567e+00
1.154002050326500939e+00
1.153866810603016768e+00
1.154015964634061753e+00
1.153881786660798214e+00
1.153739626439489685e+00
1.153849808161485413e+00
1.153908619047169903e+00
1.153791242735103140e+00
1.153892133271559706e+00
1.154147241072620345e+00
1.153754085102175475e+00
1.153839671600269901e+00
1.153664368932916018e+00
1.153651064317244401e+00
1.153657845564157514e+00
1.153622207763975949e+00
1.153596080283805003e+00
1.153580665326874977e+00
1.153608394442068308e+00
1.153559070293018962e+00
1.153719259028638033e+00
1.153662968102497022e+00
1.153561037398746381e+00
1.153639495341070242e+00
1.153508686940448280e+00
1.153419672531948992e+00
1.153443754209380279e+00
1.153245453991869285e+00
1.153325903598563240e+00
1.153415005106015245e+00
1.153340221740447369e+00
1.153193058659564896e+00
1.153246908058240150e+00
1.153091361719415842e+00
1.153238640548533311e+00
1.152845247396555139e+00
1.153292912424059402e+00
1.153399355191658815e+00
1.153079678344520298e+00
1.153051918536972975e+00
1.153121547833610760e+00
1.153045864936203868e+00
1.153169542777430445e+00
1.152944248436618802e+00
1.152880478518353735e+00
1.152951537011915661e+00
1.152989927798121483e+00
1.152926091646660600e+00
1.152958776360711868e+00
1.152641395001345659e+00
1.152889551208683860e+00
1.152805882470482546e+00
1.152593053020200209e+00
1.152831993101277819e+00
1.152742973696004425e+00
1.152627605138148992e+00
1.152598480640867118e+00
1.152730274376487785e+00
1.152640423322812024e+00
1.152755721836367986e+00
1.152567700705527276e+00
1.152498754172278206e+00
1.152556912695313907e+00
1.152615524703801464e+00
1.152631740348791345e+00
1.152416853644189221e+00
1.152614201250483861e+00
1.152472468203359801e+00
1.152466210995172213e+00
1.152528706438829209e+00
1.152486678963310807e+00
1.152451749521745450e+00
1.152377939844641874e+00
1.152360915215117076e+00
1.152256644308206068e+00
1.152333900650232001e+00
1.152254984272944593e+00
1.151983242480767222e+00
1.152177214011845807e+00
1.152190249390324217e+00
1.152237343782588574e+00
1.152161145426913835e+00
1.152053232750090306e+00
1.152067773070898804e+00
1.152211479099623626e+00
1.152202309621067178e+00
1.152179604086202680e+00
1.151967500002526679e+00
1.152127335561550669e+00
1.151944306479872449e+00
1.152024739148360899e+00
1.152072241023012644e+00
1.152131029897680570e+00
1.152015031125536160e+00
1.152178597429926787e+00
1.151804165082683795e+00
1.151921854159786429e+00
1.151564983244438123e+00
1.151969491277631930e+00
1.151749454721810340e+00
1.151663840473014178e+00
1.151677837727107523e+00
1.151801432084897492e+00
1.151879464438675837e+00
1.151853542885529214e+00
1.151843629601188246e+00
1.151851684271210541e+00
1.151613539124483054e+00
1.151435197729584470e+00
1.151552019047063391e+00
1.151658080890293423e+00
1.151504359795524124e+00
1.151393660466204505e+00
1.151328807930138254e+00
1.151264073688580858e+00
1.151582642040424931e+00
1.151385554938111566e+00
1.151470433702572516e+00
1.151298359584723929e+00
1.151074895432493639e+00
1.151176855937192212e+00
1.151035049800553711e+00
1.151292364839291871e+00
1.151047485669838499e+00
1.150901281758817118e+00
1.150804354108527772e+00
1.150893130131764197e+00
1.150851377987571533e+00
1.150889028843876227e+00
1.151127024188312253e+00
1.150740471050525571e+00
1.150767325436117705e+00
1.150831374930486151e+00
1.150573108686401724e+00
1.150806614968197250e+00
1.150603422535781517e+00
1.150703410216533218e+00
1.150611782381208759e+00
1.150706575787906472e+00
1.150336936194983117e+00
1.150534520565119179e+00
1.150510039014595920e+00
1.150470812978545032e+00
1.150450412090333385e+00
1.150260709166396333e+00
1.150189371952986317e+00
1.150311646650438169e+00
1.150285154022915313e+00
1.150175290469129363e+00
1.150337734249786248e+00
1.150300255736050881e+00
1.150102608306082796e+00
1.150098515784592212e+00
1.150216345294560849e+00
1.150138616977338879e+00
1.150072879323837949e+00
1.150006755196121278e+00
1.150206210665566831e+00
1.150065045151025922e+00
1.149988532885963144e+00
1.149959575558036518e+00
1.150042401063134045e+00
1.150039048612725212e+00
1.150074568563911992e+00
1.149780942576461129e+00
1.150042282167915042e+00
1.149917389635076725e+00
1.149902773870262962e+00
1.149832968000059186e+00
1.149902591916345251e+00
1.149739301341457853e+00
1.150006899447259423e+00
1.149792671256647081e+00
1.149808776854398085e+00
1.149715914402767547e+00
1.149780064270088831e+00
1.149733194779873235e+00
1.149664860066791805e+00
1.149488370131908743e+00
1.149526184746133550e+00
1.149591169378582078e+00
1.149489814218713102e+00
1.149528068993069363e+00
1.149520269160181130e+00
1.149371451661146404e+00
1.149362719770916419e+00
1.149416748622835716e+00
1.149247697025698844e+00
1.149477875367680868e+00
1.149214593640973670e+00
1.149118514739378760e+00
1.149171679866920703e+00
1.149221030016632339e+00
1.149088052946837024e+00
1.149084253180813198e+00
1.149022605706668143e+00
1.149042876802985447e+00
1.149198854628411537e+00
1.148976518238736588e+00
1.148967385894090087e+00
1.149061531137638870e+00
1.149160238893675023e+00
1.149046824686015045e+00
1.149060479305420657e+00
1.148979163118253544e+00
1.149050127715859571e+00
1.148965253563101863e+00
1.148755874082364459e+00
1.148865702914422693e+00
1.148887263144181548e+00
1.148644788929012339e+00
1.148671368859655262e+00
1.148462020457394983e+00
1.148570021415062259e+00
1.148423243586410569e+00
1.148405386696866426e+00
1.148444022816321519e+00
1.148423430638248366e+00
1.148643763180060562e+00
1.148350094635694596e+00
1.148582676113852230e+00
1.148458117908323306e+00
1.148576179586931811e+00
1.148217380030569945e+00
1.148432548273687681e+00
1.148203734849031488e+00
1.148399955174713494e+00
1.148071106805866437e+00
1.148153699841941489e+00
1.148244276780920448e+00
1.148114955507117729e+00
1.147984680531880963e+00
1.148232338781503437e+00
1.147874833749088941e+00
1.148224730198100341e+00
1.148089953210266634e+00
1.147719215012327432e+00
1.148077626333098955e+00
1.147907083565768760e+00
1.147684835160404981e+00
1.148094251681119005e+00
1.147681983958977137e+00
1.147602126725943306e+00
1.147572945149557322e+00
1.147587353701990498e+00
1.147713515937607509e+00
1.147514977494066946e+00
1.147429639258965794e+00
1.147531187965098898e+00
1.147629609388272298e+00
1.147618070617172359e+00
1.147186839143030657e+00
1.147222248658295252e+00
1.147274781534751265e+00
1.147459679293047152e+00
1.147347755552410309e+00
1.147392805322249076e+00
1.147474462985924815e+00
1.147545422298661189e+00
1.147289151197499413e+00
1.147505742142415519e+00
1.147442194560444495e+00
1.147622499031810905e+00
1.147500453410787991e+00
1.147481483136987279e+00
1.147436869918611047e+00
1.147372077027183357e+00
1.147277558470711556e+00
1.147384204133663044e+00
1.147112633495591671e+00
1.146952831344564272e+00
1.146981095558499364e+00
1.147280555661542412e+00
1.146769390423876489e+00
1.146864872099866206e+00
1.147160099132963129e+00
1.146932493057986724e+00
1.147263161752533067e+00
1.146706934395129052e+00
1.146814007848998118e+00
1.146798184023200662e+00
1.146765327164060766e+00
1.146904121513929287e+00
1.146791795421230775e+00
1.146822487197153739e+00
1.146738754876947430e+00
1.146785060526778866e+00
1.146720020793591477e+00
1.146786309829291417e+00
1.146637011980014220e+00
1.146767539197671271e+00
1.146497392935336146e+00
1.146547587130064549e+00
1.146616351793455779e+00
1.146529858306375660e+00
1.146443425094829216e+00
1.146683982046615036e+00
1.146537995568874591e+00
1.146341704348362578e+00
1.146140794270981589e+00
1.146427519728350664e+00
1.146353128797252818e+00
1.146020030996188765e+00
1.146172456246411064e+00
1.146367439204244443e+00
1.146235340887395981e+00
1.145893900625390982e+00
1.145871856200076033e+00
1.146227074829437642e+00
1.146309800079084562e+00
1.146150782792216605e+00
1.145878757911308554e+00
1.146074666917896057e+00
1.145850409151247140e+00
1.145944151389879817e+00
1.146244161346507306e+00
1.145832177042987565e+00
1.145926495094602204e+00
1.145686373269651392e+00
1.145847055902739386e+00
1.145834425034205184e+00
1.145940718988242457e+00
1.145898834262480515e+00
1.145961139856268796e+00
1.145768917860264358e+00
1.145744091356943217e+00
1.145877538746752133e+00
1.145586599010953721e+00
1.145748683396513590e+00
1.145773714827569512e+00
1.145603123681710800e+00
1.145395522052714554e+00
1.145681720438368245e+00
1.145434520710483239e+00
1.145445923679335065e+00
1.145662185663970156e+00
1.145343663988541927e+00
1.145613156092329277e+00
1.145343997363122979e+00
1.145403105040974090e+00
1.145436817485964598e+00
1.145500349240674565e+00
1.145381443541170441e+00
1.145462763916580196e+00
1.145335647680745028e+00
1.145443933319207686e+00
1.145099587308780364e+00
1.145443258992817404e+00
1.145249726904096432e+00
1.145223849206132405e+00
1.145156117293087750e+00
1.145279607838733504e+00
1.145113666670031227e+00
1.144941828548185603e+00
1.145008119926118173e+00
1.145033594896339268e+00
1.144987602112039315e+00
1.144936200312071106e+00
1.145045321109807501e+00
1.144953826267945507e+00
1.144985626304091619e+00
1.144771880549001475e+00
1.145022521431710238e+00
1.144890370927448942e+00
1.144974288584865496e+00
1.144671273747077889e+00
1.144729725567445566e+00
1.144715041960419288e+00
1.144766803987611103e+00
1.144654706690288792e+00
1.144645503087142080e+00
1.144609399384766357e+00
1.144631337536968552e+00
1.144609367723225635e+00
1.144500155648967121e+00
1.144339511616262905e+00
1.144457549631688220e+00
1.144358777098511526e+00
1.144306220024512211e+00
1.144282841109487636e+00
1.144240877370731768e+00
1.144356989409758052e+00
