3.028704065487788739e+02
5.794700451190694679e+01
4.648414106906909637e+01
3.993431047200737538e+01
3.527826985437381069e+01
3.075459228191695260e+01
2.521061420752687710e+01
1.863492529309049317e+01
1.216971604296415954e+01
7.783609025751348831e+00
5.503770976552498695e+00
4.494313776999214305e+00
3.980559323552087747e+00
3.644018643686002701e+00
3.384039509569346738e+00
3.197281347001867946e+00
3.047906028915294829e+00
2.920428124346300169e+00
2.808726205394746600e+00
2.706330523577265001e+00
2.613996566523216103e+00
2.529585017898555943e+00
2.451786307950810428e+00
2.378952493137254542e+00
2.310326026405746358e+00
2.247771231299820816e+00
2.190510916961276422e+00
2.138281638808481322e+00
2.090719263168812514e+00
2.046000299339238993e+00
2.006109195672607370e+00
1.970051412385378953e+00
1.937611010176699011e+00
1.908204708032404717e+00
1.881126478955363446e+00
1.856435013806326140e+00
1.833999182949013429e+00
1.813594177237755067e+00
1.794799611985743892e+00
1.777759300844923063e+00
1.761975771501770538e+00
1.747142809464260260e+00
1.733460403105165915e+00
1.720409487151968841e+00
1.708793470575113105e+00
1.697970830291254840e+00
1.687853852679163325e+00
1.678389888811155251e+00
1.669581844356333056e+00
1.661912218108868800e+00
1.653875377625452892e+00
1.646477357850954393e+00
1.639957813011349463e+00
1.633697895932814781e+00
1.627457169016818028e+00
1.621223824164050420e+00
1.615170015036777151e+00
1.609581372013142664e+00
1.604063996631824196e+00
1.600037361104671874e+00
1.593857673974909739e+00
1.589427825806400074e+00
1.584709727694648684e+00
1.579985518728877159e+00
1.575043059352079000e+00
1.570393501923811996e+00
1.565855172970542109e+00
1.561453816791393168e+00
1.556876051432455332e+00
1.552600669191786631e+00
1.548472843914483699e+00
1.544415125242930564e+00
1.540616708414386027e+00
1.536753023296988596e+00
1.533030820350621326e+00
1.529377913556242419e+00
1.525747734758130081e+00
1.522246459331807911e+00
1.518710317928428699e+00
1.515363557960453633e+00
1.511847450938000437e+00
1.508390906462706349e+00
1.505141537713924116e+00
1.501782484111421789e+00
1.498352242709527715e+00
1.494961490390101178e+00
1.491565727996137625e+00
1.488138929976644542e+00
1.484914568800822288e+00
1.481510730216433203e+00
1.478188885436596323e+00
1.474760769837025309e+00
1.471042501747253040e+00
1.467415068584535076e+00
1.463813307068712488e+00
1.459945878385820128e+00
1.456197778915671259e+00
1.451952509466973629e+00
1.448024290819165394e+00
1.444211424443541558e+00
1.440571465752485958e+00
1.437202693639975548e+00
1.433963945603450085e+00
1.430875051568003764e+00
1.427687892095516942e+00
1.424820718351643256e+00
1.421955802466425611e+00
1.419245140952474005e+00
1.416702606113247498e+00
1.414052647774575178e+00
1.411265883679950983e+00
1.408677816598954635e+00
1.406114092719334741e+00
1.403386761023759588e+00
1.400777652304759258e+00
1.398404911356942781e+00
1.395816756153747340e+00
1.393301871786049029e+00
1.390728405096909093e+00
1.388444246522058778e+00
1.386159857722368161e+00
1.384042890054063113e+00
1.382105680179390950e+00
1.380194208943457568e+00
1.378284674687490829e+00
1.376611021118861133e+00
1.374869006677062799e+00
1.373011176228382313e+00
1.371244579937192176e+00
1.369619873288766998e+00
1.368003496933013707e+00
1.366413504944523849e+00
1.365028962019504855e+00
1.363537182351649557e+00
1.362124346333520641e+00
1.360705300706690934e+00
1.359374374265176266e+00
1.358028654786160416e+00
1.356780213260013968e+00
1.355596275490393410e+00
1.354269264690700636e+00
1.353005704450969349e+00
1.351815573158344330e+00
1.350575564244926419e+00
1.349414269879751549e+00
1.348244690790370015e+00
1.346906319640126304e+00
1.345523444556333770e+00
1.344140751835617875e+00
1.342914745625694684e+00
1.341717137434579321e+00
1.340625983683136235e+00
1.339463503697482016e+00
1.338096625586053134e+00
1.336911164520402151e+00
1.335708368921056932e+00
1.334460061391405494e+00
1.333466237255828801e+00
1.332376533671270513e+00
1.331539265727576415e+00
1.330519503781399271e+00
1.329573135309823018e+00
1.328570368489582876e+00
1.327434015911653775e+00
1.326554535676969904e+00
1.325551776074283650e+00
1.324442852401642057e+00
1.323414897703190984e+00
1.322540083865241245e+00
1.321602221018267631e+00
1.320550832687621190e+00
1.319424116726912510e+00
1.318460001340083121e+00
1.317308332912016100e+00
1.316243708520741240e+00
1.315274149410475601e+00
1.314236329827038308e+00
1.313233600343118646e+00
1.312467317194131011e+00
1.311572052317981241e+00
1.310481619251778307e+00
1.309626333257513098e+00
1.308452266251062701e+00
1.307889957653024071e+00
1.306783602577808123e+00
1.305832028266492584e+00
1.304969956427841415e+00
1.304175878417431766e+00
1.303139167176990076e+00
1.302402724004126711e+00
1.301572249978849571e+00
1.300786328104791112e+00
1.300020900994452999e+00
1.299034322127493146e+00
1.298225624841229608e+00
1.297410705199065983e+00
1.296474404860492591e+00
1.295636133233708076e+00
1.294707792176524652e+00
1.293676681280157004e+00
1.292673370357268370e+00
1.291759186802038384e+00
1.290884991221122213e+00
1.289864374104448652e+00
1.289157495228235417e+00
1.288415941151139998e+00
1.287538131206721337e+00
1.286692902395783600e+00
1.286149613468303032e+00
1.285046973619699884e+00
1.284274612848757657e+00
1.283551643514181828e+00
1.282652007101891867e+00
1.281686358276603377e+00
1.280872593631491307e+00
1.280060881414559537e+00
1.279181065695588870e+00
1.278268126682673644e+00
1.277437510599698678e+00
1.276367074932466261e+00
1.275892124710368503e+00
1.274874455919593919e+00
1.274113680902219103e+00
1.273321459706435510e+00
1.272546906768824426e+00
1.271755600600732006e+00
1.270807552658290485e+00
1.270036399488274848e+00
1.269148412306574158e+00
1.268494939333636440e+00
1.267755038701454229e+00
1.267006374830441873e+00
1.266388244112930606e+00
1.265526501887039856e+00
1.264711509363200426e+00
1.264044831008541481e+00
1.263260438244943940e+00
1.262633725232751747e+00
1.261847941516873517e+00
1.261197806532197818e+00
1.260471408951012728e+00
1.259684838423128062e+00
1.258766079405752913e+00
1.258079194281840119e+00
1.257311213078965206e+00
1.256697885097690870e+00
1.255916749412745892e+00
1.255299515535052146e+00
1.254530288930834070e+00
1.253847398937147917e+00
1.253161151755932234e+00
1.252478636945327350e+00
1.251802959866314957e+00
1.251110860118568757e+00
1.250480418998676679e+00
1.249824784051187132e+00
1.249233022590539255e+00
1.248490496573133379e+00
1.247805097076826408e+00
1.247200747034679535e+00
1.246693574853989572e+00
1.246098028466987584e+00
1.245479959526872848e+00
1.244971133766662685e+00
1.244357094243603301e+00
1.243924186241456731e+00
1.243303509920163918e+00
1.242764834569161314e+00
1.242209482802168585e+00
1.241777576632829172e+00
1.241265365901909723e+00
1.240818266404994707e+00
1.240359622426549180e+00
1.239731974974062956e+00
1.239317332838557162e+00
1.238881794590115382e+00
1.238502691834863834e+00
1.237989716335657020e+00
1.237391470524019654e+00
1.236986904411325083e+00
1.236589805913838713e+00
1.236093164124044241e+00
1.235709928081921705e+00
1.235438496511972017e+00
1.234985722078435044e+00
1.234588857070456180e+00
1.234038944015375394e+00
1.233586211628887375e+00
1.233197571308909612e+00
1.232681572626986188e+00
1.232141019831705320e+00
1.231769402143306769e+00
1.231376756031241637e+00
1.231057003877778389e+00
1.230707255609428730e+00
1.230317768982764681e+00
1.229978304114298426e+00
1.229615669169376257e+00
1.229274078305357287e+00
1.228852674787680010e+00
1.228352652584832283e+00
1.228110413381265476e+00
1.227598438353890709e+00
1.227294754107001840e+00
1.226923040402699838e+00
1.226651540610091962e+00
1.226342043872664878e+00
1.226044313697446375e+00
1.225725265618426318e+00
1.225327752922658275e+00
1.225063022423078518e+00
1.224745344925601387e+00
1.224463746496157190e+00
1.224225079098251845e+00
1.223870706327558233e+00
1.223530467026874957e+00
1.223260243475762010e+00
1.223001916511589737e+00
1.222671592836843901e+00
1.222244530912989458e+00
1.221875609966311726e+00
1.221633009190507213e+00
1.221254346652192568e+00
1.220975110518835560e+00
1.220655071946029624e+00
1.220461301871426540e+00
1.220068468856258193e+00
1.219778827610906946e+00
1.219547038175010201e+00
1.219258653588897623e+00
1.219064030772668561e+00
1.218731989352310530e+00
1.218515131673477692e+00
1.218187077404262686e+00
1.217933818332657792e+00
1.217603283885938525e+00
1.217371018143435402e+00
1.217152590267307710e+00
1.216894152310195709e+00
1.216713436418853655e+00
1.216388208004944849e+00
1.216163098248734586e+00
1.215933576004115668e+00
1.215729395391887957e+00
1.215504430763917343e+00
1.215200338258762391e+00
1.215021336013511144e+00
1.214698756240327970e+00
1.214442802406918931e+00
1.214142408246667637e+00
1.214020711538691399e+00
1.213707974534812939e+00
1.213482332287682430e+00
1.213231085527297637e+00
1.212878281929454793e+00
1.212661189276648122e+00
1.212504266318964463e+00
1.212318265096047787e+00
1.211944238276030594e+00
1.211717299538271009e+00
1.211544361465106912e+00
1.211156405601382602e+00
1.210999721456504030e+00
1.210713301173574896e+00
1.210440983204225107e+00
1.210238442046004614e+00
1.209996646297031075e+00
1.209691154873734575e+00
1.209528847811040864e+00
1.209309116005311768e+00
1.209028530252368228e+00
1.208895133290925683e+00
1.208667659792358462e+00
1.208511448628069473e+00
1.208201990448650065e+00
1.208061524104500517e+00
1.207859927895934549e+00
1.207665568631318243e+00
1.207475557704994706e+00
1.207285565534636396e+00
1.207027346395852740e+00
1.206768743016100709e+00
1.206656544928489394e+00
1.206379459124501174e+00
1.206155491461021745e+00
1.205945278520250463e+00
1.205794890302303468e+00
1.205497425693668578e+00
1.205287049022273349e+00
1.205011608040785775e+00
1.204817439078603281e+00
1.204665184886600571e+00
1.204488866475433850e+00
1.204193324048329794e+00
1.203984575772004240e+00
1.203839504602389310e+00
1.203614133610757087e+00
1.203401999568216363e+00
1.203158783602759074e+00
1.202949867457850264e+00
1.202701712126442279e+00
1.202487138518724352e+00
1.202264015391971030e+00
1.202065489651313213e+00
1.201864273184055643e+00
1.201660213290759893e+00
1.201682052517457633e+00
1.201367974330176835e+00
1.201413464331293701e+00
1.201190762360891728e+00
1.200895486012933944e+00
1.200580304073333382e+00
1.200283498566684370e+00
1.200226149356931726e+00
1.199969507021189319e+00
1.199808190540786912e+00
1.199518246874475613e+00
1.199378417245556383e+00
1.199140058461607206e+00
1.198905122661155787e+00
1.198734169513450132e+00
1.198585521529655695e+00
1.198336936977900447e+00
1.198213592465999344e+00
1.197989955886625602e+00
1.197827150882097902e+00
1.197649853060727354e+00
1.197459065412509460e+00
1.197351283039704395e+00
1.197261661317721604e+00
1.197091515686402818e+00
1.196885103649491189e+00
1.196742437105297929e+00
1.196586824768423485e+00
1.196360394641260649e+00
1.196275804085645378e+00
1.196059980135070644e+00
1.195950653445086553e+00
1.195773791298037070e+00
1.195615911897871975e+00
1.195347204804044106e+00
1.195274965499901532e+00
1.195044521344575950e+00
1.194914365559019087e+00
1.194638675050187615e+00
1.194548567813816353e+00
1.194239624769655839e+00
1.194032828507127997e+00
1.193785630551803978e+00
1.193648919541070219e+00
1.193504110617536584e+00
1.193369753007114120e+00
1.193129920348384276e+00
1.192932647119854028e+00
1.192797162380720755e+00
1.192610997310271648e+00
1.192550340185314806e+00
1.192294835437381684e+00
1.192126906671346687e+00
1.191984398000091039e+00
1.191859022814597324e+00
1.191772201547217636e+00
1.191537186343828880e+00
1.191445761356444200e+00
1.191271079038132674e+00
1.191139321738004853e+00
1.190961458589112620e+00
1.190844117214518327e+00
1.190682104922624385e+00
1.190525903680574205e+00
1.190481251705144849e+00
1.190325497897983364e+00
1.190222006104664887e+00
1.190061990372601519e+00
1.189931346332884665e+00
1.189798226117771751e+00
1.189680047328020018e+00
1.189586935823864655e+00
1.189459731352651817e+00
1.189332774907111867e+00
1.189191651632371061e+00
1.189056320341890904e+00
1.188900364250305319e+00
1.188844050977420297e+00
1.188673410293413779e+00
1.188570584823111842e+00
1.188560346122659928e+00
1.188422627234331896e+00
1.188358665837036865e+00
1.188125271994541210e+00
1.188101579585228995e+00
1.187962642861345675e+00
1.187844766459137835e+00
1.187658537824932470e+00
1.187599396261766804e+00
1.187429504339728936e+00
1.187366923381877548e+00
1.187308420650168506e+00
1.187124956127218356e+00
1.187113106054213274e+00
1.187053281471243782e+00
1.186954825223271559e+00
1.186715630547177547e+00
1.186714980642096462e+00
1.186650232079165868e+00
1.186518450009600878e+00
1.186444847387287282e+00
1.186329559294730940e+00
1.186191000537517803e+00
1.186155924263102346e+00
1.186045370824718503e+00
1.185951999520991285e+00
1.185900676742116522e+00
1.185753829698322104e+00
1.185652628066927283e+00
1.185608787035969058e+00
1.185460007559325346e+00
1.185413942275568733e+00
1.185371317473453034e+00
1.185219347688241331e+00
1.185140270956006381e+00
1.185140589857039961e+00
1.185037046213705869e+00
1.184989270923586746e+00
1.184913115272262063e+00
1.184814022091799535e+00
1.184850478376402005e+00
1.184867977861381760e+00
1.184528271016092704e+00
1.184433341707692433e+00
1.184383753437476372e+00
1.184210393831386599e+00
1.184098981860748578e+00
1.184027633692225301e+00
1.183947450204161589e+00
1.183882207974215062e+00
1.183806194907651266e+00
1.183611539678027347e+00
1.183506264982966405e+00
1.183397378685882018e+00
1.183263628740093942e+00
1.183140354389782933e+00
1.183071809140079589e+00
1.182901515919636104e+00
1.182663725378802377e+00
1.182640720512405652e+00
1.182615225761768363e+00
1.182519424235240146e+00
1.182388553111235252e+00
1.182376770339559124e+00
1.182261912724374309e+00
1.182198850146409130e+00
1.182034778739440295e+00
1.182056434167766179e+00
1.181954249406165003e+00
1.181878514673434966e+00
1.181647928472705500e+00
1.181723396761740208e+00
1.181615326121408183e+00
1.181527803207991889e+00
1.181445762235822983e+00
1.181310118140610488e+00
1.181307314814368015e+00
1.181252118283792729e+00
1.181080511167238889e+00
1.180940893369423650e+00
1.180865184412009050e+00
1.180782548014213118e+00
1.180649005092576642e+00
1.180622432296956070e+00
1.180565674068486004e+00
1.180479382560802426e+00
1.180445569841621190e+00
1.180312315258591038e+00
1.180368003914569863e+00
1.180209785424939595e+00
1.180168776577355860e+00
1.179988086914575129e+00
1.180037824894309084e+00
1.179890592597685695e+00
1.179804072611338350e+00
1.179816709583529244e+00
1.179838894301628249e+00
1.179675013503018954e+00
1.179624605335716225e+00
1.179556819221847741e+00
1.179584648183195972e+00
1.179452331235975260e+00
1.179388100336782319e+00
1.179307259079376058e+00
1.179185359595758653e+00
1.179177525510122893e+00
1.179042416661850279e+00
1.179029518289283374e+00
1.178838514211139277e+00
1.178756292276294637e+00
1.178795632647665625e+00
1.178594977917644337e+00
1.178634839696429681e+00
1.178474441733314171e+00
1.178389740015710618e+00
1.178426438841350565e+00
1.178271093826584126e+00
1.178338585957775742e+00
1.178170101728208019e+00
1.178225304090791514e+00
1.178131109621458394e+00
1.178127728702196952e+00
1.177972624254439715e+00
1.177986901877351889e+00
1.177945149398152314e+00
1.177872094723717789e+00
1.177828305842576473e+00
1.177713527994105780e+00
1.177706974784572092e+00
1.177596657011236170e+00
1.177487296126873639e+00
1.177451954855678773e+00
1.177477493487586013e+00
1.177347460067795781e+00
1.177378974486098295e+00
1.177362016872239403e+00
1.177226927382687416e+00
1.177159838619566301e+00
1.177165192575870378e+00
1.177062320455844135e+00
1.177074061356276458e+00
1.177021096672800748e+00
1.176979059426900731e+00
1.176950005405242861e+00
1.176807475868059116e+00
1.176751433876789710e+00
1.176746133979368780e+00
1.176694088118482862e+00
1.176700570168022653e+00
1.176560840115120854e+00
1.176569183166565891e+00
1.176483624745443324e+00
1.176466703379111634e+00
1.176414423940143950e+00
1.176382566158088450e+00
1.176370032287467948e+00
1.176208530303517241e+00
1.176213285787142349e+00
1.176175442363950774e+00
1.176047061046231024e+00
1.176032894367253778e+00
1.175882374303883982e+00
1.175894787229205152e+00
1.175872475120355087e+00
1.175766901808013243e+00
1.175705175004367442e+00
1.175707290991618192e+00
1.175630387548878497e+00
1.175634919770999431e+00
1.175653315406971489e+00
1.175603990984257718e+00
1.175461760915374576e+00
1.175393101961273112e+00
1.175276787975189308e+00
1.175163380387063805e+00
1.175063971198990531e+00
1.175042959670731246e+00
1.174839192680065425e+00
1.174819017288465162e+00
1.174695836713673502e+00
1.174653089137259743e+00
1.174518809933233543e+00
1.174439514221545577e+00
1.174345390923625665e+00
1.174216970278569638e+00
1.174244377319841215e+00
1.174105307232915285e+00
1.173994360995667119e+00
1.174006668864161496e+00
1.173885629055055668e+00
1.173951620085895264e+00
1.173818919051644372e+00
1.173855481633503617e+00
1.173839767877893570e+00
1.173739305710453262e+00
1.173797522186720066e+00
1.173712553967494188e+00
1.173582253986005020e+00
1.173480509734978083e+00
1.173439470532117834e+00
1.173436694458018792e+00
1.173346226489651034e+00
1.173284215191102264e+00
1.173209028250659536e+00
1.173112506078827000e+00
1.173055207195182748e+00
1.173103302741990817e+00
1.173042728399651624e+00
1.172912183700197009e+00
1.172892968347031495e+00
1.172816381634961935e+00
1.172780798549571957e+00
1.172768006239754746e+00
1.172710557161871225e+00
1.172580646356974565e+00
1.172514363170890972e+00
1.172512743615698794e+00
1.172466396490059681e+00
1.172376990511776684e+00
1.172444590419820409e+00
1.172319269436021605e+00
1.172284526377971092e+00
1.172236241838238824e+00
1.172174546980638832e+00
1.172130628274777431e+00
1.171936655527968218e+00
1.171846470274811480e+00
1.171858120018395732e+00
1.171625467495931217e+00
1.171643872623616023e+00
1.171597710514772350e+00
1.171567395178794602e+00
1.171553316941110756e+00
1.171357296812382209e+00
1.171428085578217315e+00
1.171321646541827022e+00
1.171336962548156002e+00
1.171201791520257940e+00
1.171130828068743801e+00
1.171171080324692637e+00
1.171145857692794445e+00
1.171060156078236547e+00
1.170996573415195474e+00
1.170995037258705240e+00
1.170955752526365634e+00
1.170884526831168060e+00
1.170862145719011593e+00
1.170835094196463144e+00
1.170768664737199538e+00
1.170784571717702782e+00
1.170677480673945281e+00
1.170641570835067702e+00
1.170620844482141765e+00
1.170625598149678481e+00
1.170613729867676645e+00
1.170589628118850145e+00
1.170482041919959970e+00
1.170513060241948677e+00
1.170445498859768785e+00
1.170361215229028806e+00
1.170440125904013140e+00
1.170305934757303712e+00
1.170339205423142070e+00
1.170264000815176342e+00
1.170285675676334458e+00
1.170268255409102176e+00
1.170121266392871284e+00
1.170071399008493662e+00
1.170139689175834885e+00
1.169924030387787139e+00
1.169854549114971887e+00
1.169845648166780494e+00
1.169843889871508447e+00
1.169879357175955592e+00
1.169807644271692260e+00
1.169755192520511189e+00
1.169745018543229875e+00
1.169746878612893282e+00
1.169659731503588151e+00
1.169602399876540133e+00
1.169542931837384891e+00
1.169484601634376508e+00
1.169552322496293151e+00
1.169515073405781758e+00
1.169382091865164730e+00
1.169445191683305962e+00
1.169455529670951455e+00
1.169316648722734220e+00
1.169344884754453640e+00
1.169311261788369416e+00
1.169231604191270923e+00
1.169258227554021534e+00
1.169224949895470544e+00
1.169237775533043866e+00
1.169064346727680892e+00
1.169125175946942763e+00
1.169075144976647218e+00
1.169065930398766495e+00
1.168990144360974703e+00
1.168937664001215015e+00
1.168958602951105874e+00
1.168953495975033396e+00
1.168880988283514721e+00
1.168889771763768071e+00
1.168790804981195919e+00
1.168708510273297696e+00
1.168787027720179061e+00
1.168726344410842666e+00
1.168751638788535940e+00
1.168630849054109522e+00
1.168557364523368891e+00
1.168696167659124763e+00
1.168532846542003734e+00
1.168573893952226328e+00
1.168522299567209322e+00
1.168386596899131602e+00
1.168527324931867062e+00
1.168481494508854857e+00
1.168504967605337175e+00
1.168403589035084345e+00
1.168440009010480063e+00
1.168349630219877922e+00
1.168357418440890694e+00
1.168273123262838054e+00
1.168337059000788214e+00
1.168197816557874136e+00
1.168286218281908484e+00
1.168241240037820594e+00
1.168178358480254087e+00
1.168180727357433391e+00
1.168157011934584100e+00
1.167994486756616102e+00
1.168058199249807361e+00
1.167968236377438185e+00
1.167997021242510813e+00
1.167911423877549870e+00
1.167940925127257445e+00
1.167861622451655812e+00
1.167878701594995405e+00
1.167881204484866542e+00
1.167856617316073597e+00
1.167892713429623086e+00
1.167806514089369641e+00
1.167732826036556926e+00
1.167775192764376468e+00
1.167723239150342485e+00
1.167704794468285234e+00
1.167756061698994818e+00
1.167602300487153189e+00
1.167625100654446246e+00
1.167533966971992188e+00
1.167514083356682164e+00
1.167394436728629081e+00
1.167418847475857335e+00
1.167331724105774349e+00
1.167319901506953972e+00
1.167395785435459965e+00
1.167210239593675203e+00
1.167240110726575741e+00
1.167144419828967994e+00
1.167221999761041573e+00
1.167155278769535398e+00
1.167183302806375833e+00
1.167059436446175047e+00
1.167063178092915487e+00
1.167038392968434923e+00
1.166967741786219648e+00
1.166878039219062968e+00
1.166928260888628222e+00
1.166879794437228224e+00
1.166809260362872136e+00
1.166900164704164355e+00
1.166725666510722847e+00
1.166861569052526582e+00
1.166632607153235801e+00
1.166727263670751746e+00
1.166622359872289350e+00
1.166715631831417355e+00
1.166661962809566244e+00
1.166625655339257772e+00
1.166597188665700724e+00
1.166611713662291328e+00
1.166475272247727624e+00
1.166553946137203424e+00
1.166412128720126118e+00
1.166496437385010410e+00
1.166398233981797761e+00
1.166476015726341631e+00
1.166305552962741299e+00
1.166382206787567988e+00
1.166276231597401791e+00
1.166340696162956325e+00
1.166226157037966393e+00
1.166202486953766382e+00
1.166218353783550210e+00
1.166154402214918839e+00
1.166132919505821430e+00
1.166191740573148783e+00
1.166012765292474773e+00
1.166146153625147841e+00
1.166028541126813423e+00
1.165985863978739490e+00
1.166012021599821091e+00
1.165923211245301294e+00
1.166004530037065834e+00
1.166027236261755862e+00
1.165890574904444810e+00
1.165785321566290333e+00
1.165922798759570389e+00
1.165888607985310133e+00
1.165888788739369408e+00
1.165792151056596948e+00
1.165724099701087590e+00
1.165750758098808459e+00
1.165699414205038975e+00
1.165639305959577321e+00
1.165629047899435555e+00
1.165614065811739986e+00
1.165567314860170400e+00
1.165524377578964765e+00
1.165480414041082380e+00
1.165480551993224090e+00
1.165480023333689941e+00
1.165403131868725461e+00
1.165459940184046417e+00
1.165409443857212901e+00
1.165381502410591574e+00
1.165308000702784286e+00
1.165376106509923071e+00
1.165274511181432660e+00
1.165275011082552714e+00
1.165302239779881788e+00
1.165216161220130164e+00
1.165216302920350389e+00
1.165149592194629991e+00
1.165186041099227854e+00
1.165118287056666979e+00
1.165147314397390943e+00
1.165115012379724702e+00
1.165101259496045261e+00
1.165017975949457441e+00
1.165008328604469456e+00
1.165076853241097332e+00
1.164959570147542367e+00
1.164946177579816444e+00
1.164894678486053881e+00
1.164872832079320686e+00
1.164846802667154790e+00
1.164795075707056871e+00
1.164826708526572441e+00
1.164759399877046464e+00
1.164736952307202644e+00
1.164788856881869616e+00
1.164665469937451681e+00
1.164793808048885770e+00
1.164668010701100487e+00
1.164606072742971454e+00
1.164650931610317519e+00
1.164582019498992649e+00
1.164534789333768305e+00
1.164432422222951624e+00
1.164444927117322504e+00
1.164490673791556352e+00
1.164416741720172510e+00
1.164348933194200741e+00
1.164352440598812599e+00
1.164403863145192508e+00
1.164302833022525130e+00
1.164196725702725255e+00
1.164306373156156926e+00
1.164125682876413048e+00
1.164154766881608571e+00
1.164200187392263608e+00
1.164083693964694577e+00
1.163956969081901605e+00
1.163951300935446520e+00
1.164085294516297164e+00
1.163970726297006708e+00
1.163919118435986055e+00
1.163862344683175953e+00
1.163860031189871469e+00
1.163879628472769712e+00
1.163843021160589908e+00
1.163816589175479477e+00
1.163736245545149872e+00
1.163793642591723243e+00
1.163751209712793999e+00
1.163717973190341315e+00
1.163579103584107655e+00
1.163648620988207982e+00
1.163627604289936723e+00
1.163692605345456377e+00
1.163549579024615754e+00
1.163604339739851001e+00
1.163533920167226343e+00
1.163438772582289005e+00
1.163537631248025450e+00
1.163490961191687267e+00
1.163509111044557898e+00
1.163365446322749408e+00
1.163412611865673574e+00
1.163379874383387635e+00
1.163320641217305829e+00
1.163400021621727953e+00
1.163289178517332489e+00
1.163374115953207610e+00
1.163250514200546926e+00
1.163365749257809556e+00
1.163250122894168515e+00
1.163132167447525678e+00
1.163198915005188905e+00
1.163163889706371856e+00
1.163171215404759762e+00
1.163110585293277044e+00
1.163018811991680002e+00
1.163043375123398837e+00
1.163116218544341995e+00
1.162939669112230456e+00
1.162970017062879835e+00
1.163037435742477088e+00
1.162973073892567433e+00
1.162916111090452231e+00
1.162897628799852479e+00
1.163003082842781533e+00
1.162785174976666225e+00
1.162718783672020972e+00
1.162753243954825377e+00
1.162744698175952607e+00
1.162849600495948543e+00
1.162778361846984465e+00
1.162776731933867547e+00
1.162673621804192647e+00
1.162762516859761952e+00
1.162718727415329445e+00
1.162587123745911333e+00
1.162728506883279112e+00
1.162503413901135429e+00
1.162517583539767418e+00
1.162656509275387995e+00
1.162489093323520573e+00
1.162515806225805637e+00
1.162610197828962688e+00
1.162425913175539671e+00
1.162416413547952665e+00
1.162486135680293797e+00
1.162369703260114351e+00
1.162311393279113592e+00
1.162462012790307808e+00
1.162408906676661413e+00
1.162451169447017874e+00
1.162380818214791667e+00
1.162403624256390211e+00
1.162293762753473070e+00
1.162351250625018206e+00
1.162161292937643031e+00
1.162140507490402319e+00
1.162177469263724783e+00
1.162112520177670527e+00
1.162050837609600817e+00
1.162022270948898761e+00
1.162103651223417744e+00
1.161996298502205649e+00
1.162015343237782883e+00
1.162030733632803292e+00
1.161936699664830597e+00
1.161858619048277363e+00
1.161928072877240092e+00
1.161837965441530285e+00
1.162062561206567146e+00
1.161807333208072057e+00
1.161724538699999032e+00
1.161746626541199756e+00
1.161874686666800160e+00
1.161718470802798331e+00
1.161671977741189465e+00
1.161637888464083446e+00
1.161709641533262394e+00
1.161672172726640362e+00
1.161574882633625627e+00
1.161611257042060252e+00
1.161483086260167719e+00
1.161584847409748766e+00
1.161520692839093760e+00
1.161420871968533275e+00
1.161456968362919007e+00
1.161482048915384757e+00
1.161450638163944227e+00
1.161331597569765561e+00
1.161349297148694726e+00
1.161243202058882540e+00
1.161413406232078893e+00
1.161369825212178908e+00
1.161330840364771744e+00
1.161256266836177220e+00
1.161227288626168086e+00
1.161267439294947579e+00
1.161266543314266375e+00
1.161233371818668703e+00
1.161243327546469528e+00
1.161116650531712757e+00
1.161203977913868757e+00
1.161116026908425081e+00
1.161079093077517888e+00
1.160987825593158052e+00
1.161107556868653079e+00
1.161064214206662060e+00
1.161127770511716228e+00
1.160910827461654193e+00
1.161132995448603600e+00
1.160894330289079290e+00
1.160859416961199875e+00
1.160837337012787573e+00
1.160877679505219584e+00
1.160947945890479227e+00
1.160854060529435516e+00
1.160759124322833458e+00
1.160802642554855213e+00
1.160888547956194783e+00
1.160762606083623805e+00
1.160633298353475062e+00
1.160733824414471593e+00
1.160617222807204252e+00
1.160728642050402604e+00
1.160775007053782781e+00
1.160529668114818502e+00
1.160596587584162620e+00
1.160490396164258753e+00
1.160641754275790305e+00
1.160563701721416541e+00
1.160530289788428204e+00
1.160527649223599633e+00
1.160517366176709420e+00
1.160362062437093167e+00
1.160446072140630003e+00
1.160507734154112791e+00
1.160312435111425566e+00
1.160491916279153601e+00
1.160278085723980501e+00
1.160423687366272105e+00
1.160200148077213944e+00
1.160415608833535339e+00
1.160262169754795680e+00
1.160228460946865603e+00
1.160346051391395461e+00
1.160159705344759873e+00
1.160311048600694450e+00
1.160137684696759708e+00
1.160133293417970224e+00
1.160130451136887064e+00
1.160203300347345090e+00
1.160074358417811702e+00
1.160057014213891957e+00
1.160184322765601239e+00
1.160074078335798342e+00
1.160099080830207630e+00
1.159968050543283669e+00
1.159981629203629572e+00
1.159903854465744066e+00
1.159878081909301084e+00
1.159928594646724154e+00
1.159738999680848481e+00
1.159794169911537054e+00
1.159777781839786748e+00
1.159603665454747912e+00
1.159615366556196792e+00
1.159645844316917529e+00
1.159551475990429736e+00
1.159575305896440645e+00
1.159582870424922030e+00
1.159478464885681737e+00
1.159642345315075929e+00
1.159411611276688570e+00
1.159551688799529856e+00
1.159419059895097748e+00
1.159487230676691016e+00
1.159295135431880341e+00
1.159410718908741922e+00
1.159408442555920127e+00
1.159498080581244928e+00
1.159477780018191018e+00
1.159459832643818578e+00
1.159381268966853229e+00
1.159485376717262595e+00
1.159387509629402624e+00
1.159292316990818028e+00
1.159392515303710569e+00
1.159219605849997059e+00
1.159328312464540600e+00
1.159388838085856133e+00
1.159268381108002233e+00
1.159216950556211323e+00
1.159200503248174696e+00
1.159105121299612851e+00
1.159201838733669554e+00
1.159116228254585268e+00
1.159147681297297394e+00
1.159139673374986135e+00
1.159145149010254006e+00
1.159077182472206591e+00
1.159140648699959142e+00
1.158986701403235786e+00
1.158954521602099330e+00
1.159029557783765929e+00
1.159051128892374605e+00
1.158864280609981368e+00
1.158979393279794046e+00
1.158820710118623198e+00
1.158906700810848456e+00
1.158892277073104937e+00
1.158887182888245659e+00
1.158801790629085060e+00
1.158711681985029385e+00
1.158698015063103215e+00
1.158798475992493637e+00
1.158788292923805807e+00
1.158729018587218995e+00
1.158658684409648476e+00
1.158708937791927296e+00
1.158615118939658517e+00
1.158696460000176343e+00
1.158617555448276937e+00
1.158529780452554947e+00
1.158493541148748252e+00
1.158500433541523211e+00
1.158521093449091044e+00
1.158456765762649665e+00
1.158470347455153648e+00
1.158482802724981608e+00
1.158338195499065693e+00
1.158309658023610744e+00
1.158452820089889590e+00
1.158386251432822922e+00
1.158229349449109158e+00
1.158230920862837854e+00
1.158277294142268543e+00
1.158243722253062158e+00
1.158075675433316798e+00
1.158218668728271394e+00
1.158102731346983383e+00
1.158155324974075695e+00
1.158144097336831102e+00
1.158081527166580083e+00
1.158111700699950175e+00
1.158205420498610527e+00
1.158022423307680127e+00
1.158178908750376213e+00
1.158111799828461796e+00
1.157991646328299984e+00
1.157979785064061184e+00
1.158039675586221451e+00
1.157988766199026687e+00
1.157979779559563438e+00
1.157864419624683672e+00
1.157947069658855632e+00
1.157994232487859820e+00
1.157785673628113132e+00
1.157859106229912838e+00
1.157852946339048561e+00
1.157695339046813654e+00
1.157740056076279833e+00
1.157703151105042627e+00
1.157662181629842246e+00
1.157684926071243181e+00
1.157707756785375075e+00
1.157661824617578050e+00
1.157626420476068008e+00
1.157593026654103907e+00
1.157610039397782620e+00
1.157581240738657424e+00
1.157525066424689664e+00
1.157534896332186980e+00
1.157475904132354794e+00
1.157520665528482651e+00
1.157558707616074933e+00
1.157368610377680129e+00
1.157427743873033821e+00
1.157325256794897284e+00
1.157349687296367557e+00
1.157389053372642307e+00
1.157343818203829811e+00
1.157374104682941107e+00
1.157297051853554803e+00
1.157362754199820598e+00
1.157292652535572453e+00
1.157235058731268973e+00
1.157259539331712661e+00
1.157282674969079883e+00
1.157172092589061174e+00
1.157138186518749778e+00
1.157146773966025499e+00
1.157109225514890705e+00
1.157129451581384361e+00
1.157048870844404442e+00
1.157072464383392063e+00
1.157010653979861248e+00
1.157099643015657042e+00
1.156984212899988318e+00
1.156925423092200811e+00
1.156889377806520569e+00
1.156960906376497622e+00
1.156850166572103600e+00
1.156871427765405747e+00
1.156857568562939642e+00
1.156827032694217605e+00
1.156771112275629232e+00
1.156695206946987353e+00
1.156713163896358365e+00
1.156665523826227338e+00
1.156668216928011583e+00
1.156719625869722767e+00
1.156660195963260085e+00
1.156686489642099414e+00
1.156562337591719780e+00
1.156613644244333550e+00
1.156625979217915434e+00
1.156627959036337749e+00
1.156504223571132695e+00
1.156570070935508232e+00
1.156463330560067115e+00
1.156548552955819043e+00
1.156418544431004891e+00
1.156432955356312187e+00
1.156396784334135619e+00
1.156408286398604934e+00
1.156381393187546180e+00
1.156322747899517944e+00
1.156314640086813395e+00
1.156358171408669477e+00
1.156250778629362985e+00
1.156317215703395407e+00
1.156260948883402140e+00
1.156218672902357580e+00
1.156191862673962456e+00
1.156229576961971484e+00
1.156211778140564528e+00
1.156140100965601158e+00
1.156165995183121575e+00
1.156136265923510154e+00
1.156136560232152055e+00
1.156111775374760287e+00
1.156184049308373707e+00
1.156125666556175213e+00
1.156089347143782753e+00
1.156114115036324552e+00
1.156030255595565492e+00
1.156050092948398555e+00
1.156053071299425694e+00
1.155899996403559671e+00
1.155959479791699884e+00
1.155956779066729112e+00
1.156000757661414635e+00
1.155878575837499200e+00
1.155914134874309385e+00
1.155863550599297351e+00
1.155923626914551861e+00
1.155886271138902854e+00
1.155919075021317965e+00
1.155879771486032270e+00
1.155943417443621390e+00
1.155814278619014424e+00
1.155857835461514993e+00
1.155894525224377078e+00
1.155790171651041254e+00
1.155815681825456354e+00
1.155815360179618168e+00
1.155601202061327992e+00
1.155784031467900652e+00
1.155686361918146998e+00
1.155688763661477880e+00
1.155697107100193799e+00
1.155687432799735737e+00
1.155654726462406412e+00
1.155654856522252194e+00
1.155539139038550767e+00
1.155525992240945543e+00
1.155683183989711704e+00
1.155549418322970423e+00
1.155543731733064128e+00
1.155502070495052935e+00
1.155428866956730083e+00
1.155464106501125299e+00
1.155458837191288390e+00
1.155413076137277395e+00
1.155291586886621369e+00
1.155244606154568032e+00
1.155277567545053508e+00
1.155253058968930935e+00
1.155204960090007393e+00
1.155250555418045444e+00
1.155174892291814581e+00
1.155235378708757699e+00
1.155117497633511459e+00
1.155132330065612223e+00
1.155059544999617049e+00
1.155170836247713329e+00
1.155087442631210770e+00
1.155099245431281840e+00
1.155042861392063136e+00
1.154963721181714309e+00
1.155017982554781497e+00
1.154932546203912169e+00
1.154963351709510144e+00
1.154789863635453884e+00
1.154848499617955992e+00
1.154742419838560075e+00
1.154812077775397627e+00
1.154762638860697077e+00
1.154831517152013598e+00
1.154821882726427384e+00
1.154718502196967700e+00
1.154721311083345858e+00
1.154552480986103857e+00
1.154643417544705342e+00
1.154565733714888465e+00
1.154552922016069294e+00
1.154445404664842245e+00
1.154591322720711632e+00
1.154498411865938268e+00
1.154513377225669268e+00
1.154427316680938898e+00
1.154532181516059852e+00
1.154335326049208188e+00
1.154408172009866229e+00
1.154438446964776821e+00
1.154310359749514570e+00
1.154411131543095825e+00
1.154364551165414143e+00
1.154348970012378350e+00
1.154313446971316992e+00
1.154301787784916433e+00
1.154264590573912619e+00
1.154268535343936808e+00
1.154205635791506923e+00
1.154196185881768200e+00
1.154105452011681132e+00
1.154036208738167923e+00
1.154015622930321117e+00
1.154135798014036318e+00
1.153941112280865378e+00
1.153949568749582877e+00
1.153919121429440642e+00
1.153948904304954226e+00
1.153890859090438870e+00
1.153906781761493638e+00
1.153839739940739850e+00
1.153875704463533047e+00
1.153714998339629760e+00
1.153685472927451716e+00
1.153750544933664690e+00
1.153685572168863249e+00
1.153550985812948459e+00
1.153567015112147986e+00
1.153518238832986542e+00
1.153564006872239256e+00
1.153510835980351201e+00
1.153524246337968018e+00
1.153442869910701774e+00
1.153422641577951824e+00
1.153390335058489313e+00
1.153407473352785706e+00
1.153299336708652589e+00
1.153303909747927403e+00
1.153313026780597328e+00
1.153291609685767938e+00
1.153211639064569694e+00
1.153281901840634172e+00
1.153286006021184251e+00
1.153160296621847936e+00
1.153260440817977850e+00
1.153087207663467284e+00
1.153227390335523683e+00
1.153136112168572813e+00
1.153215318651083843e+00
1.153025269738974457e+00
1.153119384734397235e+00
1.153060654005426011e+00
1.152985208144658769e+00
1.153005871741487054e+00
1.152950510610748269e+00
1.152986384378168472e+00
1.152947702812902486e+00
1.152903351462436943e+00
1.152853368345812202e+00
1.152858153700338617e+00
1.152800944777196746e+00
1.152730760793655884e+00
1.152752158015794004e+00
1.152759655894159740e+00
1.152681124801340218e+00
1.152644816140391049e+00
1.152564916271428874e+00
1.152574134588920662e+00
1.152595651958671308e+00
1.152648529016941037e+00
1.152551776458223820e+00
1.152613323181366223e+00
1.152539272706926798e+00
1.152542144708462279e+00
1.152482857160650243e+00
1.152545747988299008e+00
1.152450209379403123e+00
1.152452795814897790e+00
1.152437365838923755e+00
1.152348395678463921e+00
1.152352570560481348e+00
1.152267151953642488e+00
1.152320858461825193e+00
1.152367372239586629e+00
1.152246622156592570e+00
1.152216045506756492e+00
1.152164337188420706e+00
1.152194886517506456e+00
1.152126882538082819e+00
1.152046694920082270e+00
1.151972414396394973e+00
1.152046704403705490e+00
1.151982328391809363e+00
1.151924869898342862e+00
1.151827253676347418e+00
1.151758802751490895e+00
1.151618902400337374e+00
1.151493464518774212e+00
1.151415123979478539e+00
1.151307507915251938e+00
1.151223252046296608e+00
1.151228255821560298e+00
1.151042916881652278e+00
1.151015819013389452e+00
1.150948787904411352e+00
1.150774049966770685e+00
1.150604880470168956e+00
1.150584521241986735e+00
1.150490933294038509e+00
1.150417613272388673e+00
1.150458300598191874e+00
1.150355902217833792e+00
1.150239979119614953e+00
1.150126940632370420e+00
1.150021406971774907e+00
1.150042145361649171e+00
1.149863225240498998e+00
1.149847500436178338e+00
1.149850876400154265e+00
1.149790993880684065e+00
1.149795759065969092e+00
1.149725891362644914e+00
1.149642501670191441e+00
1.149617187099885696e+00
1.149610810635068203e+00
1.149572652326412037e+00
1.149550188189453648e+00
1.149477995710248113e+00
1.149501972088824209e+00
1.149559466842984934e+00
1.149387828105826737e+00
1.149389736362429915e+00
1.149316555890151692e+00
1.149229627067483106e+00
1.149257588119339202e+00
1.149150904564393949e+00
1.149113836779932063e+00
1.149098011030646127e+00
1.149155945766355602e+00
1.149062585338083808e+00
1.148839102530813561e+00
1.148977141003495461e+00
1.148861055797055331e+00
1.148914584447074949e+00
1.148940750391205468e+00
1.148803614089251246e+00
1.148816287509201617e+00
1.148820169816939130e+00
1.148712282865069323e+00
1.148644075374513962e+00
1.148600213490250210e+00
1.148588144400857880e+00
1.148630334887760229e+00
1.148504683790842140e+00
1.148578382721110680e+00
1.148583967594297928e+00
1.148405814538281611e+00
1.148359292420820355e+00
1.148352587716857665e+00
1.148309526659147428e+00
1.148286465707516246e+00
1.148285617117182023e+00
1.148197767842756845e+00
1.148150810964817081e+00
1.148179836101121509e+00
1.148008530389516002e+00
1.148072936101917962e+00
1.148073812663947146e+00
1.148040214587445318e+00
1.147904893134590321e+00
1.147788583206730495e+00
1.147774160270459864e+00
1.147779302603984641e+00
1.147760697078927805e+00
1.147603671151585125e+00
1.147577470219838691e+00
1.147556249733086897e+00
1.147478523694993591e+00
1.147421575376827096e+00
1.147369965690027804e+00
1.147360285866379614e+00
1.147372722292292258e+00
1.147283081043036335e+00
1.147223032013772626e+00
1.147177907286526244e+00
1.147176583621008161e+00
1.147114307848108083e+00
1.147154625728012523e+00
1.147051180630022094e+00
1.147127824017410092e+00
1.147013334031856013e+00
1.146966401287415005e+00
1.147022124177726754e+00
1.146923185308860393e+00
1.147056718113029339e+00
1.146931550627119156e+00
1.146947682881294339e+00
1.146914749918225729e+00
1.146780707102165842e+00
1.146884278792333456e+00
1.146808863374473519e+00
1.146704591282838193e+00
1.146794683173926854e+00
1.146806178749724570e+00
1.146678165072801514e+00
1.146664827570124556e+00
1.146736779842364218e+00
1.146666945379688274e+00
1.146681452203570872e+00
1.146522812345252440e+00
1.146615349281082219e+00
1.146602528973932555e+00
1.146598465656585519e+00
1.146527729878124235e+00
1.146515830953870330e+00
1.146465487074764145e+00
1.146485805994694074e+00
1.146570260386539752e+00
1.146377025108514580e+00
1.146443549024090514e+00
1.146382975083752642e+00
1.146379456493949345e+00
1.146311391187680551e+00
1.146362422012695559e+00
1.146283757102479983e+00
1.146170876497613067e+00
1.146226426895170070e+00
1.146326949665062545e+00
1.146295188821316424e+00
1.146190384533672724e+00
1.146026981239745446e+00
1.146125897263760240e+00
1.146217429592094161e+00
1.146105966329773684e+00
1.146050718538600188e+00
1.146191388161805991e+00
1.146180861782853055e+00
1.146192508615875960e+00
1.146032552247032932e+00
1.145938090430561607e+00
1.145984704533378862e+00
1.145882451846740313e+00
1.145904565993623780e+00
1.145944148970090115e+00
1.145922040712026968e+00
1.145786636031214556e+00
1.145607810762204748e+00
1.145755819017259425e+00
1.145658790216137923e+00
1.145608944585513767e+00
1.145694877265699407e+00
1.145755439154320987e+00
1.145710931262952981e+00
1.145709641578669391e+00
1.145602799610458522e+00
1.145582183587585900e+00
1.145678373856529708e+00
1.145575488308160805e+00
1.145599785625803779e+00
1.145437786355427479e+00
1.145575862077625517e+00
1.145526376765442889e+00
1.145506118753194302e+00
1.145397700377375205e+00
1.145453960563863838e+00
1.145531752894160205e+00
1.145290471559715195e+00
1.145416418639847667e+00
1.145365426635900574e+00
1.145345027505301427e+00
1.145270265119518127e+00
1.145461002696382735e+00
1.145262396361212742e+00
1.145338476275809425e+00
1.145253594830192734e+00
1.145150555939437487e+00
1.145117396027853118e+00
1.145192060273630519e+00
1.145116949199664669e+00
1.145121526459808470e+00
1.145119749080736993e+00
1.145042207535291068e+00
1.145108846417574044e+00
1.145045091860904529e+00
1.145076894542648827e+00
1.145070339754651778e+00
1.145017657371869335e+00
1.144878863741322306e+00
1.144978802945865626e+00
1.144969459154369762e+00
1.145047299312315969e+00
1.144907621084699789e+00
1.144952957039232277e+00
1.144897625678312991e+00
1.144802198806103677e+00
1.144705999500269522e+00
1.144777247331150383e+00
1.144802241513312557e+00
1.144941192233688287e+00
1.144830401897261485e+00
1.144862723634499924e+00
1.144714395426390530e+00
1.144738648756514321e+00
1.144699798364148480e+00
1.144503011723488450e+00
1.144564911403706864e+00
1.144526330824538141e+00
1.144610588517847249e+00
1.144566934765532062e+00
1.144575051543904154e+00
1.144466160142127764e+00
1.144361139730169841e+00
1.144408220575848789e+00
1.144438656328748527e+00
1.144570737179958719e+00
1.144318937484628318e+00
1.144355617976014816e+00
1.144366666787389075e+00
1.144340976778714047e+00
1.144305160269679211e+00
1.144262121215556371e+00
1.144138220640377401e+00
1.144260121557312937e+00
1.144105288917004248e+00
1.144199472743699486e+00
1.144223186399445202e+00
1.144239211260507538e+00
1.144333804041027802e+00
1.144185887969767057e+00
1.144125787300525721e+00
1.144268578308629047e+00
1.144285663008355991e+00
1.144296480674063421e+00
1.144160575536099733e+00
1.144114058380161225e+00
1.144196224357755698e+00
1.144133677305371632e+00
1.144110725768611836e+00
1.144093295284350331e+00
1.144052997593991039e+00
1.144061985395497638e+00
1.144104356014843171e+00
1.143735697782316318e+00
1.143824596395793369e+00
1.143951496618857533e+00
1.143884592757505869e+00
1.143858280051508913e+00
1.143762613099181813e+00
1.143910254596674614e+00
1.143772026877673875e+00
1.143732821901146890e+00
1.143724406902064672e+00
1.143718624304653764e+00
1.143550331251240726e+00
1.143548141271604868e+00
1.143487017733490818e+00
1.143460904890301721e+00
1.143497399574960660e+00
1.143489397406914465e+00
1.143387786361313996e+00
1.143254325820963535e+00
1.143369838871827193e+00
1.142952726870946956e+00
1.143047717403562258e+00
1.142974863209621939e+00
1.142881019879963267e+00
1.142711968876022555e+00
1.142769970818934722e+00
1.142664228690519090e+00
1.142569833280667968e+00
1.142553867930781841e+00
1.142483127536719545e+00
1.142595701011613007e+00
1.142354217701846641e+00
1.142395064648817016e+00
1.142315776016528561e+00
1.142338911013607072e+00
1.142269194383132236e+00
1.142209449881034677e+00
1.142134901433732308e+00
1.142161771018995964e+00
1.142100194281685299e+00
1.142086283863409379e+00
1.141970072159424587e+00
1.142168656380839309e+00
1.141984867907034795e+00
1.141941669608870447e+00
1.141960500095061226e+00
1.141938363513458343e+00
1.141899630169055824e+00
1.141990540862949599e+00
1.141847578967065013e+00
1.141815794668006312e+00
1.141989427731209039e+00
1.141818679337824438e+00
1.142043335042479679e+00
1.141843722672340355e+00
1.141818039464332024e+00
1.141640747860442007e+00
1.141782601633499317e+00
1.141703201370918297e+00
1.141641719273550626e+00
1.141765641982508184e+00
1.141565507756289843e+00
1.141613590668356437e+00
1.141396312543370817e+00
1.141600463898369666e+00
1.141555364420081320e+00
1.141492796668073906e+00
1.141460128334242929e+00
1.141438179702225941e+00
1.141404270196465065e+00
1.141275050161233873e+00
1.141356737750632400e+00
1.141401842721770921e+00
1.141228556773626446e+00
1.141254326033687816e+00
1.141192013017869433e+00
1.141196362474489856e+00
1.141172347996244785e+00
1.141209924854454938e+00
1.141104017904544410e+00
1.141177238883362532e+00
1.141079074467832077e+00
1.141177127961857218e+00
1.141099941007961638e+00
1.141063685452598842e+00
1.141108736018617620e+00
1.141053430150185788e+00
1.140951407042987364e+00
1.140945559049163061e+00
1.140965853357461368e+00
1.140866279950954798e+00
1.140936340052402631e+00
1.140815769628440224e+00
1.140917470021836744e+00
1.140850419281283168e+00
1.140808972886047989e+00
1.140880868781057877e+00
1.140748322243793522e+00
1.140771869274382899e+00
1.140739477684531655e+00
1.140639455454601103e+00
1.140678298336395002e+00
1.140626438983623592e+00
1.140538567666575576e+00
1.140643745756052096e+00
1.140490940778729589e+00
1.140434426653174516e+00
1.140419954311611361e+00
1.140461835953628933e+00
1.140440830759801072e+00
1.140393770823190378e+00
1.140419202936642451e+00
1.140401687659765129e+00
1.140392886528307281e+00
1.140248865270007350e+00
1.140314197025760201e+00
1.140203239219545139e+00
1.140115640076271974e+00
1.140085279163010279e+00
1.140068601840941609e+00
1.139943292772791272e+00
1.140134384622868646e+00
1.140055191818022395e+00
1.139999131949478439e+00
1.139896292339057871e+00
1.139878915089307609e+00
1.139774127842122065e+00
1.139911238502959501e+00
1.139804271260580038e+00
1.139809456883226213e+00
1.139820551882428701e+00
1.139816721444170344e+00
1.139605383044417275e+00
1.139711782372405890e+00
1.139768125697973256e+00
1.139719143937826251e+00
1.139714090676000380e+00
1.139716329162737463e+00
1.139686582330749154e+00
1.139594300625176748e+00
1.139686873253158206e+00
1.139713155940975220e+00
1.139612248525793126e+00
1.139634636199064577e+00
1.139551425116066330e+00
1.139545515886793536e+00
1.139548787866359936e+00
1.139508507576499019e+00
1.139453887926982878e+00
1.139396580445475315e+00
1.139440989605804644e+00
1.139339437757125095e+00
1.139375332608680402e+00
1.139312644712640266e+00
1.139464517577829294e+00
1.139430871094475384e+00
1.139361212155504122e+00
1.139239932424658486e+00
1.139218390363413880e+00
1.139352767897012786e+00
1.139186504509580589e+00
1.139216011186637845e+00
1.139196361072879915e+00
1.139195236145722712e+00
1.139198451552509983e+00
1.139187351648364377e+00
1.139074946587574022e+00
1.139199894314351758e+00
1.139131091524385964e+00
1.139067564387250098e+00
1.139126940924273690e+00
1.139096066021435982e+00
1.139016701002209198e+00
1.139021241476977808e+00
1.139094446388426052e+00
1.138982746717477346e+00
1.138967670466000781e+00
1.138926294058496991e+00
1.138956227860838499e+00
1.138958664562516043e+00
1.138850650395885289e+00
1.138909603544106863e+00
1.138814515364085622e+00
1.138912989656256203e+00
1.138867379333581287e+00
1.138775334906920955e+00
1.138791977324628224e+00
1.138825748931856507e+00
1.138809629585191940e+00
1.138705981903146647e+00
1.138737772804326420e+00
1.138647295135881032e+00
1.138804809222906389e+00
1.138777448948005810e+00
1.138635744419171258e+00
1.138531736638432212e+00
1.138639481062727610e+00
1.138605319730157328e+00
1.138656923136556864e+00
1.138664634398901088e+00
1.138644358086838171e+00
1.138520473706825742e+00
1.138546844441760575e+00
1.138575340323829233e+00
1.138628543753399613e+00
1.138621590437350006e+00
1.138424891519750348e+00
1.138441450588765669e+00
1.138502064160392679e+00
1.138542499135175801e+00
1.138556729698616543e+00
1.138507794541110174e+00
1.138399214809070914e+00
1.138488369869542272e+00
1.138392585294312642e+00
1.138525489102983679e+00
1.138415692072595409e+00
1.138420963933130636e+00
1.138291535747451899e+00
1.138477195966867361e+00
1.138415673843168774e+00
1.138228762156689111e+00
1.138296166654505948e+00
1.138372818826024480e+00
1.138276621302597436e+00
1.138274483213653099e+00
1.138202141955518831e+00
1.138191335593122577e+00
1.138280162129484241e+00
1.138156781565088371e+00
1.138082741299404343e+00
1.137987243644813740e+00
1.138136857377311406e+00
1.138017480022401218e+00
1.138051829955432748e+00
1.137925704346048894e+00
1.137953881300212799e+00
1.138020250081391183e+00
1.138014550109650136e+00
1.137997277958148201e+00
1.138002671269974897e+00
1.137899047246281548e+00
1.138003425437640326e+00
1.137911904761924387e+00
1.137959412392052894e+00
1.137791599146094734e+00
1.137731691779613419e+00
1.137868037123487275e+00
1.137999070780045585e+00
1.137846811724567697e+00
1.137875234326417573e+00
1.137867722161300277e+00
1.137794237520591389e+00
1.137800400138860413e+00
1.137824409963520189e+00
1.137735340283935637e+00
1.137859355605270961e+00
1.137698543239824778e+00
1.137810446694944577e+00
1.137660942388197816e+00
1.137790832113694472e+00
1.137555722803349489e+00
1.137720671796857319e+00
1.137664311168797182e+00
1.137762786323775144e+00
1.137597141093469100e+00
1.137612069514401414e+00
1.137717684655785044e+00
1.137533399481010177e+00
1.137724019123957264e+00
1.137645056672735189e+00
1.137568851198867304e+00
1.137662625301274044e+00
1.137571446001341302e+00
1.137694974378489876e+00
1.137528624802685240e+00
1.137667692744009917e+00
1.137587062525981851e+00
1.137688833817713574e+00
1.137592113180641684e+00
1.137537562208754904e+00
1.137382721205621783e+00
1.137420476153028659e+00
1.137474878987858817e+00
1.137437481046432497e+00
1.137508279779381626e+00
1.137397564527062643e+00
1.137428945608156994e+00
1.137438235582758805e+00
1.137405438573086291e+00
1.137375409467693332e+00
1.137479451092081373e+00
1.137241792753926672e+00
1.137445246709779090e+00
1.137323042219487101e+00
1.137343647937154811e+00
